1634105845164 0.5790587067604065 0
1634105857494 0.04127047583460808 0
1634105869723 0.052920419722795486 0
1634105882228 0.03777598589658737 0
1634105894660 0.02103227935731411 0
1634105906949 0.027433501556515694 0
1634105919260 0.019906699657440186 0
1634105931664 0.016599511727690697 0
1634105943923 0.03507078438997269 0
1634105956295 0.02426128461956978 0
1634105968465 0.02122315764427185 0
1634105980662 0.022069668397307396 0
1634105992831 0.0145425321534276 0
1634106004937 0.012487869709730148 0
1634106017049 0.014634323306381702 0
1634106029144 0.02416272461414337 0
1634106041594 0.017392748966813087 0
