1634105845166 1.0057607293128967 0
1634105857496 0.06354758702218533 0
1634105869739 0.044025031849741936 0
1634105882230 0.06417489051818848 0
1634105894660 0.017610317561775446 0
1634105906950 0.035887906327843666 0
1634105919262 0.011312220012769103 0
1634105931666 0.023374293465167284 0
1634105943925 0.03494337573647499 0
1634105956296 0.04742776043713093 0
1634105968465 0.028479263186454773 0
1634105980664 0.03539475053548813 0
1634105992833 0.06920201517641544 0
1634106004938 0.020976272877305746 0
1634106017049 0.04210092965513468 0
1634106029146 0.007709668250754476 0
1634106041594 0.026117744855582714 0
