1634620272894 0 0
1634620382009 1 0
1634620489664 2 0
1634620597471 3 0
1634620705192 4 0
1634620812832 5 0
1634620920475 6 0
1634621028119 7 0
1634621135763 8 0
1634621243413 9 0
1634621351063 10 0
1634621459952 11 0
1634621567591 12 0
1634621675245 13 0
1634621782894 14 0
1634621890537 15 0
1634621998182 16 0
1634622105822 17 0
1634622213477 18 0
1634622321126 19 0
1634622428782 20 0
1634622537719 21 0
1634622645380 22 0
1634622753001 23 0
1634622860631 24 0
1634622968273 25 0
1634623075904 26 0
1634623183539 27 0
1634623291165 28 0
1634623398804 29 0
1634623506428 30 0
1634623615357 31 0
1634623723011 32 0
1634623830659 33 0
1634623938314 34 0
1634624045964 35 0
1634624153634 36 0
1634624261301 37 0
1634624368977 38 0
1634624476648 39 0
1634624584325 40 0
1634624693280 41 0
1634624800941 42 0
1634624908587 43 0
1634625016225 44 0
1634625123882 45 0
1634625231513 46 0
1634625339163 47 0
1634625446793 48 0
1634625554428 49 0
1634625662045 50 0
1634625770916 51 0
1634625878565 52 0
1634625986209 53 0
1634626093837 54 0
1634626201486 55 0
1634626309127 56 0
1634626416747 57 0
1634626524387 58 0
1634626632032 59 0
1634626739678 60 0
1634626848573 61 0
1634626956234 62 0
1634627063878 63 0
1634627171529 64 0
1634627279154 65 0
1634627386784 66 0
1634627494440 67 0
1634627602100 68 0
1634627709760 69 0
1634627817402 70 0
1634627926362 71 0
1634628033992 72 0
1634628141637 73 0
1634628249285 74 0
1634628356929 75 0
1634628464564 76 0
1634628572208 77 0
1634628679855 78 0
1634628787512 79 0
1634628895155 80 0
1634629004040 81 0
1634629111689 82 0
1634629219329 83 0
1634629326963 84 0
1634629434605 85 0
1634629542244 86 0
1634629649882 87 0
1634629757515 88 0
1634629865160 89 0
1634629972789 90 0
1634630081688 91 0
1634630189352 92 0
1634630297002 93 0
1634630404665 94 0
1634630512330 95 0
1634630620004 96 0
1634630727666 97 0
1634630835330 98 0
1634630942977 99 0
1634631050647 100 0
1634631159619 101 0
1634631267288 102 0
1634631374951 103 0
1634631482602 104 0
1634631590268 105 0
1634631697939 106 0
1634631805597 107 0
1634631913272 108 0
1634632020951 109 0
1634632128618 110 0
1634632237537 111 0
1634632345202 112 0
1634632452862 113 0
1634632560507 114 0
1634632668135 115 0
1634632775771 116 0
1634632883398 117 0
1634632991035 118 0
1634633098681 119 0
1634633206322 120 0
1634633315214 121 0
1634633422872 122 0
1634633530511 123 0
1634633638162 124 0
1634633745791 125 0
1634633853448 126 0
1634633961093 127 0
1634634068743 128 0
1634634176389 129 0
1634634284073 130 0
1634634393021 131 0
1634634500660 132 0
1634634608313 133 0
1634634715962 134 0
1634634823610 135 0
1634634931234 136 0
1634635038885 137 0
1634635146529 138 0
1634635254183 139 0
1634635361824 140 0
1634635470806 141 0
1634635578488 142 0
1634635686152 143 0
1634635793818 144 0
1634635901494 145 0
1634636009156 146 0
1634636116824 147 0
1634636224498 148 0
1634636332182 149 0
1634636439852 150 0
1634636548769 151 0
1634636656449 152 0
1634636764123 153 0
1634636871797 154 0
1634636979451 155 0
1634637087111 156 0
1634637194765 157 0
1634637302421 158 0
1634637410083 159 0
1634637517722 160 0
1634637626579 161 0
1634637734267 162 0
1634637841932 163 0
1634637949593 164 0
1634638057266 165 0
1634638164939 166 0
1634638272608 167 0
1634638380297 168 0
1634638487978 169 0
1634638595657 170 0
1634638704579 171 0
1634638812273 172 0
1634638919932 173 0
1634639027600 174 0
1634639135266 175 0
1634639242933 176 0
1634639350603 177 0
1634639458277 178 0
1634639565950 179 0
1634639673627 180 0
1634639782543 181 0
1634639890226 182 0
1634639997899 183 0
1634640105582 184 0
1634640213268 185 0
1634640320968 186 0
1634640428653 187 0
1634640536327 188 0
1634640643991 189 0
1634640751679 190 0
1634640860710 191 0
1634640968400 192 0
1634641076081 193 0
1634641183781 194 0
1634641291466 195 0
1634641399155 196 0
1634641506840 197 0
1634641614517 198 0
1634641722204 199 0
1634641829896 200 0
1634641938850 201 0
1634642046528 202 0
1634642154198 203 0
1634642261862 204 0
1634642369529 205 0
1634642477204 206 0
1634642584886 207 0
1634642692554 208 0
1634642800229 209 0
1634642907887 210 0
1634643016806 211 0
1634643124476 212 0
1634643232132 213 0
1634643339807 214 0
1634643447463 215 0
1634643555142 216 0
1634643662801 217 0
1634643770468 218 0
1634643878122 219 0
1634643985784 220 0
1634644094685 221 0
1634644202364 222 0
1634644310018 223 0
1634644417648 224 0
1634644525283 225 0
1634644632917 226 0
1634644740555 227 0
1634644848205 228 0
1634644955832 229 0
1634645063475 230 0
1634645172367 231 0
1634645280018 232 0
1634645387681 233 0
1634645495322 234 0
1634645602995 235 0
1634645710644 236 0
1634645818298 237 0
1634645925959 238 0
1634646033617 239 0
1634646141269 240 0
1634646250177 241 0
1634646357845 242 0
1634646465512 243 0
1634646573200 244 0
1634646680880 245 0
1634646788579 246 0
1634646896243 247 0
1634647003903 248 0
1634647111580 249 0
1634647219241 250 0
1634647328338 251 0
1634647436004 252 0
1634647543682 253 0
1634647651348 254 0
1634647759014 255 0
1634647866681 256 0
1634647974351 257 0
1634648082000 258 0
1634648189650 259 0
1634648297299 260 0
1634648406176 261 0
1634648513849 262 0
1634648621516 263 0
1634648729204 264 0
1634648836872 265 0
1634648944543 266 0
1634649052224 267 0
1634649159901 268 0
1634649267569 269 0
1634649375248 270 0
1634649484132 271 0
1634649591801 272 0
1634649699453 273 0
1634649807091 274 0
1634649914766 275 0
1634650022420 276 0
1634650130075 277 0
1634650237728 278 0
1634650345402 279 0
1634650453062 280 0
1634650561938 281 0
1634650669588 282 0
1634650777248 283 0
1634650884895 284 0
1634650992539 285 0
1634651100181 286 0
1634651207824 287 0
1634651315464 288 0
1634651423107 289 0
1634651530756 290 0
1634651639641 291 0
1634651747285 292 0
1634651854926 293 0
1634651962593 294 0
1634652070254 295 0
1634652177923 296 0
1634652285579 297 0
1634652393258 298 0
1634652500919 299 0
1634652608589 300 0
1634652717469 301 0
1634652825134 302 0
1634652932799 303 0
1634653040454 304 0
1634653148122 305 0
1634653255791 306 0
1634653363458 307 0
1634653471124 308 0
1634653578789 309 0
1634653686458 310 0
1634653795335 311 0
1634653903004 312 0
1634654010638 313 0
1634654118285 314 0
1634654225934 315 0
1634654333582 316 0
1634654441246 317 0
1634654548892 318 0
1634654656537 319 0
1634654764178 320 0
1634654873298 321 0
1634654980937 322 0
1634655088593 323 0
1634655196245 324 0
1634655303886 325 0
1634655411526 326 0
1634655519200 327 0
1634655626863 328 0
1634655734501 329 0
1634655842147 330 0
1634655951011 331 0
1634656058660 332 0
1634656166305 333 0
1634656273958 334 0
1634656381624 335 0
1634656489271 336 0
1634656596936 337 0
1634656704606 338 0
1634656812266 339 0
1634656919935 340 0
1634657028832 341 0
1634657136506 342 0
1634657244196 343 0
1634657352207 344 0
1634657459867 345 0
1634657567523 346 0
1634657675189 347 0
1634657782834 348 0
1634657890487 349 0
1634657998142 350 0
1634658107001 351 0
1634658214672 352 0
1634658322305 353 0
1634658429959 354 0
1634658537615 355 0
1634658645281 356 0
1634658752947 357 0
1634658860603 358 0
1634658968268 359 0
1634659075957 360 0
1634659184858 361 0
1634659292533 362 0
1634659400207 363 0
1634659507880 364 0
1634659615556 365 0
1634659723223 366 0
1634659830899 367 0
1634659938575 368 0
1634660046222 369 0
1634660153936 370 0
1634660262859 371 0
1634660370545 372 0
1634660478219 373 0
1634660585897 374 0
1634660693576 375 0
1634660801280 376 0
1634660908968 377 0
1634661016650 378 0
1634661124341 379 0
1634661232046 380 0
1634661340937 381 0
1634661448605 382 0
1634661556291 383 0
1634661663969 384 0
1634661771647 385 0
1634661879337 386 0
1634661987016 387 0
1634662094688 388 0
1634662202375 389 0
1634662310059 390 0
1634662418979 391 0
1634662526645 392 0
1634662634314 393 0
1634662741975 394 0
1634662849642 395 0
1634662957314 396 0
1634663064957 397 0
1634663172598 398 0
1634663280251 399 0
1634663387908 400 0
1634663496804 401 0
1634663604462 402 0
1634663712123 403 0
1634663819791 404 0
1634663927453 405 0
1634664035101 406 0
1634664142750 407 0
1634664250400 408 0
1634664358045 409 0
1634664465719 410 0
1634664574581 411 0
1634664682235 412 0
1634664789909 413 0
1634664897581 414 0
1634665005260 415 0
1634665112943 416 0
1634665220604 417 0
1634665328285 418 0
1634665435952 419 0
1634665543623 420 0
1634665652823 421 0
1634665760501 422 0
1634665868167 423 0
1634665975828 424 0
1634666083462 425 0
1634666191104 426 0
1634666298734 427 0
1634666406346 428 0
1634666514001 429 0
1634666621670 430 0
1634666730541 431 0
1634666838173 432 0
1634666945808 433 0
1634667053426 434 0
1634667161070 435 0
1634667268691 436 0
1634667376326 437 0
1634667483947 438 0
1634667591571 439 0
1634667699193 440 0
1634667808027 441 0
1634667915670 442 0
1634668023327 443 0
1634668130960 444 0
1634668238593 445 0
1634668346242 446 0
1634668453869 447 0
1634668561511 448 0
1634668669139 449 0
1634668776771 450 0
1634668885592 451 0
1634668993231 452 0
1634669100876 453 0
1634669208532 454 0
1634669316201 455 0
1634669423864 456 0
1634669531498 457 0
1634669639134 458 0
1634669746765 459 0
1634669854396 460 0
1634669963251 461 0
1634670070913 462 0
1634670178573 463 0
1634670286244 464 0
1634670393910 465 0
1634670501576 466 0
1634670609351 467 0
1634670716976 468 0
1634670824614 469 0
1634670932242 470 0
1634671041071 471 0
1634671148738 472 0
1634671256393 473 0
1634671364048 474 0
1634671471689 475 0
1634671579352 476 0
1634671687009 477 0
1634671794667 478 0
1634671902330 479 0
1634672009995 480 0
1634672118900 481 0
1634672226575 482 0
1634672334238 483 0
1634672441913 484 0
1634672549559 485 0
1634672657223 486 0
1634672764880 487 0
1634672872538 488 0
1634672980189 489 0
1634673087850 490 0
1634673196694 491 0
1634673304347 492 0
1634673412009 493 0
1634673519648 494 0
1634673627307 495 0
1634673734965 496 0
1634673842606 497 0
1634673950256 498 0
1634674057912 499 0
1634674165570 500 0
1634674274440 501 0
1634674382114 502 0
1634674489770 503 0
1634674597438 504 0
1634674705115 505 0
1634674812784 506 0
1634674920450 507 0
1634675028115 508 0
1634675135797 509 0
1634675243461 510 0
1634675352381 511 0
1634675460043 512 0
1634675567710 513 0
1634675675362 514 0
1634675783019 515 0
1634675890654 516 0
1634675998310 517 0
1634676105966 518 0
1634676213627 519 0
1634676321264 520 0
1634676430132 521 0
1634676537790 522 0
1634676645438 523 0
1634676753098 524 0
1634676860742 525 0
1634676968403 526 0
1634677076061 527 0
1634677183737 528 0
1634677291401 529 0
1634677399076 530 0
1634677508354 531 0
1634677616024 532 0
1634677723651 533 0
1634677831293 534 0
1634677938923 535 0
1634678046594 536 0
1634678154244 537 0
1634678261922 538 0
1634678369584 539 0
1634678477240 540 0
1634678586107 541 0
1634678693768 542 0
1634678801427 543 0
1634678909086 544 0
1634679016737 545 0
1634679124401 546 0
1634679232064 547 0
1634679339712 548 0
1634679447363 549 0
1634679555024 550 0
1634679663888 551 0
1634679771530 552 0
1634679879165 553 0
1634679986806 554 0
1634680094442 555 0
1634680202079 556 0
1634680309710 557 0
1634680417361 558 0
1634680524998 559 0
1634680632621 560 0
1634680741506 561 0
1634680849182 562 0
1634680956835 563 0
1634681064486 564 0
1634681172139 565 0
1634681279752 566 0
1634681387404 567 0
1634681495055 568 0
1634681602702 569 0
1634681710357 570 0
1634681819237 571 0
1634681926908 572 0
1634682034560 573 0
1634682142208 574 0
1634682249859 575 0
1634682357514 576 0
1634682465179 577 0
1634682572836 578 0
1634682680508 579 0
1634682788163 580 0
1634682897013 581 0
1634683004661 582 0
1634683112317 583 0
1634683219964 584 0
1634683327598 585 0
1634683435262 586 0
1634683542917 587 0
1634683650571 588 0
1634683758249 589 0
1634683865912 590 0
1634683974783 591 0
1634684082435 592 0
1634684190087 593 0
1634684297730 594 0
1634684405357 595 0
1634684513012 596 0
1634684620662 597 0
1634684728304 598 0
1634684835950 599 0
1634684943608 600 0
1634685052474 601 0
1634685160131 602 0
1634685267782 603 0
1634685375436 604 0
1634685483092 605 0
1634685590730 606 0
1634685698371 607 0
1634685806038 608 0
1634685913694 609 0
1634686021358 610 0
1634686130215 611 0
1634686237879 612 0
1634686345531 613 0
1634686453179 614 0
1634686560842 615 0
1634686668501 616 0
1634686776145 617 0
1634686883767 618 0
1634686991399 619 0
1634687099048 620 0
1634687207901 621 0
1634687315574 622 0
1634687423230 623 0
1634687530880 624 0
1634687638527 625 0
1634687746171 626 0
1634687853806 627 0
1634687961444 628 0
1634688069112 629 0
1634688176781 630 0
1634688285645 631 0
1634688393314 632 0
1634688500953 633 0
1634688608609 634 0
1634688716263 635 0
1634688823911 636 0
1634688931562 637 0
1634689039206 638 0
1634689146866 639 0
1634689254511 640 0
1634689363371 641 0
1634689471037 642 0
1634689578691 643 0
1634689686327 644 0
1634689793948 645 0
1634689901571 646 0
1634690009205 647 0
1634690116822 648 0
1634690224453 649 0
1634690332068 650 0
1634690440899 651 0
1634690548565 652 0
1634690656219 653 0
1634690763882 654 0
1634690871545 655 0
1634690979209 656 0
1634691086868 657 0
1634691194534 658 0
1634691302199 659 0
1634691409867 660 0
1634691518731 661 0
1634691626392 662 0
1634691734063 663 0
1634691841734 664 0
1634691949383 665 0
1634692057055 666 0
1634692164706 667 0
1634692272369 668 0
1634692380008 669 0
1634692487665 670 0
1634692596527 671 0
1634692704165 672 0
1634692811828 673 0
1634692919473 674 0
1634693027136 675 0
1634693134798 676 0
1634693242466 677 0
1634693350129 678 0
1634693457798 679 0
1634693565444 680 0
1634693674865 681 0
1634693782515 682 0
1634693890172 683 0
1634693997812 684 0
1634694105473 685 0
1634694213106 686 0
1634694320776 687 0
1634694428410 688 0
1634694536041 689 0
1634694643677 690 0
1634694752487 691 0
1634694860109 692 0
1634694967748 693 0
1634695075382 694 0
1634695183022 695 0
1634695290677 696 0
1634695398336 697 0
1634695505984 698 0
1634695613632 699 0
1634695721283 700 0
1634695830153 701 0
1634695937814 702 0
1634696045454 703 0
1634696153093 704 0
1634696260734 705 0
1634696368366 706 0
1634696476016 707 0
1634696583653 708 0
1634696691278 709 0
1634696798928 710 0
1634696907758 711 0
1634697015393 712 0
1634697123038 713 0
1634697230666 714 0
1634697338287 715 0
1634697445927 716 0
1634697553552 717 0
1634697661203 718 0
1634697768839 719 0
1634697876485 720 0
1634697985325 721 0
1634698092966 722 0
1634698200612 723 0
1634698308271 724 0
1634698415921 725 0
1634698523585 726 0
1634698631214 727 0
1634698738863 728 0
1634698846519 729 0
1634698954169 730 0
1634699063016 731 0
1634699170673 732 0
1634699278340 733 0
1634699385974 734 0
1634699493590 735 0
1634699601211 736 0
1634699708828 737 0
1634699816459 738 0
1634699924067 739 0
1634700031696 740 0
1634700140521 741 0
1634700248174 742 0
1634700355804 743 0
1634700463459 744 0
1634700571119 745 0
1634700678773 746 0
1634700786436 747 0
1634700894090 748 0
1634701001751 749 0
1634701109399 750 0
1634701218265 751 0
1634701325926 752 0
1634701433590 753 0
1634701541261 754 0
1634701648921 755 0
1634701756593 756 0
1634701864226 757 0
1634701971880 758 0
1634702079523 759 0
1634702187176 760 0
1634702296011 761 0
1634702403662 762 0
1634702511329 763 0
1634702618958 764 0
1634702726619 765 0
1634702834275 766 0
1634702941946 767 0
1634703049593 768 0
1634703157246 769 0
1634703264898 770 0
1634703373768 771 0
1634703481426 772 0
1634703589074 773 0
1634703696737 774 0
1634703804395 775 0
1634703912039 776 0
1634704019704 777 0
1634704127345 778 0
1634704235002 779 0
1634704342647 780 0
1634704451464 781 0
1634704559115 782 0
1634704666759 783 0
1634704774412 784 0
1634704882070 785 0
1634704989730 786 0
1634705097374 787 0
1634705205038 788 0
1634705312669 789 0
1634705420319 790 0
1634705529134 791 0
1634705636781 792 0
1634705744421 793 0
1634705852052 794 0
1634705959686 795 0
1634706067340 796 0
1634706174992 797 0
1634706282638 798 0
1634706390279 799 0
1634706497913 800 0
1634706606746 801 0
1634706714374 802 0
1634706822025 803 0
1634706929686 804 0
1634707037351 805 0
1634707145004 806 0
1634707252668 807 0
1634707360330 808 0
1634707467994 809 0
1634707575649 810 0
1634707684504 811 0
1634707792166 812 0
1634707899809 813 0
1634708007452 814 0
1634708115098 815 0
1634708222748 816 0
1634708330392 817 0
1634708438025 818 0
1634708545653 819 0
1634708653300 820 0
1634708762140 821 0
1634708869787 822 0
1634708977427 823 0
1634709085087 824 0
1634709192744 825 0
1634709300393 826 0
1634709408041 827 0
1634709515703 828 0
1634709623350 829 0
1634709730997 830 0
1634709839837 831 0
1634709947498 832 0
1634710055160 833 0
1634710162800 834 0
1634710270438 835 0
1634710378103 836 0
1634710485756 837 0
1634710593392 838 0
1634710701058 839 0
1634710808718 840 0
1634710917561 841 0
1634711025202 842 0
1634711132858 843 0
1634711240506 844 0
1634711348156 845 0
1634711455788 846 0
1634711563424 847 0
1634711671074 848 0
1634711778700 849 0
1634711886359 850 0
1634711995199 851 0
1634712102847 852 0
1634712210505 853 0
1634712318130 854 0
1634712425790 855 0
1634712533436 856 0
1634712641106 857 0
1634712748758 858 0
1634712856395 859 0
1634712964039 860 0
1634713073578 861 0
1634713181243 862 0
1634713288886 863 0
1634713396535 864 0
1634713504181 865 0
1634713611841 866 0
1634713719488 867 0
1634713827142 868 0
1634713934794 869 0
1634714042455 870 0
1634714151319 871 0
1634714258979 872 0
1634714366631 873 0
1634714474287 874 0
1634714581946 875 0
1634714689594 876 0
1634714797263 877 0
1634714904908 878 0
1634715012571 879 0
1634715120225 880 0
1634715229071 881 0
1634715336737 882 0
1634715444392 883 0
1634715552061 884 0
1634715659703 885 0
1634715767362 886 0
1634715875003 887 0
1634715982662 888 0
1634716090294 889 0
1634716197939 890 0
1634716306773 891 0
1634716414423 892 0
1634716522058 893 0
1634716629714 894 0
1634716737364 895 0
1634716845006 896 0
1634716952657 897 0
1634717060297 898 0
1634717167932 899 0
1634717275606 900 0
1634717384462 901 0
1634717492128 902 0
1634717599782 903 0
1634717707419 904 0
1634717815049 905 0
1634717922706 906 0
1634718030356 907 0
1634718137997 908 0
1634718245652 909 0
1634718353315 910 0
1634718462151 911 0
1634718569794 912 0
1634718677456 913 0
1634718785103 914 0
1634718892750 915 0
1634719000398 916 0
1634719108044 917 0
1634719215702 918 0
1634719323352 919 0
1634719431000 920 0
1634719539866 921 0
1634719647522 922 0
1634719755188 923 0
1634719862852 924 0
1634719970489 925 0
1634720078136 926 0
1634720185790 927 0
1634720293433 928 0
1634720401094 929 0
1634720508738 930 0
1634720617576 931 0
1634720725215 932 0
1634720832857 933 0
1634720940527 934 0
1634721048169 935 0
1634721155799 936 0
1634721263430 937 0
1634721371089 938 0
1634721478757 939 0
1634721586399 940 0
1634721695267 941 0
1634721802928 942 0
1634721910568 943 0
1634722018227 944 0
1634722125877 945 0
1634722233512 946 0
1634722341163 947 0
1634722448804 948 0
1634722556436 949 0
1634722664075 950 0
1634722772907 951 0
1634722880570 952 0
1634722988226 953 0
1634723095893 954 0
1634723203547 955 0
1634723311204 956 0
1634723418859 957 0
1634723526546 958 0
1634723634202 959 0
1634723741864 960 0
1634723850710 961 0
1634723958370 962 0
1634724066035 963 0
1634724173689 964 0
1634724281338 965 0
1634724388988 966 0
1634724496621 967 0
1634724604266 968 0
1634724711910 969 0
1634724819557 970 0
1634724928394 971 0
1634725036035 972 0
1634725143689 973 0
1634725251349 974 0
1634725358990 975 0
1634725466649 976 0
1634725574292 977 0
1634725681960 978 0
1634725789610 979 0
1634725897263 980 0
1634726006106 981 0
1634726113760 982 0
1634726221418 983 0
1634726329082 984 0
1634726436722 985 0
1634726544349 986 0
1634726652008 987 0
1634726759651 988 0
1634726867297 989 0
1634726974935 990 0
1634727083772 991 0
1634727191419 992 0
1634727299072 993 0
1634727406720 994 0
1634727514361 995 0
1634727622020 996 0
1634727729686 997 0
1634727837322 998 0
1634727944970 999 0
