1634620272909 7.6031999588012695 0
1634620382025 3.717251777648926 0
1634620489680 3.321901798248291 0
1634620597475 1.596508264541626 0
1634620705208 1.7466895580291748 0
1634620812832 3.8191404342651367 0
1634620920475 1.7084954977035522 0
1634621028119 1.7127718925476074 0
1634621135763 1.9465746879577637 0
1634621243413 1.7949843406677246 0
1634621351063 1.8226064443588257 0
1634621459952 1.93538236618042 0
1634621567607 3.209653854370117 0
1634621675245 1.6946783065795898 0
1634621782894 2.1085758209228516 0
1634621890537 2.6547586917877197 0
1634621998182 1.902928113937378 0
1634622105822 1.242124080657959 0
1634622213492 1.4862663745880127 0
1634622321126 1.7035847902297974 0
1634622428782 1.8956931829452515 0
1634622537734 2.3671679496765137 0
1634622645380 2.412597417831421 0
1634622753017 1.707844853401184 0
1634622860646 1.3699121475219727 0
1634622968273 1.6294077634811401 0
1634623075904 1.6701128482818604 0
1634623183539 1.2906675338745117 0
1634623291165 2.1578898429870605 0
1634623398804 1.7108854055404663 0
1634623506444 1.831944465637207 0
1634623615357 0.9345704317092896 0
1634623723016 1.134168267250061 0
1634623830674 1.7044445276260376 0
1634623938314 1.6714155673980713 0
1634624045964 1.7309589385986328 0
1634624153650 2.1351373195648193 0
1634624261316 1.5676298141479492 0
1634624368977 1.6483362913131714 0
1634624476648 2.0850868225097656 0
1634624584325 1.496492624282837 0
1634624693280 1.5689234733581543 0
1634624800941 2.0155134201049805 0
1634624908587 1.6626687049865723 0
1634625016240 1.6035685539245605 0
1634625123882 1.3927428722381592 0
1634625231529 1.2719972133636475 0
1634625339163 1.571130394935608 0
1634625446809 1.4813206195831299 0
1634625554444 1.7523553371429443 0
1634625662060 1.5385956764221191 0
1634625770916 1.81318998336792 0
1634625878565 1.6148302555084229 0
1634625986209 1.593252420425415 0
1634626093852 1.7459747791290283 0
1634626201486 1.8204869031906128 0
1634626309127 1.9780313968658447 0
1634626416763 1.6615328788757324 0
1634626524403 2.139894962310791 0
1634626632032 1.4678881168365479 0
1634626739678 0.9852986335754395 0
1634626848573 2.0084421634674072 0
1634626956234 1.1251652240753174 0
1634627063878 1.7187790870666504 0
1634627171529 1.58101224899292 0
1634627279169 2.394954204559326 0
1634627386800 1.4095747470855713 0
1634627494456 1.5207796096801758 0
1634627602100 1.4756633043289185 0
1634627709775 1.1569714546203613 0
1634627817402 1.9442932605743408 0
1634627926362 1.5311808586120605 0
1634628033992 1.2578507661819458 0
1634628141637 1.532783031463623 0
1634628249285 1.7450186014175415 0
1634628356929 1.1622157096862793 0
1634628464579 1.5169072151184082 0
1634628572224 1.1622060537338257 0
1634628679855 2.1931066513061523 0
1634628787512 1.1870837211608887 0
1634628895155 1.3039515018463135 0
1634629004055 1.1692460775375366 0
1634629111704 1.4031089544296265 0
1634629219329 1.705617904663086 0
1634629326979 1.3919315338134766 0
1634629434605 1.6448041200637817 0
1634629542244 1.8812470436096191 0
1634629649882 1.6633998155593872 0
1634629757530 1.9861488342285156 0
1634629865160 2.9951889514923096 0
1634629972789 1.3922204971313477 0
1634630081704 1.5323048830032349 0
1634630189352 1.2169171571731567 0
1634630297018 1.2580159902572632 0
1634630404681 1.4153196811676025 0
1634630512330 1.2913970947265625 0
1634630620004 1.4025646448135376 0
1634630727681 1.9747354984283447 0
1634630835330 1.2933459281921387 0
1634630942977 1.383317232131958 0
1634631050663 1.3769571781158447 0
1634631159635 1.4832199811935425 0
1634631267288 1.3707139492034912 0
1634631374951 1.385591983795166 0
1634631482618 1.7264986038208008 0
1634631590268 1.5398015975952148 0
1634631697939 1.2966700792312622 0
1634631805613 2.033839702606201 0
1634631913287 1.0412771701812744 0
1634632020951 1.69554603099823 0
1634632128618 1.4512925148010254 0
1634632237537 1.5392696857452393 0
1634632345202 1.4921321868896484 0
1634632452862 1.166164517402649 0
1634632560507 1.7444677352905273 0
1634632668151 1.3362536430358887 0
1634632775771 1.4406163692474365 0
1634632883413 1.3868592977523804 0
1634632991035 2.257542371749878 0
1634633098681 1.654555320739746 0
1634633206338 1.547536849975586 0
1634633315229 0.8757606744766235 0
1634633422872 1.8423818349838257 0
1634633530511 1.3968346118927002 0
1634633638162 1.3903448581695557 0
1634633745807 1.2391115427017212 0
1634633853448 1.4452176094055176 0
1634633961093 1.5960307121276855 0
1634634068758 1.2323386669158936 0
1634634176404 1.532360315322876 0
1634634284073 1.0744060277938843 0
1634634393021 1.286248803138733 0
1634634500676 1.9762181043624878 0
1634634608313 1.152228832244873 0
1634634715962 1.254811406135559 0
1634634823610 1.5555118322372437 0
1634634931250 1.401301622390747 0
1634635038885 1.424878478050232 0
1634635146529 1.5316312313079834 0
1634635254183 1.267151951789856 0
1634635361824 1.014594316482544 0
1634635470806 1.64186429977417 0
1634635578488 1.073177695274353 0
1634635686152 1.1666357517242432 0
1634635793818 1.4105076789855957 0
1634635901494 1.4504543542861938 0
1634636009156 1.351248025894165 0
1634636116824 1.2021243572235107 0
1634636224514 1.53374183177948 0
1634636332182 0.9034605026245117 0
1634636439867 1.1152145862579346 0
1634636548769 1.769296646118164 0
1634636656449 1.047022819519043 0
1634636764123 2.213252067565918 0
1634636871797 1.6076290607452393 0
1634636979467 0.991917073726654 0
1634637087126 1.2812647819519043 0
1634637194780 1.4905797243118286 0
1634637302421 1.2387763261795044 0
1634637410083 1.1332688331604004 0
1634637517722 1.0626025199890137 0
1634637626594 1.4662160873413086 0
1634637734267 0.9417624473571777 0
1634637841948 0.8112658262252808 0
1634637949609 1.8657722473144531 0
1634638057266 1.2613224983215332 0
1634638164939 0.9421309232711792 0
1634638272624 0.9926773905754089 0
1634638380297 0.9522637128829956 0
1634638487978 0.9909852147102356 0
1634638595673 1.0879360437393188 0
1634638704595 1.0993911027908325 0
1634638812273 1.0067219734191895 0
1634638919947 1.0202690362930298 0
1634639027600 1.7507028579711914 0
1634639135266 1.574797511100769 0
1634639242949 1.3709969520568848 0
1634639350603 1.2683569192886353 0
1634639458277 1.1371803283691406 0
1634639565965 1.358841896057129 0
1634639673627 1.53691565990448 0
1634639782543 1.114428162574768 0
1634639890226 1.4156641960144043 0
1634639997899 1.448150873184204 0
1634640105598 1.1075975894927979 0
1634640213268 1.1682510375976562 0
1634640320968 1.2967820167541504 0
1634640428668 1.4085960388183594 0
1634640536327 1.1418631076812744 0
1634640643991 1.0412492752075195 0
1634640751679 1.2487093210220337 0
1634640860710 1.3427140712738037 0
1634640968400 1.3649301528930664 0
1634641076097 1.4656919240951538 0
1634641183781 1.5168405771255493 0
1634641291466 1.9839237928390503 0
1634641399155 1.4579505920410156 0
1634641506840 1.2796728610992432 0
1634641614533 1.2940280437469482 0
1634641722220 1.5766042470932007 0
1634641829896 0.8394157886505127 0
1634641938850 1.2089364528656006 0
1634642046528 1.7479684352874756 0
1634642154198 1.1126426458358765 0
1634642261862 1.3533782958984375 0
1634642369545 1.3928179740905762 0
1634642477220 1.665199875831604 0
1634642584886 1.2315599918365479 0
1634642692554 1.5033363103866577 0
1634642800229 0.8266083002090454 0
1634642907903 1.7668790817260742 0
1634643016806 1.305897831916809 0
1634643124491 1.1421412229537964 0
1634643232148 1.3222013711929321 0
1634643339807 1.617276906967163 0
1634643447479 0.8865686655044556 0
1634643555142 1.1842610836029053 0
1634643662801 1.540698766708374 0
1634643770468 1.4598660469055176 0
1634643878122 1.1000183820724487 0
1634643985799 1.9551587104797363 0
1634644094700 1.8656096458435059 0
1634644202364 1.2214155197143555 0
1634644310018 1.6440256834030151 0
1634644417648 0.8645795583724976 0
1634644525298 1.3551933765411377 0
1634644632932 1.6682994365692139 0
1634644740555 1.657198190689087 0
1634644848205 0.8178446888923645 0
1634644955832 1.5084503889083862 0
1634645063475 1.3869723081588745 0
1634645172367 1.4435865879058838 0
1634645280018 1.0894880294799805 0
1634645387681 1.2764800786972046 0
1634645495337 1.3904178142547607 0
1634645602995 1.4138565063476562 0
1634645710659 0.9754653573036194 0
1634645818314 1.3149322271347046 0
1634645925959 1.8191689252853394 0
1634646033617 1.0678319931030273 0
1634646141269 0.9995073080062866 0
1634646250177 0.9982900023460388 0
1634646357845 1.2614823579788208 0
1634646465528 1.2200978994369507 0
1634646573200 1.0242068767547607 0
1634646680880 0.9482583999633789 0
1634646788579 1.7984037399291992 0
1634646896243 1.6587018966674805 0
1634647003903 1.1993571519851685 0
1634647111580 1.5208117961883545 0
1634647219257 1.5977102518081665 0
1634647328338 1.7730520963668823 0
1634647436019 1.057418942451477 0
1634647543682 1.4733896255493164 0
1634647651363 1.6042054891586304 0
1634647759030 1.3275983333587646 0
1634647866697 1.1226928234100342 0
1634647974351 1.6020748615264893 0
1634648082016 1.1451833248138428 0
1634648189650 0.7863805294036865 0
1634648297299 1.2690494060516357 0
1634648406176 1.4296035766601562 0
1634648513849 1.462734341621399 0
1634648621516 1.4679875373840332 0
1634648729204 1.322841763496399 0
1634648836872 1.3567343950271606 0
1634648944543 1.2221906185150146 0
1634649052224 1.1537317037582397 0
1634649159901 1.3751660585403442 0
1634649267569 1.1859309673309326 0
1634649375248 1.5917437076568604 0
1634649484148 1.4147372245788574 0
1634649591801 1.403249979019165 0
1634649699453 1.0870580673217773 0
1634649807107 1.4218918085098267 0
1634649914766 1.6609381437301636 0
1634650022435 1.1829639673233032 0
1634650130090 1.1704411506652832 0
1634650237744 0.8545477390289307 0
1634650345402 2.148383855819702 0
1634650453062 0.9217554926872253 0
1634650561954 1.7334599494934082 0
1634650669603 0.931964635848999 0
1634650777248 0.943762481212616 0
1634650884895 1.0853025913238525 0
1634650992539 1.1373342275619507 0
1634651100181 1.379418134689331 0
1634651207824 1.2243402004241943 0
1634651315464 1.3626056909561157 0
1634651423107 1.362081527709961 0
1634651530756 1.1286554336547852 0
1634651639641 1.0764647722244263 0
1634651747285 1.607640266418457 0
1634651854926 1.5241544246673584 0
1634651962593 1.091220498085022 0
1634652070270 1.3012276887893677 0
1634652177923 1.1596232652664185 0
1634652285595 0.7720727324485779 0
1634652393258 1.3494952917099 0
1634652500919 0.8490283489227295 0
1634652608589 1.9641683101654053 0
1634652717469 1.1322314739227295 0
1634652825149 1.7875471115112305 0
1634652932799 0.9198484420776367 0
1634653040454 1.3763184547424316 0
1634653148122 1.1610945463180542 0
1634653255807 1.1248672008514404 0
1634653363458 0.9449957609176636 0
1634653471140 1.3435956239700317 0
1634653578804 0.9388660192489624 0
1634653686458 1.4017926454544067 0
1634653795335 1.0796465873718262 0
1634653903004 0.9085831642150879 0
1634654010653 0.7103797197341919 0
1634654118285 1.2191389799118042 0
1634654225934 1.378637433052063 0
1634654333597 1.0877944231033325 0
1634654441246 1.0798492431640625 0
1634654548892 0.8971087336540222 0
1634654656537 1.017752766609192 0
1634654764193 1.178802728652954 0
1634654873298 1.380225658416748 0
1634654980953 1.2275028228759766 0
1634655088593 1.063423752784729 0
1634655196245 1.0891873836517334 0
1634655303886 1.243578314781189 0
1634655411541 1.270102858543396 0
1634655519200 1.1289308071136475 0
1634655626863 0.9612263441085815 0
1634655734501 0.6536689400672913 0
1634655842147 1.2672637701034546 0
1634655951011 1.012713074684143 0
1634656058660 1.6309045553207397 0
1634656166305 1.163152813911438 0
1634656273973 1.5701082944869995 0
1634656381624 0.9702539443969727 0
1634656489287 1.0003489255905151 0
1634656596936 1.1289348602294922 0
1634656704606 0.6219891905784607 0
1634656812266 0.8717992305755615 0
1634656919951 1.1608113050460815 0
1634657028832 0.7747848033905029 0
1634657136506 1.0137094259262085 0
1634657244196 1.234621524810791 0
1634657352207 0.9611738324165344 0
1634657459867 1.2760365009307861 0
1634657567523 0.9372884035110474 0
1634657675189 1.1212096214294434 0
1634657782850 1.1886348724365234 0
1634657890503 0.952732264995575 0
1634657998142 1.370728611946106 0
1634658107018 0.8243446350097656 0
1634658214672 0.9048495888710022 0
1634658322321 1.4915128946304321 0
1634658429976 0.8183237314224243 0
1634658537615 1.5482428073883057 0
1634658645297 1.0888562202453613 0
1634658752947 0.9572856426239014 0
1634658860603 0.9729534387588501 0
1634658968268 1.0548009872436523 0
1634659075957 1.2256758213043213 0
1634659184858 1.1928428411483765 0
1634659292533 0.8730031847953796 0
1634659400207 1.2180894613265991 0
1634659507880 0.8183815479278564 0
1634659615572 1.1265056133270264 0
1634659723239 0.9969059228897095 0
1634659830914 1.4827353954315186 0
1634659938575 0.6932792663574219 0
1634660046237 1.3168065547943115 0
1634660153936 1.0283831357955933 0
1634660262859 0.9371187090873718 0
1634660370545 1.1226624250411987 0
1634660478235 0.8006174564361572 0
1634660585897 0.8746921420097351 0
1634660693591 1.1830716133117676 0
1634660801280 1.2521750926971436 0
1634660908968 0.8865913152694702 0
1634661016650 1.1060819625854492 0
1634661124357 0.6219388246536255 0
1634661232046 1.1382243633270264 0
1634661340937 1.119518756866455 0
1634661448605 0.8694414496421814 0
1634661556291 1.1467812061309814 0
1634661663969 1.0708998441696167 0
1634661771647 1.4960615634918213 0
1634661879337 1.252467393875122 0
1634661987016 0.9006240367889404 0
1634662094704 0.8418264389038086 0
1634662202375 1.3080111742019653 0
1634662310059 1.4285961389541626 0
1634662418979 0.998017430305481 0
1634662526645 0.897974967956543 0
1634662634314 1.162446141242981 0
1634662741975 1.0023295879364014 0
1634662849642 0.9871453046798706 0
1634662957314 1.340968132019043 0
1634663064957 1.3831583261489868 0
1634663172598 1.3715521097183228 0
1634663280266 1.0911465883255005 0
1634663387908 1.4337676763534546 0
1634663496804 1.2742834091186523 0
1634663604462 1.231379747390747 0
1634663712123 1.119120478630066 0
1634663819791 1.7736923694610596 0
1634663927453 1.4147356748580933 0
1634664035101 0.9166765213012695 0
1634664142750 1.094447374343872 0
1634664250400 1.3400862216949463 0
1634664358061 1.148164987564087 0
1634664465719 1.179626226425171 0
1634664574581 1.3133693933486938 0
1634664682251 1.184503436088562 0
1634664789909 1.1541136503219604 0
1634664897581 1.2576760053634644 0
1634665005260 0.8420634269714355 0
1634665112943 0.9154252409934998 0
1634665220620 1.0118381977081299 0
1634665328285 0.7095887660980225 0
1634665435952 0.6005713939666748 0
1634665543623 1.3324329853057861 0
1634665652823 0.7309945225715637 0
1634665760501 1.63223397731781 0
1634665868182 0.8668148517608643 0
1634665975828 1.4830365180969238 0
1634666083477 1.3072154521942139 0
1634666191104 1.943119764328003 0
1634666298734 0.932686448097229 0
1634666406362 1.1153894662857056 0
1634666514017 1.2205328941345215 0
1634666621686 0.9242774844169617 0
1634666730541 0.8636090159416199 0
1634666838188 1.077537178993225 0
1634666945808 0.9130231142044067 0
1634667053442 1.3834784030914307 0
1634667161070 1.3003733158111572 0
1634667268691 1.1629856824874878 0
1634667376326 1.2387362718582153 0
1634667483947 1.2378255128860474 0
1634667591571 1.182023048400879 0
1634667699193 0.907347559928894 0
1634667808027 1.1845221519470215 0
1634667915670 1.0648858547210693 0
1634668023327 1.0194722414016724 0
1634668130960 1.1082338094711304 0
1634668238593 1.0057311058044434 0
1634668346242 1.3436068296432495 0
1634668453884 1.3477498292922974 0
1634668561511 1.1097761392593384 0
1634668669139 1.0335311889648438 0
1634668776771 1.0111961364746094 0
1634668885592 1.5117954015731812 0
1634668993231 0.995137631893158 0
1634669100876 1.142322301864624 0
1634669208532 1.064711570739746 0
1634669316201 0.9219460487365723 0
1634669423864 1.03174889087677 0
1634669531514 0.8088263869285583 0
1634669639150 0.9437991976737976 0
1634669746780 0.9819470643997192 0
1634669854396 0.8106768727302551 0
1634669963251 1.1767001152038574 0
1634670070913 1.9768732786178589 0
1634670178573 0.8621399402618408 0
1634670286244 0.978858470916748 0
1634670393910 1.1356345415115356 0
1634670501576 1.1120630502700806 0
1634670609367 0.9399320483207703 0
1634670716991 0.799014687538147 0
1634670824614 0.8427913784980774 0
1634670932242 1.5801575183868408 0
1634671041087 1.1152615547180176 0
1634671148738 0.684086799621582 0
1634671256393 0.815737783908844 0
1634671364048 1.2665715217590332 0
1634671471704 1.2855697870254517 0
1634671579352 1.0077075958251953 0
1634671687009 1.1952611207962036 0
1634671794683 1.4781677722930908 0
1634671902330 1.0102330446243286 0
1634672010011 1.1689610481262207 0
1634672118915 0.857300877571106 0
1634672226575 1.0818909406661987 0
1634672334238 0.8675771355628967 0
1634672441913 1.3926783800125122 0
1634672549575 0.8499650359153748 0
1634672657223 0.8513081669807434 0
1634672764880 0.8881909847259521 0
1634672872538 0.9269193410873413 0
1634672980205 1.014119267463684 0
1634673087850 1.2532621622085571 0
1634673196694 0.9450082778930664 0
1634673304347 0.8369557857513428 0
1634673412009 0.7780278325080872 0
1634673519648 0.883667528629303 0
1634673627307 1.135909080505371 0
1634673734965 1.116617202758789 0
1634673842606 0.8315100073814392 0
1634673950256 0.9288917779922485 0
1634674057927 1.8568042516708374 0
1634674165586 0.9629018902778625 0
1634674274455 1.350724697113037 0
1634674382114 1.0734610557556152 0
1634674489770 1.589144229888916 0
1634674597453 1.4265077114105225 0
1634674705115 1.6734286546707153 0
1634674812784 0.8865545392036438 0
1634674920450 1.1571011543273926 0
1634675028131 0.8898187279701233 0
1634675135797 1.0311272144317627 0
1634675243477 1.2013554573059082 0
1634675352381 0.9708083868026733 0
1634675460058 1.5251699686050415 0
1634675567710 0.7527428865432739 0
1634675675362 0.8272017240524292 0
1634675783019 0.9557461142539978 0
1634675890670 1.3489009141921997 0
1634675998310 1.0511256456375122 0
1634676105966 0.998305082321167 0
1634676213627 0.904259979724884 0
1634676321280 0.8691449165344238 0
1634676430147 1.178642988204956 0
1634676537790 0.8588049411773682 0
1634676645438 0.9885695576667786 0
1634676753098 0.8636149168014526 0
1634676860742 0.6966575384140015 0
1634676968403 1.0412670373916626 0
1634677076077 0.7817368507385254 0
1634677183737 1.170927882194519 0
1634677291416 0.9904245138168335 0
1634677399076 1.1484490633010864 0
1634677508370 1.1668434143066406 0
1634677616024 0.9553024172782898 0
1634677723666 0.8233020305633545 0
1634677831293 1.0255299806594849 0
1634677938938 1.5371742248535156 0
1634678046594 1.2245866060256958 0
1634678154260 1.2082161903381348 0
1634678261922 1.4632724523544312 0
1634678369584 0.719383955001831 0
1634678477255 1.0400105714797974 0
1634678586107 1.0251301527023315 0
1634678693768 1.4630852937698364 0
1634678801427 1.1272611618041992 0
1634678909086 0.9742943048477173 0
1634679016737 0.6288490891456604 0
1634679124401 1.2741423845291138 0
1634679232064 1.4661738872528076 0
1634679339728 1.2331838607788086 0
1634679447363 1.164842128753662 0
1634679555024 1.4161491394042969 0
1634679663888 0.9997336268424988 0
1634679771546 1.333542823791504 0
1634679879180 1.093353509902954 0
1634679986806 1.2518142461776733 0
1634680094442 1.1179777383804321 0
1634680202079 0.8859410285949707 0
1634680309725 0.9430198669433594 0
1634680417361 0.7649378776550293 0
1634680524998 0.8222431540489197 0
1634680632621 0.9420070648193359 0
1634680741521 1.2980390787124634 0
1634680849182 0.8856933116912842 0
1634680956835 1.1219197511672974 0
1634681064486 0.8688298463821411 0
1634681172139 1.0170204639434814 0
1634681279768 1.200758695602417 0
1634681387404 0.7824221849441528 0
1634681495055 1.2566263675689697 0
1634681602702 0.9253534078598022 0
1634681710372 1.3672423362731934 0
1634681819237 0.5062466859817505 0
1634681926908 1.0205156803131104 0
1634682034560 0.8861496448516846 0
1634682142224 1.277526617050171 0
1634682249859 0.8863285779953003 0
1634682357514 0.9149551391601562 0
1634682465179 1.2081935405731201 0
1634682572836 0.8216691613197327 0
1634682680508 0.9783800840377808 0
1634682788163 0.9235624670982361 0
1634682897013 0.7980676889419556 0
1634683004676 1.2979164123535156 0
1634683112317 0.8977780342102051 0
1634683219964 0.8189489841461182 0
1634683327614 0.8950807452201843 0
1634683435262 1.0683313608169556 0
1634683542917 0.9608094692230225 0
1634683650571 1.3015971183776855 0
1634683758249 1.3871852159500122 0
1634683865927 1.0716633796691895 0
1634683974799 1.279080867767334 0
1634684082435 0.9079982042312622 0
1634684190087 1.184147834777832 0
1634684297730 1.125490427017212 0
1634684405373 0.9457345008850098 0
1634684513012 0.9293206930160522 0
1634684620662 0.8652385473251343 0
1634684728304 1.0777841806411743 0
1634684835966 0.9781998991966248 0
1634684943623 1.3615955114364624 0
1634685052474 0.7832363247871399 0
1634685160131 0.9513447880744934 0
1634685267782 0.9369062185287476 0
1634685375436 0.8812335133552551 0
1634685483092 1.0538078546524048 0
1634685590730 1.0687999725341797 0
1634685698387 1.4517794847488403 0
1634685806038 1.241309404373169 0
1634685913709 0.6289691925048828 0
1634686021358 0.8235456347465515 0
1634686130215 1.3058793544769287 0
1634686237879 1.3743420839309692 0
1634686345547 1.4626232385635376 0
1634686453195 0.8783270120620728 0
1634686560858 1.184291124343872 0
1634686668517 0.7726031541824341 0
1634686776145 0.9108542799949646 0
1634686883767 0.7816630601882935 0
1634686991399 1.2812347412109375 0
1634687099048 0.8882114291191101 0
1634687207901 0.8810436725616455 0
1634687315574 1.1051013469696045 0
1634687423246 0.7978642582893372 0
1634687530880 0.7685118913650513 0
1634687638527 1.471843957901001 0
1634687746171 1.2116326093673706 0
1634687853806 0.7478207349777222 0
1634687961459 1.2423150539398193 0
1634688069112 0.8913775086402893 0
1634688176781 0.7681987881660461 0
1634688285645 1.0624085664749146 0
1634688393314 0.7495288252830505 0
1634688500968 1.3566194772720337 0
1634688608609 1.1315994262695312 0
1634688716279 1.0592104196548462 0
1634688823927 1.1064671277999878 0
1634688931562 0.8959387540817261 0
1634689039222 0.8393603563308716 0
1634689146882 0.7491388916969299 0
1634689254527 0.9434516429901123 0
1634689363371 1.0064418315887451 0
1634689471037 0.6498709917068481 0
1634689578707 1.5742948055267334 0
1634689686327 0.9965011477470398 0
1634689793948 0.8310372829437256 0
1634689901587 1.0282530784606934 0
1634690009205 1.0029252767562866 0
1634690116837 1.035014271736145 0
1634690224453 0.7002897262573242 0
1634690332084 0.9222279787063599 0
1634690440915 1.0760818719863892 0
1634690548565 1.2598447799682617 0
1634690656219 1.1982322931289673 0
1634690763883 0.7878383994102478 0
1634690871545 1.079952359199524 0
1634690979209 0.7852270603179932 0
1634691086868 1.2130646705627441 0
1634691194534 1.2116196155548096 0
1634691302199 1.0433666706085205 0
1634691409867 1.2801364660263062 0
1634691518731 1.0833834409713745 0
1634691626408 0.9724490642547607 0
1634691734063 0.9746242761611938 0
1634691841734 0.7878116965293884 0
1634691949399 1.0314699411392212 0
1634692057055 0.8714030385017395 0
1634692164706 1.0081522464752197 0
1634692272369 0.7377567887306213 0
1634692380024 1.0683503150939941 0
1634692487665 0.9722037315368652 0
1634692596527 1.2139499187469482 0
1634692704165 0.5920530557632446 0
1634692811828 1.0659408569335938 0
1634692919488 1.2238554954528809 0
1634693027152 1.105288028717041 0
1634693134814 1.030534029006958 0
1634693242481 0.9358959794044495 0
1634693350144 1.104880452156067 0
1634693457798 1.0654178857803345 0
1634693565460 0.9925193190574646 0
1634693674865 0.9049662947654724 0
1634693782515 1.2201144695281982 0
1634693890172 0.8257397413253784 0
1634693997827 0.9594815969467163 0
1634694105473 1.3205636739730835 0
1634694213122 0.9762015342712402 0
1634694320776 1.004407525062561 0
1634694428410 0.7879779934883118 0
1634694536041 1.322822093963623 0
1634694643677 0.7984715700149536 0
1634694752503 1.0602151155471802 0
1634694860125 1.242038607597351 0
1634694967748 1.2933701276779175 0
1634695075382 1.450212001800537 0
1634695183022 1.4034677743911743 0
1634695290677 0.6174051761627197 0
1634695398336 0.7087982892990112 0
1634695505984 0.8018137216567993 0
1634695613648 0.9363001585006714 0
1634695721298 1.1035056114196777 0
1634695830153 1.065161108970642 0
1634695937814 1.0998207330703735 0
1634696045454 0.9199257493019104 0
1634696153093 0.8218387961387634 0
1634696260734 1.1378527879714966 0
1634696368366 0.7486448884010315 0
1634696476016 1.237095832824707 0
1634696583653 1.088291049003601 0
1634696691294 1.2097656726837158 0
1634696798928 0.9795349836349487 0
1634696907758 0.8431335687637329 0
1634697015393 1.190279483795166 0
1634697123038 0.8674805760383606 0
1634697230666 0.8114646673202515 0
1634697338303 1.0017790794372559 0
1634697445927 1.2354193925857544 0
1634697553552 1.2819966077804565 0
1634697661203 1.2792314291000366 0
1634697768855 0.9172589182853699 0
1634697876500 1.0037742853164673 0
1634697985341 1.3205676078796387 0
1634698092981 0.6762343049049377 0
1634698200628 0.8716034293174744 0
1634698308271 1.1815884113311768 0
1634698415936 0.8442503213882446 0
1634698523585 1.017891764640808 0
1634698631214 1.18349289894104 0
1634698738879 1.1708043813705444 0
1634698846519 1.0580192804336548 0
1634698954169 1.4479798078536987 0
1634699063016 1.3010450601577759 0
1634699170673 0.8446045517921448 0
1634699278340 1.1452651023864746 0
1634699385974 0.7149791121482849 0
1634699493590 0.8965387344360352 0
1634699601211 1.1952589750289917 0
1634699708828 1.0879874229431152 0
1634699816459 1.0052027702331543 0
1634699924067 1.0695513486862183 0
1634700031712 1.1079068183898926 0
1634700140521 1.3477184772491455 0
1634700248174 1.2102856636047363 0
1634700355804 0.93027263879776 0
1634700463459 0.6697741150856018 0
1634700571119 1.124064326286316 0
1634700678773 0.6692058444023132 0
1634700786436 0.9760627746582031 0
1634700894090 0.8394354581832886 0
1634701001751 0.9470584988594055 0
1634701109415 0.9057945013046265 0
1634701218265 1.1012753248214722 0
1634701325926 0.5947072505950928 0
1634701433606 0.8906325697898865 0
1634701541261 1.0613272190093994 0
1634701648936 1.21941339969635 0
1634701756593 0.9241976737976074 0
1634701864242 0.8039662837982178 0
1634701971880 0.8835128545761108 0
1634702079538 0.7760931253433228 0
1634702187191 1.0724698305130005 0
1634702296027 1.310748815536499 0
1634702403678 0.93907630443573 0
1634702511329 1.0294146537780762 0
1634702618958 0.9271153211593628 0
1634702726619 1.133461594581604 0
1634702834291 0.9865553379058838 0
1634702941946 0.8160737752914429 0
1634703049609 0.7703129649162292 0
1634703157261 1.395888090133667 0
1634703264913 1.2209278345108032 0
1634703373768 0.8669368028640747 0
1634703481426 1.239984154701233 0
1634703589090 0.9803407788276672 0
1634703696737 0.8791054487228394 0
1634703804395 1.1501816511154175 0
1634703912054 0.5845319032669067 0
1634704019704 0.9000113010406494 0
1634704127361 1.3549052476882935 0
1634704235002 1.0494173765182495 0
1634704342647 0.7457112669944763 0
1634704451464 0.9541485905647278 0
1634704559131 0.9864634275436401 0
1634704666759 1.2905913591384888 0
1634704774412 0.6788854002952576 0
1634704882085 1.039171576499939 0
1634704989730 1.1360499858856201 0
1634705097390 1.2729791402816772 0
1634705205038 0.9003665447235107 0
1634705312669 0.7878068685531616 0
1634705420319 0.9989649057388306 0
1634705529150 1.0779870748519897 0
1634705636781 1.0155094861984253 0
1634705744421 0.831468403339386 0
1634705852052 1.272714614868164 0
1634705959686 0.9978840947151184 0
1634706067340 0.7655548453330994 0
1634706174992 0.9462159872055054 0
1634706282638 1.093599557876587 0
1634706390279 1.023422122001648 0
1634706497929 1.173285722732544 0
1634706606762 0.9121676683425903 0
1634706714389 1.2667690515518188 0
1634706822025 0.8536736965179443 0
1634706929686 0.8199959993362427 0
1634707037351 0.709518551826477 0
1634707145019 1.0478811264038086 0
1634707252683 0.8375459313392639 0
1634707360346 1.7044748067855835 0
1634707467994 1.1431339979171753 0
1634707575664 1.2773486375808716 0
1634707684519 1.0939815044403076 0
1634707792166 0.9987599849700928 0
1634707899809 0.937136173248291 0
1634708007468 0.9132169485092163 0
1634708115114 1.0351474285125732 0
1634708222764 1.0077471733093262 0
1634708330392 1.0342921018600464 0
1634708438025 1.1373238563537598 0
1634708545668 1.592655897140503 0
1634708653300 1.0051532983779907 0
1634708762140 1.364361047744751 0
1634708869787 0.8646405935287476 0
1634708977443 0.7703390121459961 0
1634709085087 0.8320622444152832 0
1634709192744 0.9121587872505188 0
1634709300393 0.8093074560165405 0
1634709408056 0.9923617839813232 0
1634709515703 0.9766883850097656 0
1634709623350 1.0308769941329956 0
1634709730997 0.9501836895942688 0
1634709839837 0.8020221590995789 0
1634709947498 1.1415820121765137 0
1634710055160 0.8700653314590454 0
1634710162800 0.7118105292320251 0
1634710270453 1.1032968759536743 0
1634710378103 0.9910327196121216 0
1634710485756 1.2122802734375 0
1634710593408 0.7719921469688416 0
1634710701058 0.962634801864624 0
1634710808718 1.0796267986297607 0
1634710917561 0.7809664607048035 0
1634711025218 0.6685214042663574 0
1634711132858 0.9036550521850586 0
1634711240506 1.2924425601959229 0
1634711348156 0.8300628662109375 0
1634711455788 1.3643214702606201 0
1634711563440 1.0648926496505737 0
1634711671074 0.8295549154281616 0
1634711778715 1.0394082069396973 0
1634711886359 1.1097760200500488 0
1634711995199 1.2031394243240356 0
1634712102847 1.102733850479126 0
1634712210505 0.9341710209846497 0
1634712318145 1.2136882543563843 0
1634712425790 1.2061951160430908 0
1634712533436 1.2471741437911987 0
1634712641106 1.3094151020050049 0
1634712748758 1.432020664215088 0
1634712856395 0.8699657320976257 0
1634712964054 0.7129325866699219 0
1634713073578 1.390917181968689 0
1634713181243 1.0468991994857788 0
1634713288886 1.0422173738479614 0
1634713396535 1.2188180685043335 0
1634713504196 1.0256521701812744 0
1634713611841 0.9215899109840393 0
1634713719488 0.9570266604423523 0
1634713827142 1.0925254821777344 0
1634713934810 0.7511014938354492 0
1634714042471 1.0153695344924927 0
1634714151319 0.8656615614891052 0
1634714258979 0.9015672206878662 0
1634714366631 0.777512788772583 0
1634714474287 1.186044692993164 0
1634714581946 1.1359412670135498 0
1634714689594 1.2670003175735474 0
1634714797263 0.9620861411094666 0
1634714904923 0.8464901447296143 0
1634715012586 0.897592306137085 0
1634715120225 1.2623931169509888 0
1634715229071 0.7951365113258362 0
1634715336753 0.7614256143569946 0
1634715444392 1.2287143468856812 0
1634715552061 1.211203694343567 0
1634715659719 1.1705046892166138 0
1634715767362 1.1059743165969849 0
1634715875003 1.128623127937317 0
1634715982662 1.0989352464675903 0
1634716090310 1.0451184511184692 0
1634716197939 1.1294634342193604 0
1634716306773 1.4931221008300781 0
1634716414423 0.8108535408973694 0
1634716522058 1.1196190118789673 0
1634716629714 1.0723778009414673 0
1634716737364 1.0222158432006836 0
1634716845006 0.9165380597114563 0
1634716952657 1.1214100122451782 0
1634717060297 0.8148349523544312 0
1634717167948 0.8079639077186584 0
1634717275606 1.163091778755188 0
1634717384462 0.9466902613639832 0
1634717492128 1.1170965433120728 0
1634717599782 1.0062922239303589 0
1634717707419 0.9676325917243958 0
1634717815065 1.0794364213943481 0
1634717922722 0.9707561731338501 0
1634718030356 1.1589980125427246 0
1634718138013 0.824298083782196 0
1634718245652 1.1939318180084229 0
1634718353315 0.9904857873916626 0
1634718462151 1.5687346458435059 0
1634718569809 0.7387650609016418 0
1634718677456 1.0908265113830566 0
1634718785103 0.9058199524879456 0
1634718892750 1.180586338043213 0
1634719000398 1.0945820808410645 0
1634719108044 0.831232488155365 0
1634719215702 0.8494319915771484 0
1634719323352 1.304083228111267 0
1634719431016 1.0173898935317993 0
1634719539866 0.9088562726974487 0
1634719647522 0.9234434366226196 0
1634719755188 1.0001134872436523 0
1634719862852 0.9310435056686401 0
1634719970489 1.2724584341049194 0
1634720078152 1.0374914407730103 0
1634720185790 1.0793399810791016 0
1634720293433 1.070508599281311 0
1634720401094 1.1548513174057007 0
1634720508738 1.2738021612167358 0
1634720617576 1.090131163597107 0
1634720725231 1.0319809913635254 0
1634720832872 0.8459745645523071 0
1634720940527 1.064558982849121 0
1634721048169 1.103963851928711 0
1634721155799 1.04926598072052 0
1634721263446 0.9240360260009766 0
1634721371089 0.8551632165908813 0
1634721478757 1.2154371738433838 0
1634721586415 0.9037190675735474 0
1634721695267 1.0238431692123413 0
1634721802928 0.9765681028366089 0
1634721910584 1.227325439453125 0
1634722018227 1.2112268209457397 0
1634722125877 0.9187615513801575 0
1634722233512 0.8503771424293518 0
1634722341178 0.9974815249443054 0
1634722448804 1.2516971826553345 0
1634722556451 0.9377143383026123 0
1634722664075 0.8037911653518677 0
1634722772907 0.878877580165863 0
1634722880570 1.0792454481124878 0
1634722988226 0.9050012230873108 0
1634723095893 1.4102734327316284 0
1634723203547 1.086600422859192 0
1634723311220 0.9768236875534058 0
1634723418859 1.219184160232544 0
1634723526546 1.2144215106964111 0
1634723634202 0.9675535559654236 0
1634723741864 0.8666803240776062 0
1634723850710 1.1434412002563477 0
1634723958370 1.2396515607833862 0
1634724066035 1.086780071258545 0
1634724173689 1.2224347591400146 0
1634724281338 0.9486156105995178 0
1634724389004 1.1687244176864624 0
1634724496636 1.0468074083328247 0
1634724604281 0.9811125993728638 0
1634724711926 0.7740527987480164 0
1634724819573 1.223008394241333 0
1634724928394 1.073668360710144 0
1634725036035 1.1150684356689453 0
1634725143689 1.023092269897461 0
1634725251349 0.8568710088729858 0
1634725358990 1.0358328819274902 0
1634725466649 1.104672908782959 0
1634725574292 0.9125625491142273 0
1634725681960 0.920274019241333 0
1634725789610 1.0998106002807617 0
1634725897263 0.8656895160675049 0
1634726006106 1.0065491199493408 0
1634726113760 1.0717532634735107 0
1634726221418 1.0728120803833008 0
1634726329082 1.159832239151001 0
1634726436722 1.100909948348999 0
1634726544364 0.9944289326667786 0
1634726652008 1.1321018934249878 0
1634726759651 0.9881292581558228 0
1634726867297 0.8961859941482544 0
1634726974951 1.0534693002700806 0
1634727083772 1.1904536485671997 0
1634727191419 0.9592031240463257 0
1634727299072 0.9612442255020142 0
1634727406720 0.9965532422065735 0
1634727514376 1.2036514282226562 0
1634727622020 0.9349708557128906 0
1634727729686 1.126212477684021 0
1634727837322 1.095963954925537 0
1634727944970 1.0781375169754028 0
