1634620272909 1.9122406840324402 0
1634620382025 1.0442081689834595 0
1634620489680 0.5433104187250137 0
1634620597477 0.38398177921772003 0
1634620705208 0.28476522862911224 0
1634620812832 0.3584258258342743 0
1634620920475 0.614075630903244 0
1634621028119 0.564750462770462 0
1634621135763 0.6987290978431702 0
1634621243413 0.5528282225131989 0
1634621351063 0.836611807346344 0
1634621459952 0.6099181771278381 0
1634621567607 0.9195329248905182 0
1634621675245 0.40572115778923035 0
1634621782894 1.2628437280654907 0
1634621890537 0.7046943157911301 0
1634621998182 0.4124525859951973 0
1634622105837 0.4172685891389847 0
1634622213492 0.4711400121450424 0
1634622321126 0.5964552760124207 0
1634622428782 0.8436687588691711 0
1634622537734 0.8026155829429626 0
1634622645380 0.45372840762138367 0
1634622753017 0.7634342312812805 0
1634622860646 0.47640499472618103 0
1634622968273 0.3368249088525772 0
1634623075904 0.31825757026672363 0
1634623183539 0.4379088133573532 0
1634623291181 0.30534184724092484 0
1634623398804 0.5644688457250595 0
1634623506444 0.7264670431613922 0
1634623615357 0.24435904622077942 0
1634623723016 0.42793399281799793 0
1634623830674 0.8540677726268768 0
1634623938314 0.6193524450063705 0
1634624045964 0.7203764021396637 0
1634624153650 0.7771686315536499 0
1634624261316 0.6422679275274277 0
1634624368977 0.7675405591726303 0
1634624476648 0.7123648822307587 0
1634624584325 0.2174941524863243 0
1634624693280 0.3731634318828583 0
1634624800941 0.49671025574207306 0
1634624908587 0.4731156565248966 0
1634625016240 0.7392583340406418 0
1634625123882 0.3738495111465454 0
1634625231529 0.38933005928993225 0
1634625339163 0.6165848225355148 0
1634625446809 0.5228729695081711 0
1634625554444 0.4242898188531399 0
1634625662060 0.5195548385381699 0
1634625770916 0.5835279077291489 0
1634625878565 0.6005024611949921 0
1634625986209 0.5070223957300186 0
1634626093852 0.7001716196537018 0
1634626201486 1.0921844840049744 0
1634626309127 0.9661264568567276 0
1634626416763 0.6425219774246216 0
1634626524403 1.2936568856239319 0
1634626632032 0.3293212577700615 0
1634626739678 0.2844592481851578 0
1634626848589 0.8563008904457092 0
1634626956234 0.25727511942386627 0
1634627063893 1.0746576488018036 0
1634627171529 0.36286166310310364 0
1634627279169 1.3858376145362854 0
1634627386800 0.43959249556064606 0
1634627494456 0.6623627245426178 0
1634627602100 0.72868213057518 0
1634627709775 0.3672943115234375 0
1634627817402 0.9201965034008026 0
1634627926362 0.3883974850177765 0
1634628033992 0.4518817961215973 0
1634628141637 0.6059323996305466 0
1634628249285 0.9704848825931549 0
1634628356929 0.5783720165491104 0
1634628464579 0.753788024187088 0
1634628572224 0.3132105618715286 0
1634628679855 1.0818940699100494 0
1634628787512 0.44591180980205536 0
1634628895155 0.5846429280936718 0
1634629004055 0.4468358904123306 0
1634629111704 0.544579029083252 0
1634629219344 0.847296804189682 0
1634629326979 0.5233762264251709 0
1634629434605 0.808495044708252 0
1634629542244 1.297249436378479 0
1634629649897 0.7731790542602539 0
1634629757530 0.3574919104576111 0
1634629865160 1.6890728771686554 0
1634629972789 0.6722091436386108 0
1634630081704 0.6800605654716492 0
1634630189352 0.5172922387719154 0
1634630297018 0.4908844456076622 0
1634630404681 0.3938497817143798 0
1634630512346 0.3990938067436218 0
1634630620004 0.5556558668613434 0
1634630727681 1.003924697637558 0
1634630835330 0.5146107822656631 0
1634630942993 0.4721936136484146 0
1634631050663 0.5994957461953163 0
1634631159635 0.3852071315050125 0
1634631267288 0.47459492087364197 0
1634631374951 0.7100056409835815 0
1634631482618 1.0990673899650574 0
1634631590283 0.6143450289964676 0
1634631697939 0.571283183991909 0
1634631805613 0.6127873361110687 0
1634631913287 0.45301395654678345 0
1634632020951 0.8357697129249573 0
1634632128618 0.7583496272563934 0
1634632237537 0.5157369375228882 0
1634632345202 0.7325519621372223 0
1634632452862 0.2831192687153816 0
1634632560507 0.9213078916072845 0
1634632668151 0.5487886071205139 0
1634632775771 0.4216214716434479 0
1634632883413 0.40331892669200897 0
1634632991035 0.49398989975452423 0
1634633098696 0.8375584483146667 0
1634633206338 0.9135073721408844 0
1634633315229 0.33094123750925064 0
1634633422872 0.9869058132171631 0
1634633530511 0.6522993594408035 0
1634633638162 0.7715989872813225 0
1634633745807 0.5420973747968674 0
1634633853448 0.6200790703296661 0
1634633961109 0.8185062110424042 0
1634634068758 0.4225107952952385 0
1634634176404 0.9374744892120361 0
1634634284073 0.40785084664821625 0
1634634393021 0.5657632648944855 0
1634634500676 1.391698881983757 0
1634634608313 0.5847451984882355 0
1634634715962 0.465707965195179 0
1634634823610 0.9675149917602539 0
1634634931250 0.6115843653678894 0
1634635038885 0.6099002957344055 0
1634635146529 0.7942230701446533 0
1634635254183 0.6491626799106598 0
1634635361824 0.4644789546728134 0
1634635470822 0.8486189991235733 0
1634635578488 0.4940658360719681 0
1634635686152 0.5549658834934235 0
1634635793818 0.5189392268657684 0
1634635901494 0.7483504116535187 0
1634636009172 0.5653935372829437 0
1634636116824 0.694403350353241 0
1634636224514 1.015689641237259 0
1634636332182 0.26247770711779594 0
1634636439867 0.527127593755722 0
1634636548769 0.8857279419898987 0
1634636656464 0.44000495970249176 0
1634636764139 1.4086138010025024 0
1634636871797 0.71445631980896 0
1634636979467 0.4693376272916794 0
1634637087126 0.6679053008556366 0
1634637194780 0.7256217002868652 0
1634637302421 0.5842591524124146 0
1634637410083 0.38222745060920715 0
1634637517722 0.40452784672379494 0
1634637626594 0.5748777687549591 0
1634637734267 0.42408959567546844 0
1634637841948 0.30612409859895706 0
1634637949609 1.1568331718444824 0
1634638057266 0.7054488062858582 0
1634638164939 0.4794865548610687 0
1634638272624 0.3377876430749893 0
1634638380297 0.3411823958158493 0
1634638487978 0.4601895213127136 0
1634638595673 0.3208899199962616 0
1634638704595 0.37645501643419266 0
1634638812273 0.4212447330355644 0
1634638919947 0.4435553029179573 0
1634639027600 1.1041786968708038 0
1634639135266 0.7956883013248444 0
1634639242949 0.5773627832531929 0
1634639350603 0.5444666296243668 0
1634639458277 0.5963215678930283 0
1634639565965 0.6189986765384674 0
1634639673627 0.6960900723934174 0
1634639782543 0.5624423921108246 0
1634639890226 0.8153891861438751 0
1634639997899 0.6601161956787109 0
1634640105598 0.6738177835941315 0
1634640213268 0.6197780221700668 0
1634640320968 0.5915950536727905 0
1634640428668 0.6776050329208374 0
1634640536327 0.6080456674098969 0
1634640643991 0.22512749582529068 0
1634640751679 0.5940839201211929 0
1634640860710 0.7570454776287079 0
1634640968400 0.6520968079566956 0
1634641076097 0.837669163942337 0
1634641183781 0.9272483587265015 0
1634641291482 1.48533433675766 0
1634641399155 0.6338748931884766 0
1634641506840 0.5204056352376938 0
1634641614533 0.7685610800981522 0
1634641722220 0.906779944896698 0
1634641829896 0.22035875543951988 0
1634641938850 0.6990404427051544 0
1634642046528 0.9538270831108093 0
1634642154198 0.46583424508571625 0
1634642261862 0.7575266063213348 0
1634642369545 0.5662321746349335 0
1634642477220 1.0503718852996826 0
1634642584886 0.616567999124527 0
1634642692554 0.9262616038322449 0
1634642800229 0.25511796958744526 0
1634642907903 1.0997936576604843 0
1634643016806 0.6665716171264648 0
1634643124491 0.59127177298069 0
1634643232148 0.7682998776435852 0
1634643339807 0.9935653209686279 0
1634643447479 0.26374656707048416 0
1634643555142 0.6736291944980621 0
1634643662801 0.9646090567111969 0
1634643770468 0.9261830151081085 0
1634643878122 0.4991903305053711 0
1634643985799 1.3956988453865051 0
1634644094700 1.1309920251369476 0
1634644202364 0.5261962190270424 0
1634644310018 0.8342587649822235 0
1634644417648 0.4316282421350479 0
1634644525298 0.7909170687198639 0
1634644632932 0.804220974445343 0
1634644740555 0.9660816490650177 0
1634644848205 0.32834041118621826 0
1634644955847 0.8720255494117737 0
1634645063475 0.863466739654541 0
1634645172367 0.7461288720369339 0
1634645280033 0.4853460490703583 0
1634645387681 0.6904365420341492 0
1634645495337 0.8251402676105499 0
1634645602995 0.7028036713600159 0
1634645710659 0.4319174885749817 0
1634645818314 0.8950657248497009 0
1634645925959 0.9745934009552002 0
1634646033617 0.4814504086971283 0
1634646141285 0.5546287447214127 0
1634646250177 0.4637635350227356 0
1634646357845 0.6887703090906143 0
1634646465528 0.525155246257782 0
1634646573200 0.3917929530143738 0
1634646680895 0.48167509585618973 0
1634646788579 0.960754930973053 0
1634646896243 0.9167922139167786 0
1634647003903 0.7534119188785553 0
1634647111580 0.8319911658763885 0
1634647219257 1.056719720363617 0
1634647328338 1.0171315968036652 0
1634647436019 0.6424098312854767 0
1634647543682 0.8567622601985931 0
1634647651363 1.0408755242824554 0
1634647759030 0.8166931867599487 0
1634647866697 0.6464333534240723 0
1634647974351 0.6999896168708801 0
1634648082016 0.6754097640514374 0
1634648189666 0.2412579581141472 0
1634648297299 0.6029706597328186 0
1634648406176 0.911693274974823 0
1634648513849 1.0066421329975128 0
1634648621531 0.8853794932365417 0
1634648729204 0.7948659956455231 0
1634648836872 0.7512900233268738 0
1634648944558 0.7060662060976028 0
1634649052224 0.5818579196929932 0
1634649159901 0.7029213309288025 0
1634649267584 0.6254638135433197 0
1634649375248 0.7137671411037445 0
1634649484148 0.7667968571186066 0
1634649591801 0.8522032499313354 0
1634649699453 0.5267990976572037 0
1634649807107 0.9409334659576416 0
1634649914766 0.7806390076875687 0
1634650022435 0.5452809631824493 0
1634650130090 0.6958458423614502 0
1634650237744 0.382449209690094 0
1634650345402 1.6870656609535217 0
1634650453062 0.503903716802597 0
1634650561954 1.2215743958950043 0
1634650669603 0.44886641204357147 0
1634650777248 0.47321373224258423 0
1634650884895 0.6100510954856873 0
1634650992539 0.5786604881286621 0
1634651100181 0.7992655336856842 0
1634651207824 0.5123411417007446 0
1634651315464 0.7778836488723755 0
1634651423123 0.857382744550705 0
1634651530756 0.6645820289850235 0
1634651639641 0.5009446740150452 0
1634651747285 1.0734871923923492 0
1634651854926 0.8451353907585144 0
1634651962593 0.5639336705207825 0
1634652070270 0.6647070273756981 0
1634652177939 0.6293429732322693 0
1634652285595 0.23466357588768005 0
1634652393258 0.7159332633018494 0
1634652500919 0.47901551425457 0
1634652608589 1.4754791259765625 0
1634652717469 0.6875050067901611 0
1634652825149 1.153438240289688 0
1634652932799 0.4070033133029938 0
1634653040454 0.8287044763565063 0
1634653148122 0.6539576649665833 0
1634653255807 0.7112306952476501 0
1634653363458 0.4961922764778137 0
1634653471140 0.7693820893764496 0
1634653578804 0.36766551434993744 0
1634653686458 0.8641749620437622 0
1634653795335 0.6068969368934631 0
1634653903004 0.41327425837516785 0
1634654010653 0.3000218868255615 0
1634654118285 0.7290862500667572 0
1634654225934 0.8599050939083099 0
1634654333597 0.6026772707700729 0
1634654441246 0.5932406783103943 0
1634654548892 0.5166273415088654 0
1634654656537 0.5781344622373581 0
1634654764193 0.5716551393270493 0
1634654873314 0.8481231927871704 0
1634654980953 0.722832590341568 0
1634655088593 0.6624980568885803 0
1634655196245 0.6434090435504913 0
1634655303886 0.8257852792739868 0
1634655411541 0.7937902808189392 0
1634655519200 0.5612044483423233 0
1634655626863 0.5250816196203232 0
1634655734501 0.15874211862683296 0
1634655842147 0.7706283628940582 0
1634655951011 0.5751553475856781 0
1634656058660 1.0308088064193726 0
1634656166305 0.6164574921131134 0
1634656273973 1.051263839006424 0
1634656381624 0.3900621235370636 0
1634656489287 0.49509397149086 0
1634656596936 0.6307288110256195 0
1634656704606 0.32620636839419603 0
1634656812281 0.3421732052229345 0
1634656919951 0.4937220811843872 0
1634657028832 0.4345811903476715 0
1634657136506 0.5084000676870346 0
1634657244212 0.7128144055604935 0
1634657352222 0.399472638964653 0
1634657459867 0.7225382328033447 0
1634657567523 0.5373241603374481 0
1634657675189 0.6785106062889099 0
1634657782850 0.8033348023891449 0
1634657890503 0.5887723714113235 0
1634657998142 0.7450014799833298 0
1634658107018 0.36753660440444946 0
1634658214672 0.2937252577394247 0
1634658322321 0.9479268491268158 0
1634658429976 0.46487604081630707 0
1634658537630 0.9445795714855194 0
1634658645297 0.5393113344907761 0
1634658752947 0.16201933100819588 0
1634658860619 0.4107472002506256 0
1634658968283 0.6206523180007935 0
1634659075957 0.7334497272968292 0
1634659184858 0.7559451460838318 0
1634659292533 0.39298488199710846 0
1634659400207 0.8519847691059113 0
1634659507880 0.42035743594169617 0
1634659615572 0.5281344652175903 0
1634659723239 0.5098584294319153 0
1634659830914 1.1096745431423187 0
1634659938575 0.3624420613050461 0
1634660046237 0.8693994432687759 0
1634660153936 0.5281016677618027 0
1634660262875 0.4708362817764282 0
1634660370561 0.659655824303627 0
1634660478235 0.21545029431581497 0
1634660585913 0.532163068652153 0
1634660693591 0.8316654562950134 0
1634660801280 0.8143546283245087 0
1634660908984 0.38498756289482117 0
1634661016666 0.6765225231647491 0
1634661124357 0.2430460974574089 0
1634661232046 0.6941491067409515 0
1634661340937 0.6227459162473679 0
1634661448621 0.501473143696785 0
1634661556307 0.6178629100322723 0
1634661663969 0.6825197041034698 0
1634661771662 0.8496540784835815 0
1634661879337 0.7794508635997772 0
1634661987032 0.4002572298049927 0
1634662094704 0.46739140897989273 0
1634662202375 0.7606950998306274 0
1634662310059 1.0750595927238464 0
1634662418979 0.6159928143024445 0
1634662526645 0.4354194924235344 0
1634662634314 0.6675253510475159 0
1634662741975 0.5928997248411179 0
1634662849642 0.6346713602542877 0
1634662957314 0.7776879966259003 0
1634663064957 0.9396542608737946 0
1634663172598 0.9439908862113953 0
1634663280266 0.6178763955831528 0
1634663387908 0.8735314160585403 0
1634663496804 0.7491151690483093 0
1634663604462 0.8017664700746536 0
1634663712123 0.5952038764953613 0
1634663819791 1.056553304195404 0
1634663927453 0.9712384641170502 0
1634664035101 0.49021535366773605 0
1634664142750 0.6912591755390167 0
1634664250400 0.8346930146217346 0
1634664358061 0.5467247664928436 0
1634664465719 0.6553730964660645 0
1634664574581 0.9041416049003601 0
1634664682251 0.6951894164085388 0
1634664789909 0.7961023449897766 0
1634664897581 0.7786616384983063 0
1634665005276 0.5466873943805695 0
1634665112943 0.5684420764446259 0
1634665220620 0.4377877861261368 0
1634665328285 0.3140088617801666 0
1634665435952 0.12252718955278397 0
1634665543623 0.7996322363615036 0
1634665652839 0.31918632984161377 0
1634665760517 1.075156956911087 0
1634665868182 0.49766144156455994 0
1634665975828 1.0524536967277527 0
1634666083477 0.8967146873474121 0
1634666191104 1.6223051249980927 0
1634666298734 0.4082530364394188 0
1634666406362 0.5980347096920013 0
1634666514017 0.6692164540290833 0
1634666621686 0.4584737569093704 0
1634666730541 0.4629594534635544 0
1634666838188 0.69209024310112 0
1634666945808 0.6094998717308044 0
1634667053442 1.0156100392341614 0
1634667161070 0.8920096009969711 0
1634667268691 0.6413815915584564 0
1634667376326 0.7524263858795166 0
1634667483947 0.8615843206644058 0
1634667591571 0.7541477084159851 0
1634667699193 0.6085180938243866 0
1634667808027 0.7096127867698669 0
1634667915685 0.6851516664028168 0
1634668023327 0.651312530040741 0
1634668130960 0.546913206577301 0
1634668238609 0.5916044116020203 0
1634668346242 0.9224857687950134 0
1634668453884 0.962468147277832 0
1634668561511 0.6437420397996902 0
1634668669139 0.6282465159893036 0
1634668776771 0.5652049481868744 0
1634668885592 1.09114670753479 0
1634668993246 0.6218479126691818 0
1634669100876 0.8050524592399597 0
1634669208532 0.4438629373908043 0
1634669316201 0.6139200031757355 0
1634669423864 0.5115071833133698 0
1634669531514 0.46562904864549637 0
1634669639150 0.5739464461803436 0
1634669746780 0.5683474838733673 0
1634669854396 0.4261861592531204 0
1634669963251 0.7211515009403229 0
1634670070928 1.3898129612207413 0
1634670178573 0.5245625823736191 0
1634670286244 0.6227754056453705 0
1634670393910 0.7407546937465668 0
1634670501576 0.7321022748947144 0
1634670609367 0.48851968348026276 0
1634670716991 0.3516808860003948 0
1634670824614 0.5528665333986282 0
1634670932242 1.2216092348098755 0
1634671041087 0.6182535141706467 0
1634671148738 0.1342741996049881 0
1634671256393 0.3943660110235214 0
1634671364048 0.8204855918884277 0
1634671471704 0.914668619632721 0
1634671579352 0.5168328434228897 0
1634671687025 0.5847818553447723 0
1634671794683 1.0565559267997742 0
1634671902330 0.5599571689963341 0
1634672010011 0.9065379798412323 0
1634672118915 0.4254414066672325 0
1634672226575 0.5938241258263588 0
1634672334238 0.48055417835712433 0
1634672441913 0.9615965485572815 0
1634672549575 0.45195911079645157 0
1634672657223 0.40361975133419037 0
1634672764880 0.46051931381225586 0
1634672872538 0.44743917137384415 0
1634672980205 0.40310361981391907 0
1634673087850 0.8610115945339203 0
1634673196694 0.5587142705917358 0
1634673304347 0.4738522320985794 0
1634673412009 0.3227228671312332 0
1634673519665 0.5928378701210022 0
1634673627323 0.6871914565563202 0
1634673734965 0.6656211689114571 0
1634673842606 0.5138921737670898 0
1634673950256 0.4442325532436371 0
1634674057927 1.3404786884784698 0
1634674165586 0.6139789521694183 0
1634674274455 1.0041432678699493 0
1634674382114 0.6783478707075119 0
1634674489770 1.032173216342926 0
1634674597453 0.9420499801635742 0
1634674705115 1.1010366901755333 0
1634674812784 0.48304392397403717 0
1634674920466 0.778778463602066 0
1634675028131 0.50963194668293 0
1634675135797 0.788722574710846 0
1634675243477 0.7275444269180298 0
1634675352381 0.6481375992298126 0
1634675460058 1.0125824809074402 0
1634675567710 0.44799642264842987 0
1634675675378 0.4566885530948639 0
1634675783019 0.6373894810676575 0
1634675890670 0.8632913529872894 0
1634675998310 0.7106059640645981 0
1634676105982 0.5973063260316849 0
1634676213627 0.6336799263954163 0
1634676321280 0.4797327518463135 0
1634676430147 0.8085834085941315 0
1634676537790 0.4985089898109436 0
1634676645454 0.5959503352642059 0
1634676753098 0.5454607307910919 0
1634676860742 0.2865676060318947 0
1634676968403 0.5023651719093323 0
1634677076077 0.4098260700702667 0
1634677183737 0.7316160798072815 0
1634677291416 0.73550745844841 0
1634677399076 0.7613724172115326 0
1634677508370 0.7570427060127258 0
1634677616024 0.6207011342048645 0
1634677723666 0.3819052241742611 0
1634677831293 0.72201868891716 0
1634677938938 0.9427832961082458 0
1634678046594 0.9208107590675354 0
1634678154260 0.9636117815971375 0
1634678261922 1.0567016154527664 0
1634678369584 0.43092942237854004 0
1634678477255 0.6599582135677338 0
1634678586107 0.6105580180883408 0
1634678693768 0.9897045791149139 0
1634678801427 0.7538977414369583 0
1634678909086 0.5287109017372131 0
1634679016737 0.165491733700037 0
1634679124401 0.9973044097423553 0
1634679232064 0.6304280757904053 0
1634679339728 0.7313709557056427 0
1634679447379 0.7352216243743896 0
1634679555024 0.824560135602951 0
1634679663888 0.5849428772926331 0
1634679771546 0.7276697158813477 0
1634679879180 0.700607180595398 0
1634679986806 0.7927790284156799 0
1634680094442 0.7341492176055908 0
1634680202079 0.5574681907892227 0
1634680309725 0.6364893615245819 0
1634680417361 0.42373061180114746 0
1634680524998 0.4256167858839035 0
1634680632621 0.47364458441734314 0
1634680741521 0.9019497931003571 0
1634680849182 0.41021016240119934 0
1634680956835 0.559177815914154 0
1634681064486 0.6133043617010117 0
1634681172139 0.6178445816040039 0
1634681279768 0.6756186783313751 0
1634681387420 0.471049427986145 0
1634681495055 0.876375287771225 0
1634681602702 0.6164692342281342 0
1634681710372 0.707169309258461 0
1634681819237 0.16241047531366348 0
1634681926908 0.6647635102272034 0
1634682034575 0.5303410142660141 0
1634682142224 0.8795879185199738 0
1634682249859 0.5473506152629852 0
1634682357530 0.543796494603157 0
1634682465179 0.9467622339725494 0
1634682572852 0.42401914298534393 0
1634682680508 0.6531736254692078 0
1634682788163 0.5503070503473282 0
1634682897029 0.5458617657423019 0
1634683004676 0.8874170184135437 0
1634683112317 0.531242698431015 0
1634683219964 0.42361368238925934 0
1634683327614 0.5786935985088348 0
1634683435277 0.7897650897502899 0
1634683542917 0.5888671278953552 0
1634683650571 0.9599510133266449 0
1634683758249 0.9206046164035797 0
1634683865927 0.7304961979389191 0
1634683974799 0.8464416265487671 0
1634684082435 0.5184125006198883 0
1634684190087 0.7018406838178635 0
1634684297730 0.8479883074760437 0
1634684405373 0.5176473557949066 0
1634684513012 0.5025527328252792 0
1634684620662 0.41578853875398636 0
1634684728304 0.7594802975654602 0
1634684835966 0.7678028047084808 0
1634684943623 1.0251976549625397 0
1634685052490 0.47010333836078644 0
1634685160147 0.5916607975959778 0
1634685267782 0.5880415216088295 0
1634685375436 0.6173343658447266 0
1634685483092 0.6710172593593597 0
1634685590730 0.7620634883642197 0
1634685698387 0.9252882301807404 0
1634685806038 0.889121413230896 0
1634685913709 0.2815461866557598 0
1634686021358 0.5279922634363174 0
1634686130215 0.6638513207435608 0
1634686237879 0.8971994668245316 0
1634686345547 1.0758332312107086 0
1634686453195 0.5575533658266068 0
1634686560858 0.838450163602829 0
1634686668517 0.28516339510679245 0
1634686776145 0.5897566229104996 0
1634686883767 0.4912021681666374 0
1634686991399 0.7563218027353287 0
1634687099048 0.5736440420150757 0
1634687207901 0.5576428472995758 0
1634687315574 0.7841472029685974 0
1634687423246 0.35089167952537537 0
1634687530880 0.40766993165016174 0
1634687638527 1.0381418466567993 0
1634687746171 0.845122754573822 0
1634687853806 0.4007556140422821 0
1634687961459 0.7397962510585785 0
1634688069112 0.6712392866611481 0
1634688176781 0.4713824689388275 0
1634688285645 0.6981165260076523 0
1634688393314 0.359295055270195 0
1634688500968 0.9640464186668396 0
1634688608609 0.607540100812912 0
1634688716279 0.7952585220336914 0
1634688823927 0.843535840511322 0
1634688931562 0.47231942415237427 0
1634689039222 0.5534174889326096 0
1634689146882 0.4616512805223465 0
1634689254527 0.5482416152954102 0
1634689363387 0.6817944645881653 0
1634689471037 0.34542884677648544 0
1634689578707 1.266239881515503 0
1634689686327 0.5267361700534821 0
1634689793948 0.5511284321546555 0
1634689901587 0.6403194963932037 0
1634690009205 0.6328119933605194 0
1634690116837 0.7538613677024841 0
1634690224453 0.418769508600235 0
1634690332084 0.6539620161056519 0
1634690440915 0.678463876247406 0
1634690548565 0.7646185457706451 0
1634690656219 0.7179668247699738 0
1634690763883 0.4169175997376442 0
1634690871545 0.7375473380088806 0
1634690979209 0.46264614164829254 0
1634691086868 0.870830312371254 0
1634691194534 0.8418015837669373 0
1634691302199 0.6828839480876923 0
1634691409867 0.8940634876489639 0
1634691518731 0.8295516073703766 0
1634691626408 0.5790112018585205 0
1634691734079 0.6150766611099243 0
1634691841750 0.5288386642932892 0
1634691949399 0.7300910949707031 0
1634692057055 0.4743642061948776 0
1634692164706 0.5951244384050369 0
1634692272369 0.4456848204135895 0
1634692380024 0.6650402545928955 0
1634692487665 0.6781676411628723 0
1634692596527 0.8205333948135376 0
1634692704165 0.32368750870227814 0
1634692811828 0.8010891973972321 0
1634692919488 0.8381687849760056 0
1634693027152 0.6757874488830566 0
1634693134814 0.6333329677581787 0
1634693242481 0.5816110968589783 0
1634693350144 0.752458781003952 0
1634693457798 0.6979953944683075 0
1634693565460 0.6118992865085602 0
1634693674865 0.6589716672897339 0
1634693782531 0.901302307844162 0
1634693890172 0.48747527599334717 0
1634693997827 0.5861397385597229 0
1634694105473 0.8373623192310333 0
1634694213122 0.5634239315986633 0
1634694320776 0.6126120984554291 0
1634694428426 0.4323056563735008 0
1634694536041 0.8562218248844147 0
1634694643677 0.5118240118026733 0
1634694752503 0.679751068353653 0
1634694860125 0.8205771446228027 0
1634694967748 0.7648578882217407 0
1634695075382 1.0017486810684204 0
1634695183022 1.0687316060066223 0
1634695290692 0.30882470309734344 0
1634695398336 0.3739539384841919 0
1634695505999 0.4909828156232834 0
1634695613648 0.447843462228775 0
1634695721298 0.7163272351026535 0
1634695830153 0.7183311581611633 0
1634695937814 0.7848407924175262 0
1634696045454 0.6010065376758575 0
1634696153093 0.4446188062429428 0
1634696260734 0.8448193073272705 0
1634696368366 0.48975011706352234 0
1634696476031 0.7829418331384659 0
1634696583653 0.8312915861606598 0
1634696691294 0.8195064663887024 0
1634696798928 0.6399936676025391 0
1634696907758 0.4705056846141815 0
1634697015393 0.8274798393249512 0
1634697123038 0.5961543619632721 0
1634697230666 0.4090193510055542 0
1634697338303 0.6443699300289154 0
1634697445927 0.9144396483898163 0
1634697553568 0.8461059629917145 0
1634697661203 0.8878912031650543 0
1634697768855 0.6778411120176315 0
1634697876500 0.7406055629253387 0
1634697985341 0.960626631975174 0
1634698092981 0.38216211646795273 0
1634698200628 0.5971388965845108 0
1634698308271 0.8514620065689087 0
1634698415936 0.4389335662126541 0
1634698523585 0.6949439346790314 0
1634698631214 0.8287990391254425 0
1634698738879 0.8102567158639431 0
1634698846519 0.7750087678432465 0
1634698954169 1.0879994630813599 0
1634699063016 0.975671261548996 0
1634699170673 0.5008347183465958 0
1634699278340 0.7286968529224396 0
1634699385974 0.402302086353302 0
1634699493590 0.5876506268978119 0
1634699601211 0.8602886199951172 0
1634699708844 0.7063067555427551 0
1634699816459 0.6439557075500488 0
1634699924067 0.7514186799526215 0
1634700031712 0.7061154842376709 0
1634700140521 0.7925247550010681 0
1634700248174 0.7907955646514893 0
1634700355820 0.5973847359418869 0
1634700463459 0.3253827840089798 0
1634700571119 0.7746590077877045 0
1634700678773 0.4473489075899124 0
1634700786436 0.6071197092533112 0
1634700894090 0.4830463230609894 0
1634701001751 0.6243672072887421 0
1634701109415 0.6239343136548996 0
1634701218281 0.8046275675296783 0
1634701325942 0.2792588360607624 0
1634701433606 0.622328519821167 0
1634701541276 0.7770397961139679 0
1634701648936 0.9220560491085052 0
1634701756593 0.5544301271438599 0
1634701864242 0.47335323691368103 0
1634701971880 0.5727427005767822 0
1634702079538 0.42119617760181427 0
1634702187191 0.7317714393138885 0
1634702296027 0.9613642394542694 0
1634702403678 0.751349538564682 0
1634702511329 0.5762110948562622 0
1634702618973 0.6674564033746719 0
1634702726619 0.546308621764183 0
1634702834291 0.6372552514076233 0
1634702941946 0.40040938556194305 0
1634703049609 0.33908191323280334 0
1634703157261 1.1371387243270874 0
1634703264913 0.8200327455997467 0
1634703373768 0.48056214302778244 0
1634703481426 0.9820028692483902 0
1634703589090 0.7963220775127411 0
1634703696752 0.4074948951601982 0
1634703804395 0.7810473144054413 0
1634703912054 0.2999830022454262 0
1634704019704 0.6360541433095932 0
1634704127361 0.9490987658500671 0
1634704235002 0.7397578060626984 0
1634704342647 0.4500361979007721 0
1634704451480 0.5226885378360748 0
1634704559131 0.7392238080501556 0
1634704666775 0.9800589978694916 0
1634704774412 0.4613718092441559 0
1634704882085 0.7119527459144592 0
1634704989730 0.881246030330658 0
1634705097390 0.7043219208717346 0
1634705205038 0.5651161074638367 0
1634705312669 0.48743167519569397 0
1634705420335 0.5948150306940079 0
1634705529150 0.6632651686668396 0
1634705636781 0.6517844498157501 0
1634705744421 0.5940142422914505 0
1634705852052 0.9102335870265961 0
1634705959701 0.6148536205291748 0
1634706067340 0.4495208412408829 0
1634706174992 0.5315910875797272 0
1634706282654 0.8208476006984711 0
1634706390279 0.7145822942256927 0
1634706497929 0.7739256024360657 0
1634706606762 0.53233802318573 0
1634706714389 0.9493425786495209 0
1634706822041 0.4929298758506775 0
1634706929686 0.47137850522994995 0
1634707037351 0.43548673391342163 0
1634707145019 0.693831592798233 0
1634707252683 0.5810409784317017 0
1634707360346 1.2679926753044128 0
1634707467994 0.7123978137969971 0
1634707575664 0.9834600389003754 0
1634707684519 0.6549892723560333 0
1634707792166 0.7284308969974518 0
1634707899809 0.6359964311122894 0
1634708007468 0.581627294421196 0
1634708115114 0.7325407266616821 0
1634708222764 0.7586453258991241 0
1634708330392 0.6645279377698898 0
1634708438041 0.8052485287189484 0
1634708545668 1.1849000453948975 0
1634708653300 0.5870814174413681 0
1634708762140 0.9959383010864258 0
1634708869787 0.6341112554073334 0
1634708977443 0.522113025188446 0
1634709085087 0.4893919825553894 0
1634709192744 0.5531060844659805 0
1634709300393 0.4578544497489929 0
1634709408056 0.5612791478633881 0
1634709515703 0.6245166063308716 0
1634709623350 0.761477917432785 0
1634709730997 0.6139680743217468 0
1634709839853 0.566400796175003 0
1634709947514 0.7948574721813202 0
1634710055160 0.5288736075162888 0
1634710162816 0.4638710208237171 0
1634710270453 0.7249887883663177 0
1634710378103 0.6710264384746552 0
1634710485756 0.9042328596115112 0
1634710593408 0.5782561749219894 0
1634710701058 0.6315888166427612 0
1634710808718 0.7798511981964111 0
1634710917561 0.5329059660434723 0
1634711025218 0.374970480799675 0
1634711132858 0.5468751490116119 0
1634711240522 0.9416027367115021 0
1634711348156 0.5263063311576843 0
1634711455788 1.0421326160430908 0
1634711563440 0.7243377566337585 0
1634711671074 0.5872136801481247 0
1634711778715 0.7492141127586365 0
1634711886359 0.7738440632820129 0
1634711995199 0.927295982837677 0
1634712102847 0.7987577319145203 0
1634712210505 0.5971163511276245 0
1634712318145 0.8602020442485809 0
1634712425790 0.8780131340026855 0
1634712533452 0.9208369553089142 0
1634712641106 0.9106030613183975 0
1634712748758 1.0690107643604279 0
1634712856395 0.5774804949760437 0
1634712964054 0.4316766709089279 0
1634713073578 0.9848676025867462 0
1634713181243 0.6720954775810242 0
1634713288886 0.6619291305541992 0
1634713396535 0.9322910606861115 0
1634713504196 0.5354669168591499 0
1634713611841 0.6346930265426636 0
1634713719488 0.6144324243068695 0
1634713827142 0.7017391324043274 0
1634713934810 0.42011459171772003 0
1634714042471 0.6783308237791061 0
1634714151319 0.5596529841423035 0
1634714258979 0.5830695927143097 0
1634714366631 0.5090652853250504 0
1634714474287 0.835652619600296 0
1634714581946 0.7874509990215302 0
1634714689609 1.028603196144104 0
1634714797279 0.5761382877826691 0
1634714904923 0.5885602533817291 0
1634715012586 0.5632210075855255 0
1634715120225 0.8649874329566956 0
1634715229071 0.5697865188121796 0
1634715336753 0.4317455142736435 0
1634715444408 0.8996557891368866 0
1634715552061 0.8528159260749817 0
1634715659719 0.7872137427330017 0
1634715767362 0.6500294804573059 0
1634715875019 0.8910280764102936 0
1634715982662 0.7427201569080353 0
1634716090310 0.7589109241962433 0
1634716197955 0.7578886449337006 0
1634716306773 1.2458137273788452 0
1634716414423 0.4032282829284668 0
1634716522074 0.8156790733337402 0
1634716629714 0.7844866812229156 0
1634716737364 0.728207141160965 0
1634716845006 0.6942315995693207 0
1634716952657 0.7648658752441406 0
1634717060297 0.5128758698701859 0
1634717167948 0.3635282889008522 0
1634717275606 0.8839932382106781 0
1634717384462 0.6003111004829407 0
1634717492128 0.5507651567459106 0
1634717599782 0.6402470767498016 0
1634717707419 0.769805520772934 0
1634717815065 0.6857325434684753 0
1634717922722 0.7072468400001526 0
1634718030372 0.8303948938846588 0
1634718138013 0.5138933956623077 0
1634718245668 0.8731482326984406 0
1634718353315 0.6373312771320343 0
1634718462151 1.2090912163257599 0
1634718569809 0.4782519042491913 0
1634718677456 0.7576661705970764 0
1634718785103 0.7267877757549286 0
1634718892750 0.8370407223701477 0
1634719000398 0.7214113771915436 0
1634719108044 0.4197729229927063 0
1634719215702 0.6321380436420441 0
1634719323352 0.7735709846019745 0
1634719431016 0.7423835694789886 0
1634719539866 0.6290232837200165 0
1634719647522 0.6715812087059021 0
1634719755188 0.6281891167163849 0
1634719862852 0.6667348146438599 0
1634719970489 0.8804416954517365 0
1634720078152 0.6301976591348648 0
1634720185790 0.663257360458374 0
1634720293448 0.785031646490097 0
1634720401094 0.888091117143631 0
1634720508738 0.9647543430328369 0
1634720617576 0.7715072631835938 0
1634720725231 0.6265710890293121 0
1634720832872 0.5894292891025543 0
1634720940527 0.7098764181137085 0
1634721048169 0.7858444452285767 0
1634721155799 0.7592103481292725 0
1634721263446 0.5894054174423218 0
1634721371089 0.6378953456878662 0
1634721478757 0.8600842952728271 0
1634721586415 0.5534343421459198 0
1634721695267 0.7019743323326111 0
1634721802928 0.7128333449363708 0
1634721910584 0.785658448934555 0
1634722018227 0.9689530432224274 0
1634722125877 0.6145491003990173 0
1634722233528 0.6118892878293991 0
1634722341178 0.7012107968330383 0
1634722448804 0.9432081282138824 0
1634722556451 0.6013657748699188 0
1634722664075 0.578727513551712 0
1634722772907 0.6802693009376526 0
1634722880586 0.7129162847995758 0
1634722988242 0.6059901118278503 0
1634723095893 0.9799785315990448 0
1634723203547 0.8321109116077423 0
1634723311220 0.6633860766887665 0
1634723418875 0.9116171896457672 0
1634723526546 0.8625418245792389 0
1634723634202 0.6571387052536011 0
1634723741864 0.5979863554239273 0
1634723850710 0.8099981844425201 0
1634723958370 0.6620971262454987 0
1634724066035 0.7728842794895172 0
1634724173689 0.6579407453536987 0
1634724281338 0.6357608139514923 0
1634724389004 0.7235898375511169 0
1634724496636 0.7492883503437042 0
1634724604281 0.5117546021938324 0
1634724711926 0.512195810675621 0
1634724819573 0.6793137490749359 0
1634724928394 0.709390252828598 0
1634725036035 0.7873347997665405 0
1634725143689 0.777372270822525 0
1634725251349 0.6150434613227844 0
1634725358990 0.7979138493537903 0
1634725466649 0.6764218807220459 0
1634725574308 0.6195469945669174 0
1634725681960 0.6701301038265228 0
1634725789610 0.7354818284511566 0
1634725897263 0.5667890757322311 0
1634726006106 0.5737182199954987 0
1634726113760 0.7263635396957397 0
1634726221418 0.7427820265293121 0
1634726329082 0.7897522747516632 0
1634726436722 0.6213838458061218 0
1634726544364 0.6775039434432983 0
1634726652008 0.7919882833957672 0
1634726759651 0.6903621256351471 0
1634726867313 0.6426113843917847 0
1634726974951 0.6536068022251129 0
1634727083772 0.7896556854248047 0
1634727191419 0.6981252431869507 0
1634727299072 0.6885711252689362 0
1634727406720 0.750339686870575 0
1634727514376 0.8760529160499573 0
1634727622036 0.6067063510417938 0
1634727729686 0.790062665939331 0
1634727837337 0.8206691443920135 0
1634727944986 0.7429389953613281 0
