1624718215471 0 0
1624718216445 1 0
1624718217422 2 0
1624718218397 3 0
1624718219379 4 0
1624718220346 5 0
1624718221307 6 0
1624718222289 7 0
1624718223249 8 0
1624718224195 9 0
1624718225173 10 0
1624718226142 11 0
1624718227101 12 0
1624718228082 13 0
1624718229047 14 0
1624718230019 15 0
1624718230983 16 0
1624718231932 17 0
1624718232882 18 0
1624718233827 19 0
1624718234766 20 0
1624718235704 21 0
1624718236648 22 0
1624718237597 23 0
1624718238541 24 0
1624718239474 25 0
1624718240416 26 0
1624718241382 27 0
1624718242350 28 0
1624718243333 29 0
1624718244307 30 0
1624718245280 31 0
1624718246256 32 0
1624718247243 33 0
1624718248226 34 0
1624718249200 35 0
1624718250168 36 0
1624718251144 37 0
1624718252126 38 0
1624718253116 39 0
1624718254102 40 0
1624718255074 41 0
1624718256039 42 0
1624718257019 43 0
1624718258009 44 0
1624718258996 45 0
1624718259957 46 0
1624718260889 47 0
1624718261825 48 0
1624718262771 49 0
1624718263689 50 0
1624718264591 51 0
1624718265481 52 0
1624718266376 53 0
1624718267281 54 0
1624718268177 55 0
1624718269092 56 0
1624718270018 57 0
1624718270917 58 0
1624718271829 59 0
1624718272750 60 0
1624718273687 61 0
1624718274584 62 0
1624718275484 63 0
1624718276373 64 0
1624718277277 65 0
1624718278168 66 0
1624718279052 67 0
1624718279947 68 0
1624718280836 69 0
1624718281733 70 0
1624718282639 71 0
1624718283532 72 0
1624718284427 73 0
1624718285318 74 0
1624718286219 75 0
1624718287113 76 0
1624718288025 77 0
1624718288924 78 0
1624718289811 79 0
1624718290709 80 0
1624718291609 81 0
1624718292506 82 0
1624718293404 83 0
1624718294296 84 0
1624718295191 85 0
1624718296094 86 0
1624718296992 87 0
1624718297897 88 0
1624718298819 89 0
1624718299754 90 0
1624718300685 91 0
1624718301601 92 0
1624718302492 93 0
1624718303395 94 0
1624718304300 95 0
1624718305197 96 0
1624718306091 97 0
1624718306993 98 0
1624718307892 99 0
1624718308795 100 0
1624718309699 101 0
1624718310596 102 0
1624718311496 103 0
1624718312391 104 0
1624718313284 105 0
1624718314176 106 0
1624718315067 107 0
1624718315958 108 0
1624718316853 109 0
1624718317755 110 0
1624718318648 111 0
1624718319551 112 0
1624718320452 113 0
1624718321352 114 0
1624718322258 115 0
1624718323155 116 0
1624718324052 117 0
1624718325058 118 0
1624718325959 119 0
1624718326862 120 0
1624718327759 121 0
1624718328655 122 0
1624718329549 123 0
1624718330450 124 0
1624718331353 125 0
1624718332248 126 0
1624718333148 127 0
1624718334046 128 0
1624718334936 129 0
1624718335827 130 0
1624718336724 131 0
1624718337629 132 0
1624718338533 133 0
1624718339426 134 0
1624718340333 135 0
1624718341232 136 0
1624718342124 137 0
1624718343020 138 0
1624718343922 139 0
1624718344821 140 0
1624718345722 141 0
1624718346613 142 0
1624718347514 143 0
1624718348424 144 0
1624718349326 145 0
1624718350225 146 0
1624718351130 147 0
1624718352043 148 0
1624718352967 149 0
1624718353889 150 0
1624718354812 151 0
1624718355748 152 0
1624718356693 153 0
1624718357618 154 0
1624718358541 155 0
1624718359466 156 0
1624718360402 157 0
1624718361345 158 0
1624718362268 159 0
1624718363190 160 0
1624718364114 161 0
1624718365036 162 0
1624718365953 163 0
1624718366880 164 0
1624718367806 165 0
1624718368735 166 0
1624718369667 167 0
1624718370588 168 0
1624718371510 169 0
1624718372439 170 0
1624718373351 171 0
1624718374279 172 0
1624718375199 173 0
1624718376118 174 0
1624718377034 175 0
1624718377958 176 0
1624718378872 177 0
1624718379785 178 0
1624718380711 179 0
1624718381644 180 0
1624718382554 181 0
1624718383477 182 0
1624718384405 183 0
1624718385335 184 0
1624718386264 185 0
1624718387186 186 0
1624718388107 187 0
1624718389039 188 0
1624718389956 189 0
1624718390874 190 0
1624718391792 191 0
1624718392807 192 0
1624718393736 193 0
1624718394666 194 0
1624718395587 195 0
1624718396512 196 0
1624718397435 197 0
1624718398357 198 0
1624718399275 199 0
1624718400207 200 0
1624718401127 201 0
1624718402050 202 0
1624718402973 203 0
1624718403891 204 0
1624718404808 205 0
1624718405739 206 0
1624718406667 207 0
1624718407585 208 0
1624718408509 209 0
1624718409442 210 0
1624718410371 211 0
1624718411311 212 0
1624718412235 213 0
1624718413166 214 0
1624718414176 215 0
1624718415322 216 0
1624718416354 217 0
1624718417354 218 0
1624718418329 219 0
1624718419279 220 0
1624718420181 221 0
1624718421076 222 0
1624718421970 223 0
1624718422865 224 0
1624718423762 225 0
1624718424656 226 0
1624718425553 227 0
1624718426452 228 0
1624718427357 229 0
1624718428264 230 0
1624718429162 231 0
1624718430096 232 0
1624718431049 233 0
1624718432019 234 0
1624718432964 235 0
1624718433936 236 0
1624718434845 237 0
1624718435772 238 0
1624718436679 239 0
1624718437581 240 0
1624718438492 241 0
1624718439404 242 0
1624718440306 243 0
1624718441214 244 0
1624718442115 245 0
1624718443026 246 0
1624718443942 247 0
1624718444837 248 0
1624718445739 249 0
1624718446642 250 0
1624718447534 251 0
1624718448426 252 0
1624718449313 253 0
1624718450212 254 0
1624718451111 255 0
1624718452004 256 0
1624718452898 257 0
1624718453801 258 0
1624718454707 259 0
1624718455603 260 0
1624718456508 261 0
1624718457410 262 0
1624718458309 263 0
1624718459208 264 0
1624718460104 265 0
1624718461007 266 0
1624718461915 267 0
1624718462813 268 0
1624718463714 269 0
1624718464621 270 0
1624718465523 271 0
1624718466423 272 0
1624718467319 273 0
1624718468228 274 0
1624718469127 275 0
1624718470054 276 0
1624718470965 277 0
1624718471867 278 0
1624718472793 279 0
1624718473717 280 0
1624718474616 281 0
1624718475518 282 0
1624718476421 283 0
1624718477322 284 0
1624718478224 285 0
1624718479125 286 0
1624718480040 287 0
1624718480948 288 0
1624718481847 289 0
1624718482746 290 0
1624718483644 291 0
1624718484543 292 0
1624718485435 293 0
1624718486338 294 0
1624718487240 295 0
1624718488144 296 0
1624718489032 297 0
1624718489933 298 0
1624718490841 299 0
1624718491746 300 0
1624718492659 301 0
1624718493551 302 0
1624718494456 303 0
1624718495353 304 0
1624718496252 305 0
1624718497152 306 0
1624718498058 307 0
1624718498967 308 0
1624718499858 309 0
1624718500761 310 0
1624718501665 311 0
1624718502575 312 0
1624718503476 313 0
1624718504371 314 0
1624718505272 315 0
1624718506176 316 0
1624718507078 317 0
1624718507982 318 0
1624718508894 319 0
1624718509798 320 0
1624718510693 321 0
1624718511594 322 0
1624718512491 323 0
1624718513392 324 0
1624718514300 325 0
1624718515224 326 0
1624718516134 327 0
1624718517035 328 0
1624718517937 329 0
1624718518856 330 0
1624718519759 331 0
1624718520664 332 0
1624718521561 333 0
1624718522455 334 0
1624718523360 335 0
1624718524258 336 0
1624718525154 337 0
1624718526053 338 0
1624718526955 339 0
1624718527861 340 0
1624718528758 341 0
1624718529658 342 0
1624718530560 343 0
1624718531465 344 0
1624718532368 345 0
1624718533260 346 0
1624718534168 347 0
1624718535067 348 0
1624718535974 349 0
1624718536871 350 0
1624718537770 351 0
1624718538674 352 0
1624718539572 353 0
1624718540466 354 0
1624718541375 355 0
1624718542275 356 0
1624718543177 357 0
1624718544095 358 0
1624718544997 359 0
1624718545905 360 0
1624718546839 361 0
1624718547775 362 0
1624718548702 363 0
1624718549639 364 0
1624718550569 365 0
1624718551499 366 0
1624718552418 367 0
1624718553340 368 0
1624718554265 369 0
1624718555195 370 0
1624718556121 371 0
1624718557024 372 0
1624718557923 373 0
1624718558829 374 0
1624718559727 375 0
1624718560621 376 0
1624718561529 377 0
1624718562429 378 0
1624718563319 379 0
1624718564220 380 0
1624718565112 381 0
1624718566004 382 0
1624718566897 383 0
1624718567789 384 0
1624718568688 385 0
1624718569595 386 0
1624718570497 387 0
1624718571388 388 0
1624718572310 389 0
1624718573236 390 0
1624718574157 391 0
1624718575080 392 0
1624718575994 393 0
1624718576922 394 0
1624718577846 395 0
1624718578774 396 0
1624718579711 397 0
1624718580661 398 0
1624718581596 399 0
1624718582524 400 0
1624718583445 401 0
1624718584364 402 0
1624718585282 403 0
1624718586205 404 0
1624718587104 405 0
1624718587998 406 0
1624718588894 407 0
1624718589792 408 0
1624718590690 409 0
1624718591584 410 0
1624718592486 411 0
1624718593389 412 0
1624718594295 413 0
1624718595197 414 0
1624718596098 415 0
1624718596997 416 0
1624718597894 417 0
1624718598793 418 0
1624718599698 419 0
1624718600613 420 0
1624718601552 421 0
1624718602474 422 0
1624718603396 423 0
1624718604312 424 0
1624718605214 425 0
1624718606115 426 0
1624718607016 427 0
1624718607924 428 0
1624718608827 429 0
1624718609731 430 0
1624718610654 431 0
1624718611588 432 0
1624718612516 433 0
1624718613447 434 0
1624718614369 435 0
1624718615302 436 0
1624718616233 437 0
1624718617157 438 0
1624718618054 439 0
1624718618951 440 0
1624718619859 441 0
1624718620761 442 0
1624718621650 443 0
1624718622565 444 0
1624718623493 445 0
1624718624418 446 0
1624718625338 447 0
1624718626249 448 0
1624718627176 449 0
1624718628103 450 0
1624718628999 451 0
1624718629895 452 0
1624718630800 453 0
1624718631727 454 0
1624718632660 455 0
1624718633584 456 0
1624718634503 457 0
1624718635436 458 0
1624718636360 459 0
1624718637271 460 0
1624718638166 461 0
1624718639073 462 0
1624718640026 463 0
1624718640999 464 0
1624718641956 465 0
1624718642861 466 0
1624718643770 467 0
1624718644661 468 0
1624718645565 469 0
1624718646478 470 0
1624718647413 471 0
1624718648324 472 0
1624718649218 473 0
1624718650136 474 0
1624718651033 475 0
1624718651927 476 0
1624718652823 477 0
1624718653724 478 0
1624718654622 479 0
1624718655522 480 0
1624718656425 481 0
1624718657353 482 0
1624718658275 483 0
1624718659202 484 0
1624718660126 485 0
1624718661048 486 0
1624718661980 487 0
1624718662906 488 0
1624718663822 489 0
1624718664718 490 0
1624718665624 491 0
1624718666529 492 0
1624718667431 493 0
1624718668357 494 0
1624718669285 495 0
1624718670217 496 0
1624718671159 497 0
1624718672061 498 0
1624718672961 499 0
1624718673869 500 0
1624718674793 501 0
1624718675712 502 0
1624718676635 503 0
1624718677563 504 0
1624718678488 505 0
1624718679412 506 0
1624718680333 507 0
1624718681264 508 0
1624718682201 509 0
1624718683322 510 0
1624718684728 511 0
1624718686405 512 0
1624718688005 513 0
1624718689247 514 0
1624718690231 515 0
1624718691131 516 0
1624718692032 517 0
1624718692939 518 0
1624718693852 519 0
1624718694779 520 0
1624718695669 521 0
1624718696564 522 0
1624718697462 523 0
1624718698351 524 0
1624718699238 525 0
1624718700137 526 0
1624718701034 527 0
1624718701934 528 0
1624718702847 529 0
1624718703755 530 0
1624718704668 531 0
1624718705588 532 0
1624718706510 533 0
1624718707410 534 0
1624718708298 535 0
1624718709192 536 0
1624718710087 537 0
1624718711003 538 0
1624718711919 539 0
1624718712829 540 0
1624718713745 541 0
1624718714659 542 0
1624718715569 543 0
1624718716454 544 0
1624718717371 545 0
1624718718287 546 0
1624718719200 547 0
1624718720110 548 0
1624718721020 549 0
1624718721932 550 0
1624718722830 551 0
1624718723731 552 0
1624718724624 553 0
