1624718215439 0 0
1624718216414 0 0
1624718217391 0 0
1624718218366 0 0
1624718219348 0 0
1624718220318 0 0
1624718221276 0 0
1624718222263 0 0
1624718223223 0 0
1624718224168 0 0
1624718225144 0 0
1624718226112 0 0
1624718227068 0 0
1624718228049 0 0
1624718229019 0 0
1624718229989 0 0
1624718230951 0 0
1624718231904 0 0
1624718232852 0 0
1624718233804 0 0
1624718234743 0 0
1624718235678 0 0
1624718236622 0 0
1624718237573 0 0
1624718238518 0 0
1624718239451 0 0
1624718240389 0 0
1624718241358 0 0
1624718242318 0 0
1624718243305 0 0
1624718244278 0 0
1624718245250 0 0
1624718246225 0 0
1624718247210 0 0
1624718248199 0 0
1624718249173 0 0
1624718250137 0 0
1624718251115 0 0
1624718252096 0 0
1624718253085 0 0
1624718254073 0 0
1624718255046 0 0
1624718256008 0 0
1624718256990 0 0
1624718257978 0 0
1624718258965 0 0
1624718259920 0 0
1624718260860 0 0
1624718261796 0 0
1624718262745 0 0
1624718263663 0 0
1624718264566 0 0
1624718265457 0 0
1624718266352 0 0
1624718267259 0 0
1624718268154 0 0
1624718269065 0 0
1624718269993 0 0
1624718270892 0 0
1624718271802 0 0
1624718272721 0 0
1624718273660 0 0
1624718274562 0 0
1624718275459 0 0
1624718276349 0 0
1624718277253 0 0
1624718278146 0 0
1624718279029 0 0
1624718279923 0 0
1624718280814 0 0
1624718281710 0 0
1624718282617 0 0
1624718283510 0 0
1624718284406 0 0
1624718285294 0 0
1624718286197 0 0
1624718287086 0 0
1624718288001 0 0
1624718288901 0 0
1624718289788 0 0
1624718290684 0 0
1624718291586 0 0
1624718292483 0 0
1624718293382 0 0
1624718294272 0 0
1624718295167 0 0
1624718296071 0 0
1624718296970 0 0
1624718297869 0 0
1624718298793 0 0
1624718299723 0 0
1624718300649 0 0
1624718301579 0 0
1624718302469 0 0
1624718303373 0 0
1624718304276 0 0
1624718305174 0 0
1624718306069 0 0
1624718306968 0 0
1624718307869 0 0
1624718308773 0 0
1624718309673 0 0
1624718310570 0 0
1624718311474 0 0
1624718312369 0 0
1624718313261 0 0
1624718314154 0 0
1624718315044 0 0
1624718315935 0 0
1624718316829 0 0
1624718317733 0 0
1624718318626 0 0
1624718319528 0 0
1624718320428 0 0
1624718321328 0 0
1624718322235 0 0
1624718323133 0 0
1624718324027 0 0
1624718325034 0 0
1624718325935 0 0
1624718326838 0 0
1624718327736 0 0
1624718328632 0 0
1624718329525 0 0
1624718330426 0 0
1624718331330 0 0
1624718332223 0 0
1624718333124 0 0
1624718334023 0 0
1624718334911 0 0
1624718335804 0 0
1624718336700 0 0
1624718337604 0 0
1624718338510 0 0
1624718339403 0 0
1624718340310 0 0
1624718341209 0 0
1624718342102 0 0
1624718342996 0 0
1624718343899 0 0
1624718344797 0 0
1624718345697 0 0
1624718346590 0 0
1624718347490 0 0
1624718348402 0 0
1624718349299 0 0
1624718350201 0 0
1624718351106 0 0
1624718352014 0 0
1624718352940 0 0
1624718353863 0 0
1624718354784 0 0
1624718355721 0 0
1624718356668 0 0
1624718357591 0 0
1624718358513 0 0
1624718359437 0 0
1624718360373 0 0
1624718361319 0 0
1624718362241 0 0
1624718363159 0 0
1624718364087 0 0
1624718365009 0 0
1624718365927 0 0
1624718366853 0 0
1624718367781 0 0
1624718368706 0 0
1624718369640 0 0
1624718370561 0 0
1624718371483 0 0
1624718372412 0 0
1624718373324 0 0
1624718374252 0 0
1624718375172 0 0
1624718376090 0 0
1624718377005 0 0
1624718377932 0 0
1624718378843 0 0
1624718379758 0 0
1624718380683 0 0
1624718381617 0 0
1624718382528 0 0
1624718383451 0 0
1624718384379 0 0
1624718385303 0 0
1624718386237 0 0
1624718387160 0 0
1624718388079 0 0
1624718389011 0 0
1624718389930 0 0
1624718390849 0 0
1624718391763 0 0
1624718392779 0 0
1624718393707 0 0
1624718394640 0 0
1624718395560 0 0
1624718396483 0 0
1624718397410 0 0
1624718398332 0 0
1624718399250 0 0
1624718400178 0 0
1624718401100 0 0
1624718402022 0 0
1624718402947 0 0
1624718403862 0 0
1624718404782 0 0
1624718405710 0 0
1624718406639 0 0
1624718407559 0 0
1624718408482 0 0
1624718409414 0 0
1624718410345 0 0
1624718411284 0 0
1624718412206 0 0
1624718413136 0 0
1624718414150 0 0
1624718415290 0 0
1624718416328 0 0
1624718417329 0 0
1624718418302 0 0
1624718419255 0 0
1624718420157 0 0
1624718421053 0 0
1624718421946 0 0
1624718422841 0 0
1624718423740 0 0
1624718424632 0 0
1624718425531 0 0
1624718426429 0 0
1624718427333 0 0
1624718428240 0 0
1624718429137 0 0
1624718430069 0 0
1624718431022 0 0
1624718431995 0 0
1624718432940 0 0
1624718433910 0 0
1624718434819 0 0
1624718435747 0 0
1624718436657 0 0
1624718437555 0 0
1624718438469 0 0
1624718439378 0 0
1624718440284 0 0
1624718441191 0 0
1624718442090 0 0
1624718443000 0 0
1624718443918 0 0
1624718444814 0 0
1624718445714 0 0
1624718446619 0 0
1624718447511 0 0
1624718448404 0 0
1624718449290 0 0
1624718450189 0 0
1624718451088 0 0
1624718451980 0 0
1624718452875 0 0
1624718453778 0 0
1624718454684 0 0
1624718455580 0 0
1624718456485 0 0
1624718457386 0 0
1624718458286 0 0
1624718459185 0 0
1624718460079 0 0
1624718460983 0 0
1624718461893 0 0
1624718462791 0 0
1624718463689 0 0
1624718464597 0 0
1624718465501 0 0
1624718466401 0 0
1624718467295 0 0
1624718468205 0 0
1624718469104 0 0
1624718470032 0 0
1624718470942 0 0
1624718471844 0 0
1624718472768 0 0
1624718473694 0 0
1624718474593 0 0
1624718475495 0 0
1624718476396 0 0
1624718477299 0 0
1624718478202 0 0
1624718479102 0 0
1624718480013 0 0
1624718480921 0 0
1624718481823 0 0
1624718482720 0 0
1624718483622 0 0
1624718484521 0 0
1624718485410 0 0
1624718486314 0 0
1624718487215 0 0
1624718488121 0 0
1624718489008 0 0
1624718489909 0 0
1624718490817 0 0
1624718491714 0 0
1624718492636 0 0
1624718493528 0 0
1624718494431 0 0
1624718495330 0 0
1624718496228 0 0
1624718497127 0 0
1624718498034 0 0
1624718498943 0 0
1624718499835 0 0
1624718500736 0 0
1624718501642 0 0
1624718502549 0 0
1624718503453 0 0
1624718504349 0 0
1624718505249 0 0
1624718506154 0 0
1624718507051 0 0
1624718507958 0 0
1624718508870 0 0
1624718509775 0 0
1624718510670 0 0
1624718511569 0 0
1624718512467 0 0
1624718513370 0 0
1624718514274 0 0
1624718515194 0 0
1624718516108 0 0
1624718517012 0 0
1624718517913 0 0
1624718518813 0 0
1624718519735 0 0
1624718520641 0 0
1624718521538 0 0
1624718522432 0 0
1624718523335 0 0
1624718524234 0 0
1624718525130 0 0
1624718526029 0 0
1624718526931 0 0
1624718527836 0 0
1624718528736 0 0
1624718529635 0 0
1624718530536 0 0
1624718531441 0 0
1624718532345 0 0
1624718533236 0 0
1624718534143 0 0
1624718535042 0 0
1624718535948 0 0
1624718536848 0 0
1624718537746 0 0
1624718538649 0 0
1624718539551 0 0
1624718540444 0 0
1624718541351 0 0
1624718542253 0 0
1624718543151 0 0
1624718544068 0 0
1624718544974 0 0
1624718545876 0 0
1624718546810 0 0
1624718547749 0 0
1624718548674 0 0
1624718549611 0 0
1624718550540 0 0
1624718551473 0 0
1624718552388 0 0
1624718553312 0 0
1624718554237 0 0
1624718555167 0 0
1624718556094 0 0
1624718557001 0 0
1624718557900 0 0
1624718558807 0 0
1624718559704 0 0
1624718560597 0 0
1624718561507 0 0
1624718562405 0 0
1624718563296 0 0
1624718564196 0 0
1624718565090 0 0
1624718565980 0 0
1624718566875 0 0
1624718567767 0 0
1624718568665 0 0
1624718569571 0 0
1624718570473 0 0
1624718571364 0 0
1624718572283 0 0
1624718573209 0 0
1624718574130 0 0
1624718575052 0 0
1624718575966 0 0
1624718576894 0 0
1624718577818 0 0
1624718578747 0 0
1624718579674 0 0
1624718580630 0 0
1624718581566 0 0
1624718582497 0 0
1624718583416 0 0
1624718584336 0 0
1624718585255 0 0
1624718586181 0 0
1624718587082 0 0
1624718587976 0 0
1624718588871 0 0
1624718589769 0 0
1624718590667 0 0
1624718591560 0 0
1624718592462 0 0
1624718593366 0 0
1624718594272 0 0
1624718595174 0 0
1624718596075 0 0
1624718596974 0 0
1624718597872 0 0
1624718598771 0 0
1624718599675 0 0
1624718600587 0 0
1624718601526 0 0
1624718602447 0 0
1624718603368 0 0
1624718604290 0 0
1624718605191 0 0
1624718606092 0 0
1624718606993 0 0
1624718607900 0 0
1624718608804 0 0
1624718609706 0 0
1624718610626 0 0
1624718611558 0 0
1624718612490 0 0
1624718613420 0 0
1624718614343 0 0
1624718615274 0 0
1624718616203 0 0
1624718617133 0 0
1624718618032 0 0
1624718618925 0 0
1624718619836 0 0
1624718620736 0 0
1624718621626 0 0
1624718622536 0 0
1624718623465 0 0
1624718624391 0 0
1624718625312 0 0
1624718626223 0 0
1624718627149 0 0
1624718628079 0 0
1624718628977 0 0
1624718629871 0 0
1624718630772 0 0
1624718631698 0 0
1624718632633 0 0
1624718633554 0 0
1624718634476 0 0
1624718635407 0 0
1624718636333 0 0
1624718637247 0 0
1624718638144 0 0
1624718639047 0 0
1624718640001 0 0
1624718640972 0 0
1624718641932 0 0
1624718642836 0 0
1624718643746 0 0
1624718644638 0 0
1624718645538 0 0
1624718646448 0 0
1624718647388 0 0
1624718648303 0 0
1624718649191 0 0
1624718650113 0 0
1624718651011 0 0
1624718651905 0 0
1624718652799 0 0
1624718653701 0 0
1624718654599 0 0
1624718655498 0 0
1624718656396 0 0
1624718657326 0 0
1624718658248 0 0
1624718659176 0 0
1624718660095 0 0
1624718661021 0 0
1624718661953 0 0
1624718662879 0 0
1624718663798 0 0
1624718664695 0 0
1624718665600 0 0
1624718666502 0 0
1624718667408 0 0
1624718668330 0 0
1624718669257 0 0
1624718670190 0 0
1624718671130 0 0
1624718672039 0 0
1624718672939 0 0
1624718673840 0 0
1624718674768 0 0
1624718675686 0 0
1624718676607 0 0
1624718677536 0 0
1624718678461 0 0
1624718679385 0 0
1624718680305 0 0
1624718681237 0 0
1624718682170 0 0
1624718683285 0 0
1624718684686 0 0
1624718686364 0 0
1624718687969 0 0
1624718689217 0 0
1624718690207 0 0
1624718691107 0 0
1624718692009 0 0
1624718692916 0 0
1624718693826 0 0
1624718694757 0 0
1624718695647 0 0
1624718696538 0 0
1624718697438 0 0
1624718698329 0 0
1624718699215 0 0
1624718700115 0 0
1624718701011 0 0
1624718701906 0 0
1624718702821 0 0
1624718703729 0 0
1624718704641 0 0
1624718705562 0 0
1624718706483 0 0
1624718707387 0 0
1624718708275 0 0
1624718709170 0 0
1624718710060 0 0
1624718710976 0 0
1624718711892 0 0
1624718712802 0 0
1624718713720 0 0
1624718714633 0 0
1624718715546 0 0
1624718716432 0 0
1624718717346 0 0
1624718718259 0 0
1624718719174 0 0
1624718720084 0 0
1624718720994 0 0
1624718721907 0 0
1624718722808 0 0
1624718723707 0 0
1624718724601 0 0
