1624718215613 0.9745482802391052 0
1624718216597 0.5467524081468582 0
1624718217572 0.3453933447599411 0
1624718218549 0.46455642580986023 0
1624718219527 0.4189354032278061 0
1624718220487 0.6225355863571167 0
1624718221448 0.4155076965689659 0
1624718222417 0.2388678565621376 0
1624718223380 0.13078757375478745 0
1624718224344 0.2462654523551464 0
1624718225318 0.25225328654050827 0
1624718226281 0.32767464220523834 0
1624718227252 0.3347301632165909 0
1624718228230 0.3953017443418503 0
1624718229205 0.7796720564365387 0
1624718230158 0.2889982284978032 0
1624718231104 0.6293291598558426 0
1624718232061 0.27425408735871315 0
1624718233010 0.18284865468740463 0
1624718233952 0.2137889787554741 0
1624718234888 0.5646838545799255 0
1624718235828 0.5790298879146576 0
1624718236773 0.22046181559562683 0
1624718237725 0.557045578956604 0
1624718238658 0.2240891382098198 0
1624718239594 0.12122272327542305 0
1624718240545 0.631390392780304 0
1624718241509 0.9432244002819061 0
1624718242501 0.9667497873306274 0
1624718243473 0.8958679586648941 0
1624718244450 0.4369453638792038 0
1624718245431 0.6060684621334076 0
1624718246406 0.08285573404282331 0
1624718247399 0.6474495083093643 0
1624718248375 0.34716133028268814 0
1624718249338 0.3475993350148201 0
1624718250314 0.5071787536144257 0
1624718251295 0.524081289768219 0
1624718252284 0.5075863897800446 0
1624718253271 0.3395933657884598 0
1624718254249 0.13055194914340973 0
1624718255211 0.30505238473415375 0
1624718256188 0.9230806529521942 0
1624718257174 0.29162752628326416 0
1624718258162 0.06610386399552226 0
1624718259155 0.8958121836185455 0
1624718260093 0.3811087794601917 0
1624718261032 0.5552661269903183 0
1624718261983 0.7111594378948212 0
1624718262910 0.19436992704868317 0
1624718263809 0.22702014446258545 0
1624718264708 0.21506429463624954 0
1624718265598 0.3020488917827606 0
1624718266498 0.5773643255233765 0
1624718267396 0.16122379899024963 0
1624718268309 0.5827489197254181 0
1624718269230 0.5959959924221039 0
1624718270144 0.5364437513053417 0
1624718271049 0.29386430978775024 0
1624718271962 0.8256044089794159 0
1624718272889 0.6671422719955444 0
1624718273805 0.5361315011978149 0
1624718274699 0.08499612286686897 0
1624718275596 0.5752688646316528 0
1624718276492 0.6944009959697723 0
1624718277391 0.632455050945282 0
1624718278279 0.18243929650634527 0
1624718279166 0.34215350449085236 0
1624718280061 0.741428017616272 0
1624718280948 0.6002933382987976 0
1624718281858 0.8773269951343536 0
1624718282751 0.5878351479768753 0
1624718283644 0.5187002718448639 0
1624718284541 0.3424796313047409 0
1624718285431 0.7000401020050049 0
1624718286334 0.3780040591955185 0
1624718287243 0.3477429747581482 0
1624718288142 0.3210671842098236 0
1624718289035 0.7731325626373291 0
1624718289923 0.5533618032932281 0
1624718290828 0.20072028040885925 0
1624718291724 0.2630351632833481 0
1624718292623 0.3043211102485657 0
1624718293516 0.45753729343414307 0
1624718294411 0.622919499874115 0
1624718295311 0.5050450414419174 0
1624718296210 0.2994583249092102 0
1624718297109 0.21932138968259096 0
1624718298031 0.24499506503343582 0
1624718298952 0.24575608223676682 0
1624718299890 0.5548312216997147 0
1624718300816 0.054039521142840385 0
1624718301713 0.17213179171085358 0
1624718302613 0.7390586584806442 0
1624718303510 0.31018999218940735 0
1624718304414 0.5201344192028046 0
1624718305311 0.41365469992160797 0
1624718306206 0.36527878791093826 0
1624718307112 0.8337897658348083 0
1624718308013 0.39395105838775635 0
1624718308915 1.859962522983551 0
1624718309810 0.3604230731725693 0
1624718310714 0.5519017577171326 0
1624718311616 0.6251499652862549 0
1624718312500 0.4523445963859558 0
1624718313397 0.3083505630493164 0
1624718314290 0.3640718460083008 0
1624718315179 0.21616099774837494 0
1624718316071 0.8749456405639648 0
1624718316970 0.3163646459579468 0
1624718317870 0.2502756640315056 0
1624718318768 0.8249986320734024 0
1624718319671 0.3378332853317261 0
1624718320572 0.42342308163642883 0
1624718321473 0.5969500243663788 0
1624718322377 0.29805468022823334 0
1624718323266 0.2895466387271881 0
1624718324278 0.530217707157135 0
1624718325175 0.3190857470035553 0
1624718326080 0.23109467327594757 0
1624718326977 0.24359990283846855 0
1624718327873 0.44035933911800385 0
1624718328769 0.08087149355560541 0
1624718329669 0.4678798168897629 0
1624718330568 0.024546515196561813 0
1624718331469 0.09591425210237503 0
1624718332365 0.05076000466942787 0
1624718333261 0.9178357105702162 0
1624718334154 0.4655663073062897 0
1624718335047 0.9356959462165833 0
1624718335940 0.2149486169219017 0
1624718336842 0.19404983893036842 0
1624718337751 0.4960564970970154 0
1624718338646 0.7654366791248322 0
1624718339546 0.19522130489349365 0
1624718340448 0.40520115196704865 0
1624718341343 0.22468379512429237 0
1624718342238 0.2927967682480812 0
1624718343139 0.10072577372193336 0
1624718344041 0.306763231754303 0
1624718344939 0.5953016579151154 0
1624718345831 0.32034920901060104 0
1624718346732 0.0929586598649621 0
1624718347638 0.4644337370991707 0
1624718348539 0.46429650485515594 0
1624718349441 0.4370995759963989 0
1624718350341 0.347537312656641 0
1624718351246 0.15035419585183263 0
1624718352184 0.15969554334878922 0
1624718353096 0.13562901969999075 0
1624718354021 0.25773099064826965 0
1624718354959 0.45788729935884476 0
1624718355909 0.5161365866661072 0
1624718356828 0.9140806160867214 0
1624718357751 0.284019336104393 0
1624718358676 0.21481610089540482 0
1624718359610 0.23269551247358322 0
1624718360542 0.4260004609823227 0
1624718361479 0.38803642988204956 0
1624718362401 0.6766273081302643 0
1624718363329 0.2940748408436775 0
1624718364252 0.4577939510345459 0
1624718365171 0.2557126432657242 0
1624718366089 0.28744854032993317 0
1624718367018 0.48371554911136627 0
1624718367943 0.7564322054386139 0
1624718368869 0.6907751932740211 0
1624718369799 0.42798323929309845 0
1624718370721 0.3816855847835541 0
1624718371650 0.12515437602996826 0
1624718372568 0.263632670044899 0
1624718373487 0.36377840489149094 0
1624718374412 0.3083780035376549 0
1624718375336 0.6428414583206177 0
1624718376248 0.5609976053237915 0
1624718377169 0.20297536998987198 0
1624718378087 0.7438182234764099 0
1624718379001 0.6586540937423706 0
1624718379918 0.2226846795529127 0
1624718380850 0.29588043689727783 0
1624718381774 0.4047624319791794 0
1624718382685 0.3813306540250778 0
1624718383612 0.5897111296653748 0
1624718384543 0.26515961438417435 0
1624718385476 0.3079206496477127 0
1624718386397 0.21270519495010376 0
1624718387320 0.18509231507778168 0
1624718388246 0.3491920083761215 0
1624718389173 0.04371095262467861 0
1624718390086 0.19783444702625275 0
1624718391003 0.1400268655270338 0
1624718392019 0.2409394457936287 0
1624718392946 0.3086288645863533 0
1624718393875 0.5371222645044327 0
1624718394799 0.4107564464211464 0
1624718395724 0.09774496406316757 0
1624718396651 0.31497667729854584 0
1624718397572 0.8599288612604141 0
1624718398488 0.3292597383260727 0
1624718399410 0.26998595148324966 0
1624718400344 0.10722324531525373 0
1624718401263 0.15246004238724709 0
1624718402187 0.4967113137245178 0
1624718403102 0.460213378071785 0
1624718404024 0.49460282921791077 0
1624718404948 0.4148043692111969 0
1624718405880 0.16949667036533356 0
1624718406796 0.13767502270638943 0
1624718407719 0.6091229319572449 0
1624718408648 0.3178837448358536 0
1624718409579 0.16234500147402287 0
1624718410519 0.4406658411026001 0
1624718411446 0.7402345538139343 0
1624718412374 0.39835125207901 0
1624718413307 0.5871860682964325 0
1624718414311 0.16263627633452415 0
1624718415462 0.23981152288615704 0
1624718416477 0.6274484395980835 0
1624718417480 0.4581313282251358 0
1624718418464 0.20777875185012817 0
1624718419396 0.3764614015817642 0
1624718420294 0.3112304136157036 0
1624718421182 0.22135158628225327 0
1624718422083 0.3171643763780594 0
1624718422979 0.49981676042079926 0
1624718423874 0.18026078678667545 0
1624718424769 1.9064460396766663 0
1624718425668 0.45490896701812744 0
1624718426567 0.1430951338261366 0
1624718427476 0.2174735590815544 0
1624718428377 0.38788993656635284 0
1624718429279 0.6504150480031967 0
1624718430225 0.38925836980342865 0
1624718431182 0.9680837988853455 0
1624718432146 0.12801846489310265 0
1624718433082 0.32264239341020584 0
1624718434054 0.24686060845851898 0
1624718434968 0.7507615387439728 0
1624718435895 0.23553962260484695 0
1624718436791 0.5021838247776031 0
1624718437700 0.35906602442264557 0
1624718438606 0.48805347084999084 0
1624718439524 0.06484011001884937 0
1624718440417 0.33276671171188354 0
1624718441326 0.22898538410663605 0
1624718442235 1.1322543621063232 0
1624718443153 0.05648535769432783 0
1624718444054 0.9645126461982727 0
1624718444949 0.1862344592809677 0
1624718445858 0.6063543856143951 0
1624718446753 0.5188527256250381 0
1624718447647 0.14636726677417755 0
1624718448535 0.6029425263404846 0
1624718449428 0.4897635579109192 0
1624718450327 0.6345816254615784 0
1624718451220 0.22665010951459408 0
1624718452118 0.3008174002170563 0
1624718453013 0.6901895701885223 0
1624718453921 0.1369843538850546 0
1624718454817 0.7384041547775269 0
1624718455723 0.22101777594070882 0
1624718456622 0.4603054076433182 0
1624718457526 0.0905279666185379 0
1624718458424 0.3619220554828644 0
1624718459319 0.6598814129829407 0
1624718460220 0.23917371034622192 0
1624718461127 0.7870173156261444 0
1624718462030 0.2934759110212326 0
1624718462928 0.34266752004623413 0
1624718463837 0.15564801171422005 0
1624718464738 1.0692551136016846 0
1624718465639 1.0230036824941635 0
1624718466537 0.12145887687802315 0
1624718467439 0.37382958829402924 0
1624718468345 0.3128266707062721 0
1624718469259 0.14058061689138412 0
1624718470172 0.7550801932811737 0
1624718471081 0.31409961357712746 0
1624718471990 0.1031859926879406 0
1624718472920 0.18600121140480042 0
1624718473831 0.5084517300128937 0
1624718474733 0.4575763940811157 0
1624718475634 0.45226574689149857 0
1624718476538 0.16828126460313797 0
1624718477440 0.33480335772037506 0
1624718478343 0.05240447446703911 0
1624718479244 0.44675926864147186 0
1624718480158 0.44845277070999146 0
1624718481061 0.3063710927963257 0
1624718481960 0.4062398672103882 0
1624718482865 0.7774755358695984 0
1624718483757 0.3941003978252411 0
1624718484653 0.38127677142620087 0
1624718485553 0.5654445439577103 0
1624718486452 0.6594637483358383 0
1624718487358 0.3216794431209564 0
1624718488252 0.5119475647807121 0
1624718489150 0.41277357935905457 0
1624718490052 0.2683718204498291 0
1624718490960 1.3383502960205078 0
1624718491878 0.30790554732084274 0
1624718492770 0.12418127059936523 0
1624718493666 0.284552626311779 0
1624718494572 0.5988172888755798 0
1624718495467 0.5217770934104919 0
1624718496368 0.8338094353675842 0
1624718497270 0.47680018842220306 0
1624718498179 0.3959839344024658 0
1624718499076 0.14451098442077637 0
1624718499978 0.24721111357212067 0
1624718500883 0.3899238258600235 0
1624718501793 0.04742007702589035 0
1624718502703 0.2954786978662014 0
1624718503587 0.07543273270130157 0
1624718504491 0.12140167504549026 0
1624718505390 0.27978917211294174 0
1624718506288 1.3467274010181427 0
1624718507192 0.5404103547334671 0
1624718508103 0.3215893656015396 0
1624718509014 0.1829599216580391 0
1624718509910 0.32818107306957245 0
1624718510804 0.24425745010375977 0
1624718511707 0.15134554402902722 0
1624718512611 0.24988239258527756 0
1624718513508 0.27740104496479034 0
1624718514430 0.1732310652732849 0
1624718515347 0.34942416101694107 0
1624718516253 0.14571484178304672 0
1624718517149 0.5053040534257889 0
1624718518052 0.7626396715641022 0
1624718518974 1.0213223993778229 0
1624718519882 0.16407201811671257 0
1624718520779 0.2278750017285347 0
1624718521674 0.3924746662378311 0
1624718522573 0.32778047025203705 0
1624718523478 0.34491821378469467 0
1624718524371 0.2708795666694641 0
1624718525270 0.24647516012191772 0
1624718526172 0.05770169012248516 0
1624718527072 0.6604804396629333 0
1624718527978 0.3338797986507416 0
1624718528875 0.42054755985736847 0
1624718529775 0.2767857722938061 0
1624718530679 0.572931557893753 0
1624718531584 0.11528481543064117 0
1624718532483 0.4775419980287552 0
1624718533385 0.5210907161235809 0
1624718534282 0.2922932356595993 0
1624718535186 0.16737357154488564 0
1624718536091 0.2427506446838379 0
1624718536991 0.3782988339662552 0
1624718537889 0.6766535043716431 0
1624718538792 0.5722518414258957 0
1624718539686 0.4744446575641632 0
1624718540581 0.3595638573169708 0
1624718541493 0.3722546249628067 0
1624718542394 0.2841286025941372 0
1624718543307 0.08725765533745289 0
1624718544214 1.010778546333313 0
1624718545113 0.2335149049758911 0
1624718546046 0.23998663946986198 0
1624718546981 0.5510809421539307 0
1624718547909 0.19792332500219345 0
1624718548845 0.313850462436676 0
1624718549773 0.5069358944892883 0
1624718550708 0.5056608319282532 0
1624718551629 0.44036221504211426 0
1624718552552 0.2548167258501053 0
1624718553476 0.15247008204460144 0
1624718554404 0.7067586779594421 0
1624718555333 0.14517806842923164 0
1624718556241 0.31937527656555176 0
1624718557140 0.876001626253128 0
1624718558045 0.8335783928632736 0
1624718558946 0.17264116555452347 0
1624718559841 0.7044793367385864 0
1624718560744 0.38525137305259705 0
1624718561646 0.1663566455245018 0
1624718562541 0.2124352678656578 0
1624718563438 0.3437698781490326 0
1624718564331 0.13951703161001205 0
1624718565220 0.7005868256092072 0
1624718566118 0.27175432443618774 0
1624718567012 0.21499453857541084 0
1624718567904 0.3330293372273445 0
1624718568811 1.345542311668396 0
1624718569715 0.09740128740668297 0
1624718570608 0.8654558658599854 0
1624718571524 1.1362995207309723 0
1624718572445 0.2787355035543442 0
1624718573377 0.6089909672737122 0
1624718574289 0.23662475496530533 0
1624718575204 0.3853195831179619 0
1624718576129 0.4394284784793854 0
1624718577057 0.052519163116812706 0
1624718577982 0.24171258602291346 0
1624718578908 0.1386627033352852 0
1624718579864 0.06824330484960228 0
1624718580804 0.1320188594982028 0
1624718581732 0.7407514825463295 0
1624718582657 0.49848704040050507 0
1624718583580 0.37509388476610184 0
1624718584501 0.1907740831375122 0
1624718585418 0.4018215835094452 0
1624718586319 0.05273062735795975 0
1624718587215 0.23109693080186844 0
1624718588111 0.3220358341932297 0
1624718589009 0.5134272575378418 0
1624718589903 0.5802039206027985 0
1624718590800 0.7183748185634613 0
1624718591697 0.21893305331468582 0
1624718592607 0.2005715142004192 0
1624718593505 0.5418857857584953 0
1624718594414 0.19889791309833527 0
1624718595315 0.26285015791654587 0
1624718596214 0.4431973099708557 0
1624718597110 0.34502945840358734 0
1624718598009 0.40782183106057346 0
1624718598907 0.19759100303053856 0
1624718599828 0.22032950073480606 0
1624718600767 0.0450131893157959 0
1624718601685 0.611859917640686 0
1624718602610 0.7381401658058167 0
1624718603527 0.15205981209874153 0
1624718604427 0.24850643426179886 0
1624718605333 0.1829076036810875 0
1624718606233 0.3581947386264801 0
1624718607134 0.7192246913909912 0
1624718608041 0.29479549964889884 0
1624718608943 0.19315499812364578 0
1624718609860 0.24602679535746574 0
1624718610788 0.6778398752212524 0
1624718611728 0.4201713800430298 0
1624718612653 0.6443493664264679 0
1624718613577 0.3577832728624344 0
1624718614507 0.6515110284090042 0
1624718615437 0.18268337100744247 0
1624718616372 0.25882720202207565 0
1624718617274 0.32206782698631287 0
1624718618171 0.20936201140284538 0
1624718619071 0.16226760670542717 0
1624718619975 0.1253158375620842 0
1624718620868 0.12180148996412754 0
1624718621774 0.5715035498142242 0
1624718622702 0.46038949489593506 0
1624718623629 0.49585507065057755 0
1624718624548 0.06838776916265488 0
1624718625464 0.44857288897037506 0
1624718626384 0.3836335316300392 0
1624718627313 0.2597679905593395 0
1624718628217 0.40036869049072266 0
1624718629116 0.3988456055521965 0
1624718630013 0.24903730303049088 0
1624718630933 0.3296026289463043 0
1624718631870 0.05249929986894131 0
1624718632794 0.29902949184179306 0
1624718633714 0.24882978945970535 0
1624718634640 0.34159379452466965 0
1624718635571 0.2062057964503765 0
1624718636481 0.11347719840705395 0
1624718637386 0.2669474557042122 0
1624718638281 0.21266267448663712 0
1624718639193 0.1704697236418724 0
1624718640149 0.3671506941318512 0
1624718641135 0.39711882174015045 0
1624718642072 0.9465603828430176 0
1624718642985 0.20433764159679413 0
1624718643880 0.7044390439987183 0
1624718644776 0.431302759796381 0
1624718645687 0.440560519695282 0
1624718646625 0.2156791165471077 0
1624718647546 0.055754126980900764 0
1624718648433 0.37088075280189514 0
1624718649343 0.056736744940280914 0
1624718650254 0.5442707240581512 0
1624718651149 0.5831774920225143 0
1624718652039 0.2991511672735214 0
1624718652942 0.2726569026708603 0
1624718653836 0.2244163155555725 0
1624718654737 0.1673920899629593 0
1624718655638 0.609250009059906 0
1624718656567 0.41704440861940384 0
1624718657486 0.09910330176353455 0
1624718658411 0.24185501039028168 0
1624718659331 0.6281240582466125 0
1624718660261 0.8852453231811523 0
1624718661192 0.14814310893416405 0
1624718662121 0.09191570058465004 0
1624718663036 0.2608656734228134 0
1624718663937 0.2301524430513382 0
1624718664833 0.2408447340130806 0
1624718665745 0.48420870304107666 0
1624718666647 0.3317347764968872 0
1624718667563 0.2668931819498539 0
1624718668492 0.8015819489955902 0
1624718669422 0.44153934717178345 0
1624718670361 0.1928461492061615 0
1624718671278 0.05647059716284275 0
1624718672181 0.09666774049401283 0
1624718673076 0.25644752383232117 0
1624718674008 0.3216959983110428 0
1624718674923 0.174078069627285 0
1624718675845 0.4733241945505142 0
1624718676774 0.3857455253601074 0
1624718677699 1.52880197763443 0
1624718678625 0.44944655895233154 0
1624718679550 0.2297639474272728 0
1624718680474 0.3858269304037094 0
1624718681402 0.14365096762776375 0
1624718682335 0.24862299114465714 0
1624718683480 0.23238873481750488 0
1624718684923 0.168684221804142 0
1624718686622 0.28844817355275154 0
1624718688198 0.20337365195155144 0
1624718689389 0.34315556287765503 0
1624718690344 0.12546173855662346 0
1624718691247 0.09955061320215464 0
1624718692149 0.7578687965869904 0
1624718693059 0.16419599344953895 0
1624718693983 0.4154980033636093 0
1624718694892 0.2656998559832573 0
1624718695780 0.45472952723503113 0
1624718696675 0.6863724589347839 0
1624718697572 0.8536837548017502 0
1624718698462 0.246428981423378 0
1624718699356 0.582165889441967 0
1624718700253 0.5376720279455185 0
1624718701147 0.20156791061162949 0
1624718702069 0.4690328687429428 0
1624718702981 0.07837940193712711 0
1624718703884 0.1248036865144968 0
1624718704804 0.6366971135139465 0
1624718705721 0.7370806261897087 0
1624718706630 0.03665003180503845 0
1624718707517 0.05421750620007515 0
1624718708411 0.23808322101831436 0
1624718709303 0.5167864263057709 0
1624718710220 0.6680120527744293 0
1624718711135 0.06599800754338503 0
1624718712049 0.4386463016271591 0
1624718712963 0.4411941170692444 0
1624718713878 0.15361909568309784 0
1624718714793 0.5490461066365242 0
1624718715682 0.4962026923894882 0
1624718716589 0.2431962937116623 0
1624718717502 0.23335589561611414 0
1624718718420 1.1820740588009357 0
1624718719333 0.28288260102272034 0
1624718720242 0.4385607838630676 0
1624718721156 0.09917396306991577 0
1624718722052 0.21889644116163254 0
1624718722942 0.1126021184027195 0
1624718723849 0.2087453007698059 0
1624718724736 0.29985755681991577 0
