1642657843469 4.747162818908691 0
1642657859167 1.6993438005447388 0
1642657873000 1.483595848083496 0
1642657886791 2.43949556350708 0
1642657900637 0.9238123893737793 0
1642657914611 4.563384532928467 0
1642657928604 1.9466830492019653 0
1642657942637 1.648952841758728 0
1642657956925 2.1813087463378906 0
1642657971007 2.8069920539855957 0
1642657985095 1.8456887006759644 0
1642657999263 1.7964954376220703 0
1642658013289 1.565961241722107 0
1642658027285 2.8233087062835693 0
1642658041262 2.1003425121307373 0
1642658055238 1.8237793445587158 0
1642658069228 3.5103273391723633 0
1642658083228 3.6440649032592773 0
1642658097218 4.332278251647949 0
1642658111215 1.8384819030761719 0
1642658125201 1.7731595039367676 0
1642658140908 1.3698790073394775 0
1642658154992 2.0537688732147217 0
1642658169340 2.1067287921905518 0
1642658183781 0.6973597407341003 0
1642658198021 0.9080129265785217 0
1642658212253 1.5112532377243042 0
1642658226728 2.575768232345581 0
1642658241166 1.8882579803466797 0
1642658255544 1.5704169273376465 0
1642658269815 2.467282772064209 0
1642658284005 1.8202474117279053 0
1642658298486 3.5377931594848633 0
1642658312655 0.7430934309959412 0
1642658326957 2.696634292602539 0
1642658341044 1.713939905166626 0
1642658355295 1.2254986763000488 0
1642658369501 3.3814597129821777 0
1642658383652 0.8021330833435059 0
1642658397773 1.5262720584869385 0
1642658412082 7.06820011138916 0
1642658428032 2.7351579666137695 0
1642658442110 6.22575044631958 0
1642658456491 3.397904872894287 0
1642658470814 0.9740791320800781 0
1642658485040 0.49817389249801636 0
1642658499622 2.3595974445343018 0
1642658513853 0.7347849607467651 0
1642658528082 1.0492900609970093 0
1642658542278 0.8990508913993835 0
1642658556347 0.4718795120716095 0
1642658570615 4.0417046546936035 0
1642658584922 1.544472098350525 0
1642658599379 3.790844678878784 0
1642658613720 1.563582181930542 0
1642658627970 2.1756033897399902 0
1642658642252 2.194908380508423 0
1642658656707 0.9153327345848083 0
1642658670900 2.066579818725586 0
1642658684984 1.2563261985778809 0
1642658699089 2.3418986797332764 0
1642658714946 0.6564717888832092 0
1642658729143 5.066143989562988 0
1642658743302 2.8388712406158447 0
1642658757485 1.502007007598877 0
1642658771678 1.1886762380599976 0
1642658785819 0.588364839553833 0
1642658799984 2.0669360160827637 0
1642658814055 0.43878304958343506 0
1642658828249 0.3266281187534332 0
1642658842438 1.9401726722717285 0
1642658856613 1.0802085399627686 0
1642658870757 2.179264545440674 0
1642658884847 0.4813421368598938 0
1642658898926 4.018520832061768 0
1642658913001 0.3966759145259857 0
1642658927122 1.4886679649353027 0
1642658941183 2.0087924003601074 0
1642658955221 0.9469971060752869 0
1642658969394 1.6526896953582764 0
1642658983622 2.003532886505127 0
1642658999382 2.9474096298217773 0
1642659013666 1.7197582721710205 0
1642659027665 0.4516148567199707 0
1642659041809 1.0032373666763306 0
1642659055889 1.6357941627502441 0
1642659069953 3.7391443252563477 0
1642659084082 2.2665369510650635 0
1642659098184 0.5569041967391968 0
1642659112256 0.5351862907409668 0
1642659126339 1.2914364337921143 0
1642659140493 1.4435789585113525 0
1642659154674 1.4581725597381592 0
1642659168829 1.1745316982269287 0
1642659182937 2.1927201747894287 0
1642659197109 6.992753982543945 0
1642659211204 3.002314567565918 0
1642659225355 1.3014886379241943 0
1642659239481 0.8928054571151733 0
1642659253668 0.4635453224182129 0
1642659267870 1.148545503616333 0
1642659283826 0.40206775069236755 0
1642659297955 1.7692408561706543 0
1642659312171 3.489732265472412 0
1642659326406 1.603176474571228 0
1642659340610 0.40125811100006104 0
1642659354663 0.5904955267906189 0
1642659368774 0.42217886447906494 0
1642659382821 3.4409356117248535 0
1642659396911 1.1002130508422852 0
1642659411132 0.8710534572601318 0
1642659425271 0.2803837060928345 0
1642659439379 0.21902568638324738 0
1642659453838 0.997438907623291 0
1642659468108 4.3195343017578125 0
1642659482455 1.5408037900924683 0
1642659496610 1.8768455982208252 0
1642659510882 0.7944110631942749 0
1642659525150 0.430527925491333 0
1642659539405 0.4962158799171448 0
1642659553809 1.025827169418335 0
1642659569840 0.6985341310501099 0
1642659584082 0.7297353744506836 0
1642659598477 1.7881793975830078 0
1642659612823 0.9397954940795898 0
1642659627238 0.5780601501464844 0
1642659641312 0.7073673009872437 0
1642659655530 2.107400894165039 0
1642659669706 1.1431750059127808 0
1642659683929 2.157749891281128 0
1642659698920 0.5852699875831604 0
1642659713358 0.4379994869232178 0
1642659727996 0.2808665931224823 0
1642659742408 1.0194183588027954 0
1642659756531 0.5625552535057068 0
1642659770993 1.4175167083740234 0
1642659785282 0.4426121711730957 0
1642659799451 1.4016884565353394 0
1642659813669 0.3403332829475403 0
1642659828072 0.3862580955028534 0
1642659842406 0.8801270723342896 0
1642659858659 0.3218943178653717 0
1642659872819 0.5407631397247314 0
1642659887005 0.7965344190597534 0
