1635998745887 0 0
1635998748606 0 0
1635998749816 0 0
1635998751033 0 0
1635998752251 0 0
1635998753447 0 0
1635998754651 0 0
1635998755893 0 0
1635998757146 0 0
1635998758391 0 0
1635998759633 0 0
1635998762506 0 0
1635998763822 0 0
1635998765122 0 0
1635998766443 0 0
1635998767699 0 0
1635998768984 0 0
1635998770248 0 0
1635998771503 0 0
1635998772809 0 0
1635998774052 0 0
1635998776899 0 0
1635998778163 0 0
1635998779397 0 0
1635998780641 0 0
1635998781885 0 0
1635998783129 0 0
1635998784401 0 0
1635998785651 0 0
1635998786901 0 0
1635998788145 0 0
1635998791021 0 0
1635998792302 0 0
1635998793613 0 0
1635998794949 0 0
1635998796238 0 0
1635998797500 0 0
1635998798771 0 0
1635998800023 0 0
1635998801282 0 0
1635998802544 0 0
1635998805550 0 0
1635998806834 0 0
1635998808115 0 0
