1635998745898 1.7493816018104553 0
1635998748618 1.3482822179794312 0
1635998749830 1.0205591022968292 0
1635998751047 1.1348790228366852 0
1635998752263 1.1362201571464539 0
1635998753457 1.184743493795395 0
1635998754661 1.5616828203201294 0
1635998755913 1.3856787979602814 0
1635998757166 1.005876362323761 0
1635998758411 1.4551896005868912 0
1635998759655 1.1407564878463745 0
1635998762524 1.4542284607887268 0
1635998763842 1.0866814702749252 0
1635998765147 1.1937479972839355 0
1635998766453 1.0195080116391182 0
1635998767719 1.3962654173374176 0
1635998769004 1.0356005430221558 0
1635998770268 1.16000384837389 0
1635998771531 0.9720160290598869 0
1635998772829 1.2967478036880493 0
1635998774072 1.1273095607757568 0
1635998776918 1.01395682990551 0
1635998778184 1.1911394447088242 0
1635998779415 1.280322253704071 0
1635998780669 0.9204417616128922 0
1635998781906 1.1963273361325264 0
1635998783159 1.0120363309979439 0
1635998784423 1.2375508844852448 0
1635998785668 1.238887906074524 0
1635998786921 1.074066624045372 0
1635998788175 1.1559533886611462 0
1635998791040 1.3161078169941902 0
1635998792330 0.9903111271560192 0
1635998793635 1.1976599246263504 0
1635998794967 1.1425909250974655 0
1635998796254 1.385047361254692 0
1635998797523 1.1423272490501404 0
1635998798788 1.0582598075270653 0
1635998800037 1.1353062987327576 0
1635998801300 1.3067980334162712 0
1635998802564 1.1377581655979156 0
1635998805570 1.1618161872029305 0
1635998806854 1.0213976725935936 0
1635998808132 1.0189261063933372 0
