1635998745887 -1 0
1635998748608 -1 0
1635998749822 -1 0
1635998751037 -1 0
1635998752253 -1 0
1635998753455 -1 0
1635998754651 -1 0
1635998755901 -1 0
1635998757148 -1 0
1635998758401 -1 0
1635998759635 -1 0
1635998762512 -1 0
1635998763830 -1 0
1635998765127 -1 0
1635998766443 -1 0
1635998767709 -1 0
1635998768992 -1 0
1635998770258 -1 0
1635998771513 -1 0
1635998772809 -1 0
1635998774062 -1 0
1635998776904 -1 0
1635998778171 -1 0
1635998779397 -1 0
1635998780651 -1 0
1635998781896 -1 0
1635998783139 -1 0
1635998784403 -1 0
1635998785658 -1 0
1635998786909 -1 0
1635998788155 -1 0
1635998791027 -1 0
1635998792310 -1 0
1635998793617 -1 0
1635998794954 -1 0
1635998796243 -1 0
1635998797507 -1 0
1635998798771 -1 0
1635998800027 -1 0
1635998801282 -1 0
1635998802546 -1 0
1635998805560 -1 0
1635998806844 -1 0
1635998808120 -1 0
