1635998745895 2.70651912689209 0
1635998748608 1.8297599852085114 0
1635998749822 1.5291930139064789 0
1635998751039 0.6476503256708384 0
1635998752253 1.167393658310175 0
1635998753457 0.17219799291342497 0
1635998754659 0.25285811349749565 0
1635998755903 0.3550841194810346 0
1635998757148 0.5161057710647583 0
1635998758401 0.3496627751737833 0
1635998759645 0.5944895623251796 0
1635998762514 0.3748586925212294 0
1635998763832 0.10900380415841937 0
1635998765134 0.8114136969670653 0
1635998766443 0.42925448901951313 0
1635998767709 0.3369089196785353 0
1635998768994 0.5343881780281663 0
1635998770258 0.8569186828099191 0
1635998771513 0.6724871625192463 0
1635998772819 0.811633511679247 0
1635998774062 0.7512021943693981 0
1635998776907 0.42707257252186537 0
1635998778173 1.0064257383346558 0
1635998779405 0.5875075506046414 0
1635998780651 0.4874850995838642 0
1635998781896 0.783134120341856 0
1635998783147 0.32252366456668824 0
1635998784411 0.09714566916227341 0
1635998785658 0.7123314733617008 0
1635998786911 0.704019122524187 0
1635998788166 0.5664142516907305 0
1635998791030 0.7974978911224753 0
1635998792314 0.9087826637551188 0
1635998793620 0.21874151669908315 0
1635998794956 0.7336110323667526 0
1635998796245 0.6091486549703404 0
1635998797510 0.20268419085186906 0
1635998798778 0.9614589405246079 0
1635998800027 1.2670307089574635 0
1635998801290 0.4897294898983091 0
1635998802546 0.36220935988239944 0
1635998805560 1.1983306627371348 0
1635998806844 0.6735374082345515 0
1635998808123 0.9103994083125144 0
