1642661554057 4.825716495513916 0
1642661560643 1.9410489797592163 0
1642661566165 1.8174045085906982 0
1642661571561 1.5013113021850586 0
1642661576951 1.0946462154388428 0
1642661582510 5.717656135559082 0
1642661588047 2.4224774837493896 0
1642661593324 1.4719735383987427 0
1642661598587 1.2085529565811157 0
1642661603846 2.0085597038269043 0
1642661609085 1.7817714214324951 0
1642661614346 1.3243083953857422 0
1642661619603 2.43640398979187 0
1642661624885 2.172234058380127 0
1642661630143 3.9900360107421875 0
1642661635483 1.161482334136963 0
1642661640959 3.9194045066833496 0
1642661646596 2.2843174934387207 0
1642661652016 4.99059534072876 0
1642661657365 0.8628934621810913 0
