1642661554041 5.3795166015625 0
1642661560636 0.7313451170921326 0
1642661566165 0.8793246150016785 0
1642661571561 0.8778576552867889 0
1642661576936 0.96708083152771 0
1642661582495 0.8079032301902771 0
1642661588041 0.8967333436012268 0
1642661593308 1.024907410144806 0
1642661598571 0.8171856701374054 0
1642661603830 0.47183509916067123 0
1642661609085 1.3125134110450745 0
1642661614331 1.5461305379867554 0
1642661619603 0.7873855233192444 0
1642661624869 0.9901119470596313 0
1642661630128 1.6509914994239807 0
1642661635476 1.1081616580486298 0
1642661640959 1.2021386623382568 0
1642661646588 0.47151143848896027 0
1642661652001 1.515552282333374 0
1642661657359 1.5073039531707764 0
