1642661554057 3.666698932647705 0
1642661560645 0.8487749397754669 0
1642661566165 0.39306865632534027 0
1642661571576 0.5041964203119278 0
1642661576951 0.586042195558548 0
1642661582510 0.593624547123909 0
1642661588049 0.38662973791360855 0
1642661593324 0.8438958823680878 0
1642661598587 0.36810410022735596 0
1642661603846 0.5559752583503723 0
1642661609101 0.3907623589038849 0
1642661614346 0.5919734239578247 0
1642661619603 0.42946742475032806 0
1642661624885 0.5503153800964355 0
1642661630143 0.25651152431964874 0
1642661635484 0.431751012802124 0
1642661640959 0.16019000113010406 0
1642661646598 0.6448341906070709 0
1642661652016 0.1442265436053276 0
1642661657367 0.2399716004729271 0
