1634007626641 0 0
1634007633129 1 0
1634007638854 2 0
1634007644492 3 0
1634007650096 4 0
1634007655705 5 0
1634007661362 6 0
1634007666983 7 0
1634007672589 8 0
1634007678159 9 0
1634007683697 10 0
1634007690027 11 0
1634007695585 12 0
1634007701187 13 0
1634007706733 14 0
1634007892681 15 0
1634007898267 16 0
1634007903770 17 0
1634007909366 18 0
1634007914947 19 0
1634007920527 20 0
1634007926736 21 0
1634007932414 22 0
1634007938064 23 0
1634007943624 24 0
1634007949046 25 0
1634007954463 26 0
1634007959979 27 0
1634007965474 28 0
1634007970891 29 0
1634007976416 30 0
1634007982541 31 0
1634007988112 32 0
1634007993686 33 0
1634007999278 34 0
1634008004879 35 0
1634008010480 36 0
1634008016051 37 0
1634008021637 38 0
1634008027219 39 0
1634008032712 40 0
1634008039061 41 0
1634008044790 42 0
1634008050305 43 0
1634008056014 44 0
1634008061693 45 0
1634008067345 46 0
1634008072904 47 0
1634008078505 48 0
1634008084118 49 0
1634008089712 50 0
1634008096062 51 0
1634008101758 52 0
1634008107441 53 0
1634008113051 54 0
1634008118665 55 0
1634008124264 56 0
1634008129803 57 0
1634008135306 58 0
1634008140804 59 0
1634008146293 60 0
1634008152510 61 0
1634008158128 62 0
1634008163726 63 0
1634008169286 64 0
1634008175052 65 0
1634008180593 66 0
1634008186141 67 0
1634008191707 68 0
1634008197273 69 0
1634008202847 70 0
1634008209124 71 0
1634008214716 72 0
1634008220370 73 0
1634008225879 74 0
1634008231500 75 0
1634008237070 76 0
1634008242676 77 0
1634008248232 78 0
1634008253871 79 0
1634008259421 80 0
1634008265734 81 0
1634008271262 82 0
1634008276846 83 0
1634008282343 84 0
1634008287897 85 0
1634008293566 86 0
1634008299179 87 0
1634008304752 88 0
1634008310359 89 0
1634008315925 90 0
1634008322282 91 0
1634008327909 92 0
1634008333499 93 0
1634008339169 94 0
1634008344761 95 0
1634008350358 96 0
1634008356002 97 0
1634008361536 98 0
1634008367096 99 0
