1634007626657 2.4077858924865723 0
1634007633145 1.5116061568260193 0
1634007638854 2.8303402066230774 0
1634007644500 1.5000022649765015 0
1634007650096 1.000034810127545 0
1634007655710 2.0000168085098267 0
1634007661367 1.5595991611480713 0
1634007666983 1.9932045936584473 0
1634007672605 1.999991536140442 0
1634007678164 3.340170443058014 0
1634007683712 1.5001133680343628 0
1634007690042 0.5000298259728879 0
1634007695585 1.5659343004226685 0
1634007701203 1.1615277081727982 0
1634007706733 2.0000027418136597 0
1634007892681 2.0 0
1634007898267 2.000076413154602 0
1634007903770 2.0 0
1634007909371 2.0 0
1634007914952 1.9999997019767761 0
1634007920533 1.9998576641082764 0
1634007926736 1.4995973110198975 0
1634007932419 2.0 0
1634007938069 1.5 0
1634007943628 1.5468937158584595 0
1634007949046 2.0 0
1634007954478 2.0 0
1634007959979 2.0 0
1634007965474 1.9781591892242432 0
1634007970907 2.0001277923583984 0
1634007976421 2.0081290006637573 0
1634007982541 1.9669592380523682 0
1634007988116 1.9613202810287476 0
1634007993691 3.376293182373047 0
1634007999283 2.1193008422851562 0
1634008004883 1.9999969005584717 0
1634008010485 2.000136613845825 0
1634008016058 2.0 0
1634008021642 2.000009596347809 0
1634008027219 2.0 0
1634008032712 2.0000001192092896 0
1634008039066 2.0 0
1634008044790 2.0004009008407593 0
1634008050310 2.0001105070114136 0
1634008056014 1.5980059504508972 0
1634008061698 2.0 0
1634008067350 2.8776700496673584 0
1634008072909 2.4603850841522217 0
1634008078510 2.0 0
1634008084134 2.0 0
1634008089728 2.0 0
1634008096067 1.5005446076393127 0
1634008101763 1.9997014999389648 0
1634008107446 2.482970118522644 0
1634008113056 2.0 0
1634008118670 1.9999998807907104 0
1634008124269 2.0 0
1634008129808 1.8627135753631592 0
1634008135306 1.5082637667655945 0
1634008140809 1.9999959468841553 0
1634008146298 2.0000064373016357 0
1634008152515 1.9998565316200256 0
1634008158133 2.0 0
1634008163731 2.0 0
1634008169286 2.0000001192092896 0
1634008175052 3.499203085899353 0
1634008180593 2.0 0
1634008186157 1.5037245154380798 0
1634008191707 1.9999792575836182 0
1634008197273 2.0 0
1634008202847 2.000000476837158 0
1634008209124 2.0 0
1634008214716 1.7464869618415833 0
1634008220375 2.6044182777404785 0
1634008225884 2.0000569820404053 0
1634008231504 2.0021406412124634 0
1634008237075 2.0000025033950806 0
1634008242680 2.172428846359253 0
1634008248232 1.6839797496795654 0
1634008253871 1.999943494796753 0
1634008259421 2.0000001192092896 0
1634008265734 2.0 0
1634008271262 2.0 0
1634008276846 2.0000027418136597 0
1634008282343 2.0000016689300537 0
1634008287912 2.000015139579773 0
1634008293571 1.9999994039535522 0
1634008299184 2.000000238418579 0
1634008304757 1.9999959468841553 0
1634008310365 3.4873733520507812 0
1634008315930 2.0007896423339844 0
1634008322287 2.0 0
1634008327914 2.0 0
1634008333499 2.7704403400421143 0
1634008339173 2.0 0
1634008344766 1.988330364227295 0
1634008350363 2.0 0
1634008356006 2.0 0
1634008361541 1.9990472793579102 0
1634008367101 2.000057578086853 0
