1634007626657 9.717859268188477 0
1634007633145 3.2609376907348633 0
1634007638854 5.782494306564331 0
1634007644501 3.7348201274871826 0
1634007650096 3.261037588119507 0
1634007655711 2.9280433654785156 0
1634007661368 3.6307125091552734 0
1634007666994 2.537155032157898 0
1634007672605 2.693212866783142 0
1634007678165 1.8934476375579834 0
1634007683712 2.472130060195923 0
1634007690042 2.502367377281189 0
1634007695585 2.4681671857833862 0
1634007701203 2.232724964618683 0
1634007706733 1.8312839269638062 0
1634007892681 1.9317989349365234 0
1634007898267 2.561578869819641 0
1634007903770 1.8853559494018555 0
1634007909374 1.7055723071098328 0
1634007914953 2.60236656665802 0
1634007920533 2.7100179195404053 0
1634007926736 2.2445632219314575 0
1634007932420 1.9941372871398926 0
1634007938071 2.029287576675415 0
1634007943630 2.511822819709778 0
1634007949046 3.233221650123596 0
1634007954478 1.5579556226730347 0
1634007959979 1.7772125005722046 0
1634007965474 3.0713727474212646 0
1634007970907 2.3758615255355835 0
1634007976422 2.145788073539734 0
1634007982557 2.0664179921150208 0
1634007988118 2.201361656188965 0
1634007993692 2.13332736492157 0
1634007999285 3.2288914918899536 0
1634008004885 1.3364248871803284 0
1634008010486 1.856949806213379 0
1634008016059 1.3382459878921509 0
1634008021643 1.6620294451713562 0
1634008027219 1.4056615233421326 0
1634008032712 1.4434319138526917 0
1634008039068 1.5081999897956848 0
1634008044790 2.3602548837661743 0
1634008050311 1.6048063039779663 0
1634008056014 2.2772680521011353 0
1634008061698 1.565037727355957 0
1634008067351 2.0613759756088257 0
1634008072910 1.8616384267807007 0
1634008078511 1.7654446363449097 0
1634008084134 2.022060811519623 0
1634008089733 1.7955953478813171 0
1634008096069 1.3717448115348816 0
1634008101764 1.693084716796875 0
1634008107447 2.057488441467285 0
1634008113057 1.5947105586528778 0
1634008118671 1.52781480550766 0
1634008124271 1.6809800267219543 0
1634008129810 1.76752108335495 0
1634008135306 2.4867321848869324 0
1634008140811 1.7321407794952393 0
1634008146299 2.1338568925857544 0
1634008152517 1.3444690108299255 0
1634008158134 1.1049214005470276 0
1634008163732 1.4083784222602844 0
1634008169286 2.031224310398102 0
1634008175068 1.2236124277114868 0
1634008180593 1.8677135109901428 0
1634008186157 1.6284181475639343 0
1634008191707 1.7727949023246765 0
1634008197273 1.2653106451034546 0
1634008202847 1.3642539381980896 0
1634008209124 1.1176913380622864 0
1634008214732 1.8013748526573181 0
1634008220376 1.470560610294342 0
1634008225885 2.6266393661499023 0
1634008231506 1.8818301558494568 0
1634008237076 1.4033301770687103 0
1634008242682 1.420067548751831 0
1634008248232 1.6651086807250977 0
1634008253871 1.4225193858146667 0
1634008259421 1.2316824197769165 0
1634008265734 1.7328811883926392 0
1634008271262 1.4017487168312073 0
1634008276846 1.367238461971283 0
1634008282343 1.3983771204948425 0
1634008287912 1.7643026113510132 0
1634008293572 1.6024287343025208 0
1634008299185 1.425169289112091 0
1634008304758 1.4499821662902832 0
1634008310366 1.1286084651947021 0
1634008315931 1.1799841523170471 0
1634008322289 1.6154140830039978 0
1634008327915 1.0343741476535797 0
1634008333499 2.1878902912139893 0
1634008339175 1.3025685548782349 0
1634008344767 1.395919382572174 0
1634008350364 1.9751240015029907 0
1634008356008 1.24922114610672 0
1634008361542 1.453117549419403 0
1634008367101 2.318934977054596 0
