1634007626657 4.042025566101074 0
1634007633145 1.046659231185913 0
1634007638854 3.3849172592163086 0
1634007644504 1.9337711334228516 0
1634007650096 1.8388283252716064 0
1634007655714 1.1622586250305176 0
1634007661371 1.433269739151001 0
1634007666997 0.9503512382507324 0
1634007672605 1.520837426185608 0
1634007678168 0.7339094877243042 0
1634007683712 1.1798076629638672 0
1634007690042 1.1869280338287354 0
1634007695600 1.4957330226898193 0
1634007701203 0.8385860323905945 0
1634007706733 0.8259587287902832 0
1634007892681 0.9572356939315796 0
1634007898267 1.5328991413116455 0
1634007903787 0.8083822727203369 0
1634007909377 0.739819347858429 0
1634007914956 1.399357795715332 0
1634007920533 1.4994614124298096 0
1634007926736 1.0354864597320557 0
1634007932423 0.977144718170166 0
1634007938074 0.8706848621368408 0
1634007943633 1.203003168106079 0
1634007949061 2.122596263885498 0
1634007954478 0.5223549604415894 0
1634007959979 0.6859229803085327 0
1634007965490 1.165360927581787 0
1634007970907 1.5166125297546387 0
1634007976425 1.0083900690078735 0
1634007982557 0.9620162844657898 0
1634007988121 0.9019845724105835 0
1634007993695 0.9145106077194214 0
1634007999288 1.998715877532959 0
1634008004888 0.5283027291297913 0
1634008010489 0.897828221321106 0
1634008016062 0.5464856624603271 0
1634008021646 0.7783316969871521 0
1634008027235 0.5592867732048035 0
1634008032727 0.6219481229782104 0
1634008039071 0.6908191442489624 0
1634008044790 1.13919198513031 0
1634008050314 0.5916370153427124 0
1634008056014 1.064252495765686 0
1634008061698 0.5820567011833191 0
1634008067354 1.1176823377609253 0
1634008072913 0.8387141227722168 0
1634008078514 0.6706697940826416 0
1634008084134 0.6024424433708191 0
1634008089735 0.8964893221855164 0
1634008096072 0.5382003784179688 0
1634008101767 0.7456023693084717 0
1634008107451 1.091413974761963 0
1634008113060 0.3874926269054413 0
1634008118674 0.4768494963645935 0
1634008124273 0.5788150429725647 0
1634008129813 0.5404190421104431 0
1634008135306 0.529062807559967 0
1634008140814 0.563305139541626 0
1634008146302 1.0762571096420288 0
1634008152520 0.6244106292724609 0
1634008158137 0.5079253911972046 0
1634008163735 0.7686233520507812 0
1634008169286 1.2221958637237549 0
1634008175068 0.45041215419769287 0
1634008180593 1.08180570602417 0
1634008186157 0.7426133155822754 0
1634008191722 0.9587640762329102 0
1634008197273 0.5897567272186279 0
1634008202862 0.5180177092552185 0
1634008209140 0.41498899459838867 0
1634008214732 0.9339338541030884 0
1634008220379 0.5810346603393555 0
1634008225888 1.564992904663086 0
1634008231509 1.1135876178741455 0
1634008237079 0.4551161825656891 0
1634008242685 0.7583119869232178 0
1634008248247 0.7753297090530396 0
1634008253887 0.47711431980133057 0
1634008259421 0.710131049156189 0
1634008265734 1.008713722229004 0
1634008271262 0.4790986180305481 0
1634008276846 0.6232470273971558 0
1634008282343 0.3149951100349426 0
1634008287912 1.1363327503204346 0
1634008293574 0.851733386516571 0
1634008299188 0.7447138428688049 0
1634008304761 0.6014537215232849 0
1634008310369 0.47833961248397827 0
1634008315934 0.5833320021629333 0
1634008322292 0.9992444515228271 0
1634008327919 0.32132819294929504 0
1634008333515 1.4854846000671387 0
1634008339178 0.6391822099685669 0
1634008344769 0.6931562423706055 0
1634008350367 0.8995585441589355 0
1634008356011 0.52578204870224 0
1634008361545 0.7769599556922913 0
1634008367105 1.5011003017425537 0
