1634007626657 12.125645637512207 0
1634007633129 4.772543907165527 0
1634007638854 8.612834930419922 0
1634007644492 5.2348222732543945 0
1634007650096 4.261072158813477 0
1634007655708 4.928060054779053 0
1634007661365 5.190311431884766 0
1634007666983 4.530359745025635 0
1634007672605 4.693204402923584 0
1634007678162 5.233618259429932 0
1634007683712 3.972243309020996 0
1634007690042 3.002397060394287 0
1634007695585 4.034101486206055 0
1634007701203 3.3942527770996094 0
1634007706733 3.831286907196045 0
1634007892681 3.9317989349365234 0
1634007898267 4.561655044555664 0
1634007903770 3.8853559494018555 0
1634007909369 3.7055723667144775 0
1634007914951 4.6023664474487305 0
1634007920530 4.709875583648682 0
1634007926736 3.7441604137420654 0
1634007932417 3.9941372871398926 0
1634007938068 3.529287576675415 0
1634007943627 4.058716773986816 0
1634007949046 5.233221530914307 0
1634007954478 3.557955741882324 0
1634007959979 3.777212619781494 0
1634007965474 5.049531936645508 0
1634007970907 4.3759894371032715 0
1634007976419 4.15391731262207 0
1634007982541 4.033377170562744 0
1634007988115 4.162682056427002 0
1634007993689 5.509620666503906 0
1634007999282 5.34819221496582 0
1634008004882 3.3364217281341553 0
1634008010483 3.857086181640625 0
1634008016056 3.3382461071014404 0
1634008021640 3.662039041519165 0
1634008027219 3.4056615829467773 0
1634008032712 3.443431854248047 0
1634008039065 3.508200168609619 0
1634008044790 4.360655784606934 0
1634008050308 3.604917049407959 0
1634008056014 3.875274181365967 0
1634008061696 3.565037727355957 0
1634008067349 4.9390459060668945 0
1634008072907 4.322023391723633 0
1634008078508 3.76544451713562 0
1634008084134 4.022060871124268 0
1634008089728 3.795595407485962 0
1634008096065 2.8722894191741943 0
1634008101761 3.69278621673584 0
1634008107445 4.540458679199219 0
1634008113054 3.5947105884552 0
1634008118668 3.5278148651123047 0
1634008124268 3.6809799671173096 0
1634008129806 3.630234718322754 0
1634008135306 3.9949960708618164 0
1634008140808 3.7321367263793945 0
1634008146296 4.13386344909668 0
1634008152514 3.344325542449951 0
1634008158132 3.104921340942383 0
1634008163729 3.4083783626556396 0
1634008169286 4.031224250793457 0
1634008175052 4.722815990447998 0
1634008180593 3.867713451385498 0
1634008186157 3.1321427822113037 0
1634008191707 3.7727742195129395 0
1634008197273 3.265310525894165 0
1634008202847 3.3642544746398926 0
1634008209124 3.1176912784576416 0
1634008214716 3.5478615760803223 0
1634008220373 4.074978828430176 0
1634008225882 4.626696586608887 0
1634008231503 3.8839707374572754 0
1634008237073 3.4033327102661133 0
1634008242679 3.592496395111084 0
1634008248232 3.349088191986084 0
1634008253871 3.4224629402160645 0
1634008259421 3.231682300567627 0
1634008265734 3.7328810691833496 0
1634008271262 3.4017486572265625 0
1634008276846 3.367241382598877 0
1634008282343 3.398378610610962 0
1634008287897 3.764317750930786 0
1634008293569 3.6024281978607178 0
1634008299182 3.4251694679260254 0
1634008304755 3.4499781131744385 0
1634008310364 4.6159820556640625 0
1634008315928 3.1807737350463867 0
1634008322286 3.6154141426086426 0
1634008327912 3.034374237060547 0
1634008333499 4.9583306312561035 0
1634008339172 3.3025684356689453 0
1634008344764 3.384249687194824 0
1634008350361 3.975123882293701 0
1634008356005 3.2492213249206543 0
1634008361539 3.452164649963379 0
1634008367099 4.318992614746094 0
