1630998221792 0.7941918488008433 0
1630998470997 0.721707021615591 0
1630998726563 0.6884100024240564 0
1630998973728 0.6909823765955775 0
1630999220279 0.6893939278930068 0
1630999471546 0.6854669753327425 0
1630999719421 0.6872347169611828 0
1630999961209 0.6968391943408786 0
1631000199673 0.7023059406194343 0
1631000441155 0.7057134354689034 0
1631000684413 0.7191968168838911 0
1631000927207 0.7222561419728291 0
1631001170649 0.7301052618457613 0
1631001410386 0.7332451321992527 0
1631001651989 0.7392181556626974 0
1631001893738 0.7434003116136576 0
1631002133176 0.7515260717236852 0
1631002372248 0.7551088789141323 0
1631002611902 0.7598169647067425 0
1631002850715 0.7608783485659633 0
1631003101616 0.7635833588709315 0
1631003340478 0.7708815023841628 0
1631003580322 0.7738697374441541 0
1631003818708 0.7716759292476149 0
1631004057397 0.7739541501884001 0
1631004295936 0.7803443997021179 0
1631004537883 0.7849350191024411 0
1631004776418 0.7892380848706491 0
1631005015742 0.7877811660249551 0
1631005254745 0.7926837187933639 0
1631005497747 0.7939395225909823 0
1631005739273 0.7975292026278487 0
1631005981807 0.7830103323402176 0
1631006222767 0.7923192399812031 0
1631006464940 0.7950635010219482 0
1631006704267 0.8039217971893674 0
1631006944772 0.8065985258085182 0
1631007189561 0.8075800013829425 0
1631007427954 0.8086221297103237 0
1631007665560 0.8072553582220194 0
1631007915868 0.8120777373572429 0
1631008154104 0.8131458856255174 0
1631008391507 0.8160326466502914 0
1631008630578 0.8190004947673843 0
1631008867834 0.8176375103284079 0
1631009108052 0.8177767816078234 0
1631009346104 0.8205933700124904 0
1631009585306 0.8201495961970591 0
1631009824006 0.8201372666531298 0
1631010062761 0.8204992564327742 0
1631010304622 0.8151634881295352 0
1631010547281 0.8246113374290699 0
1631010791830 0.8295417970203498 0
1631011030393 0.8318608475018696 0
1631011272280 0.8341156448944503 0
1631011511866 0.835664074464017 0
1631011751466 0.8364352530025572 0
1631011993313 0.8374452572989177 0
1631012241026 0.8389518383037617 0
1631012480776 0.8400352169950324 0
1631012736381 0.8395496186721751 0
1631012975705 0.8417296258800002 0
1631013216618 0.8418048437101294 0
1631013458037 0.8433802637709195 0
1631013697065 0.8434377610683444 0
1631013937561 0.8447779115424098 0
1631014179353 0.8460121007568865 0
1631014424108 0.8449541208255721 0
1631014662801 0.8453811486083342 0
1631014903089 0.8464993234858457 0
1631015144458 0.8482378986944636 0
1631015383112 0.8485840038362755 0
1631015620910 0.8496890448662168 0
1631015858760 0.8505580030291912 0
1631016097103 0.8517781542726313 0
1631016338964 0.851648372339915 0
1631016579211 0.8514572672815207 0
1631016817622 0.8521407706191743 0
1631017055909 0.8518788699644153 0
1631017295374 0.8513785126697588 0
1631017547321 0.8532955585473992 0
1631017786163 0.8539450358913603 0
1631018027696 0.8516338510685656 0
1631018268930 0.8541226448064828 0
1631018507654 0.8556839080460099 0
1631018749830 0.8569626969745364 0
1631018989541 0.8557170762355069 0
1631019232883 0.8574119637529536 0
1631019473875 0.8583426866904798 0
1631019713109 0.8592709565019032 0
1631019953457 0.8600278916847275 0
1631020190774 0.8601185952324465 0
1631020432862 0.8602395660905953 0
1631020669337 0.8610755061528771 0
1631020908415 0.8597425103905691 0
1631021142718 0.860459038651133 0
1631021380482 0.8617576594094196 0
1631021612896 0.862060469317149 0
1631021850991 0.8630221148571336 0
1631022091742 0.8616102998515214 0
1631022346338 0.8623544128544364 0
1631022587081 0.863555904971548 0
1631022829300 0.8559179837445176 0
1631023069578 0.8618896944695207 0
1631023309139 0.8622191738651462 0
1631023550937 0.8633945221642413 0
1631023790539 0.8646368635706158 0
1631024031475 0.8652357836085628 0
1631024273631 0.8657603037644582 0
1631024513834 0.8659764901701222 0
1631024758395 0.866642558071987 0
1631025000534 0.8676159762474426 0
1631025240680 0.8651347663029132 0
1631025484098 0.8664705792823473 0
1631025725803 0.8678545108042569 0
1631025967288 0.868183246937143 0
1631026211541 0.868877089885344 0
1631026453457 0.8684591905898362 0
1631026695591 0.8689381792602765 0
1631026939366 0.8694554782775512 0
1631027195544 0.868989448590451 0
1631027436515 0.8681380511766458 0
1631027673249 0.868338815419071 0
1631027910798 0.8691482271056579 0
1631028144597 0.8702972179435825 0
1631028377805 0.8707978883421562 0
1631028609958 0.8710149092128477 0
1631028842125 0.8710017520261094 0
1631029074010 0.8715149164199831 0
1631029309545 0.8709999286984825 0
1631029543524 0.8719652234071708 0
1631029775831 0.8710505513541666 0
1631030008686 0.8714828160871944 0
1631030241952 0.8694627988769348 0
1631030479014 0.8717520653483379 0
1631030713260 0.872170897133379 0
1631030946208 0.8729848962232292 0
1631031178237 0.8740894011704315 0
1631031409682 0.8737405980207839 0
1631031642189 0.8733598482177919 0
1631031886479 0.8734976914991815 0
1631032118939 0.8746530248458128 0
1631032356937 0.8742503520235957 0
1631032595160 0.8689414607473167 0
1631032828486 0.8701725989939216 0
1631033064442 0.8685748257550846 0
1631033297756 0.8727055594145536 0
1631033530604 0.874107252043414 0
1631033765095 0.8751694951430862 0
1631033997861 0.8759517587092986 0
1631034231402 0.8751412396689502 0
1631034463797 0.8726878956139803 0
1631034696410 0.875021214226642 0
1631034929212 0.8757201576807413 0
1631035165745 0.8765030374009926 0
1631035397990 0.8765380001929868 0
1631035630851 0.8763665262475072 0
1631035864101 0.8770844850195458 0
1631036103842 0.877389918967902 0
1631036338708 0.8763453328465843 0
1631036582281 0.8758172475429906 0
1631036814683 0.8733319051294444 0
1631037048206 0.8766171802957377 0
1631037281671 0.8775661113750504 0
1631037514514 0.8777766130774858 0
1631037748571 0.8780830269118389 0
1631037983268 0.8779832271926373 0
1631038216627 0.8763058648770107 0
1631038455023 0.8778111654591851 0
1631038689038 0.8784933862197832 0
1631038924613 0.8783441264945338 0
1631039157237 0.8746372885014637 0
1631039388956 0.8770312289875675 0
1631039621305 0.8743911762553526 0
1631039853358 0.8760740954473794 0
1631040085773 0.8782520477312156 0
1631040318461 0.8789261529244567 0
1631040550958 0.8784645138734795 0
1631040783992 0.8792070818234641 0
1631041017121 0.8796264109123184 0
1631041266936 0.880490783108286 0
1631041500968 0.8801856888345923 0
1631041734216 0.8798928099224365 0
1631041971975 0.8798813389008302 0
1631042206057 0.8768961828157122 0
1631042441130 0.8772057696997401 0
1631042676307 0.8769293344882594 0
1631042916268 0.8797572915812572 0
1631043157143 0.880201816558838 0
1631043398512 0.880797843976193 0
1631043636654 0.8813548597944791 0
1631043868882 0.8811171859143726 0
1631044103777 0.8812489046389798 0
1631044338758 0.8775204764791281 0
1631044573631 0.8794572547257665 0
1631044809818 0.8808129972004033 0
1631045043855 0.881251306059849 0
1631045279711 0.8802320860236525 0
1631045519437 0.8812418967844495 0
1631045767425 0.8813443629138442 0
