1630998221745 0.38572583302675945 0
1630998470997 0.5534668857433712 0
1630998726563 0.5957449243729374 0
1630998973712 0.6300144647977436 0
1630999220263 0.6550568686910417 0
1630999471531 0.6676473664232047 0
1630999719406 0.6816031900515042 0
1630999961209 0.7002967570919588 0
1631000199658 0.7098337027681878 0
1631000441155 0.7164440553590478 0
1631000684397 0.7343354673988852 0
1631000927207 0.7403497099876406 0
1631001170633 0.7502526429044194 0
1631001410386 0.7548426145530612 0
1631001651974 0.7626346622604919 0
1631001893738 0.7679675163992918 0
1631002133161 0.7780243158340455 0
1631002372232 0.783190047884562 0
1631002611902 0.7892405968832683 0
1631002850715 0.7899090694375789 0
1631003101600 0.7935003943472028 0
1631003340462 0.8021652676972996 0
1631003580306 0.8060039073587898 0
1631003818693 0.8037829108266944 0
1631004057381 0.8053256316357351 0
1631004295936 0.8132316681994015 0
1631004537883 0.8188336933233653 0
1631004776418 0.8237892152315159 0
1631005015726 0.8222052788878065 0
1631005254729 0.8279125887945472 0
1631005497747 0.8292090526546335 0
1631005739258 0.8337054514741323 0
1631005981807 0.8175322955631351 0
1631006222752 0.8281291949461741 0
1631006464940 0.830353400075292 0
1631006704267 0.8410910612129306 0
1631006944757 0.8441685919302053 0
1631007189561 0.8446471719856721 0
1631007427938 0.8468129871839503 0
1631007665545 0.8446392370275703 0
1631007915852 0.850419523845236 0
1631008154089 0.8519149049218879 0
1631008391507 0.855187368680196 0
1631008630578 0.858072755925627 0
1631008867818 0.8572653226823689 0
1631009108037 0.8569516650883546 0
1631009346089 0.8605284532868717 0
1631009585290 0.8598299866699306 0
1631009824006 0.8597614740032752 0
1631010062745 0.8602471304945197 0
1631010304622 0.8538689074746101 0
1631010547266 0.8644917090255094 0
1631010791830 0.8699864605105067 0
1631011030393 0.8725503955978942 0
1631011272264 0.8750966015350388 0
1631011511850 0.8769064287105239 0
1631011751450 0.8778863538460561 0
1631011993313 0.8789785960352565 0
1631012241011 0.8803783170430058 0
1631012480760 0.8814972613949371 0
1631012736366 0.8816550661282371 0
1631012975689 0.8835603339844438 0
1631013216603 0.8833776123552431 0
1631013458022 0.8849719059036438 0
1631013697065 0.8852492366210521 0
1631013937561 0.8866778005318469 0
1631014179338 0.8878887464483101 0
1631014424093 0.886708170175552 0
1631014662786 0.8871081844869865 0
1631014903074 0.8884126490139103 0
1631015144458 0.8902617251298517 0
1631015383096 0.8907452286726019 0
1631015620910 0.8918368924094969 0
1631015858745 0.8928126283438812 0
1631016097103 0.89382519851248 0
1631016338964 0.8938486005168359 0
1631016579211 0.8936817254646713 0
1631016817606 0.8941287071589966 0
1631017055893 0.8939251346760485 0
1631017295374 0.8932735015110794 0
1631017547321 0.8953354847000311 0
1631017786147 0.8962514249675246 0
1631018027696 0.8935605003891223 0
1631018268930 0.8963798708226308 0
1631018507639 0.8979708940149792 0
1631018749830 0.899146556495184 0
1631018989541 0.8980867758572822 0
1631019232868 0.8995208815637847 0
1631019473875 0.9005887511982978 0
1631019713109 0.901569739881768 0
1631019953440 0.9023925626134297 0
1631020190758 0.9024489758962608 0
1631020432862 0.9025128376053042 0
1631020669321 0.9032475887292843 0
1631020908399 0.9017915930374559 0
1631021142718 0.9024101567555624 0
1631021380482 0.9038601657712316 0
1631021612896 0.9042434922183855 0
1631021850975 0.9051281878029009 0
1631022091742 0.9036797468202659 0
1631022346322 0.9043879225311507 0
1631022587081 0.905830355293779 0
1631022829300 0.897903197501079 0
1631023069563 0.9038300510630547 0
1631023309139 0.9043417124145001 0
1631023550937 0.9057722073721599 0
1631023790523 0.9068719374846266 0
1631024031475 0.9074883759021757 0
1631024273616 0.9080462610147086 0
1631024513818 0.9082664682204462 0
1631024758395 0.9088704122836333 0
1631025000519 0.9097208143716833 0
1631025240664 0.9071821369320506 0
1631025484082 0.9088651918503177 0
1631025725803 0.9099924578724136 0
1631025967288 0.9105439692376606 0
1631026211526 0.9110959466681423 0
1631026453441 0.9108100063111407 0
1631026695591 0.9109871369528479 0
1631026939366 0.9115077555179595 0
1631027195528 0.9111128485346413 0
1631027436515 0.9101529800030124 0
1631027673249 0.9103824424456401 0
1631027910782 0.9113914151507688 0
1631028144581 0.9124484022697771 0
1631028377789 0.9129125960620049 0
1631028609943 0.9130491416856464 0
1631028842125 0.9131221221872126 0
1631029073995 0.9134555494928938 0
1631029309545 0.9133241302277669 0
1631029543524 0.9139580486050571 0
1631029775815 0.9129470877618676 0
1631030008686 0.913551888911121 0
1631030241952 0.9113658580435324 0
1631030478998 0.9134535211396504 0
1631030713244 0.9140087218887835 0
1631030946193 0.9149912570614412 0
1631031178237 0.9159026045397107 0
1631031409666 0.9156781531960131 0
1631031642173 0.9152071274906758 0
1631031886464 0.9156430230801368 0
1631032118939 0.9165482822670993 0
1631032356922 0.916292871337339 0
1631032595160 0.9103822948702847 0
1631032828471 0.9116781713014628 0
1631033064442 0.910180701548795 0
1631033297740 0.9144097983119003 0
1631033530588 0.9159251523305135 0
1631033765095 0.9171291841081827 0
1631033997845 0.9178035593176461 0
1631034231402 0.9172783763293757 0
1631034463797 0.9142422349338066 0
1631034696410 0.9167442899870584 0
1631034929196 0.9176323772913004 0
1631035165745 0.9184086566948028 0
1631035397974 0.9183290288390884 0
1631035630851 0.9185044729565999 0
1631035864085 0.9190406149410337 0
1631036103842 0.9192607998847965 0
1631036338708 0.9182324969624902 0
1631036582281 0.9174395537520029 0
1631036814683 0.9149423776620842 0
1631037048191 0.9184352590377072 0
1631037281655 0.919316120894559 0
1631037514514 0.9197797911712922 0
1631037748555 0.9199329058089891 0
1631037983253 0.9197932302233685 0
1631038216627 0.9177648626178143 0
1631038455008 0.9193677069192909 0
1631038689022 0.9202734835176584 0
1631038924613 0.9201436286949249 0
1631039157237 0.9161048409450485 0
1631039388956 0.9187026289572201 0
1631039621305 0.9159835365163276 0
1631039853343 0.9176012198609039 0
1631040085773 0.9199239651122725 0
1631040318446 0.9206845110439391 0
1631040550942 0.9201460175485496 0
1631040783992 0.9211810385606382 0
1631041017105 0.9214475890958164 0
1631041266936 0.9221489149403859 0
1631041500968 0.9219993022551021 0
1631041734200 0.9217864282159921 0
1631041971975 0.9215976509703209 0
1631042206041 0.9186437621892215 0
1631042441130 0.9187939928238649 0
1631042676292 0.9184972891606478 0
1631042916252 0.9213012410215583 0
1631043157143 0.9220621557120817 0
1631043398496 0.92259897525052 0
1631043636638 0.923088038542185 0
1631043868866 0.9228871242109553 0
1631044103777 0.9228088568492108 0
1631044338743 0.919398262199149 0
1631044573615 0.9210726521819467 0
1631044809802 0.922413964587522 0
1631045043839 0.9230252698243383 0
1631045279695 0.9223772962409332 0
1631045519437 0.9230028240077469 0
1631045767425 0.9231163309999261 0
