1630998221792 0.787447888449014 0
1630998470997 0.9115423922797287 0
1630998726563 0.9289596666054557 0
1630998973712 0.938073843717575 0
1630999220263 0.9444281896912906 0
1630999471546 0.9476642116724732 0
1630999719421 0.9506483602236551 0
1630999961209 0.9540249611957962 0
1631000199658 0.9556993113224763 0
1631000441155 0.9568409068756791 0
1631000684413 0.9596688801265625 0
1631000927207 0.9606989008116432 0
1631001170649 0.9622228845774409 0
1631001410386 0.9629413539386652 0
1631001651989 0.9641598046544088 0
1631001893738 0.9649687474032485 0
1631002133176 0.9664765377360655 0
1631002372232 0.9672578404466792 0
1631002611902 0.9681680726717751 0
1631002850715 0.9682432714715065 0
1631003101616 0.968785905335323 0
1631003340478 0.9700547797852253 0
1631003580322 0.9706379602472468 0
1631003818708 0.9703244843396799 0
1631004057397 0.970510868063892 0
1631004295936 0.9716835883726561 0
1631004537883 0.9724902736853405 0
1631004776418 0.9732265027172593 0
1631005015742 0.9729981619909586 0
1631005254745 0.9738200428974196 0
1631005497747 0.9740134732550886 0
1631005739258 0.9746590008936733 0
1631005981807 0.9723313177924555 0
1631006222767 0.9738629945071349 0
1631006464940 0.9741656905915366 0
1631006704267 0.9757198842175033 0
1631006944772 0.9761721412819551 0
1631007189561 0.9762194368494562 0
1631007427938 0.9765511805034546 0
1631007665545 0.976230088845793 0
1631007915852 0.97706818975598 0
1631008154104 0.977308744048498 0
1631008391507 0.9777546675808463 0
1631008630578 0.9781580208295801 0
1631008867818 0.978062644421336 0
1631009108037 0.9779981349606113 0
1631009346089 0.9785210177840957 0
1631009585306 0.9784146694533796 0
1631009824006 0.9784002325620996 0
1631010062761 0.9784748891750014 0
1631010304622 0.9775540178798765 0
1631010547266 0.9790699934384909 0
1631010791830 0.9798592415200659 0
1631011030393 0.9802163333059792 0
1631011272280 0.9805783022599047 0
1631011511850 0.9808458107781699 0
1631011751466 0.9809750013322713 0
1631011993313 0.9811310559870249 0
1631012241011 0.9813199133039961 0
1631012480776 0.9814785805093239 0
1631012736381 0.9815286189676766 0
1631012975705 0.9817779574049526 0
1631013216603 0.9817436926336172 0
1631013458037 0.9819712979965898 0
1631013697065 0.9820149867649536 0
1631013937561 0.9822079043790517 0
1631014179353 0.982377454099885 0
1631014424108 0.9822204511567776 0
1631014662801 0.9822773829282052 0
1631014903074 0.9824467886643238 0
1631015144458 0.9827126160443552 0
1631015383096 0.9827726727508639 0
1631015620910 0.9829321715487057 0
1631015858745 0.9830720008137716 0
1631016097103 0.9832097658191822 0
1631016338964 0.9832091590008106 0
1631016579211 0.9831915580364595 0
1631016817606 0.9832488905234512 0
1631017055909 0.9832182131617897 0
1631017295374 0.9831290284553207 0
1631017547321 0.983416667185634 0
1631017786163 0.9835549011287921 0
1631018027696 0.9831730978316574 0
1631018268930 0.9835733053195906 0
1631018507639 0.9837914428797112 0
1631018749830 0.9839455514069069 0
1631018989541 0.9837976424808962 0
1631019232883 0.9839997984558703 0
1631019473875 0.9841571636946804 0
1631019713109 0.9842907315995318 0
1631019953454 0.9844070130802064 0
1631020190774 0.9844035308763206 0
1631020432862 0.9844056357102222 0
1631020669337 0.9845098328877644 0
1631020908415 0.9843078101255809 0
1631021142718 0.9843930824693428 0
1631021380482 0.9846041364124025 0
1631021612896 0.9846555612173422 0
1631021850975 0.9847750182611397 0
1631022091742 0.9845720971205146 0
1631022346338 0.9846689313291072 0
1631022587081 0.984872978135764 0
1631022829300 0.9837694132184406 0
1631023069563 0.9845983070063304 0
1631023309139 0.984666471021721 0
1631023550937 0.984873807214829 0
1631023790539 0.9850097973662687 0
1631024031475 0.9851060832839412 0
1631024273631 0.9851728315094865 0
1631024513834 0.9852063440414793 0
1631024758395 0.9852908303938716 0
1631025000534 0.9854035528309377 0
1631025240664 0.985050250607801 0
1631025484082 0.9852876451360179 0
1631025725803 0.9854425084160041 0
1631025967288 0.9855169043483503 0
1631026211541 0.9855911954339726 0
1631026453441 0.9855602462607695 0
1631026695591 0.9855820486344491 0
1631026939366 0.9856510104903257 0
1631027195544 0.9855939394020172 0
1631027436515 0.9854628863822983 0
1631027673249 0.9855020369391846 0
1631027910798 0.9856287722127982 0
1631028144597 0.9857834796589541 0
1631028377805 0.9858321407473233 0
1631028609958 0.9858620015971633 0
1631028842125 0.9858747383198108 0
1631029073995 0.9859112264162087 0
1631029309545 0.9859024325767197 0
1631029543524 0.9859817193215157 0
1631029775831 0.9858388904347478 0
1631030008686 0.9859298758478051 0
1631030241952 0.9856305643018471 0
1631030479014 0.9859119280275093 0
1631030713260 0.9859875232340339 0
1631030946208 0.9861227948981596 0
1631031178237 0.986244330564177 0
1631031409682 0.9862200147416216 0
1631031642173 0.9861582804875201 0
1631031886464 0.9862079017133598 0
1631032118939 0.9863358840166806 0
1631032356937 0.9862944361675217 0
1631032595160 0.9854808284575683 0
1631032828471 0.9856592402400742 0
1631033064442 0.9854572494345974 0
1631033297756 0.9860494994973561 0
1631033530604 0.9862475858395358 0
1631033765095 0.9864049230713441 0
1631033997861 0.9865048233285004 0
1631034231402 0.9864433289292347 0
1631034463797 0.9860237431095306 0
1631034696410 0.9863595815308127 0
1631034929196 0.9864724982215699 0
1631035165745 0.9865805194320451 0
1631035397974 0.986568639795464 0
1631035630851 0.9865949721221464 0
1631035864085 0.9866722175873901 0
1631036103842 0.9867000120231905 0
1631036338708 0.9865522564175612 0
1631036582281 0.986444425152009 0
1631036814683 0.98610798027142 0
1631037048206 0.9865835563964153 0
1631037281671 0.9867068152111698 0
1631037514514 0.9867809382547809 0
1631037748571 0.986796211406409 0
1631037983268 0.9867665965154947 0
1631038216627 0.9865029249564709 0
1631038455008 0.9867112747876046 0
1631038689038 0.9868278481874121 0
1631038924613 0.9868035154888429 0
1631039157237 0.986267201512693 0
1631039388956 0.9866236681679647 0
1631039621305 0.9862500113177007 0
1631039853358 0.9864680860415999 0
1631040085773 0.9867837095116992 0
1631040318461 0.9868888923202651 0
1631040550942 0.9868145778954744 0
1631040783992 0.9869574297623465 0
1631041017121 0.9869932578988821 0
1631041266936 0.987081763615091 0
1631041500968 0.9870637899421785 0
1631041734216 0.9870284102767346 0
1631041971975 0.9870015120649911 0
1631042206057 0.986596551645233 0
1631042441130 0.9866347183664165 0
1631042676292 0.9865945398089401 0
1631042916268 0.9869677747588561 0
1631043157143 0.9870743661759853 0
1631043398512 0.9871399101004544 0
1631043636654 0.9872038446995149 0
1631043868866 0.9871852807251802 0
1631044103777 0.9871835076665306 0
1631044338758 0.9867197479828292 0
1631044573631 0.9869436772472886 0
1631044809818 0.9871202908366562 0
1631045043839 0.9872012544109162 0
1631045279711 0.9871136190661467 0
1631045519437 0.9871937575110467 0
1631045767425 0.98720408275903 0
