1634792071672 0 0
1634792075740 1 0
1634792078557 2 0
1634792081396 3 0
1634792084176 4 0
1634792086955 5 0
1634792089725 6 0
1634792092503 7 0
1634792095275 8 0
1634792098043 9 0
1634792100824 10 0
1634792104873 11 0
1634792107665 12 0
1634792110465 13 0
1634792113309 14 0
1634792116150 15 0
1634792118955 16 0
1634792121746 17 0
1634792124520 18 0
1634792127297 19 0
1634792130066 20 0
1634792134170 21 0
1634792136962 22 0
1634792139733 23 0
1634792142509 24 0
1634792145272 25 0
1634792148057 26 0
1634792150820 27 0
1634792153592 28 0
1634792156378 29 0
1634792159138 30 0
1634792163226 31 0
1634792165995 32 0
1634792168770 33 0
1634792171550 34 0
1634792174318 35 0
1634792177095 36 0
1634792179864 37 0
1634792182648 38 0
1634792185424 39 0
1634792188195 40 0
1634792192297 41 0
1634792195073 42 0
1634792197861 43 0
1634792200620 44 0
1634792203438 45 0
1634792209742 46 0
1634792212511 47 0
1634792215279 48 0
1634792218062 49 0
1634792220826 50 0
1634792224914 51 0
1634792227737 52 0
1634792230523 53 0
1634792238117 54 0
1634792249342 55 0
1634792252117 56 0
1634792254887 57 0
1634792257665 58 0
1634792260449 59 0
1634792263225 60 0
1634792267281 61 0
1634792270073 62 0
1634792272847 63 0
1634792275672 64 0
1634792278521 65 0
1634792281410 66 0
1634792284307 67 0
1634792287086 68 0
1634792289981 69 0
1634792292763 70 0
1634792296999 71 0
1634792299887 72 0
1634792302763 73 0
1634792305635 74 0
1634792308510 75 0
1634792311364 76 0
1634792314253 77 0
1634792317068 78 0
1634792319950 79 0
1634792322774 80 0
1634792326981 81 0
1634792329793 82 0
1634792332665 83 0
1634792335480 84 0
1634792338271 85 0
1634792341043 86 0
1634792343913 87 0
1634792346769 88 0
1634792349686 89 0
1634792352484 90 0
1634792356567 91 0
1634792359443 92 0
1634792362297 93 0
1634792365137 94 0
1634792367975 95 0
1634792370854 96 0
1634792373696 97 0
1634792376554 98 0
1634792379351 99 0
1634792382130 100 0
1634792386318 101 0
1634792389121 102 0
1634792391958 103 0
1634792394831 104 0
1634792397689 105 0
1634792400536 106 0
1634792403477 107 0
1634792406403 108 0
1634792409317 109 0
1634792412242 110 0
1634792416388 111 0
1634792419219 112 0
1634792422038 113 0
1634792424855 114 0
1634792427717 115 0
1634792430551 116 0
1634792433355 117 0
1634792436191 118 0
1634792439006 119 0
1634792441838 120 0
1634792446055 121 0
1634792448955 122 0
1634792451847 123 0
1634792454733 124 0
1634792457588 125 0
1634792460406 126 0
1634792463243 127 0
1634792466059 128 0
1634792468897 129 0
1634792471778 130 0
1634792475947 131 0
1634792478844 132 0
1634792481723 133 0
1634792484538 134 0
1634792487374 135 0
1634792490206 136 0
1634792493044 137 0
1634792495872 138 0
1634792498705 139 0
1634792501572 140 0
1634792505871 141 0
1634792508721 142 0
1634792511602 143 0
1634792514455 144 0
1634792517300 145 0
1634792520186 146 0
1634792523119 147 0
1634792526051 148 0
1634792528873 149 0
1634792531690 150 0
1634792535882 151 0
1634792538713 152 0
1634792541587 153 0
1634792544484 154 0
1634792547302 155 0
1634792550215 156 0
1634792553171 157 0
1634792556090 158 0
1634792559005 159 0
1634792561915 160 0
1634792566097 161 0
1634792569038 162 0
1634792571994 163 0
1634792574909 164 0
1634792577736 165 0
1634792580650 166 0
1634792583596 167 0
1634792586496 168 0
1634792589393 169 0
1634792592308 170 0
1634792596568 171 0
1634792599495 172 0
1634792602441 173 0
1634792605351 174 0
1634792608155 175 0
1634792610972 176 0
1634792613800 177 0
1634792616606 178 0
1634792619439 179 0
1634792622241 180 0
1634792626339 181 0
1634792629172 182 0
1634792631992 183 0
1634792634809 184 0
1634792637672 185 0
1634792640473 186 0
1634792643287 187 0
1634792646106 188 0
1634792648925 189 0
1634792651764 190 0
1634792656041 191 0
1634792658872 192 0
1634792661735 193 0
1634792664602 194 0
1634792667455 195 0
1634792670280 196 0
