1634792071694 4.9214184284210205 0
1634792075755 2.4014508724212646 0
1634792078557 2.8204556703567505 0
1634792081412 3.1690593957901 0
1634792084193 1.7201277613639832 0
1634792086970 1.4404754638671875 0
1634792089740 2.8794010281562805 0
1634792092518 1.7587765455245972 0
1634792095291 1.4399505853652954 0
1634792098059 3.2975683212280273 0
1634792100824 2.8398678302764893 0
1634792104889 1.2113636434078217 0
1634792107665 2.6982818841934204 0
1634792110465 2.543863534927368 0
1634792113324 2.390955090522766 0
1634792116166 1.6447837948799133 0
1634792118972 2.6504659056663513 0
1634792121762 1.3316019773483276 0
1634792124520 1.8323156833648682 0
1634792127297 1.5326752066612244 0
1634792130079 1.5638395547866821 0
1634792134186 2.7186933755874634 0
1634792136962 1.7916282415390015 0
1634792139733 4.42570424079895 0
1634792142509 1.7487224340438843 0
1634792145287 2.665220856666565 0
1634792148057 3.3688617944717407 0
1634792150836 1.496121108531952 0
1634792153608 2.280975043773651 0
1634792156378 2.3967825770378113 0
1634792159154 1.474757730960846 0
1634792163226 1.2027111947536469 0
1634792166010 1.4536352753639221 0
1634792168786 1.315309762954712 0
1634792171550 1.709707796573639 0
1634792174333 1.1422358751296997 0
1634792177111 1.610436201095581 0
1634792179880 1.735845685005188 0
1634792182648 1.4432480335235596 0
1634792185439 1.1027140021324158 0
1634792188210 1.9244564771652222 0
1634792192313 1.6549224257469177 0
1634792195089 2.3916306495666504 0
1634792197861 1.170316606760025 0
1634792200636 1.1480316817760468 0
1634792203446 1.7244297862052917 0
1634792209742 1.9535480737686157 0
1634792212526 1.2561330795288086 0
1634792215295 1.0238305628299713 0
1634792218062 1.2247984111309052 0
1634792220841 1.3726977109909058 0
1634792224929 0.9070072770118713 0
1634792227737 1.390645146369934 0
1634792230538 1.0135061144828796 0
1634792238122 1.2537844777107239 0
1634792249342 1.1607975363731384 0
1634792252117 0.986312747001648 0
1634792254903 0.9058517515659332 0
1634792257665 1.1383615136146545 0
1634792260449 1.1689841747283936 0
1634792263240 1.785355806350708 0
1634792267297 1.1527985334396362 0
1634792270073 0.8175582438707352 0
1634792272847 1.3593275249004364 0
1634792275672 0.8192409574985504 0
1634792278531 1.0158544927835464 0
1634792281420 1.270084798336029 0
1634792284315 1.4053773880004883 0
1634792287102 1.0648211240768433 0
1634792289990 1.0763438940048218 0
1634792292779 1.449336290359497 0
1634792297015 0.8593755066394806 0
1634792299897 1.0277565121650696 0
1634792302771 0.7650778293609619 0
1634792305635 1.0606083869934082 0
1634792308519 0.9000095129013062 0
1634792311373 1.075874924659729 0
1634792314269 1.2719185948371887 0
1634792317083 0.9496506750583649 0
1634792319954 1.0094762742519379 0
1634792322783 0.9125187397003174 0
1634792326989 0.8268821537494659 0
1634792329802 0.7809133529663086 0
1634792332674 0.8432657122612 0
1634792335489 0.8229356706142426 0
1634792338271 0.8842203617095947 0
1634792341043 0.79140305519104 0
1634792343922 0.7634763717651367 0
1634792346785 1.1601823568344116 0
1634792349702 0.7266725301742554 0
1634792352500 1.2188972234725952 0
1634792356576 0.8629011809825897 0
1634792359459 1.1090056896209717 0
1634792362312 0.8359781950712204 0
1634792365137 0.7400762736797333 0
1634792367991 0.6327864602208138 0
1634792370870 0.6264989897608757 0
1634792373696 1.2639512419700623 0
1634792376554 0.8036575019359589 0
1634792379367 1.0151700377464294 0
1634792382130 0.732694000005722 0
1634792386334 0.908126711845398 0
1634792389121 0.7650837600231171 0
1634792391974 0.6112134754657745 0
1634792394840 0.8297694325447083 0
1634792397698 0.8102077543735504 0
1634792400554 0.7733432650566101 0
1634792403486 0.8711189031600952 0
1634792406412 0.6716258823871613 0
1634792409326 0.8579555451869965 0
1634792412251 0.8802566826343536 0
1634792416404 0.8330909311771393 0
1634792419219 0.9094893932342529 0
1634792422038 0.6178558617830276 0
1634792424863 0.6907958984375 0
1634792427721 0.9318854212760925 0
1634792430556 1.081588327884674 0
1634792433378 0.7628798484802246 0
1634792436199 0.7407445907592773 0
1634792439006 0.7171508371829987 0
1634792441838 0.7023538649082184 0
1634792446065 0.7517636120319366 0
1634792448970 0.8424743413925171 0
1634792451856 0.8351306915283203 0
1634792454742 0.593848928809166 0
1634792457605 0.6511096134781837 0
1634792460421 0.6203148663043976 0
1634792463251 0.5467433929443359 0
1634792466068 0.5302719473838806 0
1634792468905 0.5925386250019073 0
1634792471787 0.8536034822463989 0
1634792475956 0.6029423475265503 0
1634792478853 0.6528087556362152 0
1634792481732 0.6445451378822327 0
1634792484538 0.7955700159072876 0
1634792487383 0.6391254663467407 0
1634792490206 0.6661882102489471 0
1634792493053 0.6846524029970169 0
1634792495887 0.6501174569129944 0
1634792498721 0.7107100486755371 0
1634792501580 0.7995071709156036 0
1634792505887 0.5656327903270721 0
1634792508741 0.5927908271551132 0
1634792511612 0.6303927004337311 0
1634792514463 0.8865797221660614 0
1634792517306 2.246843993663788 0
1634792520195 1.0702612400054932 0
1634792523127 0.9459617435932159 0
1634792526060 1.800306499004364 0
1634792528881 0.950230598449707 0
1634792531690 0.9754096567630768 0
1634792535890 0.9188918471336365 0
1634792538722 1.2698455452919006 0
1634792541596 1.0618674159049988 0
1634792544490 0.754537433385849 0
1634792547310 0.9366442263126373 0
1634792550223 0.7448209822177887 0
1634792553180 0.6581760048866272 0
1634792556090 0.79986572265625 0
1634792559014 0.7241767048835754 0
1634792561924 0.8653633892536163 0
1634792566106 0.6046006232500076 0
1634792569047 0.7248078882694244 0
1634792572002 0.6805981993675232 0
1634792574918 0.5597442835569382 0
1634792577747 0.6533594131469727 0
1634792580660 0.6928601264953613 0
1634792583605 0.7430267930030823 0
1634792586505 0.5565154999494553 0
1634792589401 0.7294783294200897 0
1634792592317 0.4970550611615181 0
1634792596578 0.5476552397012711 0
1634792599504 0.7506759762763977 0
1634792602449 0.6959523409605026 0
1634792605360 0.6399693042039871 0
1634792608177 0.662005215883255 0
1634792610988 0.5473259836435318 0
1634792613806 0.6643139123916626 0
1634792616622 0.5893016755580902 0
1634792619441 0.6608119904994965 0
1634792622256 0.5830275416374207 0
1634792626363 0.8791250586509705 0
1634792629172 0.8249937891960144 0
1634792632001 0.6454529464244843 0
1634792634817 0.6686962842941284 0
1634792637672 0.5547698438167572 0
1634792640494 0.755013570189476 0
1634792643309 0.5994731485843658 0
1634792646106 0.9116979539394379 0
1634792648925 0.6272808313369751 0
1634792651773 0.5106377005577087 0
1634792656050 0.5968780815601349 0
1634792658872 0.5279870182275772 0
1634792661745 0.5242331027984619 0
1634792664608 0.733983963727951 0
1634792667464 0.7094593644142151 0
1634792670288 0.545486718416214 0
