1634792071688 1.9179649353027344 0
1634792075755 0.6078947484493256 0
1634792078557 2.023711085319519 0
1634792081412 0.438873291015625 0
1634792084193 0.7341165542602539 0
1634792086970 0.582311362028122 0
1634792089740 0.3092247396707535 0
1634792092518 0.5688077509403229 0
1634792095291 0.38692761957645416 0
1634792098059 0.46735879778862 0
1634792100824 0.715564638376236 0
1634792104889 0.9280213713645935 0
1634792107665 0.5164490044116974 0
1634792110465 0.5125037729740143 0
1634792113324 0.3747152090072632 0
1634792116150 0.6491966247558594 0
1634792118972 0.6290133595466614 0
1634792121746 0.7802441120147705 0
1634792124520 0.8424787819385529 0
1634792127297 0.6369743347167969 0
1634792130079 0.6082159280776978 0
1634792134186 0.8805419057607651 0
1634792136962 0.41124553978443146 0
1634792139733 0.5337145328521729 0
1634792142509 0.6354610323905945 0
1634792145287 0.5801239013671875 0
1634792148057 0.6046094000339508 0
1634792150836 0.4730332940816879 0
1634792153608 0.8768783807754517 0
1634792156378 1.0285000503063202 0
1634792159154 0.7351831197738647 0
1634792163226 0.3750338852405548 0
1634792166010 0.5888951420783997 0
1634792168786 1.143603503704071 0
1634792171550 0.6665020287036896 0
1634792174333 0.7127841114997864 0
1634792177095 0.6487850546836853 0
1634792179880 0.886157900094986 0
1634792182648 1.0940924286842346 0
1634792185439 0.6897766888141632 0
1634792188210 0.5908098667860031 0
1634792192313 0.4864747226238251 0
1634792195089 0.42222727835178375 0
1634792197861 0.655303493142128 0
1634792200636 0.9751897156238556 0
1634792203445 0.5042399615049362 0
1634792209742 0.8646221160888672 0
1634792212526 0.3755379170179367 0
1634792215295 0.5364445447921753 0
1634792218062 0.5072745531797409 0
1634792220841 0.6071957051753998 0
1634792224914 0.4615391790866852 0
1634792227737 0.48704396188259125 0
1634792230538 0.5117009878158569 0
1634792238122 0.43948860466480255 0
1634792249342 0.6200972199440002 0
1634792252117 0.29367485153125017 0
1634792254903 0.4497970789670944 0
1634792257665 0.6016707718372345 0
1634792260449 0.6544799953699112 0
1634792263240 0.530082955956459 0
1634792267297 0.7251640409231186 0
1634792270073 0.7636882662773132 0
1634792272847 0.7248528450727463 0
1634792275672 0.5726267397403717 0
1634792278529 1.0073705315589905 0
1634792281418 0.45697957277297974 0
1634792284314 0.9350476861000061 0
1634792287102 0.7224906086921692 0
1634792289988 0.3937840610742569 0
1634792292763 0.6658530235290527 0
1634792297015 0.5032531917095184 0
1634792299895 0.3293028473854065 0
1634792302770 0.5336654931306839 0
1634792305635 0.6877975761890411 0
1634792308517 0.5469198226928711 0
1634792311371 0.408753901720047 0
1634792314269 0.6480155885219574 0
1634792317083 0.40573136508464813 0
1634792319954 0.5820569694042206 0
1634792322781 0.4071740359067917 0
1634792326988 0.4437275677919388 0
1634792329800 0.5813561528921127 0
1634792332673 0.573808565735817 0
1634792335488 0.5691220760345459 0
1634792338271 0.6270512491464615 0
1634792341043 0.4225475788116455 0
1634792343920 1.0846557915210724 0
1634792346785 0.49549400806427 0
1634792349702 0.3519281819462776 0
1634792352500 0.6005235612392426 0
1634792356574 0.5002749860286713 0
1634792359459 0.6115215569734573 0
1634792362297 0.5669250190258026 0
1634792365137 0.4058602303266525 0
1634792367991 0.6130992770195007 0
1634792370870 0.6622487902641296 0
1634792373696 0.6586805731058121 0
1634792376554 0.937359631061554 0
1634792379367 0.681818962097168 0
1634792382130 0.7312760651111603 0
1634792386334 0.6933996081352234 0
1634792389121 0.38549748063087463 0
1634792391974 0.8881716728210449 0
1634792394838 0.8116485178470612 0
1634792397696 0.6798435747623444 0
1634792400553 0.49104607105255127 0
1634792403484 0.21179578453302383 0
1634792406411 0.6940331757068634 0
1634792409324 0.9292101562023163 0
1634792412249 0.719429224729538 0
1634792416404 0.9766567051410675 0
1634792419219 0.5036278069019318 0
1634792422038 0.48708052933216095 0
1634792424862 0.5797227472066879 0
1634792427721 0.4128294587135315 0
1634792430556 1.3868159651756287 0
1634792433376 0.946942150592804 0
1634792436198 0.6333532631397247 0
1634792439006 0.8047002553939819 0
1634792441838 0.9031637609004974 0
1634792446063 0.5498242974281311 0
1634792448970 0.24633038439787924 0
1634792451854 0.6489594578742981 0
1634792454741 0.864582896232605 0
1634792457588 0.6642100065946579 0
1634792460421 0.5871696025133133 0
1634792463249 0.532980665564537 0
1634792466066 1.1954664289951324 0
1634792468903 0.4041908532381058 0
1634792471785 0.5985304713249207 0
1634792475954 0.9531683623790741 0
1634792478851 0.6894513368606567 0
1634792481730 0.6378085017204285 0
1634792484538 0.9553497731685638 0
1634792487381 0.6347118765115738 0
1634792490206 1.16875821352005 0
1634792493051 1.0110951960086823 0
1634792495887 0.9055221378803253 0
1634792498705 0.7539093494415283 0
1634792501579 1.2260535657405853 0
1634792505887 0.8923040628433228 0
1634792508739 0.4243084564805031 0
1634792511610 0.8502042591571808 0
1634792514462 0.8697038292884827 0
1634792517306 1.4865078330039978 0
1634792520194 0.9660614430904388 0
1634792523126 1.6425539255142212 0
1634792526058 0.9210764467716217 0
1634792528879 0.8516049385070801 0
1634792531690 0.7929782271385193 0
1634792535889 1.0097658038139343 0
1634792538720 1.1737128496170044 0
1634792541595 1.4532141387462616 0
1634792544490 1.3062299489974976 0
1634792547309 1.266730546951294 0
1634792550222 0.8273549675941467 0
1634792553178 2.27781343460083 0
1634792556090 1.1373421549797058 0
1634792559012 1.4259764552116394 0
1634792561922 0.7903608977794647 0
1634792566104 1.2433321475982666 0
1634792569046 1.50986647605896 0
1634792572000 1.236006647348404 0
1634792574916 1.327129304409027 0
1634792577746 0.6920449584722519 0
1634792580658 0.6998385787010193 0
1634792583603 1.0948156416416168 0
1634792586503 0.9982445240020752 0
1634792589400 1.182371437549591 0
1634792592315 1.3541211485862732 0
1634792596576 1.3373188376426697 0
1634792599502 0.9685554206371307 0
1634792602448 1.0016339719295502 0
1634792605358 0.44488151371479034 0
1634792608176 0.2751717269420624 0
1634792610988 2.4587982892990112 0
1634792613806 1.1124464869499207 0
1634792616622 0.5062116384506226 0
1634792619441 1.5483501255512238 0
1634792622256 1.0454104840755463 0
1634792626361 1.3730448186397552 0
1634792629172 0.5162773281335831 0
1634792631999 1.4066785871982574 0
1634792634816 0.6088258177042007 0
1634792637672 1.0233139991760254 0
1634792640493 0.47096113860607147 0
1634792643308 1.0906310379505157 0
1634792646106 0.8265120983123779 0
1634792648925 1.4105945825576782 0
1634792651771 1.2842374444007874 0
1634792656048 0.6920790672302246 0
1634792658872 1.254688560962677 0
1634792661743 0.280999556183815 0
1634792664608 0.8462891578674316 0
1634792667462 0.2293453961610794 0
1634792670286 1.419968605041504 0
