1634792071694 2.092658758163452 0
1634792075755 1.0037928819656372 0
1634792078557 1.6597614288330078 0
1634792081412 1.4200291633605957 0
1634792084193 0.9529439210891724 0
1634792086970 0.6075064539909363 0
1634792089740 2.058720111846924 0
1634792092518 0.8399238586425781 0
1634792095291 0.5777713060379028 0
1634792098059 1.7952535152435303 0
1634792100839 1.6449214220046997 0
1634792104889 0.49050435423851013 0
1634792107680 1.4572197198867798 0
1634792110482 1.217439889907837 0
1634792113324 0.9925762414932251 0
1634792116166 0.9489479660987854 0
1634792118972 2.003133535385132 0
1634792121762 0.5706557035446167 0
1634792124536 0.7553316354751587 0
1634792127297 0.9204632639884949 0
1634792130079 0.664191722869873 0
1634792134186 1.4983450174331665 0
1634792136962 0.9150945544242859 0
1634792139733 2.6221659183502197 0
1634792142509 1.0408265590667725 0
1634792145287 1.391587495803833 0
1634792148057 1.3876047134399414 0
1634792150836 0.8978310227394104 0
1634792153608 1.5823532342910767 0
1634792156378 1.5738641023635864 0
1634792159154 0.6137007474899292 0
1634792163226 0.4619114100933075 0
1634792166010 0.6342050433158875 0
1634792168786 0.5528051853179932 0
1634792171565 0.7127804756164551 0
1634792174333 0.5423337817192078 0
1634792177111 0.9521528482437134 0
1634792179880 1.0353111028671265 0
1634792182663 0.6907453536987305 0
1634792185439 0.5410326719284058 0
1634792188210 1.1844556331634521 0
1634792192313 0.4398943781852722 0
1634792195089 1.185256838798523 0
1634792197861 0.4709036648273468 0
1634792200636 0.470956414937973 0
1634792203449 0.9765523672103882 0
1634792209757 1.1737828254699707 0
1634792212526 0.6284880638122559 0
1634792215295 0.48381659388542175 0
1634792218062 0.4263138473033905 0
1634792220841 0.5762119293212891 0
1634792224929 0.23244035243988037 0
1634792227737 0.7252717018127441 0
1634792230538 0.2494078278541565 0
1634792238122 0.6033673286437988 0
1634792249357 0.5366647243499756 0
1634792252135 0.44370579719543457 0
1634792254903 0.31293168663978577 0
1634792257665 0.4929666519165039 0
1634792260449 0.6184123754501343 0
1634792263240 1.1937092542648315 0
1634792267297 0.5602810382843018 0
1634792270073 0.18500448763370514 0
1634792272863 0.4620327055454254 0
1634792275688 0.299725204706192 0
1634792278535 0.24287177622318268 0
1634792281424 0.729336678981781 0
1634792284319 0.7059307098388672 0
1634792287102 0.4881916642189026 0
1634792289993 0.5167149305343628 0
1634792292779 0.7826083302497864 0
1634792297015 0.388762891292572 0
1634792299900 0.5076721906661987 0
1634792302775 0.3190407156944275 0
1634792305651 0.44162750244140625 0
1634792308523 0.2238340973854065 0
1634792311377 0.23878204822540283 0
1634792314269 0.6121630668640137 0
1634792317083 0.3589034378528595 0
1634792319954 0.3525852859020233 0
1634792322786 0.26259422302246094 0
1634792326992 0.3550593852996826 0
1634792329805 0.3583792448043823 0
1634792332678 0.18635153770446777 0
1634792335493 0.43447646498680115 0
1634792338271 0.3595353960990906 0
1634792341043 0.31320714950561523 0
1634792343925 0.28254643082618713 0
1634792346785 0.6440376043319702 0
1634792349702 0.263872891664505 0
1634792352500 0.6038305759429932 0
1634792356579 0.4016711711883545 0
1634792359459 0.5687557458877563 0
1634792362312 0.2356039136648178 0
1634792365137 0.18660715222358704 0
1634792367991 0.12036622315645218 0
1634792370870 0.11465191096067429 0
1634792373696 0.7290661931037903 0
1634792376570 0.2740353047847748 0
1634792379367 0.5247078537940979 0
1634792382145 0.17823299765586853 0
1634792386334 0.46719396114349365 0
1634792389121 0.3171716630458832 0
1634792391974 0.21103239059448242 0
1634792394843 0.34022969007492065 0
1634792397701 0.4269946217536926 0
1634792400557 0.3108060359954834 0
1634792403490 0.33097511529922485 0
1634792406415 0.2206166386604309 0
1634792409329 0.41858142614364624 0
1634792412254 0.42243388295173645 0
1634792416404 0.3880917429924011 0
1634792419219 0.3465335965156555 0
1634792422038 0.22125296294689178 0
1634792424867 0.21133184432983398 0
1634792427721 0.40570181608200073 0
1634792430556 0.7237756252288818 0
1634792433381 0.41726887226104736 0
1634792436203 0.2907557785511017 0
1634792439021 0.28414401412010193 0
1634792441854 0.26292532682418823 0
1634792446070 0.18362954258918762 0
1634792448970 0.32285887002944946 0
1634792451859 0.3631235361099243 0
1634792454746 0.22064678370952606 0
1634792457608 0.09568188339471817 0
1634792460421 0.12657994031906128 0
1634792463255 0.15095317363739014 0
1634792466072 0.20231389999389648 0
1634792468908 0.10197210311889648 0
1634792471790 0.2664374113082886 0
1634792475960 0.13194540143013 0
1634792478857 0.19703465700149536 0
1634792481735 0.2576288878917694 0
1634792484538 0.2958180904388428 0
1634792487386 0.2381894886493683 0
1634792490225 0.16510125994682312 0
1634792493056 0.1683102399110794 0
1634792495887 0.21647632122039795 0
1634792498722 0.29803740978240967 0
1634792501584 0.39713573455810547 0
1634792505887 0.1266600489616394 0
1634792508744 0.1781388372182846 0
1634792511615 0.25849488377571106 0
1634792514467 0.2963382303714752 0
1634792517306 0.9889188408851624 0
1634792520199 0.30517929792404175 0
1634792523130 0.32920733094215393 0
1634792526063 1.2477505207061768 0
1634792528884 0.25916868448257446 0
1634792531690 0.27339717745780945 0
1634792535890 0.429534912109375 0
1634792538725 0.5408378839492798 0
1634792541600 0.6367409229278564 0
1634792544490 0.28035300970077515 0
1634792547313 0.28602132201194763 0
1634792550227 0.14465567469596863 0
1634792553183 0.1829906702041626 0
1634792556090 0.35009586811065674 0
1634792559017 0.3118019700050354 0
1634792561927 0.38913506269454956 0
1634792566110 0.19881905615329742 0
1634792569051 0.28403714299201965 0
1634792572005 0.15949517488479614 0
1634792574921 0.23527832329273224 0
1634792577750 0.19426971673965454 0
1634792580663 0.27721044421195984 0
1634792583608 0.210310161113739 0
1634792586508 0.19870905578136444 0
1634792589404 0.28691431879997253 0
1634792592320 0.11800945550203323 0
1634792596582 0.19172437489032745 0
1634792599507 0.3329579830169678 0
1634792602453 0.2050974816083908 0
1634792605363 0.13876022398471832 0
1634792608177 0.17455527186393738 0
1634792610988 0.23490773141384125 0
1634792613806 0.20963716506958008 0
1634792616622 0.21562537550926208 0
1634792619441 0.21544548869132996 0
1634792622256 0.15683260560035706 0
1634792626366 0.4432937800884247 0
1634792629172 0.38527506589889526 0
1634792632004 0.25075021386146545 0
1634792634821 0.23454347252845764 0
1634792637672 0.25020357966423035 0
1634792640498 0.21955250203609467 0
1634792643313 0.15084272623062134 0
1634792646124 0.4354790151119232 0
1634792648925 0.19788450002670288 0
1634792651776 0.17732715606689453 0
1634792656053 0.1579667627811432 0
1634792658888 0.20186378061771393 0
1634792661749 0.12320470809936523 0
1634792664608 0.1285143792629242 0
1634792667467 0.2428511083126068 0
1634792670291 0.22651711106300354 0
