1634792071694 2.8287596702575684 0
1634792075755 1.3976579904556274 0
1634792078557 1.1606942415237427 0
1634792081412 1.7490302324295044 0
1634792084193 0.7671838402748108 0
1634792086970 0.8329690098762512 0
1634792089740 0.8206809163093567 0
1634792092518 0.918852686882019 0
1634792095291 0.8621792793273926 0
1634792098059 1.502314805984497 0
1634792100839 1.1949464082717896 0
1634792104889 0.7208592891693115 0
1634792107665 1.2410621643066406 0
1634792110480 1.3264236450195312 0
1634792113324 1.398378849029541 0
1634792116166 0.6958358287811279 0
1634792118972 0.6473323702812195 0
1634792121762 0.7609462738037109 0
1634792124536 1.0769840478897095 0
1634792127297 0.6122119426727295 0
1634792130079 0.8996478319168091 0
1634792134186 1.2203483581542969 0
1634792136962 0.8765336871147156 0
1634792139733 1.8035383224487305 0
1634792142509 0.7078958749771118 0
1634792145287 1.273633360862732 0
1634792148057 1.9812570810317993 0
1634792150836 0.5982900857925415 0
1634792153608 0.6986218094825745 0
1634792156378 0.8229184746742249 0
1634792159154 0.8610569834709167 0
1634792163226 0.7407997846603394 0
1634792166010 0.8194302320480347 0
1634792168786 0.7625045776367188 0
1634792171565 0.9969273209571838 0
1634792174333 0.5999020934104919 0
1634792177111 0.6582833528518677 0
1634792179880 0.7005345821380615 0
1634792182648 0.7525026798248291 0
1634792185439 0.56168133020401 0
1634792188210 0.74000084400177 0
1634792192313 1.2150280475616455 0
1634792195089 1.2063738107681274 0
1634792197861 0.6994129419326782 0
1634792200636 0.6770752668380737 0
1634792203448 0.7478774189949036 0
1634792209757 0.779765248298645 0
1634792212526 0.6276450157165527 0
1634792215295 0.5400139689445496 0
1634792218062 0.7984845638275146 0
1634792220841 0.7964857816696167 0
1634792224929 0.674566924571991 0
1634792227737 0.6653734445571899 0
1634792230538 0.7640982866287231 0
1634792238122 0.650417149066925 0
1634792249357 0.6241328120231628 0
1634792252133 0.5426069498062134 0
1634792254903 0.5929200649261475 0
1634792257665 0.6453948616981506 0
1634792260449 0.5505717992782593 0
1634792263240 0.5916465520858765 0
1634792267297 0.5925174951553345 0
1634792270073 0.63255375623703 0
1634792272847 0.897294819355011 0
1634792275672 0.5195157527923584 0
1634792278533 0.7729827165603638 0
1634792281422 0.540748119354248 0
1634792284317 0.6994466781616211 0
1634792287102 0.5766294598579407 0
1634792289992 0.559628963470459 0
1634792292779 0.6667279601097107 0
1634792297015 0.47061261534690857 0
1634792299898 0.5200843214988708 0
1634792302773 0.4460371136665344 0
1634792305651 0.618980884552002 0
1634792308521 0.6761754155158997 0
1634792311375 0.8370928764343262 0
1634792314269 0.659755527973175 0
1634792317083 0.5907472372055054 0
1634792319954 0.6568909883499146 0
1634792322784 0.6499245166778564 0
1634792326991 0.4718227684497833 0
1634792329804 0.42253410816192627 0
1634792332676 0.6569141745567322 0
1634792335491 0.3884592056274414 0
1634792338271 0.5246849656105042 0
1634792341043 0.4781959056854248 0
1634792343924 0.4809299409389496 0
1634792346785 0.5161447525024414 0
1634792349702 0.46279963850975037 0
1634792352500 0.615066647529602 0
1634792356578 0.46123000979423523 0
1634792359459 0.5402499437332153 0
1634792362312 0.6003742814064026 0
1634792365137 0.5534691214561462 0
1634792367991 0.5124202370643616 0
1634792370870 0.5118470788002014 0
1634792373696 0.534885048866272 0
1634792376554 0.5296221971511841 0
1634792379367 0.49046218395233154 0
1634792382145 0.5544610023498535 0
1634792386334 0.4409327507019043 0
1634792389121 0.4479120969772339 0
1634792391974 0.4001810848712921 0
1634792394841 0.4895397424697876 0
1634792397699 0.3832131326198578 0
1634792400556 0.4625372290611267 0
1634792403487 0.5401437878608704 0
1634792406414 0.45100924372673035 0
1634792409327 0.4393741190433502 0
1634792412252 0.4578227996826172 0
1634792416404 0.44499918818473816 0
1634792419219 0.5629557967185974 0
1634792422038 0.39660289883613586 0
1634792424865 0.479464054107666 0
1634792427721 0.5261836051940918 0
1634792430556 0.35781270265579224 0
1634792433380 0.34561097621917725 0
1634792436201 0.44998881220817566 0
1634792439006 0.43300682306289673 0
1634792441838 0.43942853808403015 0
1634792446068 0.568134069442749 0
1634792448970 0.5196154713630676 0
1634792451857 0.472007155418396 0
1634792454744 0.3732021450996399 0
1634792457607 0.5554277300834656 0
1634792460421 0.4937349259853363 0
1634792463253 0.3957902193069458 0
1634792466069 0.32795804738998413 0
1634792468907 0.49056652188301086 0
1634792471788 0.5871660709381104 0
1634792475958 0.4709969460964203 0
1634792478855 0.45577409863471985 0
1634792481734 0.38691624999046326 0
1634792484538 0.4997519254684448 0
1634792487385 0.40093597769737244 0
1634792490223 0.501086950302124 0
1634792493054 0.5163421630859375 0
1634792495887 0.43364113569259644 0
1634792498722 0.41267263889312744 0
1634792501582 0.40237143635749817 0
1634792505887 0.43897274136543274 0
1634792508743 0.4146519899368286 0
1634792511614 0.37189781665802 0
1634792514465 0.5902414917945862 0
1634792517306 1.2579251527786255 0
1634792520197 0.7650819420814514 0
1634792523129 0.616754412651062 0
1634792526061 0.5525559782981873 0
1634792528882 0.6910619139671326 0
1634792531690 0.7020124793052673 0
1634792535890 0.4893569350242615 0
1634792538724 0.7290076613426208 0
1634792541598 0.42512649297714233 0
1634792544490 0.47418442368507385 0
1634792547312 0.6506229043006897 0
1634792550225 0.6001653075218201 0
1634792553181 0.4751853346824646 0
1634792556090 0.44976985454559326 0
1634792559016 0.41237473487854004 0
1634792561926 0.4762283265590668 0
1634792566108 0.4057815670967102 0
1634792569049 0.4407707452774048 0
1634792572004 0.521103024482727 0
1634792574920 0.32446596026420593 0
1634792577749 0.4590896964073181 0
1634792580661 0.4156496822834015 0
1634792583607 0.5327166318893433 0
1634792586506 0.3578064441680908 0
1634792589403 0.4425640106201172 0
1634792592318 0.37904560565948486 0
1634792596580 0.3559308648109436 0
1634792599505 0.41771799325942993 0
1634792602451 0.4908548593521118 0
1634792605362 0.5012090802192688 0
1634792608177 0.4874499440193176 0
1634792610988 0.31241825222969055 0
1634792613806 0.4546767473220825 0
1634792616622 0.3736763000488281 0
1634792619441 0.4453665018081665 0
1634792622256 0.4261949360370636 0
1634792626365 0.4358312785625458 0
1634792629172 0.43971872329711914 0
1634792632002 0.3947027325630188 0
1634792634819 0.4341528117656708 0
1634792637672 0.30456626415252686 0
1634792640496 0.5354610681533813 0
1634792643311 0.4486304223537445 0
1634792646123 0.47621893882751465 0
1634792648925 0.4293963313102722 0
1634792651774 0.3333105444908142 0
1634792656051 0.4389113187789917 0
1634792658872 0.3261232376098633 0
1634792661747 0.4010283946990967 0
1634792664608 0.6054695844650269 0
1634792667465 0.4666082561016083 0
1634792670290 0.31896960735321045 0
