1634792071694 0.9610073864459991 0
1634792075755 0.43690088391304016 0
1634792078573 0.8108088821172714 0
1634792081412 0.6692851483821869 0
1634792084193 0.5530292093753815 0
1634792086970 0.3678462505340576 0
1634792089740 0.2213977500796318 0
1634792092518 0.45483945310115814 0
1634792095291 0.3629489541053772 0
1634792098059 0.268399965018034 0
1634792100839 0.3417997360229492 0
1634792104889 0.5644853115081787 0
1634792107680 0.4202872961759567 0
1634792110484 0.5580407977104187 0
1634792113324 0.5776474326848984 0
1634792116166 0.2955913692712784 0
1634792118972 0.2623753175139427 0
1634792121762 0.46867361664772034 0
1634792124536 0.3250677138566971 0
1634792127297 0.39608053863048553 0
1634792130079 0.4278844743967056 0
1634792134186 0.7067485749721527 0
1634792136962 0.4485461115837097 0
1634792139749 0.7200616896152496 0
1634792142509 0.3614494949579239 0
1634792145287 0.5223241150379181 0
1634792148057 0.2119709849357605 0
1634792150836 0.4164825528860092 0
1634792153608 0.35341207683086395 0
1634792156378 0.3218894712626934 0
1634792159154 0.4082603454589844 0
1634792163226 0.5065809488296509 0
1634792166010 0.42419856786727905 0
1634792168786 0.5963346213102341 0
1634792171565 0.627232164144516 0
1634792174333 0.5013967454433441 0
1634792177111 0.46163690090179443 0
1634792179880 0.2961849942803383 0
1634792182663 0.3690648823976517 0
1634792185439 0.35513897240161896 0
1634792188210 0.4588773250579834 0
1634792192313 0.6221098899841309 0
1634792195089 0.5139386057853699 0
1634792197861 0.3124491572380066 0
1634792200636 0.18920253217220306 0
1634792203451 0.36653512716293335 0
1634792209757 0.3441188484430313 0
1634792212526 0.501299262046814 0
1634792215295 0.35335926711559296 0
1634792218062 0.45957568287849426 0
1634792220841 0.30575844645500183 0
1634792224929 0.36478160321712494 0
1634792227737 0.32047154009342194 0
1634792230538 0.49960871040821075 0
1634792238122 0.4676554352045059 0
1634792249357 0.3341754227876663 0
1634792252135 0.770123615860939 0
1634792254903 0.47445638477802277 0
1634792257680 0.2678740844130516 0
1634792260449 0.5014171302318573 0
1634792263240 0.39186716079711914 0
1634792267297 0.465155228972435 0
1634792270073 0.31194954365491867 0
1634792272863 0.4370679408311844 0
1634792275688 0.3389129936695099 0
1634792278537 0.2613428756594658 0
1634792281426 0.4083556830883026 0
1634792284320 0.24149583652615547 0
1634792287102 0.2930924631655216 0
1634792289995 0.388033390045166 0
1634792292779 1.8242272734642029 0
1634792297015 0.46442803740501404 0
1634792299902 0.5383236110210419 0
1634792302776 0.4575188606977463 0
1634792305651 0.3981403261423111 0
1634792308524 0.41206252574920654 0
1634792311378 0.5020033866167068 0
1634792314269 0.41564834117889404 0
1634792317083 0.3031693994998932 0
1634792319954 0.48384255170822144 0
1634792322788 0.4541645050048828 0
1634792326994 0.514616921544075 0
1634792329807 0.4728385657072067 0
1634792332680 0.5828541219234467 0
1634792335494 0.46337947249412537 0
1634792338287 0.3431739956140518 0
1634792341059 0.394177183508873 0
1634792343927 0.611345648765564 0
1634792346785 0.49853163957595825 0
1634792349702 0.547823041677475 0
1634792352500 0.4045981168746948 0
1634792356581 0.5118038356304169 0
1634792359459 0.39232486486434937 0
1634792362312 0.5773801356554031 0
1634792365153 0.3063449338078499 0
1634792367991 0.5983770936727524 0
1634792370870 0.5475285351276398 0
1634792373696 0.427436888217926 0
1634792376570 0.5829671919345856 0
1634792379367 0.36235637962818146 0
1634792382145 0.38372914493083954 0
1634792386334 0.37658239901065826 0
1634792389121 0.37815339863300323 0
1634792391974 0.4092753976583481 0
1634792394845 0.33792319893836975 0
1634792397703 0.4006663039326668 0
1634792400559 0.42671382427215576 0
1634792403491 0.5091709345579147 0
1634792406417 0.4011038541793823 0
1634792409331 0.3432311713695526 0
1634792412255 0.32441917061805725 0
1634792416404 0.3276311531662941 0
1634792419234 0.19294938445091248 0
1634792422038 0.28452931344509125 0
1634792424868 0.30850863456726074 0
1634792427721 0.37136930227279663 0
1634792430556 0.45200812816619873 0
1634792433383 0.401864230632782 0
1634792436205 0.4803842455148697 0
1634792439021 0.39288972318172455 0
1634792441854 0.4455825239419937 0
1634792446072 0.45337991416454315 0
1634792448970 0.6774775385856628 0
1634792451861 0.32856278121471405 0
1634792454747 0.23674167692661285 0
1634792457610 0.21057677455246449 0
1634792460421 0.4374171495437622 0
1634792463257 0.2821378856897354 0
1634792466073 0.30470895767211914 0
1634792468910 0.3674595355987549 0
1634792471792 0.38214096426963806 0
1634792475961 0.20344439893960953 0
1634792478858 0.16702218353748322 0
1634792481737 0.2962573915719986 0
1634792484538 0.14692054688930511 0
1634792487388 0.2752102315425873 0
1634792490226 0.14732101932168007 0
1634792493058 0.1785111427307129 0
1634792495887 0.09622721746563911 0
1634792498722 0.17520742118358612 0
1634792501585 0.318501353263855 0
1634792505887 0.15146677941083908 0
1634792508746 0.39782585948705673 0
1634792511617 0.14456046745181084 0
1634792514468 0.40497061610221863 0
1634792517306 0.6641912683844566 0
1634792520201 0.28728601336479187 0
1634792523132 0.27284348011016846 0
1634792526064 0.2874768376350403 0
1634792528886 0.17438653111457825 0
1634792531690 0.41237933933734894 0
1634792535890 0.15881896764039993 0
1634792538727 0.2428586184978485 0
1634792541601 0.1240899907425046 0
1634792544490 0.25989896804094315 0
1634792547315 0.16191800870001316 0
1634792550229 0.14046739041805267 0
1634792553185 0.9704342484474182 0
1634792556090 0.05067058466374874 0
1634792559019 0.37259769439697266 0
1634792561929 0.4549613893032074 0
1634792566111 0.28036588430404663 0
1634792569052 0.36800820380449295 0
1634792572007 0.37396593391895294 0
1634792574923 0.25213102996349335 0
1634792577752 0.33606621623039246 0
1634792580664 0.21977154910564423 0
1634792583610 0.14378853142261505 0
1634792586510 0.33493952360004187 0
1634792589406 0.22356996685266495 0
1634792592322 0.29046807438135147 0
1634792596583 0.14043673127889633 0
1634792599509 0.07394344918429852 0
1634792602454 0.32933351397514343 0
1634792605365 0.4153866171836853 0
1634792608177 0.015479105757549405 0
1634792610988 0.2257881797850132 0
1634792613806 0.2737062945961952 0
1634792616622 0.3196037486195564 0
1634792619441 0.1053897812962532 0
1634792622256 0.4083749055862427 0
1634792626368 0.27349694073200226 0
1634792629188 0.34837567806243896 0
1634792632005 0.23170559853315353 0
1634792634822 0.3831714391708374 0
1634792637672 0.356027714908123 0
1634792640499 0.443286195397377 0
1634792643314 0.42674094438552856 0
1634792646126 0.3859424442052841 0
1634792648925 0.059235960245132446 0
1634792651778 0.12634800467640162 0
1634792656055 0.41514211893081665 0
1634792658890 0.09651966392993927 0
1634792661751 0.19085662811994553 0
1634792664608 0.259322851896286 0
1634792667468 0.518667608499527 0
1634792670293 0.13299710303544998 0
