1634792071688 53.54875183105469 0
1634792075755 26.29352569580078 0
1634792078557 31.64992904663086 0
1634792081412 33.64714050292969 0
1634792084176 18.711441040039062 0
1634792086955 15.66307258605957 0
1634792089740 30.562320709228516 0
1634792092503 19.088741302490234 0
1634792095275 15.448683738708496 0
1634792098059 34.99707794189453 0
1634792100824 30.579631805419922 0
1634792104889 13.66832447052002 0
1634792107665 28.878528594970703 0
1634792110465 27.11558723449707 0
1634792113324 25.498327255249023 0
1634792116150 17.805824279785156 0
1634792118955 28.588825225830078 0
1634792121746 14.868057250976562 0
1634792124520 20.042861938476562 0
1634792127297 16.875904083251953 0
1634792130066 16.903963088989258 0
1634792134170 29.197246551513672 0
1634792136962 19.125164031982422 0
1634792139733 46.49009704589844 0
1634792142509 19.126930236816406 0
1634792145272 28.4140625 0
1634792148057 35.911216735839844 0
1634792150820 16.31365966796875 0
1634792153608 25.181699752807617 0
1634792156378 26.283618927001953 0
1634792159154 16.28775978088379 0
1634792163226 12.992980003356934 0
1634792165995 15.855148315429688 0
1634792168770 14.930229187011719 0
1634792171550 18.82439422607422 0
1634792174318 12.709769248962402 0
1634792177095 17.502599716186523 0
1634792179880 19.473779678344727 0
1634792182648 16.195064544677734 0
1634792185424 12.479347229003906 0
1634792188210 20.806591033935547 0
1634792192297 18.126087188720703 0
1634792195089 25.77635955810547 0
1634792197861 12.950359344482422 0
1634792200636 13.221314430236816 0
1634792203441 18.53189468383789 0
1634792209742 20.965789794921875 0
1634792212511 13.611689567565918 0
1634792215295 11.389997482299805 0
1634792218062 13.395936965942383 0
1634792220826 15.29023265838623 0
1634792224914 10.191876411437988 0
1634792227737 14.92901611328125 0
1634792230538 11.21493911743164 0
1634792238121 13.560319900512695 0
1634792249342 12.878753662109375 0
1634792252117 10.799253463745117 0
1634792254887 9.971508979797363 0
1634792257665 12.665655136108398 0
1634792260449 12.889573097229004 0
1634792263240 19.187894821166992 0
1634792267281 12.988304138183594 0
1634792270073 9.513437271118164 0
1634792272847 15.363960266113281 0
1634792275672 9.25184440612793 0
1634792278525 11.910945892333984 0
1634792281415 13.661797523498535 0
1634792284311 16.087114334106445 0
1634792287102 12.156789779663086 0
1634792289985 11.74681282043457 0
1634792292763 16.138591766357422 0
1634792296999 9.522907257080078 0
1634792299891 11.456729888916016 0
1634792302766 8.931930541992188 0
1634792305635 12.112205505371094 0
1634792308514 10.041805267333984 0
1634792311368 11.95323371887207 0
1634792314269 14.001041412353516 0
1634792317083 10.349693298339844 0
1634792319954 11.280138969421387 0
1634792322778 10.03370475769043 0
1634792326984 9.279651641845703 0
1634792329797 8.814505577087402 0
1634792332669 9.632259368896484 0
1634792335484 9.404523849487305 0
1634792338271 10.054346084594727 0
1634792341043 8.793174743652344 0
1634792343917 9.153079986572266 0
1634792346785 12.699975967407227 0
1634792349686 8.091012954711914 0
1634792352484 13.468942642211914 0
1634792356571 9.52860164642334 0
1634792359443 12.196029663085938 0
1634792362297 9.499029159545898 0
1634792365137 8.233695030212402 0
1634792367975 7.455766201019287 0
1634792370854 7.467345714569092 0
1634792373696 13.938698768615723 0
1634792376554 9.445603370666504 0
1634792379351 11.394057273864746 0
1634792382130 8.508414268493652 0
1634792386318 10.435407638549805 0
1634792389121 8.5028657913208 0
1634792391958 7.3656086921691895 0
1634792394835 9.60074234008789 0
1634792397693 9.190853118896484 0
1634792400536 8.631921768188477 0
1634792403481 9.310760498046875 0
1634792406407 7.746528625488281 0
1634792409321 10.108797073364258 0
1634792412246 9.965005874633789 0
1634792416388 9.863134384155273 0
1634792419219 10.04908561706543 0
1634792422038 7.030240058898926 0
1634792424858 8.085712432861328 0
1634792427721 10.28779411315918 0
1634792430555 12.822649002075195 0
1634792433373 8.942187309265137 0
1634792436195 8.630009651184082 0
1634792439006 8.404376983642578 0
1634792441838 8.357027053833008 0
1634792446059 8.6782808303833 0
1634792448970 9.111421585083008 0
1634792451850 9.535243034362793 0
1634792454737 7.177079200744629 0
1634792457588 7.6415252685546875 0
1634792460406 7.308320045471191 0
1634792463246 6.393271446228027 0
1634792466063 6.88234806060791 0
1634792468900 6.815372467041016 0
1634792471782 9.57772159576416 0
1634792475951 7.491868019104004 0
1634792478848 7.678955078125 0
1634792481727 7.491222381591797 0
1634792484538 9.336549758911133 0
1634792487378 7.427384376525879 0
1634792490206 8.288049697875977 0
1634792493048 8.313606262207031 0
1634792495887 7.915060997009277 0
1634792498705 8.259899139404297 0
1634792501575 9.737736701965332 0
1634792505887 6.972506523132324 0
1634792508721 6.7234721183776855 0
1634792511606 7.540713310241699 0
1634792514458 10.279653549194336 0
1634792517303 25.43471336364746 0
1634792520190 12.25382137298584 0
1634792523122 11.707381248474121 0
1634792526055 19.91532325744629 0
1634792528876 10.921663284301758 0
1634792531690 11.042139053344727 0
1634792535886 10.626066207885742 0
1634792538717 14.567276000976562 0
1634792541591 12.687931060791016 0
1634792544487 9.310997009277344 0
1634792547305 11.14237117767334 0
1634792550218 8.757627487182617 0
1634792553175 9.315990447998047 0
1634792556090 9.604086875915527 0
1634792559009 9.131048202514648 0
1634792561919 10.035394668579102 0
1634792566101 7.670973300933838 0
1634792569043 9.305521011352539 0
1634792571997 8.454087257385254 0
1634792574913 7.288949012756348 0
1634792577742 7.643008232116699 0
1634792580654 8.106390953063965 0
1634792583600 8.980165481567383 0
1634792586500 6.959850788116455 0
1634792589396 8.94986629486084 0
1634792592312 6.656739711761475 0
1634792596572 7.171478271484375 0
1634792599499 8.921142578125 0
1634792602444 8.367935180664062 0
1634792605355 7.257743835449219 0
1634792608172 7.338413238525391 0
1634792610972 8.315011024475098 0
1634792613803 8.231290817260742 0
1634792616606 6.829385280609131 0
1634792619441 8.542769432067871 0
1634792622256 7.308829307556152 0
1634792626358 10.620281219482422 0
1634792629172 9.17000961303711 0
1634792631996 8.246257781982422 0
1634792634813 7.806149005889893 0
1634792637672 7.078701019287109 0
1634792640490 8.404204368591309 0
1634792643303 7.533024311065674 0
1634792646106 10.403728485107422 0
1634792648925 8.076621055603027 0
1634792651768 6.729911804199219 0
1634792656045 7.05625581741333 0
1634792658872 6.935641288757324 0
1634792661740 5.894446849822998 0
1634792664606 8.58016586303711 0
1634792667459 7.786417484283447 0
1634792670283 7.186800479888916 0
