1629449203136 0 0
1629449204288 1 0
1629449205326 2 0
1629449206363 3 0
1629449207417 4 0
1629449208526 5 0
1629449209648 6 0
1629449210767 7 0
1629449211912 8 0
1629449213028 9 0
1629449214228 10 0
1629449215326 11 0
1629449216410 12 0
1629449217562 13 0
1629449218703 14 0
1629449219981 15 0
1629449221112 16 0
1629449222260 17 0
1629449223352 18 0
1629449224507 19 0
1629449225817 20 0
1629449226969 21 0
1629449228203 22 0
1629449229451 23 0
1629449230580 24 0
1629449231870 25 0
1629449232985 26 0
1629449234178 27 0
1629449235482 28 0
1629449236652 29 0
1629449237871 30 0
1629449238912 31 0
1629449240031 32 0
1629449241111 33 0
1629449242230 34 0
1629449243366 35 0
1629449244488 36 0
1629449245519 37 0
1629449246570 38 0
1629449247606 39 0
1629449248680 40 0
1629449249730 41 0
1629449250736 42 0
1629449251749 43 0
1629449252756 44 0
1629449253830 45 0
1629449254865 46 0
1629449255869 47 0
1629449256890 48 0
1629449257897 49 0
1629449259005 50 0
1629449260015 51 0
1629449261004 52 0
1629449262036 53 0
1629449263046 54 0
1629449264162 55 0
1629449265186 56 0
1629449266221 57 0
1629449267319 58 0
1629449268586 59 0
1629449269823 60 0
1629449271068 61 0
1629449272090 62 0
1629449273144 63 0
1629449274140 64 0
1629449275307 65 0
1629449276374 66 0
1629449277470 67 0
1629449278660 68 0
1629449279791 69 0
1629449280968 70 0
1629449282057 71 0
1629449283135 72 0
1629449284268 73 0
1629449285466 74 0
1629449287091 75 0
1629449288176 76 0
1629449289215 77 0
1629449290308 78 0
1629449291445 79 0
1629449292651 80 0
1629449293698 81 0
1629449294784 82 0
1629449295863 83 0
1629449296980 84 0
1629449298117 85 0
1629449299205 86 0
1629449300218 87 0
1629449301327 88 0
1629449302372 89 0
1629449303480 90 0
1629449304788 91 0
1629449306192 92 0
1629449307287 93 0
1629449308330 94 0
1629449309469 95 0
1629449310565 96 0
1629449311586 97 0
1629449312606 98 0
1629449313630 99 0
1629449314687 100 0
1629449315692 101 0
1629449316732 102 0
1629449318018 103 0
1629449319107 104 0
1629449320194 105 0
1629449321214 106 0
1629449322297 107 0
1629449323424 108 0
1629449324532 109 0
1629449325761 110 0
1629449326782 111 0
1629449327780 112 0
1629449328789 113 0
1629449329840 114 0
1629449330966 115 0
1629449331964 116 0
1629449332989 117 0
1629449334048 118 0
1629449335101 119 0
1629449336516 120 0
1629449337686 121 0
1629449338777 122 0
1629449339847 123 0
1629449340906 124 0
1629449342101 125 0
1629449343191 126 0
1629449344281 127 0
1629449345324 128 0
1629449346908 129 0
1629449348136 130 0
1629449349199 131 0
1629449350344 132 0
1629449351486 133 0
1629449352657 134 0
1629449353881 135 0
1629449355011 136 0
1629449356148 137 0
1629449357309 138 0
1629449358449 139 0
1629449359660 140 0
1629449360802 141 0
1629449361930 142 0
1629449363066 143 0
1629449364206 144 0
1629449365372 145 0
1629449366367 146 0
1629449367375 147 0
1629449368399 148 0
1629449369423 149 0
1629449370506 150 0
1629449371488 151 0
1629449372527 152 0
1629449373539 153 0
1629449374554 154 0
1629449375625 155 0
1629449376633 156 0
1629449377661 157 0
1629449378676 158 0
1629449379702 159 0
1629449380772 160 0
1629449381779 161 0
1629449382779 162 0
1629449383871 163 0
1629449384872 164 0
1629449385945 165 0
1629449386947 166 0
1629449387937 167 0
1629449388962 168 0
1629449389976 169 0
1629449391177 170 0
1629449392239 171 0
1629449393249 172 0
1629449394298 173 0
1629449395320 174 0
1629449396360 175 0
1629449397367 176 0
1629449398364 177 0
1629449399415 178 0
1629449400464 179 0
1629449401510 180 0
1629449402516 181 0
1629449403510 182 0
1629449404523 183 0
1629449405596 184 0
1629449406666 185 0
1629449407774 186 0
1629449408882 187 0
1629449409980 188 0
1629449411018 189 0
1629449412053 190 0
1629449413072 191 0
1629449414139 192 0
1629449415620 193 0
1629449416683 194 0
1629449417793 195 0
1629449418854 196 0
1629449419949 197 0
1629449421007 198 0
1629449422077 199 0
1629449423222 200 0
1629449424295 201 0
1629449425340 202 0
1629449426362 203 0
1629449427349 204 0
1629449428443 205 0
1629449429433 206 0
1629449430405 207 0
1629449431411 208 0
1629449432410 209 0
1629449433446 210 0
1629449434438 211 0
1629449435434 212 0
1629449436465 213 0
1629449437460 214 0
1629449438509 215 0
1629449439499 216 0
1629449440503 217 0
1629449441479 218 0
1629449442477 219 0
1629449443538 220 0
1629449444520 221 0
1629449445526 222 0
1629449446521 223 0
1629449447504 224 0
1629449448557 225 0
1629449449548 226 0
1629449450533 227 0
1629449451543 228 0
1629449452522 229 0
1629449453543 230 0
1629449454542 231 0
1629449455525 232 0
1629449456510 233 0
1629449457503 234 0
1629449458565 235 0
1629449459611 236 0
1629449460625 237 0
1629449461664 238 0
1629449462691 239 0
1629449463724 240 0
1629449464701 241 0
1629449465674 242 0
1629449466643 243 0
1629449467629 244 0
1629449468690 245 0
1629449469716 246 0
1629449470718 247 0
1629449471708 248 0
1629449472717 249 0
1629449473850 250 0
1629449474837 251 0
1629449475816 252 0
1629449476819 253 0
1629449477817 254 0
1629449478923 255 0
1629449479966 256 0
1629449481108 257 0
1629449482080 258 0
1629449483048 259 0
1629449484100 260 0
1629449485215 261 0
1629449486825 262 0
1629449488340 263 0
1629449490164 264 0
1629449491471 265 0
1629449492581 266 0
1629449493732 267 0
1629449494855 268 0
1629449495942 269 0
1629449497065 270 0
1629449498101 271 0
1629449499135 272 0
1629449500171 273 0
1629449501153 274 0
1629449502217 275 0
1629449503267 276 0
1629449504320 277 0
1629449505318 278 0
1629449506318 279 0
1629449507393 280 0
1629449508444 281 0
1629449509505 282 0
1629449510618 283 0
1629449511686 284 0
1629449512780 285 0
1629449513866 286 0
1629449514983 287 0
1629449516009 288 0
1629449517015 289 0
1629449518116 290 0
1629449519213 291 0
1629449520309 292 0
1629449521377 293 0
1629449522456 294 0
1629449523570 295 0
1629449524650 296 0
1629449525735 297 0
1629449526812 298 0
1629449527864 299 0
1629449528975 300 0
1629449529983 301 0
1629449531065 302 0
1629449532126 303 0
1629449533188 304 0
1629449534316 305 0
1629449535474 306 0
1629449536585 307 0
1629449537696 308 0
1629449538755 309 0
1629449539812 310 0
1629449540799 311 0
1629449541784 312 0
1629449542761 313 0
1629449543762 314 0
1629449544827 315 0
1629449545816 316 0
1629449546798 317 0
1629449547824 318 0
1629449548926 319 0
1629449549999 320 0
1629449550991 321 0
1629449551997 322 0
1629449552983 323 0
1629449553993 324 0
1629449555022 325 0
1629449556056 326 0
1629449557035 327 0
1629449558019 328 0
1629449558991 329 0
1629449560057 330 0
1629449561036 331 0
1629449562016 332 0
1629449563106 333 0
1629449564169 334 0
1629449565284 335 0
1629449566393 336 0
1629449567511 337 0
1629449568514 338 0
1629449569517 339 0
1629449570659 340 0
1629449571724 341 0
1629449572803 342 0
1629449573858 343 0
1629449574849 344 0
1629449575889 345 0
1629449576865 346 0
1629449577855 347 0
1629449578845 348 0
1629449579830 349 0
1629449580873 350 0
1629449581856 351 0
1629449582850 352 0
1629449583874 353 0
1629449584871 354 0
1629449585962 355 0
1629449587089 356 0
1629449588469 357 0
1629449589960 358 0
1629449591157 359 0
1629449592429 360 0
1629449593465 361 0
1629449594553 362 0
1629449595614 363 0
1629449596630 364 0
1629449597713 365 0
1629449598752 366 0
1629449599750 367 0
1629449600754 368 0
1629449601743 369 0
1629449602802 370 0
1629449603792 371 0
1629449604907 372 0
1629449605922 373 0
1629449606914 374 0
1629449607979 375 0
1629449608967 376 0
1629449609975 377 0
1629449610996 378 0
1629449611986 379 0
1629449613064 380 0
1629449614047 381 0
1629449615017 382 0
1629449616028 383 0
1629449617058 384 0
1629449618115 385 0
1629449619096 386 0
1629449620099 387 0
1629449621134 388 0
1629449622130 389 0
1629449623178 390 0
1629449624166 391 0
1629449625202 392 0
1629449626203 393 0
1629449627222 394 0
1629449628314 395 0
1629449629289 396 0
1629449630298 397 0
1629449631288 398 0
1629449632287 399 0
1629449633333 400 0
1629449634327 401 0
1629449635319 402 0
1629449636308 403 0
1629449637343 404 0
1629449638378 405 0
1629449639373 406 0
1629449640373 407 0
1629449641376 408 0
1629449642385 409 0
1629449643445 410 0
1629449644445 411 0
1629449645464 412 0
1629449646445 413 0
1629449647440 414 0
1629449648502 415 0
1629449649545 416 0
1629449650527 417 0
1629449651512 418 0
1629449652490 419 0
1629449653557 420 0
1629449654599 421 0
1629449655596 422 0
1629449656595 423 0
1629449657595 424 0
1629449658662 425 0
1629449659642 426 0
1629449660619 427 0
1629449661601 428 0
1629449662628 429 0
1629449663701 430 0
1629449664735 431 0
1629449665710 432 0
1629449666716 433 0
1629449667695 434 0
1629449668755 435 0
1629449669747 436 0
1629449670842 437 0
1629449671948 438 0
1629449673017 439 0
1629449674237 440 0
1629449675248 441 0
1629449676274 442 0
1629449677287 443 0
1629449678313 444 0
1629449679443 445 0
1629449680509 446 0
1629449681674 447 0
1629449682724 448 0
1629449683829 449 0
1629449684904 450 0
1629449685884 451 0
1629449686874 452 0
1629449687849 453 0
1629449688851 454 0
1629449689901 455 0
1629449690969 456 0
1629449691981 457 0
1629449692973 458 0
1629449694026 459 0
1629449695129 460 0
1629449696212 461 0
1629449697308 462 0
1629449698453 463 0
1629449699549 464 0
1629449700716 465 0
1629449701702 466 0
1629449702804 467 0
1629449703893 468 0
1629449704973 469 0
1629449706122 470 0
1629449707185 471 0
1629449708256 472 0
1629449709345 473 0
1629449710407 474 0
1629449711534 475 0
1629449712612 476 0
1629449713676 477 0
1629449714784 478 0
1629449715847 479 0
1629449717071 480 0
1629449718103 481 0
1629449719140 482 0
1629449720125 483 0
1629449721091 484 0
1629449722140 485 0
1629449723124 486 0
1629449724101 487 0
1629449725128 488 0
1629449726133 489 0
1629449727182 490 0
1629449728167 491 0
1629449729155 492 0
1629449730138 493 0
1629449731150 494 0
1629449732304 495 0
1629449733315 496 0
1629449734289 497 0
1629449735274 498 0
1629449736263 499 0
1629449737313 500 0
1629449738400 501 0
1629449739458 502 0
1629449740518 503 0
1629449741554 504 0
1629449742636 505 0
1629449743617 506 0
1629449744628 507 0
1629449745652 508 0
1629449746629 509 0
1629449747656 510 0
1629449748695 511 0
1629449749758 512 0
1629449750816 513 0
1629449751920 514 0
1629449753033 515 0
1629449754096 516 0
1629449755172 517 0
1629449756170 518 0
1629449757210 519 0
1629449758253 520 0
1629449759246 521 0
1629449760261 522 0
1629449761295 523 0
1629449762360 524 0
1629449763483 525 0
1629449764566 526 0
1629449765705 527 0
1629449766849 528 0
1629449767904 529 0
1629449769069 530 0
1629449770147 531 0
1629449771203 532 0
1629449772358 533 0
1629449773451 534 0
1629449774537 535 0
1629449775569 536 0
1629449776573 537 0
1629449777631 538 0
1629449778625 539 0
1629449779659 540 0
1629449780646 541 0
1629449781681 542 0
1629449782797 543 0
1629449783863 544 0
1629449784928 545 0
1629449785919 546 0
1629449786914 547 0
1629449788000 548 0
1629449789021 549 0
1629449790122 550 0
1629449791109 551 0
1629449792078 552 0
1629449793057 553 0
