1629449203091 0 0
1629449204252 0 0
1629449205289 0 0
1629449206328 0 0
1629449207384 0 0
1629449208491 0 0
1629449209596 0 0
1629449210718 0 0
1629449211866 0 0
1629449212982 0 0
1629449214184 0 0
1629449215288 0 0
1629449216361 0 0
1629449217497 0 0
1629449218652 0 0
1629449219931 0 0
1629449221066 0 0
1629449222215 0 0
1629449223302 0 0
1629449224456 0 0
1629449225767 0 0
1629449226920 0 0
1629449228149 0 0
1629449229401 0 0
1629449230534 0 0
1629449231823 0 0
1629449232936 0 0
1629449234128 0 0
1629449235430 0 0
1629449236604 0 0
1629449237821 0 0
1629449238877 0 0
1629449239979 0 0
1629449241072 0 0
1629449242175 0 0
1629449243320 0 0
1629449244442 0 0
1629449245483 0 0
1629449246534 0 0
1629449247572 0 0
1629449248641 0 0
1629449249690 0 0
1629449250696 0 0
1629449251712 0 0
1629449252717 0 0
1629449253794 0 0
1629449254828 0 0
1629449255831 0 0
1629449256855 0 0
1629449257859 0 0
1629449258968 0 0
1629449259978 0 0
1629449260968 0 0
1629449261999 0 0
1629449263011 0 0
1629449264127 0 0
1629449265145 0 0
1629449266172 0 0
1629449267268 0 0
1629449268545 0 0
1629449269785 0 0
1629449270808 0 0
1629449272052 0 0
1629449273108 0 0
1629449274102 0 0
1629449275268 0 0
1629449276328 0 0
1629449277421 0 0
1629449278601 0 0
1629449279737 0 0
1629449280933 0 0
1629449282017 0 0
1629449283098 0 0
1629449284219 0 0
1629449285422 0 0
1629449287042 0 0
1629449288139 0 0
1629449289180 0 0
1629449290269 0 0
1629449291398 0 0
1629449292612 0 0
1629449293663 0 0
1629449294742 0 0
1629449295820 0 0
1629449296935 0 0
1629449298081 0 0
1629449299166 0 0
1629449300167 0 0
1629449301282 0 0
1629449302334 0 0
1629449303445 0 0
1629449304698 0 0
1629449306142 0 0
1629449307244 0 0
1629449308278 0 0
1629449309419 0 0
1629449310526 0 0
1629449311550 0 0
1629449312566 0 0
1629449313595 0 0
1629449314650 0 0
1629449315656 0 0
1629449316689 0 0
1629449317978 0 0
1629449319052 0 0
1629449320159 0 0
1629449321172 0 0
1629449322241 0 0
1629449323372 0 0
1629449324485 0 0
1629449325726 0 0
1629449326746 0 0
1629449327742 0 0
1629449328753 0 0
1629449329799 0 0
1629449330930 0 0
1629449331928 0 0
1629449332951 0 0
1629449334013 0 0
1629449335062 0 0
1629449336479 0 0
1629449337643 0 0
1629449338738 0 0
1629449339807 0 0
1629449340871 0 0
1629449342060 0 0
1629449343155 0 0
1629449344241 0 0
1629449345284 0 0
1629449346286 0 0
1629449348099 0 0
1629449349153 0 0
1629449350294 0 0
1629449351435 0 0
1629449352608 0 0
1629449353837 0 0
1629449354960 0 0
1629449356099 0 0
1629449357254 0 0
1629449358395 0 0
1629449359612 0 0
1629449360755 0 0
1629449361878 0 0
1629449363015 0 0
1629449364154 0 0
1629449365336 0 0
1629449366329 0 0
1629449367337 0 0
1629449368358 0 0
1629449369388 0 0
1629449370471 0 0
1629449371451 0 0
1629449372488 0 0
1629449373503 0 0
1629449374519 0 0
1629449375587 0 0
1629449376595 0 0
1629449377623 0 0
1629449378641 0 0
1629449379665 0 0
1629449380736 0 0
1629449381742 0 0
1629449382744 0 0
1629449383771 0 0
1629449384833 0 0
1629449385909 0 0
1629449386912 0 0
1629449387901 0 0
1629449388922 0 0
1629449389938 0 0
1629449391134 0 0
1629449392202 0 0
1629449393202 0 0
1629449394262 0 0
1629449395280 0 0
1629449396323 0 0
1629449397328 0 0
1629449398326 0 0
1629449399366 0 0
1629449400427 0 0
1629449401475 0 0
1629449402479 0 0
1629449403474 0 0
1629449404474 0 0
1629449405547 0 0
1629449406619 0 0
1629449407727 0 0
1629449408834 0 0
1629449409934 0 0
1629449410982 0 0
1629449412016 0 0
1629449413025 0 0
1629449414090 0 0
1629449415575 0 0
1629449416634 0 0
1629449417753 0 0
1629449418809 0 0
1629449419901 0 0
1629449420958 0 0
1629449422030 0 0
1629449423179 0 0
1629449424243 0 0
1629449425304 0 0
1629449426326 0 0
1629449427312 0 0
1629449428406 0 0
1629449429397 0 0
1629449430369 0 0
1629449431375 0 0
1629449432374 0 0
1629449433410 0 0
1629449434401 0 0
1629449435395 0 0
1629449436430 0 0
1629449437424 0 0
1629449438474 0 0
1629449439460 0 0
1629449440468 0 0
1629449441444 0 0
1629449442440 0 0
1629449443497 0 0
1629449444483 0 0
1629449445490 0 0
1629449446483 0 0
1629449447465 0 0
1629449448520 0 0
1629449449510 0 0
1629449450496 0 0
1629449451506 0 0
1629449452488 0 0
1629449453507 0 0
1629449454505 0 0
1629449455488 0 0
1629449456473 0 0
1629449457465 0 0
1629449458529 0 0
1629449459573 0 0
1629449460589 0 0
1629449461628 0 0
1629449462650 0 0
1629449463687 0 0
1629449464664 0 0
1629449465639 0 0
1629449466607 0 0
1629449467592 0 0
1629449468653 0 0
1629449469681 0 0
1629449470681 0 0
1629449471671 0 0
1629449472667 0 0
1629449473814 0 0
1629449474801 0 0
1629449475780 0 0
1629449476783 0 0
1629449477778 0 0
1629449478884 0 0
1629449479926 0 0
1629449481074 0 0
1629449482046 0 0
1629449483006 0 0
1629449484058 0 0
1629449485157 0 0
1629449486771 0 0
1629449488283 0 0
1629449490102 0 0
1629449491432 0 0
1629449492545 0 0
1629449493685 0 0
1629449494804 0 0
1629449495893 0 0
1629449497016 0 0
1629449498063 0 0
1629449499092 0 0
1629449500134 0 0
1629449501117 0 0
1629449502179 0 0
1629449503221 0 0
1629449504263 0 0
1629449505279 0 0
1629449506280 0 0
1629449507357 0 0
1629449508399 0 0
1629449509460 0 0
1629449510569 0 0
1629449511639 0 0
1629449512734 0 0
1629449513818 0 0
1629449514932 0 0
1629449515973 0 0
1629449516962 0 0
1629449518079 0 0
1629449519164 0 0
1629449520254 0 0
1629449521328 0 0
1629449522410 0 0
1629449523525 0 0
1629449524596 0 0
1629449525687 0 0
1629449526765 0 0
1629449527818 0 0
1629449528936 0 0
1629449529935 0 0
1629449531018 0 0
1629449532076 0 0
1629449533140 0 0
1629449534270 0 0
1629449535423 0 0
1629449536538 0 0
1629449537641 0 0
1629449538716 0 0
1629449539776 0 0
1629449540762 0 0
1629449541745 0 0
1629449542724 0 0
1629449543725 0 0
1629449544792 0 0
1629449545779 0 0
1629449546760 0 0
1629449547773 0 0
1629449548882 0 0
1629449549962 0 0
1629449550954 0 0
1629449551960 0 0
1629449552941 0 0
1629449553957 0 0
1629449554980 0 0
1629449556021 0 0
1629449556996 0 0
1629449557984 0 0
1629449558955 0 0
1629449560022 0 0
1629449560998 0 0
1629449561981 0 0
1629449563056 0 0
1629449564117 0 0
1629449565234 0 0
1629449566346 0 0
1629449567459 0 0
1629449568478 0 0
1629449569470 0 0
1629449570623 0 0
1629449571677 0 0
1629449572753 0 0
1629449573811 0 0
1629449574813 0 0
1629449575853 0 0
1629449576827 0 0
1629449577818 0 0
1629449578809 0 0
1629449579793 0 0
1629449580838 0 0
1629449581818 0 0
1629449582815 0 0
1629449583838 0 0
1629449584834 0 0
1629449585926 0 0
1629449587034 0 0
1629449588391 0 0
1629449589912 0 0
1629449591106 0 0
1629449592374 0 0
1629449593429 0 0
1629449594513 0 0
1629449595576 0 0
1629449596594 0 0
1629449597679 0 0
1629449598716 0 0
1629449599715 0 0
1629449600718 0 0
1629449601705 0 0
1629449602767 0 0
1629449603756 0 0
1629449604871 0 0
1629449605883 0 0
1629449606874 0 0
1629449607943 0 0
1629449608931 0 0
1629449609938 0 0
1629449610959 0 0
1629449611949 0 0
1629449613028 0 0
1629449614010 0 0
1629449614982 0 0
1629449615994 0 0
1629449617021 0 0
1629449618081 0 0
1629449619061 0 0
1629449620062 0 0
1629449621095 0 0
1629449622093 0 0
1629449623142 0 0
1629449624129 0 0
1629449625166 0 0
1629449626166 0 0
1629449627186 0 0
1629449628278 0 0
1629449629253 0 0
1629449630262 0 0
1629449631251 0 0
1629449632248 0 0
1629449633299 0 0
1629449634292 0 0
1629449635280 0 0
1629449636269 0 0
1629449637306 0 0
1629449638342 0 0
1629449639330 0 0
1629449640335 0 0
1629449641339 0 0
1629449642348 0 0
1629449643410 0 0
1629449644407 0 0
1629449645428 0 0
1629449646407 0 0
1629449647398 0 0
1629449648465 0 0
1629449649509 0 0
1629449650491 0 0
1629449651475 0 0
1629449652452 0 0
1629449653519 0 0
1629449654561 0 0
1629449655559 0 0
1629449656560 0 0
1629449657559 0 0
1629449658625 0 0
1629449659606 0 0
1629449660584 0 0
1629449661566 0 0
1629449662593 0 0
1629449663667 0 0
1629449664700 0 0
1629449665676 0 0
1629449666680 0 0
1629449667659 0 0
1629449668719 0 0
1629449669711 0 0
1629449670806 0 0
1629449671914 0 0
1629449672980 0 0
1629449674201 0 0
1629449675211 0 0
1629449676237 0 0
1629449677248 0 0
1629449678277 0 0
1629449679406 0 0
1629449680461 0 0
1629449681604 0 0
1629449682688 0 0
1629449683779 0 0
1629449684871 0 0
1629449685848 0 0
1629449686841 0 0
1629449687811 0 0
1629449688814 0 0
1629449689864 0 0
1629449690933 0 0
1629449691947 0 0
1629449692936 0 0
1629449693988 0 0
1629449695089 0 0
1629449696174 0 0
1629449697259 0 0
1629449698408 0 0
1629449699498 0 0
1629449700681 0 0
1629449701667 0 0
1629449702756 0 0
1629449703847 0 0
1629449704926 0 0
1629449706072 0 0
1629449707137 0 0
1629449708208 0 0
1629449709297 0 0
1629449710361 0 0
1629449711491 0 0
1629449712564 0 0
1629449713629 0 0
1629449714735 0 0
1629449715802 0 0
1629449717025 0 0
1629449718064 0 0
1629449719102 0 0
1629449720086 0 0
1629449721057 0 0
1629449722106 0 0
1629449723086 0 0
1629449724063 0 0
1629449725090 0 0
1629449726091 0 0
1629449727148 0 0
1629449728132 0 0
1629449729119 0 0
1629449730100 0 0
1629449731102 0 0
1629449732261 0 0
1629449733277 0 0
1629449734250 0 0
1629449735240 0 0
1629449736227 0 0
1629449737266 0 0
1629449738350 0 0
1629449739413 0 0
1629449740457 0 0
1629449741518 0 0
1629449742593 0 0
1629449743581 0 0
1629449744591 0 0
1629449745616 0 0
1629449746591 0 0
1629449747621 0 0
1629449748646 0 0
1629449749712 0 0
1629449750768 0 0
1629449751878 0 0
1629449752985 0 0
1629449754045 0 0
1629449755123 0 0
1629449756132 0 0
1629449757171 0 0
1629449758215 0 0
1629449759208 0 0
1629449760222 0 0
1629449761257 0 0
1629449762314 0 0
1629449763437 0 0
1629449764518 0 0
1629449765657 0 0
1629449766801 0 0
1629449767858 0 0
1629449769023 0 0
1629449770097 0 0
1629449771157 0 0
1629449772308 0 0
1629449773402 0 0
1629449774502 0 0
1629449775533 0 0
1629449776538 0 0
1629449777594 0 0
1629449778589 0 0
1629449779624 0 0
1629449780612 0 0
1629449781633 0 0
1629449782750 0 0
1629449783816 0 0
1629449784892 0 0
1629449785882 0 0
1629449786878 0 0
1629449787950 0 0
1629449788986 0 0
1629449790086 0 0
1629449791076 0 0
1629449792042 0 0
1629449793022 0 0
