1629449203252 7.090936899185181 0
1629449204365 5.752229452133179 0
1629449205395 6.568245887756348 0
1629449206434 6.104548931121826 0
1629449207489 7.535592555999756 0
1629449208600 5.525036573410034 0
1629449209742 4.279855251312256 0
1629449210860 2.9717814922332764 0
1629449211998 4.210566997528076 0
1629449213121 4.023155927658081 0
1629449214320 3.1023625135421753 0
1629449215398 3.0745259523391724 0
1629449216509 4.261615633964539 0
1629449217663 2.6768674850463867 0
1629449218799 2.3021832704544067 0
1629449220080 4.433389186859131 0
1629449221229 5.8333659172058105 0
1629449222353 3.5678898096084595 0
1629449223461 3.410988926887512 0
1629449224607 2.712398648262024 0
1629449225914 2.2076746225357056 0
1629449227061 2.5981953144073486 0
1629449228309 2.6408095359802246 0
1629449229549 4.356248736381531 0
1629449230673 4.028457999229431 0
1629449231958 2.309441328048706 0
1629449233081 1.9078344106674194 0
1629449234279 3.065433979034424 0
1629449235587 4.148558139801025 0
1629449236747 2.916815996170044 0
1629449237954 4.144207835197449 0
1629449238981 2.7098941802978516 0
1629449240130 2.4795491695404053 0
1629449241204 2.7096199989318848 0
1629449242320 5.27089524269104 0
1629449243464 2.59268319606781 0
1629449244559 3.2851661443710327 0
1629449245590 6.212715148925781 0
1629449246642 2.4519364833831787 0
1629449247673 2.5527089834213257 0
1629449248766 3.0131672620773315 0
1629449249801 4.074848175048828 0
1629449250808 2.5319390296936035 0
1629449251826 2.334853172302246 0
1629449252832 4.200135946273804 0
1629449253899 5.8203630447387695 0
1629449254935 2.3469441533088684 0
1629449255940 2.0346193313598633 0
1629449256956 2.342789053916931 0
1629449257966 2.4504851698875427 0
1629449259080 2.4526426792144775 0
1629449260085 3.5419607162475586 0
1629449261073 4.062806487083435 0
1629449262106 2.386033296585083 0
1629449263111 2.159640073776245 0
1629449264231 3.206726312637329 0
1629449265254 4.037799119949341 0
1629449266310 2.8379342555999756 0
1629449267439 2.6153563261032104 0
1629449268675 1.8676129579544067 0
1629449269892 1.9957042336463928 0
1629449271144 2.7002577781677246 0
1629449272161 2.3777836561203003 0
1629449273217 4.4254066944122314 0
1629449274213 2.1109949350357056 0
1629449275381 2.268478751182556 0
1629449276473 2.0304224491119385 0
1629449277561 2.7248982191085815 0
1629449278766 2.2792067527770996 0
1629449279886 3.237843632698059 0
1629449281047 4.386911392211914 0
1629449282136 2.4947781562805176 0
1629449283207 2.020642399787903 0
1629449284362 2.1649861335754395 0
1629449285557 2.107903480529785 0
1629449287194 2.7961854934692383 0
1629449288253 3.5179007053375244 0
1629449289283 5.183240175247192 0
1629449290385 3.1067150831222534 0
1629449291545 3.6862651109695435 0
1629449292731 3.383424997329712 0
1629449293780 2.4045777320861816 0
1629449294861 2.620463013648987 0
1629449295952 2.2944177389144897 0
1629449297065 2.684982419013977 0
1629449298200 2.617847204208374 0
1629449299279 2.0884915590286255 0
1629449300290 3.8154571056365967 0
1629449301408 2.724674344062805 0
1629449302446 4.908527135848999 0
1629449303554 2.726551055908203 0
1629449304955 1.9252917766571045 0
1629449306275 2.6374588012695312 0
1629449307372 3.098098635673523 0
1629449308430 2.9719542860984802 0
1629449309563 2.479028344154358 0
1629449310647 2.68087100982666 0
1629449311658 2.4389469623565674 0
1629449312677 3.0626628398895264 0
1629449313702 4.0361878871917725 0
1629449314764 2.813846230506897 0
1629449315765 1.8653724193572998 0
1629449317048 3.221109390258789 0
1629449318089 3.1411725282669067 0
1629449319201 1.8989447355270386 0
1629449320265 4.6957926750183105 0
1629449321289 3.2843852043151855 0
1629449322396 2.25037157535553 0
1629449323531 2.4108890295028687 0
1629449324619 2.4050452709198 0
1629449325829 2.3257557153701782 0
1629449326853 3.376733422279358 0
1629449327853 2.347756505012512 0
1629449328861 2.4614951610565186 0
1629449329908 2.6560516357421875 0
1629449331037 2.0320831537246704 0
1629449332037 3.0270304679870605 0
1629449333068 1.8838379383087158 0
1629449334116 2.9818334579467773 0
1629449335181 3.92500102519989 0
1629449336590 2.0212544798851013 0
1629449337761 2.23131000995636 0
1629449338850 1.6402021646499634 0
1629449339923 2.15804123878479 0
1629449340993 2.3321967124938965 0
1629449342177 2.9538872241973877 0
1629449343268 2.641421318054199 0
1629449344360 1.8814269304275513 0
1629449345397 3.8706315755844116 0
1629449346982 2.121035099029541 0
1629449348225 3.253518581390381 0
1629449349292 2.969128966331482 0
1629449350450 2.8948816061019897 0
1629449351577 3.5818569660186768 0
1629449352748 1.8497005105018616 0
1629449353981 4.016487956047058 0
1629449355110 4.677474021911621 0
1629449356246 1.9930002093315125 0
1629449357407 1.5736762881278992 0
1629449358541 2.7017693519592285 0
1629449359761 2.0103137493133545 0
1629449360896 1.9367769956588745 0
1629449362025 2.0677175521850586 0
1629449363160 2.29905104637146 0
1629449364306 3.3118029832839966 0
1629449365447 2.2345606684684753 0
1629449366438 2.8498363494873047 0
1629449367450 2.2932276725769043 0
1629449368469 2.944379687309265 0
1629449369494 2.0150046944618225 0
1629449370579 2.5148844718933105 0
1629449371559 2.357036590576172 0
1629449372592 3.012925863265991 0
1629449373608 1.915148377418518 0
1629449374624 1.7454835176467896 0
1629449375701 1.964928388595581 0
1629449376711 2.8084940910339355 0
1629449377733 2.3102888464927673 0
1629449378741 2.4914520978927612 0
1629449379773 1.952663242816925 0
1629449380842 1.676248848438263 0
1629449381849 2.248147666454315 0
1629449382848 1.5569459199905396 0
1629449383939 1.8303991556167603 0
1629449384945 3.2752658128738403 0
1629449386019 2.76025527715683 0
1629449387016 3.7556878328323364 0
1629449388012 1.926363468170166 0
1629449389036 1.5502102375030518 0
1629449390049 2.4737629890441895 0
1629449391256 1.4902534484863281 0
1629449392310 1.7779961824417114 0
1629449393332 2.5475810766220093 0
1629449394366 1.8086457252502441 0
1629449395391 2.3478912115097046 0
1629449396430 1.9579565525054932 0
1629449397437 1.7593915462493896 0
1629449398433 3.583202600479126 0
1629449399510 1.957503318786621 0
1629449400537 1.385037899017334 0
1629449401578 2.336195230484009 0
1629449402586 1.495788335800171 0
1629449403581 1.88947331905365 0
1629449404610 1.681650698184967 0
1629449405683 2.1216142177581787 0
1629449406757 1.8786956071853638 0
1629449407865 2.0142881870269775 0
1629449408972 2.019425630569458 0
1629449410068 1.9138424396514893 0
1629449411087 1.3996968865394592 0
1629449412123 2.779167354106903 0
1629449413159 1.5164482593536377 0
1629449414540 3.0647162199020386 0
1629449415705 1.9136285185813904 0
1629449416771 1.7419525384902954 0
1629449417884 1.6200408935546875 0
1629449418945 2.4228437542915344 0
1629449420043 1.6044345498085022 0
1629449421091 2.6713918447494507 0
1629449422168 2.443328380584717 0
1629449423311 2.3799794912338257 0
1629449424383 1.7679386138916016 0
1629449425409 2.0016837120056152 0
1629449426432 1.984951376914978 0
1629449427419 2.3272600769996643 0
1629449428514 1.639807939529419 0
1629449429502 1.6005443930625916 0
1629449430474 2.7149640321731567 0
1629449431480 1.7753682136535645 0
1629449432482 1.7370887398719788 0
1629449433514 1.6457382440567017 0
1629449434511 1.6707684397697449 0
1629449435505 1.9687093496322632 0
1629449436535 2.6306036710739136 0
1629449437528 2.617749810218811 0
1629449438579 1.4619137644767761 0
1629449439571 1.6280543208122253 0
1629449440571 1.6547481417655945 0
1629449441548 1.2826743125915527 0
1629449442550 1.771198034286499 0
1629449443610 1.3086016774177551 0
1629449444592 1.4007251858711243 0
1629449445595 1.7614372968673706 0
1629449446589 2.0990936756134033 0
1629449447576 1.7020443677902222 0
1629449448626 1.7958561778068542 0
1629449449618 2.3638327717781067 0
1629449450602 2.053164005279541 0
1629449451614 1.9384678602218628 0
1629449452592 1.4374860525131226 0
1629449453614 1.5802276134490967 0
1629449454618 1.843510627746582 0
1629449455597 2.5432087182998657 0
1629449456580 1.202929437160492 0
1629449457576 1.2520450949668884 0
1629449458637 2.352844715118408 0
1629449459683 1.9280378818511963 0
1629449460696 1.7398220300674438 0
1629449461738 1.8439112901687622 0
1629449462765 2.4544783234596252 0
1629449463791 2.221697986125946 0
1629449464768 1.542155921459198 0
1629449465744 1.6233643293380737 0
1629449466715 2.227408766746521 0
1629449467703 2.23763108253479 0
1629449468760 1.892119824886322 0
1629449469785 2.0665738582611084 0
1629449470787 2.400296688079834 0
1629449471780 1.5389956831932068 0
1629449472808 1.9992040395736694 0
1629449473924 1.348741590976715 0
1629449474906 2.461867332458496 0
1629449475885 2.0435140132904053 0
1629449476890 1.665399193763733 0
1629449477900 2.736867606639862 0
1629449478994 1.9640228748321533 0
1629449480041 1.6432671546936035 0
1629449481173 2.9366385340690613 0
1629449482145 2.1746962666511536 0
1629449483120 1.6228532791137695 0
1629449484174 1.8927407264709473 0
1629449485312 2.41354101896286 0
1629449486930 1.3954088687896729 0
1629449488438 2.3518173694610596 0
1629449490264 1.8661607503890991 0
1629449491543 2.0197795033454895 0
1629449492654 1.9274614453315735 0
1629449493841 4.117401421070099 0
1629449494946 1.704081416130066 0
1629449496035 1.2735154628753662 0
1629449497154 2.189076781272888 0
1629449498171 2.8092085123062134 0
1629449499221 2.791863977909088 0
1629449500244 2.1672080159187317 0
1629449501225 3.360269010066986 0
1629449502287 2.288329243659973 0
1629449503357 2.2957746982574463 0
1629449504407 1.781280279159546 0
1629449505391 3.247146964073181 0
1629449506392 1.6807069778442383 0
1629449507466 1.4325427412986755 0
1629449508529 1.949236512184143 0
1629449509594 2.0785593390464783 0
1629449510711 1.4158004522323608 0
1629449511775 2.3267334699630737 0
1629449512869 1.963287115097046 0
1629449513960 3.5945963859558105 0
1629449515072 1.9898576736450195 0
1629449516076 2.6035730838775635 0
1629449517110 1.720362901687622 0
1629449518192 2.210471749305725 0
1629449519300 1.537178635597229 0
1629449520398 1.505948781967163 0
1629449521464 2.0451325178146362 0
1629449522548 1.9267921447753906 0
1629449523665 1.712024986743927 0
1629449524740 2.0776872634887695 0
1629449525826 2.330475926399231 0
1629449526899 2.422356367111206 0
1629449527951 2.4884172677993774 0
1629449529045 1.5564324259757996 0
1629449530070 1.487471103668213 0
1629449531150 1.7782204151153564 0
1629449532216 1.600910723209381 0
1629449533277 1.357587218284607 0
1629449534411 2.0961129665374756 0
1629449535561 1.5294633507728577 0
1629449536680 1.4289499521255493 0
1629449537791 1.5022918581962585 0
1629449538825 2.68294620513916 0
1629449539881 1.7532562613487244 0
1629449540867 1.8041977286338806 0
1629449541852 2.5081334114074707 0
1629449542833 2.03730446100235 0
1629449543831 2.299504041671753 0
1629449544898 1.2866731882095337 0
1629449545887 3.466612935066223 0
1629449546868 3.425123453140259 0
1629449547915 1.845499336719513 0
1629449548995 1.4005380272865295 0
1629449550069 1.9827258586883545 0
1629449551062 1.6158093214035034 0
1629449552070 1.570550262928009 0
1629449553055 1.2527429461479187 0
1629449554063 1.336624026298523 0
1629449555109 1.9427112340927124 0
1629449556125 1.8879673480987549 0
1629449557105 2.5662730038166046 0
1629449558088 2.8140430450439453 0
1629449559057 1.5338767766952515 0
1629449560128 1.7568583488464355 0
1629449561106 2.929217219352722 0
1629449562087 1.8964545726776123 0
1629449563192 2.1286198496818542 0
1629449564261 1.631193995475769 0
1629449565376 1.6793861389160156 0
1629449566484 2.0101195573806763 0
1629449567593 1.7492344975471497 0
1629449568583 1.3743391036987305 0
1629449569609 2.045548677444458 0
1629449570739 1.4970961213111877 0
1629449571815 2.038330078125 0
1629449572888 1.6085841059684753 0
1629449573938 1.4901729822158813 0
1629449574919 2.0018270611763 0
1629449575957 1.6382241249084473 0
1629449576934 2.278083920478821 0
1629449577924 1.5859495401382446 0
1629449578915 1.4823057651519775 0
1629449579901 2.0683653354644775 0
1629449580941 1.7489913702011108 0
1629449581925 3.15071439743042 0
1629449582921 2.377787470817566 0
1629449583944 1.5151211023330688 0
1629449584942 2.42934513092041 0
1629449586031 1.7543798089027405 0
1629449587201 3.718221664428711 0
1629449588782 2.7005876302719116 0
1629449590064 1.5380828976631165 0
1629449591258 2.148045063018799 0
1629449592531 1.7090749740600586 0
1629449593537 2.046023368835449 0
1629449594627 2.7890984416007996 0
1629449595683 1.1331248879432678 0
1629449596698 1.6062677502632141 0
1629449597785 1.7989482879638672 0
1629449598822 1.7850496768951416 0
1629449599817 2.5459445118904114 0
1629449600823 2.359071373939514 0
1629449601813 2.2731900215148926 0
1629449602873 1.4202815294265747 0
1629449603860 2.007717728614807 0
1629449604975 1.6422848105430603 0
1629449605992 1.4214522242546082 0
1629449606984 1.627549409866333 0
1629449608047 3.369111716747284 0
1629449609035 1.3996426463127136 0
1629449610047 1.402442455291748 0
1629449611064 2.6618038415908813 0
1629449612058 1.7267546653747559 0
1629449613135 1.3507888317108154 0
1629449614112 2.746150702238083 0
1629449615083 1.680720567703247 0
1629449616094 1.9929681420326233 0
1629449617127 1.7384073734283447 0
1629449618182 2.366541624069214 0
1629449619166 1.8366742134094238 0
1629449620167 2.0299829840660095 0
1629449621202 1.744726538658142 0
1629449622197 1.6974031329154968 0
1629449623248 1.8237451314926147 0
1629449624237 4.140261173248291 0
1629449625287 1.5554797649383545 0
1629449626275 1.9750605821609497 0
1629449627290 2.0789721608161926 0
1629449628383 1.6608234643936157 0
1629449629360 2.0745473504066467 0
1629449630369 2.2024198174476624 0
1629449631357 1.6859754920005798 0
1629449632358 1.846556842327118 0
1629449633404 1.6039556860923767 0
1629449634396 1.926418423652649 0
1629449635389 1.9997934103012085 0
1629449636376 2.143549859523773 0
1629449637412 1.453209936618805 0
1629449638445 2.2835839986801147 0
1629449639441 1.8424431085586548 0
1629449640439 2.1370378732681274 0
1629449641441 1.72170090675354 0
1629449642454 1.4164997339248657 0
1629449643514 1.9214327335357666 0
1629449644513 1.267052948474884 0
1629449645534 1.6594693064689636 0
1629449646515 1.2710617184638977 0
1629449647511 1.1693318486213684 0
1629449648573 3.4901779890060425 0
1629449649612 1.776498794555664 0
1629449650597 1.8164979815483093 0
1629449651580 1.6858640909194946 0
1629449652561 1.5726091265678406 0
1629449653626 1.6487987637519836 0
1629449654667 1.3853375017642975 0
1629449655666 2.0286548137664795 0
1629449656666 2.530875563621521 0
1629449657663 1.599375069141388 0
1629449658732 1.89490407705307 0
1629449659709 2.7498363256454468 0
1629449660687 1.799359917640686 0
1629449661671 2.170199394226074 0
1629449662698 1.428037941455841 0
1629449663771 1.8999304175376892 0
1629449664807 1.7185102701187134 0
1629449665776 1.3127254843711853 0
1629449666783 1.7156901359558105 0
1629449667762 1.4286977052688599 0
1629449668827 2.1323533952236176 0
1629449669822 1.6870911121368408 0
1629449670918 1.9499850273132324 0
1629449672025 1.447474718093872 0
1629449673091 1.400552749633789 0
1629449674308 2.8100894689559937 0
1629449675322 1.4360249638557434 0
1629449676350 2.0164653062820435 0
1629449677362 2.328283905982971 0
1629449678385 1.6522877216339111 0
1629449679514 1.2786434888839722 0
1629449680604 2.781770884990692 0
1629449681775 1.8147818446159363 0
1629449682815 2.2012611627578735 0
1629449683898 1.388437271118164 0
1629449684971 1.8021496534347534 0
1629449685952 1.4120860695838928 0
1629449686940 2.157901167869568 0
1629449687917 1.7663688659667969 0
1629449688922 1.245661735534668 0
1629449689972 3.1886085867881775 0
1629449691042 2.1663107872009277 0
1629449692046 2.6168453693389893 0
1629449693042 1.7631059885025024 0
1629449694099 1.632882535457611 0
1629449695203 2.030907392501831 0
1629449696302 1.4077961444854736 0
1629449697407 3.1477519273757935 0
1629449698545 1.9782088994979858 0
1629449699649 1.5673415660858154 0
1629449700788 3.0856975317001343 0
1629449701783 2.15960955619812 0
1629449702891 1.6628227829933167 0
1629449703983 1.7448269128799438 0
1629449705066 1.7215456366539001 0
1629449706207 1.7144485712051392 0
1629449707272 2.669059932231903 0
1629449708349 3.019691586494446 0
1629449709437 2.269668936729431 0
1629449710497 1.7589789032936096 0
1629449711624 2.342864155769348 0
1629449712698 1.4987595677375793 0
1629449713764 2.360462784767151 0
1629449714873 2.2021570801734924 0
1629449715932 2.9061710834503174 0
1629449717161 1.9159959554672241 0
1629449718177 1.563071846961975 0
1629449719209 2.012280225753784 0
1629449720195 1.646583467721939 0
1629449721159 2.2411285638809204 0
1629449722207 1.647151231765747 0
1629449723192 1.4885410070419312 0
1629449724171 1.5965619683265686 0
1629449725202 1.7958308458328247 0
1629449726207 1.628856599330902 0
1629449727252 1.8619728088378906 0
1629449728237 1.3585536479949951 0
1629449729225 2.2402812838554382 0
1629449730207 1.1582092642784119 0
1629449731234 1.2499748766422272 0
1629449732396 1.6557649374008179 0
1629449733383 1.3535181879997253 0
1629449734361 1.123070240020752 0
1629449735346 1.6720600724220276 0
1629449736337 2.2953941822052 0
1629449737407 1.5292928814888 0
1629449738490 1.6245490908622742 0
1629449739546 1.3160632848739624 0
1629449740610 1.7524396181106567 0
1629449741627 2.3907970190048218 0
1629449742709 1.7458398342132568 0
1629449743684 2.1913504600524902 0
1629449744697 2.0193158984184265 0
1629449745718 2.203185498714447 0
1629449746698 3.0780889987945557 0
1629449747725 1.9871877431869507 0
1629449748782 1.7744876444339752 0
1629449749845 1.4526546001434326 0
1629449750903 1.4638152122497559 0
1629449752009 1.373973786830902 0
1629449753121 1.2190817594528198 0
1629449754183 1.86378213763237 0
1629449755249 2.2131155729293823 0
1629449756241 1.236001968383789 0
1629449757282 1.4519679546356201 0
1629449758323 1.4463475346565247 0
1629449759317 1.2512249946594238 0
1629449760336 1.3380029797554016 0
1629449761362 1.6266050338745117 0
1629449762449 1.4801815152168274 0
1629449763586 1.5316380858421326 0
1629449764655 2.28177011013031 0
1629449765792 1.393527865409851 0
1629449766936 1.9329068064689636 0
1629449767997 1.7425935864448547 0
1629449769160 3.225231647491455 0
1629449770236 1.919370174407959 0
1629449771296 1.7610645294189453 0
1629449772445 1.8051791191101074 0
1629449773540 1.1921626925468445 0
1629449774609 2.5330808758735657 0
1629449775636 1.324739158153534 0
1629449776644 1.8194371461868286 0
1629449777701 1.2173688411712646 0
1629449778691 1.2553388476371765 0
1629449779727 2.430320978164673 0
1629449780716 3.123743772506714 0
1629449781768 1.3976199626922607 0
1629449782886 1.8844584822654724 0
1629449783949 3.6235636472702026 0
1629449784997 3.4515116214752197 0
1629449785992 2.4956990480422974 0
1629449787004 2.8610812425613403 0
1629449788077 2.2014142274856567 0
1629449789092 1.90421062707901 0
1629449790193 1.9203419089317322 0
1629449791173 1.3176303207874298 0
1629449792145 1.303987979888916 0
1629449793124 1.6026132106781006 0
