1629157664782 5.75068736076355 0
1629157665736 4.572096109390259 0
1629157666656 8.051595687866211 0
1629157667568 7.779359817504883 0
1629157668471 6.73788857460022 0
1629157669518 5.79923677444458 0
1629157670450 5.134783029556274 0
1629157671343 3.055241107940674 0
1629157672251 4.060515880584717 0
1629157673211 2.4984638690948486 0
1629157674196 2.732207775115967 0
1629157675285 2.4704984426498413 0
1629157676239 4.967970609664917 0
1629157677161 2.153897702693939 0
1629157678120 4.822749137878418 0
1629157679131 4.42411208152771 0
1629157680071 4.784740090370178 0
1629157681074 3.0835376977920532 0
1629157681998 2.8432812690734863 0
1629157682904 2.0398687720298767 0
1629157683850 2.1553165912628174 0
1629157684807 3.0527029037475586 0
1629157685700 3.088493227958679 0
1629157686786 2.64492928981781 0
1629157687724 3.3720099925994873 0
1629157688693 2.6695886850357056 0
1629157689638 1.6948423385620117 0
1629157690594 5.509290337562561 0
1629157691571 1.7457213997840881 0
1629157692528 3.4975039958953857 0
1629157693533 2.927650213241577 0
1629157694487 3.878174066543579 0
1629157695485 1.9619272947311401 0
1629157696417 3.0306241512298584 0
1629157697344 2.622923731803894 0
1629157698355 2.019585371017456 0
1629157699357 3.41677188873291 0
1629157700375 4.793215751647949 0
1629157701410 3.385007858276367 0
1629157702432 3.722122848033905 0
1629157703419 2.040761709213257 0
1629157704387 2.3163917660713196 0
1629157705323 1.8547229766845703 0
1629157706245 1.736370325088501 0
1629157707197 2.969141364097595 0
1629157708198 3.34804505109787 0
1629157709143 3.3829092979431152 0
1629157710092 4.160786867141724 0
1629157711029 1.9898725748062134 0
1629157711974 2.938165068626404 0
1629157713002 1.7121251821517944 0
1629157713953 3.859579920768738 0
1629157714894 2.249967575073242 0
1629157715805 2.842028021812439 0
1629157716728 2.5094505548477173 0
1629157717675 2.655405044555664 0
1629157718641 5.142100811004639 0
1629157719616 3.4078989028930664 0
1629157720569 3.2780869007110596 0
1629157721533 1.8190520405769348 0
1629157722503 1.8020668029785156 0
1629157723436 2.0746254920959473 0
1629157724416 2.2343793511390686 0
1629157725357 3.5548856258392334 0
1629157726237 2.0285435914993286 0
1629157727184 3.412856936454773 0
1629157728123 2.4644579887390137 0
1629157729012 2.156498908996582 0
1629157729946 3.4325504302978516 0
1629157730877 2.558187484741211 0
1629157731892 5.243633985519409 0
1629157732828 3.1670405864715576 0
1629157733830 2.188669979572296 0
1629157734775 4.2358012199401855 0
1629157735686 3.547554612159729 0
1629157736696 2.398943066596985 0
1629157737609 2.5645326375961304 0
1629157738513 3.3371466398239136 0
1629157739409 2.964997172355652 0
1629157740334 2.27444326877594 0
1629157741349 2.168048143386841 0
1629157742371 1.9524691104888916 0
1629157743297 1.9715030193328857 0
1629157744236 3.3967753648757935 0
1629157745171 3.2589473724365234 0
1629157746283 2.715096950531006 0
1629157747268 2.852869749069214 0
1629157748224 2.481241762638092 0
1629157749185 2.128599762916565 0
1629157750171 2.8827719688415527 0
1629157751178 4.195675611495972 0
1629157752123 1.9282318949699402 0
1629157753075 2.428501069545746 0
1629157754038 2.427483022212982 0
1629157755029 4.558604121208191 0
1629157756072 2.8809890747070312 0
1629157757018 2.5519704818725586 0
1629157758057 2.7099529504776 0
1629157759013 2.6908153295516968 0
1629157759972 5.35163426399231 0
1629157760948 1.7671775817871094 0
1629157761910 2.275718331336975 0
1629157762865 2.3305195569992065 0
1629157763818 1.824511468410492 0
1629157764815 2.3334652185440063 0
1629157765811 3.1882561445236206 0
1629157766756 4.6328816413879395 0
1629157767706 3.705690383911133 0
1629157768651 2.3536229133605957 0
1629157769570 1.4552298188209534 0
1629157770557 2.894230008125305 0
1629157771472 3.4467575550079346 0
1629157772409 1.7361129522323608 0
1629157773320 2.4524232149124146 0
1629157774271 4.584380269050598 0
1629157775232 2.442824125289917 0
1629157776192 4.20250391960144 0
1629157777153 2.472412109375 0
1629157778088 2.7082622051239014 0
1629157779015 3.660012722015381 0
1629157780175 3.0798721313476562 0
1629157781150 2.0131046772003174 0
1629157782081 1.6733068227767944 0
1629157783035 1.5623509883880615 0
1629157783943 2.750635027885437 0
1629157784916 2.8136550784111023 0
1629157785865 3.0641393661499023 0
1629157786763 2.2681748270988464 0
1629157787670 3.337243616580963 0
1629157788587 2.63166081905365 0
1629157789549 3.5349040031433105 0
1629157790523 4.1935811042785645 0
1629157791482 2.9829729795455933 0
1629157792464 4.348770260810852 0
1629157793407 2.748149037361145 0
1629157794356 2.064072012901306 0
1629157795297 2.3097939491271973 0
1629157796265 2.4721869230270386 0
1629157797213 2.2867210507392883 0
1629157798118 3.494217872619629 0
1629157799108 2.303858757019043 0
1629157800030 2.590237855911255 0
1629157801004 2.4713326692581177 0
1629157801950 2.3508245944976807 0
1629157802936 3.607326030731201 0
1629157803935 1.75055593252182 0
1629157804878 3.8294044733047485 0
1629157805800 2.1554815769195557 0
1629157806756 2.6819801330566406 0
1629157807707 1.7072535753250122 0
1629157808660 2.5203745365142822 0
1629157809578 1.9542990922927856 0
1629157810525 2.922865569591522 0
1629157811465 3.0284799337387085 0
1629157812390 2.0247848629951477 0
1629157813359 2.2814546823501587 0
1629157814266 2.3658971786499023 0
1629157815215 2.8849445581436157 0
1629157816172 2.5580203533172607 0
1629157817143 2.2105225324630737 0
1629157818169 3.5250861644744873 0
1629157819180 3.7293055057525635 0
1629157820129 2.0111613273620605 0
1629157821049 3.0103816986083984 0
1629157822047 3.8195399045944214 0
1629157823040 3.4298715591430664 0
1629157823972 3.0483558177948 0
1629157824921 2.7685015201568604 0
1629157825848 1.7113196849822998 0
1629157826781 2.7716792821884155 0
1629157827713 1.4867234230041504 0
1629157828633 2.765025496482849 0
1629157829531 2.6204941272735596 0
1629157830471 1.8031234741210938 0
1629157831431 1.93392676115036 0
1629157832403 1.4458983540534973 0
1629157833321 1.740270972251892 0
1629157834225 2.3446093797683716 0
1629157835095 2.3446892499923706 0
1629157836029 1.6936973333358765 0
1629157836967 3.1099544763565063 0
1629157837882 1.3908827304840088 0
1629157838782 2.409644603729248 0
1629157839715 1.606003999710083 0
1629157840676 1.6095327138900757 0
1629157841633 1.9631881713867188 0
1629157842535 1.3302279710769653 0
1629157843459 2.984022378921509 0
1629157844361 1.6018779277801514 0
1629157845260 2.358560562133789 0
1629157846232 2.1313233375549316 0
1629157847136 2.250872254371643 0
1629157848059 3.0435006618499756 0
1629157848959 2.6607959270477295 0
1629157849905 2.126849591732025 0
1629157850840 2.129380702972412 0
1629157851724 4.506775856018066 0
1629157852610 2.0729308128356934 0
1629157853548 1.4892085492610931 0
1629157854516 2.6392557621002197 0
1629157855496 2.558488607406616 0
1629157856446 1.9723994731903076 0
1629157857356 1.4609805941581726 0
1629157858290 3.2797571420669556 0
1629157859186 2.1503459215164185 0
1629157860157 1.2603670954704285 0
1629157861038 2.100433826446533 0
1629157861932 1.6990329027175903 0
1629157862828 2.5132954120635986 0
1629157863726 2.5023629665374756 0
1629157864644 1.8750481605529785 0
1629157865617 3.5988909006118774 0
1629157866553 2.1125611662864685 0
1629157867569 3.6859711408615112 0
1629157868548 1.6383939981460571 0
1629157869568 2.770210027694702 0
1629157870505 3.3432661294937134 0
1629157871486 3.5098178386688232 0
1629157872450 1.620898187160492 0
1629157873439 1.1938279867172241 0
1629157874465 1.4883040189743042 0
1629157875398 2.920324206352234 0
1629157876438 4.165341854095459 0
1629157877365 1.5132329761981964 0
1629157878254 1.9615845680236816 0
1629157879208 2.092756986618042 0
1629157880109 3.116676926612854 0
1629157881001 4.254928708076477 0
1629157881915 2.2246885299682617 0
1629157882838 1.7698680758476257 0
1629157883800 1.2845288515090942 0
1629157884686 1.862926721572876 0
1629157885570 3.842656195163727 0
1629157886478 1.3530789017677307 0
1629157887395 1.639771282672882 0
1629157888371 3.1502840518951416 0
1629157889306 2.494981288909912 0
1629157890202 2.0699493885040283 0
1629157891144 3.1881109476089478 0
1629157892043 2.6557884216308594 0
1629157892982 1.4415242075920105 0
1629157893965 1.2983236908912659 0
1629157894849 1.640024185180664 0
1629157895747 2.043305277824402 0
1629157896623 4.49516224861145 0
1629157897587 1.7071190774440765 0
1629157898463 2.1882988810539246 0
1629157899346 2.226425290107727 0
1629157900253 1.7785978317260742 0
1629157901148 2.0997215509414673 0
1629157902110 1.6788091659545898 0
1629157903019 1.9160654544830322 0
1629157903897 2.4306139945983887 0
1629157904835 2.2570923566818237 0
1629157905704 3.12013840675354 0
1629157906697 2.192151427268982 0
1629157907621 1.2638936936855316 0
1629157908527 2.4228168725967407 0
1629157909407 1.936042308807373 0
1629157910304 1.6164454221725464 0
1629157911306 1.3209264874458313 0
1629157912168 2.6272252798080444 0
1629157913101 1.576237678527832 0
1629157913992 2.9404670000076294 0
1629157914922 1.058973789215088 0
1629157915855 2.11811900138855 0
1629157916736 3.600571393966675 0
1629157917629 3.8612464666366577 0
1629157918536 2.2829642295837402 0
1629157919452 1.3425769805908203 0
1629157920451 2.69221568107605 0
1629157921345 2.7001330852508545 0
1629157922248 2.538359761238098 0
1629157923178 3.2136629819869995 0
1629157924046 4.352645635604858 0
1629157924991 2.1417120695114136 0
1629157925934 1.9031749367713928 0
1629157926848 1.6441705226898193 0
