1632471137005 1.036583811044693 0
1632471137225 1.036583811044693 0
1632471137460 1.036583811044693 0
1632471137695 1.036583811044693 0
1632471137930 1.036583811044693 0
1632471138180 0.4516713470220566 0
1632471138415 0.4516713470220566 0
1632471138649 0.4516713470220566 0
1632471138883 0.4516713470220566 0
1632471139118 0.4516713470220566 0
1632471139353 0.8976956903934479 0
1632471139588 0.8976956903934479 0
1632471139823 0.8976956903934479 0
1632471140057 0.8976956903934479 0
1632471140291 0.8976956903934479 0
1632471140526 0.770502895116806 0
1632471140760 0.770502895116806 0
1632471141002 0.770502895116806 0
1632471141222 0.770502895116806 0
1632471141456 0.770502895116806 0
1632471141713 0.8334795832633972 0
1632471141948 0.8334795832633972 0
1632471142183 0.8334795832633972 0
1632471142401 0.8334795832633972 0
1632471142636 0.8334795832633972 0
1632471142886 0.5258816778659821 0
1632471143121 0.5258816778659821 0
1632471143357 0.5258816778659821 0
1632471143591 0.5258816778659821 0
1632471143810 0.5258816778659821 0
1632471144060 0.36550191789865494 0
1632471144298 0.36550191789865494 0
1632471144533 0.36550191789865494 0
1632471144752 0.36550191789865494 0
1632471144987 0.36550191789865494 0
1632471145236 0.7677449285984039 0
1632471145471 0.7677449285984039 0
1632471145708 0.7677449285984039 0
1632471145944 0.7677449285984039 0
1632471146179 0.7677449285984039 0
1632471146413 0.6581410616636276 0
1632471146648 0.6581410616636276 0
1632471146882 0.6581410616636276 0
1632471147116 0.6581410616636276 0
1632471147352 0.6581410616636276 0
1632471147587 0.5649650767445564 0
1632471147821 0.5649650767445564 0
1632471148056 0.5649650767445564 0
1632471148293 0.5649650767445564 0
1632471148527 0.5649650767445564 0
1632471148763 0.891811728477478 0
1632471148998 0.891811728477478 0
1632471149232 0.891811728477478 0
1632471149467 0.891811728477478 0
1632471149703 0.891811728477478 0
1632471149954 0.4646879583597183 0
1632471150174 0.4646879583597183 0
1632471150408 0.4646879583597183 0
1632471150642 0.4646879583597183 0
1632471150877 0.4646879583597183 0
1632471151127 0.16488131135702133 0
1632471151363 0.16488131135702133 0
1632471151599 0.16488131135702133 0
1632471151817 0.16488131135702133 0
1632471152052 0.16488131135702133 0
1632471152302 0.4766218960285187 0
1632471152536 0.4766218960285187 0
1632471152772 0.4766218960285187 0
1632471153005 0.4766218960285187 0
1632471153239 0.4766218960285187 0
1632471153489 1.1975530534982681 0
1632471153724 1.1975530534982681 0
1632471153958 1.1975530534982681 0
1632471154184 1.1975530534982681 0
1632471154420 1.1975530534982681 0
1632471154671 0.33487629890441895 0
1632471154905 0.33487629890441895 0
1632471155140 0.33487629890441895 0
1632471155375 0.33487629890441895 0
1632471155610 0.33487629890441895 0
1632471155845 0.18747254088521004 0
1632471156095 0.18747254088521004 0
1632471156329 0.18747254088521004 0
1632471156548 0.18747254088521004 0
1632471156783 0.18747254088521004 0
1632471157034 0.8201263248920441 0
1632471157268 0.8201263248920441 0
1632471157503 0.8201263248920441 0
1632471157737 0.8201263248920441 0
1632471157971 0.8201263248920441 0
1632471158222 0.2904345467686653 0
1632471158458 0.2904345467686653 0
1632471158692 0.2904345467686653 0
1632471158912 0.2904345467686653 0
1632471159146 0.2904345467686653 0
1632471159399 0.5155689269304276 0
1632471159633 0.5155689269304276 0
1632471159869 0.5155689269304276 0
1632471160104 0.5155689269304276 0
1632471160340 0.5155689269304276 0
1632471160590 0.3148106038570404 0
1632471160825 0.3148106038570404 0
1632471161050 0.3148106038570404 0
1632471161284 0.3148106038570404 0
1632471161518 0.3148106038570404 0
1632471161766 0.3787510395050049 0
1632471162000 0.3787510395050049 0
1632471162235 0.3787510395050049 0
1632471162471 0.3787510395050049 0
1632471162705 0.3787510395050049 0
1632471162947 0.18924620747566223 0
1632471163181 0.18924620747566223 0
1632471163416 0.18924620747566223 0
1632471163653 0.18924620747566223 0
1632471163889 0.18924620747566223 0
1632471164139 0.5618018209934235 0
1632471164373 0.5618018209934235 0
1632471164593 0.5618018209934235 0
1632471164828 0.5618018209934235 0
1632471165066 0.5618018209934235 0
