1634269118485 0.6349585056304932 0
1634269121492 0.4387780725955963 0
1634269123104 0.582388699054718 0
1634269124714 0.28720611333847046 0
1634269126339 0.2619951069355011 0
1634269127951 0.29291144013404846 0
1634269129562 0.5964993238449097 0
1634269131195 0.39550450444221497 0
1634269132822 0.39473044872283936 0
1634269134448 0.2595928907394409 0
1634269136075 0.5462784767150879 0
1634269137716 0.18252480030059814 0
1634269139411 0.23166634142398834 0
1634269141039 0.2618177533149719 0
1634269142755 0.3772740662097931 0
1634269144383 0.21456418931484222 0
1634269146012 0.2609024941921234 0
1634269147639 0.5374875664710999 0
1634269149265 0.1436454951763153 0
1634269150900 0.262101948261261 0
1634269152530 0.3689430058002472 0
1634269155494 0.15882398188114166 0
1634269157119 0.3684137165546417 0
1634269158746 0.2529631555080414 0
1634269160434 0.17148560285568237 0
1634269162071 0.36497053503990173 0
1634269163714 0.41748303174972534 0
1634269165357 0.49754711985588074 0
1634269167000 0.22343353927135468 0
1634269168658 0.1585576981306076 0
1634269170335 0.3596654236316681 0
1634269171946 0.15043991804122925 0
1634269173588 0.41104501485824585 0
1634269175230 0.35049939155578613 0
1634269176856 0.2131001204252243 0
1634269178482 0.5121012330055237 0
1634269180109 0.15243177115917206 0
1634269181755 0.11780349910259247 0
1634269183368 0.40048107504844666 0
1634269185010 0.3436954915523529 0
1634269186636 0.21489624679088593 0
1634269189654 0.5048937797546387 0
1634269191316 0.2002522349357605 0
1634269192962 0.20185963809490204 0
1634269194636 0.1827244907617569 0
1634269196273 0.5013142228126526 0
1634269197947 0.08653956651687622 0
1634269199614 0.498556524515152 0
1634269201266 0.2086310088634491 0
1634269202912 0.08397451043128967 0
1634269204623 0.3843706250190735 0
1634269206294 0.47020962834358215 0
1634269208827 0.46769624948501587 0
