1634269118485 1.0737170577049255 0
1634269121492 0.5290689170360565 0
1634269123104 0.5191183239221573 0
1634269124714 0.43427395820617676 0
1634269126339 0.6492833495140076 0
1634269127951 0.4952370524406433 0
1634269129562 0.37548837065696716 0
1634269131195 0.4123544543981552 0
1634269132822 0.4304831624031067 0
1634269134448 0.5315801799297333 0
1634269136075 0.4323316961526871 0
1634269137732 0.6140289306640625 0
1634269139413 0.6143670678138733 0
1634269141039 0.6013043820858002 0
1634269142757 0.4816442131996155 0
1634269144383 0.5691461563110352 0
1634269146012 0.38661229610443115 0
1634269147639 0.44786837697029114 0
1634269149265 0.45007970929145813 0
1634269150902 0.46040405333042145 0
1634269152530 0.358568899333477 0
1634269155494 0.76882204413414 0
1634269157135 0.5090198218822479 0
1634269158746 0.4802015572786331 0
1634269160436 0.5068824887275696 0
1634269162071 0.4710316061973572 0
1634269163714 0.4013183265924454 0
1634269165357 0.43451136350631714 0
1634269167000 0.5972757041454315 0
1634269168660 0.5694921612739563 0
1634269170337 0.47181934118270874 0
1634269171946 0.5191938281059265 0
1634269173588 0.4562252461910248 0
1634269175230 0.41059181094169617 0
1634269176856 0.4550735652446747 0
1634269178482 0.47521911561489105 0
1634269180109 0.47504912316799164 0
1634269181756 0.45924247801303864 0
1634269183368 0.5257361829280853 0
1634269185010 0.5694928169250488 0
1634269186636 0.5664572715759277 0
1634269189654 0.48174479603767395 0
1634269191318 0.5723200440406799 0
1634269192962 0.5207450836896896 0
1634269194638 0.5214493870735168 0
1634269196273 0.5588914155960083 0
1634269197948 0.49653105437755585 0
1634269199615 0.46204037964344025 0
1634269201268 0.5309319198131561 0
1634269202912 0.5326544046401978 0
1634269204625 0.5035124570131302 0
1634269206295 0.4633163660764694 0
1634269208829 0.491401806473732 0
