1634269118476 1.3332000374794006 0
1634269121477 0.825071394443512 0
1634269123104 0.9772213995456696 0
1634269124714 0.5069565176963806 0
1634269126324 0.46918925642967224 0
1634269127951 0.5529870092868805 0
1634269129562 0.8234626650810242 0
1634269131195 0.7432416379451752 0
1634269132822 0.739861398935318 0
1634269134448 0.5387914776802063 0
1634269136075 0.7417954355478287 0
1634269137716 0.4273788630962372 0
1634269139407 0.4577907472848892 0
1634269141039 0.4738096743822098 0
1634269142751 0.5948005020618439 0
1634269144368 0.4454694539308548 0
1634269146012 0.4941759705543518 0
1634269147639 0.7106195539236069 0
1634269149265 0.49613600969314575 0
1634269150897 0.5935746431350708 0
1634269152530 0.5448658317327499 0
1634269155494 0.3213518559932709 0
1634269157119 0.5689048618078232 0
1634269158746 0.4853575974702835 0
1634269160430 0.32602445781230927 0
1634269162071 0.5295336097478867 0
1634269163714 0.726852536201477 0
1634269165357 0.7855370938777924 0
1634269167000 0.4250601828098297 0
1634269168654 0.350398451089859 0
1634269170331 0.5773327201604843 0
1634269171946 0.35374368727207184 0
1634269173588 0.5507910251617432 0
1634269175230 0.5613099336624146 0
1634269176840 0.37787510454654694 0
1634269178466 0.6927859634160995 0
1634269180109 0.2893608957529068 0
1634269181751 0.31741538643836975 0
1634269183368 0.5501054972410202 0
1634269184995 0.5221968293190002 0
1634269186621 0.45153653621673584 0
1634269189654 0.6531364619731903 0
1634269191312 0.3546179533004761 0
1634269192962 0.3690095692873001 0
1634269194632 0.37962606549263 0
1634269196273 0.7114618271589279 0
1634269197943 0.26037241518497467 0
1634269199610 0.6657557487487793 0
1634269201262 0.38847994804382324 0
1634269202912 0.26368990540504456 0
1634269204619 0.5365345478057861 0
1634269206290 0.6943428367376328 0
1634269208824 0.6292377263307571 0
