1634534654158 140.02867126464844 0
1634534657326 123.45952606201172 0
1634534659015 98.45442199707031 0
1634534660695 72.19058990478516 0
1634534662400 83.51001739501953 0
1634534664102 64.69754028320312 0
1634534665789 62.91223907470703 0
1634534667519 66.22864532470703 0
1634534669192 83.32041931152344 0
1634534670899 67.21300506591797 0
1634534672565 92.95620727539062 0
1634534675626 55.07289123535156 0
1634534677389 94.68890380859375 0
1634534679116 53.99402618408203 0
1634534680790 86.99769592285156 0
1634534682475 60.10479736328125 0
1634534684155 62.86223602294922 0
1634534685831 70.1214599609375 0
1634534687518 58.08222961425781 0
1634534689207 45.749393463134766 0
1634534690894 55.60942077636719 0
1634534694086 53.76661682128906 0
1634534695795 61.69132614135742 0
1634534697503 55.44758605957031 0
1634534699300 86.09611511230469 0
1634534701055 77.7144775390625 0
1634534702816 88.65475463867188 0
