1634534654158 1.6045128107070923 0
1634534657326 2.345050573348999 0
1634534659017 2.170258045196533 0
1634534660695 1.7789709568023682 0
1634534662402 1.7030932307243347 0
1634534664102 1.7867119312286377 0
1634534665789 2.0131229162216187 0
1634534667519 2.0324939489364624 0
1634534669194 1.7708663940429688 0
1634534670899 1.8304942846298218 0
1634534672565 1.7297853827476501 0
1634534675627 1.6894867420196533 0
1634534677390 1.8082767128944397 0
1634534679117 2.3604812622070312 0
1634534680791 1.1804023087024689 0
1634534682477 1.73403662443161 0
1634534684157 1.3653019666671753 0
1634534685831 2.0613470673561096 0
1634534687520 1.4954126477241516 0
1634534689208 2.039260149002075 0
1634534690897 1.4138067364692688 0
1634534694087 1.1368615627288818 0
1634534695795 2.0109400153160095 0
1634534697505 1.1534992158412933 0
1634534699301 1.3253530859947205 0
1634534701057 0.9868245422840118 0
1634534702816 1.3534711301326752 0
