1628986755392 0 0
1628986756364 1 0
1628986757300 2 0
1628986758306 3 0
1628986759220 4 0
1628986760153 5 0
1628986761120 6 0
1628986762136 7 0
1628986763127 8 0
1628986764084 9 0
1628986765066 10 0
1628986766031 11 0
1628986766987 12 0
1628986767963 13 0
1628986768940 14 0
1628986769916 15 0
1628986770889 16 0
1628986771853 17 0
1628986772855 18 0
1628986773876 19 0
1628986774875 20 0
1628986775870 21 0
1628986776791 22 0
1628986777761 23 0
1628986778729 24 0
1628986779675 25 0
1628986780603 26 0
1628986781529 27 0
1628986782489 28 0
1628986783424 29 0
1628986784355 30 0
1628986785268 31 0
1628986786195 32 0
1628986787156 33 0
1628986788132 34 0
1628986789082 35 0
1628986790064 36 0
1628986791076 37 0
1628986792044 38 0
1628986793015 39 0
1628986793969 40 0
1628986794931 41 0
1628986795851 42 0
1628986796821 43 0
1628986797793 44 0
1628986798785 45 0
1628986799748 46 0
1628986800689 47 0
1628986801625 48 0
1628986802550 49 0
1628986803491 50 0
1628986804389 51 0
1628986805374 52 0
1628986806277 53 0
1628986807269 54 0
1628986808246 55 0
1628986809233 56 0
1628986810154 57 0
1628986811139 58 0
1628986812043 59 0
1628986812968 60 0
1628986813887 61 0
1628986814799 62 0
1628986815782 63 0
1628986816711 64 0
1628986817719 65 0
1628986818625 66 0
1628986819531 67 0
1628986820509 68 0
1628986821476 69 0
1628986822427 70 0
1628986823380 71 0
1628986824337 72 0
1628986825307 73 0
1628986826246 74 0
1628986827237 75 0
1628986828153 76 0
1628986829062 77 0
1628986829980 78 0
1628986831026 79 0
1628986832023 80 0
1628986832996 81 0
1628986833936 82 0
1628986834973 83 0
1628986835935 84 0
1628986836880 85 0
1628986837823 86 0
1628986838762 87 0
1628986839686 88 0
1628986840667 89 0
1628986841581 90 0
1628986842556 91 0
1628986843483 92 0
1628986844425 93 0
1628986845353 94 0
1628986846273 95 0
1628986847240 96 0
1628986848170 97 0
1628986849120 98 0
1628986850103 99 0
1628986851114 100 0
1628986852076 101 0
1628986853088 102 0
1628986854134 103 0
1628986855124 104 0
1628986856077 105 0
1628986857029 106 0
1628986858043 107 0
1628986859023 108 0
1628986860006 109 0
1628986860990 110 0
1628986862008 111 0
1628986863069 112 0
1628986864055 113 0
1628986865051 114 0
1628986866027 115 0
1628986866980 116 0
1628986867915 117 0
1628986868918 118 0
1628986869823 119 0
1628986870740 120 0
1628986871692 121 0
1628986872703 122 0
1628986873658 123 0
1628986874594 124 0
1628986875546 125 0
1628986876495 126 0
1628986877455 127 0
1628986878444 128 0
1628986879387 129 0
1628986880307 130 0
1628986881249 131 0
1628986882246 132 0
1628986883195 133 0
1628986884204 134 0
1628986885160 135 0
1628986886109 136 0
1628986887026 137 0
1628986887992 138 0
1628986888920 139 0
1628986889903 140 0
1628986890803 141 0
1628986891831 142 0
1628986892818 143 0
1628986893778 144 0
1628986894801 145 0
1628986895709 146 0
1628986896622 147 0
1628986897544 148 0
1628986898489 149 0
1628986899399 150 0
1628986900325 151 0
1628986901252 152 0
1628986902167 153 0
1628986903115 154 0
1628986904098 155 0
1628986905090 156 0
1628986906024 157 0
1628986906991 158 0
1628986907926 159 0
1628986908861 160 0
1628986909792 161 0
1628986910747 162 0
1628986911744 163 0
1628986912696 164 0
1628986913617 165 0
1628986914549 166 0
1628986915536 167 0
1628986916448 168 0
1628986917374 169 0
1628986918344 170 0
1628986919286 171 0
1628986920201 172 0
1628986921145 173 0
1628986922078 174 0
1628986922996 175 0
1628986923972 176 0
1628986924914 177 0
1628986925824 178 0
1628986926842 179 0
1628986927754 180 0
1628986928658 181 0
1628986929651 182 0
1628986930697 183 0
1628986931658 184 0
1628986932569 185 0
1628986933491 186 0
1628986934414 187 0
1628986935427 188 0
1628986936391 189 0
1628986937319 190 0
1628986938230 191 0
1628986939138 192 0
1628986940048 193 0
1628986940979 194 0
1628986941969 195 0
1628986942867 196 0
1628986943822 197 0
1628986944727 198 0
1628986945686 199 0
1628986946625 200 0
1628986947525 201 0
1628986948430 202 0
1628986949427 203 0
1628986950368 204 0
1628986951290 205 0
1628986952198 206 0
1628986953209 207 0
1628986954168 208 0
1628986955136 209 0
1628986956043 210 0
1628986956962 211 0
1628986957911 212 0
1628986958873 213 0
1628986959779 214 0
1628986960721 215 0
1628986961685 216 0
1628986962615 217 0
1628986963647 218 0
1628986964605 219 0
1628986965591 220 0
1628986966524 221 0
1628986967479 222 0
1628986968438 223 0
1628986969371 224 0
1628986970299 225 0
1628986971260 226 0
1628986972190 227 0
1628986973158 228 0
1628986974119 229 0
1628986975151 230 0
1628986976078 231 0
1628986976985 232 0
1628986977907 233 0
1628986978824 234 0
1628986979734 235 0
1628986980675 236 0
1628986981585 237 0
1628986982565 238 0
1628986983487 239 0
1628986984410 240 0
1628986985342 241 0
1628986986264 242 0
1628986987172 243 0
1628986988159 244 0
1628986989176 245 0
1628986990113 246 0
1628986991102 247 0
1628986992061 248 0
1628986993094 249 0
1628986994027 250 0
1628986994967 251 0
1628986995908 252 0
1628986996852 253 0
1628986997830 254 0
1628986998775 255 0
1628986999761 256 0
1628987000714 257 0
1628987001740 258 0
1628987002738 259 0
1628987003700 260 0
1628987004672 261 0
1628987005671 262 0
1628987006666 263 0
1628987007710 264 0
1628987008762 265 0
1628987009729 266 0
1628987010705 267 0
1628987011687 268 0
1628987012728 269 0
1628987013676 270 0
1628987014621 271 0
1628987015654 272 0
1628987016566 273 0
1628987017547 274 0
1628987018480 275 0
1628987019396 276 0
1628987020350 277 0
1628987021305 278 0
1628987022210 279 0
1628987023142 280 0
1628987024108 281 0
1628987025037 282 0
1628987026005 283 0
1628987026987 284 0
1628987027933 285 0
1628987028848 286 0
1628987029754 287 0
1628987030693 288 0
1628987031652 289 0
1628987032621 290 0
1628987033536 291 0
1628987034456 292 0
1628987035394 293 0
1628987036326 294 0
1628987037310 295 0
1628987038283 296 0
1628987039225 297 0
1628987040271 298 0
1628987041271 299 0
1628987042297 300 0
1628987043214 301 0
1628987044152 302 0
1628987045084 303 0
1628987046045 304 0
1628987047038 305 0
1628987047954 306 0
1628987048960 307 0
1628987049887 308 0
1628987050845 309 0
1628987051852 310 0
1628987052814 311 0
1628987053807 312 0
1628987054785 313 0
1628987055798 314 0
1628987056754 315 0
1628987057694 316 0
1628987058595 317 0
1628987059507 318 0
1628987060522 319 0
1628987061522 320 0
1628987062529 321 0
1628987063538 322 0
1628987064484 323 0
1628987065447 324 0
1628987066407 325 0
1628987067383 326 0
1628987068304 327 0
1628987069262 328 0
1628987070281 329 0
1628987071226 330 0
1628987072209 331 0
1628987073226 332 0
1628987074190 333 0
1628987075120 334 0
1628987076129 335 0
1628987077092 336 0
1628987078017 337 0
1628987078925 338 0
1628987079898 339 0
1628987080815 340 0
1628987081771 341 0
1628987082694 342 0
1628987083600 343 0
1628987084509 344 0
1628987085457 345 0
1628987086418 346 0
1628987087367 347 0
1628987088300 348 0
1628987089211 349 0
1628987090162 350 0
1628987091161 351 0
1628987092138 352 0
1628987093143 353 0
1628987094074 354 0
1628987095064 355 0
1628987096016 356 0
1628987096985 357 0
1628987097918 358 0
1628987098847 359 0
1628987099820 360 0
1628987100790 361 0
1628987101788 362 0
1628987102799 363 0
1628987103737 364 0
1628987104668 365 0
1628987105665 366 0
1628987106624 367 0
1628987107575 368 0
1628987108499 369 0
1628987109457 370 0
1628987110447 371 0
1628987111449 372 0
1628987112415 373 0
1628987113360 374 0
1628987114329 375 0
1628987115254 376 0
1628987116187 377 0
1628987117124 378 0
1628987118065 379 0
1628987118969 380 0
1628987119900 381 0
1628987120865 382 0
1628987121849 383 0
1628987122786 384 0
1628987123780 385 0
1628987124772 386 0
1628987125717 387 0
1628987126732 388 0
1628987127683 389 0
1628987128641 390 0
1628987129590 391 0
1628987130512 392 0
1628987131449 393 0
1628987132405 394 0
1628987133386 395 0
1628987134326 396 0
1628987135306 397 0
1628987136262 398 0
1628987137233 399 0
1628987138187 400 0
1628987139132 401 0
1628987140104 402 0
1628987141029 403 0
1628987141974 404 0
1628987142988 405 0
1628987143901 406 0
1628987144842 407 0
1628987145820 408 0
1628987146745 409 0
1628987147656 410 0
1628987148614 411 0
1628987149574 412 0
1628987150568 413 0
1628987151478 414 0
1628987152448 415 0
1628987153394 416 0
1628987154309 417 0
1628987155260 418 0
1628987156206 419 0
1628987157124 420 0
1628987158116 421 0
1628987159042 422 0
1628987159946 423 0
1628987160920 424 0
1628987161913 425 0
1628987162917 426 0
1628987163858 427 0
1628987164834 428 0
1628987165810 429 0
1628987166720 430 0
1628987167652 431 0
1628987168611 432 0
1628987169552 433 0
1628987170512 434 0
1628987171473 435 0
1628987172441 436 0
1628987173390 437 0
1628987174308 438 0
1628987175375 439 0
1628987176335 440 0
1628987177261 441 0
1628987178281 442 0
1628987179255 443 0
1628987180176 444 0
1628987181123 445 0
1628987182052 446 0
1628987182983 447 0
1628987183918 448 0
1628987184842 449 0
1628987185771 450 0
1628987186685 451 0
1628987187679 452 0
1628987188593 453 0
1628987189616 454 0
1628987190580 455 0
1628987191512 456 0
1628987192431 457 0
1628987193339 458 0
1628987194252 459 0
1628987195184 460 0
1628987196172 461 0
1628987197135 462 0
1628987198124 463 0
1628987199036 464 0
1628987199963 465 0
1628987200884 466 0
1628987201799 467 0
1628987202728 468 0
1628987203655 469 0
1628987204600 470 0
1628987205532 471 0
1628987206501 472 0
1628987207504 473 0
1628987208457 474 0
1628987209391 475 0
1628987210317 476 0
1628987211343 477 0
1628987212301 478 0
1628987213239 479 0
1628987214220 480 0
1628987215132 481 0
1628987216107 482 0
1628987217010 483 0
1628987217957 484 0
1628987218888 485 0
1628987219882 486 0
1628987220847 487 0
1628987221753 488 0
1628987222653 489 0
1628987223595 490 0
1628987224525 491 0
1628987225438 492 0
1628987226343 493 0
1628987227315 494 0
1628987228234 495 0
1628987229181 496 0
1628987230105 497 0
1628987231021 498 0
1628987231976 499 0
1628987232971 500 0
1628987233955 501 0
1628987234882 502 0
1628987235901 503 0
1628987236827 504 0
1628987237747 505 0
1628987238731 506 0
1628987239682 507 0
1628987240589 508 0
1628987241487 509 0
1628987242455 510 0
1628987243448 511 0
1628987244431 512 0
1628987245412 513 0
1628987246363 514 0
1628987247299 515 0
1628987248269 516 0
1628987249266 517 0
1628987250178 518 0
1628987251145 519 0
1628987252210 520 0
1628987253113 521 0
1628987254008 522 0
1628987254914 523 0
1628987255820 524 0
1628987256738 525 0
1628987257639 526 0
1628987258541 527 0
1628987259445 528 0
1628987260362 529 0
1628987261273 530 0
1628987262189 531 0
1628987263112 532 0
1628987264022 533 0
1628987264924 534 0
1628987265833 535 0
1628987266759 536 0
1628987267706 537 0
1628987268611 538 0
1628987269527 539 0
1628987270466 540 0
1628987271390 541 0
1628987272313 542 0
1628987273241 543 0
1628987274201 544 0
1628987275248 545 0
1628987276194 546 0
1628987277164 547 0
1628987278127 548 0
1628987279094 549 0
1628987280059 550 0
1628987281027 551 0
1628987281931 552 0
1628987282939 553 0
