1628986755438 0.2868066830560565 0
1628986756414 0.47784075140953064 0
1628986757343 0.3728369874879718 0
1628986758348 0.2743748426437378 0
1628986759262 0.7024071021005511 0
1628986760196 0.24348816997371614 0
1628986761173 0.30320497415959835 0
1628986762187 0.3244622051715851 0
1628986763177 0.2279102010652423 0
1628986764136 0.23583320807665586 0
1628986765116 0.23080321215093136 0
1628986766083 0.7257223930209875 0
1628986767037 0.23568016290664673 0
1628986768010 0.25690345000475645 0
1628986768992 0.5120617151260376 0
1628986769966 0.24629864655435085 0
1628986770944 0.5156348347663879 0
1628986771902 0.2085878551006317 0
1628986772904 0.5896168947219849 0
1628986773927 0.48385149240493774 0
1628986774929 0.3268650472164154 0
1628986775920 0.30057933926582336 0
1628986776832 0.4276782274246216 0
1628986777805 0.3144704308360815 0
1628986778771 0.41152212976885494 0
1628986779719 0.2693254752084613 0
1628986780644 0.31971511244773865 0
1628986781574 0.4007350904867053 0
1628986782536 0.3564246892929077 0
1628986783479 0.32360726594924927 0
1628986784398 0.27853493951261044 0
1628986785311 0.2734801871702075 0
1628986786241 0.2369186282157898 0
1628986787206 0.3547151293605566 0
1628986788185 0.3972849752753973 0
1628986789135 0.4281553030014038 0
1628986790114 0.553809842094779 0
1628986791126 0.3219011826440692 0
1628986792093 0.4237342281267047 0
1628986793068 0.479896267876029 0
1628986794023 0.4173315968364477 0
1628986794976 0.3214156628528144 0
1628986795894 0.32141370605677366 0
1628986796876 0.2426109416410327 0
1628986797844 1.3061737027019262 0
1628986798834 0.43697687052190304 0
1628986799793 0.5252212882041931 0
1628986800738 0.3728878004476428 0
1628986801667 0.3225209815427661 0
1628986802593 0.2984979748725891 0
1628986803533 0.7536054253578186 0
1628986804433 0.2940822243690491 0
1628986805416 0.7110994458198547 0
1628986806326 0.6000895109027624 0
1628986807319 0.24454506766051054 0
1628986808297 0.5784049034118652 0
1628986809283 0.34405387472361326 0
1628986810203 0.3098873598501086 0
1628986811187 0.3153641130775213 0
1628986812088 0.7113007307052612 0
1628986813008 0.3049409594386816 0
1628986813932 0.5526816844940186 0
1628986814849 0.4779564347118139 0
1628986815825 0.2653325106948614 0
1628986816754 0.3164997501298785 0
1628986817763 0.3161618709564209 0
1628986818670 0.23614204954355955 0
1628986819573 0.34796558879315853 0
1628986820559 0.24092490505427122 0
1628986821529 0.21369303297251463 0
1628986822482 0.349016355277854 0
1628986823437 0.5282890796661377 0
1628986824381 0.23081359267234802 0
1628986825352 0.44311932753771544 0
1628986826293 0.37973215244710445 0
1628986827284 0.27832706831395626 0
1628986828198 0.34342301916331053 0
1628986829106 0.33774539828300476 0
1628986830028 0.7287039756774902 0
1628986831073 0.3804952707141638 0
1628986832068 0.5219410946592689 0
1628986833040 0.23527107667177916 0
1628986833982 0.26192987989634275 0
1628986835017 0.48123161029070616 0
1628986835976 0.26742932200431824 0
1628986836924 0.3074270589277148 0
1628986837866 0.24113121163100004 0
1628986838806 0.2945859832689166 0
1628986839729 0.3074641823768616 0
1628986840712 0.31302837561815977 0
1628986841623 0.3992583956569433 0
1628986842600 0.3855061139911413 0
1628986843527 0.43588439654558897 0
1628986844467 0.3713922705501318 0
1628986845396 0.27236562967300415 0
1628986846315 0.2382045490667224 0
1628986847284 0.3453649580478668 0
1628986848217 0.3000755710527301 0
1628986849174 0.4258381724357605 0
1628986850162 0.5746422614902258 0
1628986851173 0.5177390143435332 0
1628986852130 0.3105034559266642 0
1628986853141 0.3210748610908922 0
1628986854198 0.5491615844584885 0
1628986855173 0.34708404541015625 0
1628986856130 0.35112321376800537 0
1628986857085 0.36005809903144836 0
1628986858099 0.33495265169767663 0
1628986859072 0.3330194456502795 0
1628986860059 0.3118040766566992 0
1628986861044 0.33684333227574825 0
1628986862065 0.34107115864753723 0
1628986863114 0.31144146155565977 0
1628986864103 0.25814151763916016 0
1628986865095 0.22592018079012632 0
1628986866071 0.30946033261716366 0
1628986867024 0.5880966186523438 0
1628986867962 0.3701722826808691 0
1628986868960 0.21827457379549742 0
1628986869865 0.3854007525369525 0
1628986870781 0.43835761211812496 0
1628986871737 0.24555759690701962 0
1628986872746 0.26087321325030643 0
1628986873701 0.31726436875760555 0
1628986874636 0.3455390138551593 0
1628986875591 0.449392169713974 0
1628986876536 0.3312584264203906 0
1628986877500 0.29044247698038816 0
1628986878486 0.41694580198600306 0
1628986879432 0.2988094091415405 0
1628986880353 0.20372487138956785 0
1628986881292 0.6810279889032245 0
1628986882293 0.2961358428001404 0
1628986883238 0.819360832683742 0
1628986884246 0.48498794436454773 0
1628986885204 0.4367565717548132 0
1628986886152 0.3245017435401678 0
1628986887068 0.33033030293881893 0
1628986888035 0.43606722354888916 0
1628986888961 0.378691921941936 0
1628986889947 0.7704933881759644 0
1628986890848 0.29001182317733765 0
1628986891874 0.5743056740611792 0
1628986892863 0.6851778831332922 0
1628986893823 0.7321918606758118 0
1628986894847 0.9607171816751361 0
1628986895753 0.41077335737645626 0
1628986896663 0.3542006015777588 0
1628986897587 0.6420775456354022 0
1628986898533 0.5516077280044556 0
1628986899442 0.35779388807713985 0
1628986900369 0.17162286769598722 0
1628986901296 0.3914119303226471 0
1628986902218 0.6414371933788061 0
1628986903164 0.24150719307363033 0
1628986904152 0.5357165141031146 0
1628986905140 0.3094402952119708 0
1628986906075 0.4656203789636493 0
1628986907043 0.4303715629503131 0
1628986907971 0.42539586685597897 0
1628986908903 0.3271735217422247 0
1628986909836 0.2683751191943884 0
1628986910789 0.3074029190465808 0
1628986911792 0.3058417644351721 0
1628986912738 0.4020691616460681 0
1628986913661 1.0099583668634295 0
1628986914591 0.36666674446314573 0
1628986915582 0.2739639086648822 0
1628986916489 0.3624383118003607 0
1628986917418 0.4371378030627966 0
1628986918386 0.796971321105957 0
1628986919328 0.36959826946258545 0
1628986920250 0.49958477448672056 0
1628986921188 0.3653130531311035 0
1628986922121 0.3645533323287964 0
1628986923042 0.7199899358674884 0
1628986924014 0.618023693561554 0
1628986924960 0.5996764898300171 0
1628986925867 0.5223104562610388 0
1628986926884 0.3259763717651367 0
1628986927798 0.4921998977661133 0
1628986928701 0.2836643364280462 0
1628986929696 0.4112063152715564 0
1628986930747 0.4553904109634459 0
1628986931703 0.24442455149255693 0
1628986932613 0.3539448380470276 0
1628986933534 0.22419649921357632 0
1628986934457 0.43337593507021666 0
1628986935472 0.47327504586428404 0
1628986936434 0.32820542715489864 0
1628986937361 0.6888913912698627 0
1628986938275 0.34682659339159727 0
1628986939179 0.47813389729708433 0
1628986940090 0.40289812348783016 0
1628986941021 0.5257847514003515 0
1628986942013 0.4434402985498309 0
1628986942910 0.2823470737785101 0
1628986943866 0.3741048378869891 0
1628986944770 0.46685310266911983 0
1628986945728 2.3587984442710876 0
1628986946667 0.3715940322726965 0
1628986947569 0.35063122771680355 0
1628986948477 0.3551459116861224 0
1628986949471 0.29237241577357054 0
1628986950410 0.31026288866996765 0
1628986951333 0.22312741540372372 0
1628986952241 0.24503481946885586 0
1628986953253 0.4069483239145484 0
1628986954212 0.3942552413791418 0
1628986955178 0.37409499287605286 0
1628986956085 0.4203483462333679 0
1628986957004 0.5442875828593969 0
1628986957953 0.5182667775079608 0
1628986958916 0.229080593213439 0
1628986959820 0.3036001529544592 0
1628986960765 1.424997329711914 0
1628986961727 0.45331056974828243 0
1628986962661 0.31932012271136045 0
1628986963698 0.25030103884637356 0
1628986964661 0.3768835663795471 0
1628986965643 0.6100148363038898 0
1628986966574 0.33761292695999146 0
1628986967524 0.2843421306461096 0
1628986968483 0.2941875755786896 0
1628986969414 0.2825809717178345 0
1628986970343 0.4188122060149908 0
1628986971303 0.3915065033361316 0
1628986972233 0.384400337934494 0
1628986973203 0.40136890567373484 0
1628986974163 0.4440276827663183 0
1628986975193 0.3163447482511401 0
1628986976122 0.5277469754219055 0
1628986977027 0.3340252935886383 0
1628986977957 0.828455924987793 0
1628986978868 0.394213299266994 0
1628986979776 0.277437349781394 0
1628986980718 0.33040731825167313 0
1628986981629 0.2695407278370112 0
1628986982607 0.3800695640966296 0
1628986983532 0.2978734476491809 0
1628986984454 0.2701324224472046 0
1628986985385 0.3456021547317505 0
1628986986306 0.2625235226005316 0
1628986987223 0.3938188757747412 0
1628986988212 0.37627750635147095 0
1628986989228 0.3128784103319049 0
1628986990161 0.5294364895671606 0
1628986991154 0.2914908230304718 0
1628986992112 0.4356670081615448 0
1628986993145 0.22906271182000637 0
1628986994075 0.1978395488113165 0
1628986995015 0.6319155693054199 0
1628986995957 0.34838050603866577 0
1628986996903 0.31237713526934385 0
1628986997880 0.29557863902300596 0
1628986998822 0.29608674594783224 0
1628986999811 0.4188203811645508 0
1628987000763 0.307155966758728 0
1628987001787 0.37207746505737305 0
1628987002789 0.2508387714624405 0
1628987003757 0.27485963702201843 0
1628987004725 0.38148775696754456 0
1628987005725 0.3423452777788043 0
1628987006716 0.3400997519493103 0
1628987007762 0.6490383949130774 0
1628987008815 0.4666287899017334 0
1628987009781 0.293493221513927 0
1628987010756 0.2473889496177435 0
1628987011740 0.3122906591743231 0
1628987012775 0.4072854723781347 0
1628987013724 0.3188121523708105 0
1628987014674 0.34015136025846004 0
1628987015697 0.4891457362100482 0
1628987016611 0.5397308468818665 0
1628987017593 0.2741309702396393 0
1628987018523 0.2668982846662402 0
1628987019441 0.2901107771322131 0
1628987020393 0.2809974756091833 0
1628987021347 0.29202007316052914 0
1628987022254 0.361403226852417 0
1628987023193 0.37623616121709347 0
1628987024151 0.2611022796481848 0
1628987025082 0.41137588024139404 0
1628987026047 0.3973119957372546 0
1628987027030 0.36136385798454285 0
1628987027975 0.33895297907292843 0
1628987028892 0.35917009972035885 0
1628987029797 0.33988919854164124 0
1628987030737 0.4974127812311053 0
1628987031696 0.4660852253437042 0
1628987032667 0.3163776006549597 0
1628987033577 0.33321567438542843 0
1628987034500 0.35972481966018677 0
1628987035434 0.4463993711397052 0
1628987036369 0.29221220379986335 0
1628987037357 0.31251843832433224 0
1628987038334 0.41124657820910215 0
1628987039274 0.32586356066167355 0
1628987040319 0.5658712387084961 0
1628987041390 0.23553994856774807 0
1628987042342 0.3690894050523639 0
1628987043263 0.7753933668136597 0
1628987044200 0.5137274069711566 0
1628987045134 0.2687122132629156 0
1628987046095 0.34391413163393736 0
1628987047086 0.38352304697036743 0
1628987048000 0.4012755062431097 0
1628987049009 0.32386675477027893 0
1628987049942 0.3316058721393347 0
1628987050905 0.39276098273694515 0
1628987051903 0.7116538090631366 0
1628987052865 0.4634254574775696 0
1628987053853 0.24826926551759243 0
1628987054832 0.4177599158138037 0
1628987055852 0.2672343007288873 0
1628987056805 0.6028934326022863 0
1628987057735 0.34886960219591856 0
1628987058638 0.4398125810548663 0
1628987059554 0.3333832425996661 0
1628987060569 0.4761163992807269 0
1628987061573 0.35972128342837095 0
1628987062577 0.36827739141881466 0
1628987063589 0.2876229789108038 0
1628987064535 0.7383403182029724 0
1628987065501 0.3262618584558368 0
1628987066457 0.35158276557922363 0
1628987067431 0.5644474430009723 0
1628987068353 0.3410313930362463 0
1628987069314 0.2901452984660864 0
1628987070332 0.4361203517764807 0
1628987071278 0.4498720671981573 0
1628987072260 0.20903905294835567 0
1628987073277 0.4774448275566101 0
1628987074242 0.3996720416471362 0
1628987075172 0.32724332390353084 0
1628987076181 0.4364152951166034 0
1628987077142 0.2692395057529211 0
1628987078066 0.21551560424268246 0
1628987078967 0.30342608675709926 0
1628987079941 0.38066419027745724 0
1628987080865 0.7986276149749756 0
1628987081821 0.6289086937904358 0
1628987082738 0.2398214489221573 0
1628987083643 0.24943690560758114 0
1628987084553 0.5600151866419765 0
1628987085500 0.2845560712739825 0
1628987086461 0.43199642561376095 0
1628987087409 0.3396620359271765 0
1628987088342 0.32002687454223633 0
1628987089255 0.30403625033795834 0
1628987090206 0.295631299726665 0
1628987091212 0.5608858466148376 0
1628987092187 0.20729482173919678 0
1628987093194 0.5329174799844623 0
1628987094124 1.0102251376956701 0
1628987095114 0.3272642195224762 0
1628987096066 0.2686084909364581 0
1628987097037 0.24776972364634275 0
1628987097967 0.5128934979438782 0
1628987098890 0.24131358694285154 0
1628987099870 0.30671295523643494 0
1628987100843 0.24097261391580105 0
1628987101839 0.2665117383003235 0
1628987102847 0.3789649410173297 0
1628987103792 0.19442602060735226 0
1628987104718 0.8325120415538549 0
1628987105712 0.4345075488090515 0
1628987106667 0.5392733421176672 0
1628987107618 0.4344526529312134 0
1628987108547 0.4394467677921057 0
1628987109507 0.6432739701122046 0
1628987110498 0.32346832752227783 0
1628987111500 0.8640556540340185 0
1628987112459 0.3524563116952777 0
1628987113402 0.2473390530794859 0
1628987114372 0.35057858657091856 0
1628987115297 0.23799633979797363 0
1628987116231 0.3094170093536377 0
1628987117166 0.3625264270231128 0
1628987118108 0.23979189526289701 0
1628987119018 0.2130726482719183 0
1628987119950 0.28752621077001095 0
1628987120908 0.31713562458753586 0
1628987121891 0.3106506671756506 0
1628987122841 0.3350150091573596 0
1628987123830 0.24749825429171324 0
1628987124827 0.39257233403623104 0
1628987125767 1.1360200252383947 0
1628987126782 0.4577225847169757 0
1628987127734 0.29238567780703306 0
1628987128688 0.24590778909623623 0
1628987129642 0.39686093758791685 0
1628987130563 0.2988335695117712 0
1628987131502 0.873670956119895 0
1628987132457 0.2290877802297473 0
1628987133434 1.6266339225694537 0
1628987134374 0.4785248339176178 0
1628987135354 0.3430164426099509 0
1628987136311 0.4007608098909259 0
1628987137287 0.5919073028489947 0
1628987138238 0.40265190601348877 0
1628987139183 0.25983646512031555 0
1628987140155 0.29523716401308775 0
1628987141079 0.40614793729037046 0
1628987142018 0.4244764056056738 0
1628987143031 0.3343850877135992 0
1628987143945 0.529149810783565 0
1628987144884 0.42807803582400084 0
1628987145865 0.29070288967341185 0
1628987146786 0.25084254145622253 0
1628987147709 0.33588225673884153 0
1628987148661 1.7590698208659887 0
1628987149620 0.299147030338645 0
1628987150613 0.41865990590304136 0
1628987151522 0.37007944844663143 0
1628987152493 0.3288447465747595 0
1628987153437 0.711539070121944 0
1628987154354 0.5735318269580603 0
1628987155303 0.3303198516368866 0
1628987156248 0.41303522419184446 0
1628987157167 1.9377559423446655 0
1628987158159 0.23022183310240507 0
1628987159084 0.3707889914512634 0
1628987159989 1.2333831992000341 0
1628987160962 0.32052057050168514 0
1628987161958 0.25554423562425654 0
1628987162960 0.3943456616252661 0
1628987163902 0.4363975925371051 0
1628987164878 0.6110628452152014 0
1628987165853 0.27116742730140686 0
1628987166763 0.38116165064275265 0
1628987167696 0.38347601890563965 0
1628987168656 0.3479770626872778 0
1628987169593 0.24877279996871948 0
1628987170556 0.26169461011886597 0
1628987171517 0.2990372683852911 0
1628987172508 0.4042937954654917 0
1628987173433 0.34546885095187463 0
1628987174351 0.3945034146308899 0
1628987175419 0.20669054985046387 0
1628987176380 0.4934816638706252 0
1628987177306 0.4845018705455004 0
1628987178323 0.28590460680425167 0
1628987179298 0.36108533572405577 0
1628987180220 0.7813238706439734 0
1628987181165 0.47337313555181026 0
1628987182096 0.41212744545191526 0
1628987183025 0.3565643234178424 0
1628987183960 0.29165811371058226 0
1628987184884 0.2647701110690832 0
1628987185813 0.4542831778526306 0
1628987186729 0.5125176683068275 0
1628987187722 0.35802806448191404 0
1628987188636 0.34462038706988096 0
1628987189660 0.29425174903008156 0
1628987190623 0.5256178583949804 0
1628987191558 0.3607653584331274 0
1628987192473 0.26370795629918575 0
1628987193382 0.25318822264671326 0
1628987194296 0.2931142058223486 0
1628987195227 0.4210498137399554 0
1628987196214 0.2438243729993701 0
1628987197179 0.18829220067709684 0
1628987198169 0.5952501501888037 0
1628987199079 0.39098755549639463 0
1628987200006 0.3271365761756897 0
1628987200928 0.4892743630334735 0
1628987201843 0.4193620886653662 0
1628987202771 0.44194723200052977 0
1628987203699 0.3315875334665179 0
1628987204644 0.3752819299697876 0
1628987205574 0.3132547540590167 0
1628987206556 0.3599309232085943 0
1628987207547 0.3541462626308203 0
1628987208501 0.24012815952301025 0
1628987209434 0.416143199428916 0
1628987210368 0.3805947806686163 0
1628987211393 0.25307696126401424 0
1628987212352 0.39088948629796505 0
1628987213292 0.34664982557296753 0
1628987214265 0.24307194352149963 0
1628987215175 0.3731353947405296 0
1628987216150 0.29145951103419065 0
1628987217054 0.3549777865409851 0
1628987218002 0.3141792817041278 0
1628987218931 0.3026837706565857 0
1628987219926 0.4031231701374054 0
1628987220889 0.5978851914405823 0
1628987221795 0.3314177393913269 0
1628987222695 0.3156250324100256 0
1628987223638 0.33439176343381405 0
1628987224571 0.2780066132545471 0
1628987225481 0.39754911325871944 0
1628987226385 0.2588657736778259 0
1628987227357 0.8135813279077411 0
1628987228281 1.3087108535692096 0
1628987229222 0.28725046597719484 0
1628987230148 0.377427538856864 0
1628987231068 0.3826134707778692 0
1628987232018 0.3566870093345642 0
1628987233017 0.2777685523033142 0
1628987233999 0.46622301172465086 0
1628987234927 0.28032365441322327 0
1628987235944 0.22959636710584164 0
1628987236871 0.2659395933151245 0
1628987237787 0.5678984727710485 0
1628987238772 0.2510646339505911 0
1628987239725 0.7797862691804767 0
1628987240631 0.5125554800033569 0
1628987241528 0.2953140940517187 0
1628987242509 0.4307453837245703 0
1628987243499 0.5193614363670349 0
1628987244482 0.21979751251637936 0
1628987245459 0.2547057247720659 0
1628987246415 1.3289191331714392 0
1628987247350 0.22637426853179932 0
1628987248314 0.24258731305599213 0
1628987249310 0.2415183186531067 0
1628987250220 0.2592017650604248 0
1628987251189 0.26953935623168945 0
1628987252252 0.34845044277608395 0
1628987253154 0.27947351336479187 0
1628987254050 0.24613363109529018 0
1628987254954 0.6269576754420996 0
1628987255867 0.563487907871604 0
1628987256779 0.32513439655303955 0
1628987257682 0.35812131594866514 0
1628987258582 0.2441865410655737 0
1628987259487 0.3320798873901367 0
1628987260404 0.34060110710561275 0
1628987261316 0.33425168227404356 0
1628987262229 0.45438609551638365 0
1628987263153 0.41069553326815367 0
1628987264063 0.6311904396861792 0
1628987264968 0.371467093937099 0
1628987265874 0.40532983373850584 0
1628987266800 0.3466789126396179 0
1628987267748 0.2310974206775427 0
1628987268653 0.4721055133268237 0
1628987269568 0.9041470689699054 0
1628987270508 0.2808727528899908 0
1628987271433 0.45247515104711056 0
1628987272366 0.4543320834636688 0
1628987273295 1.3438771571964025 0
1628987274250 0.47491729259490967 0
1628987275300 0.19906139373779297 0
1628987276244 0.36619787476956844 0
1628987277217 0.3768489761278033 0
1628987278179 0.2651184406131506 0
1628987279136 0.2934124171733856 0
1628987280102 0.267607937566936 0
1628987281070 0.2826831443235278 0
1628987281972 0.4588669938966632 0
1628987282980 0.4279311103746295 0
