1628986755505 0.23757977655623108 0
1628986756489 0.32337586581707 0
1628986757407 0.25843086355598643 0
1628986758412 0.26224761828780174 0
1628986759324 0.22902200184762478 0
1628986760264 0.34884291887283325 0
1628986761248 0.26369447400793433 0
1628986762263 0.28967395424842834 0
1628986763260 0.2606855956837535 0
1628986764215 0.24304987560026348 0
1628986765192 0.25278157903812826 0
1628986766161 0.2530534283723682 0
1628986767111 0.24832003097981215 0
1628986768084 0.24898559565190226 0
1628986769063 0.2546755541115999 0
1628986770040 0.26219743583351374 0
1628986771020 0.26178410090506077 0
1628986771983 0.24182398477569222 0
1628986772983 0.2510821162723005 0
1628986774005 0.24394707335159183 0
1628986775009 0.24484553519869223 0
1628986775985 0.25201638508588076 0
1628986776897 0.23319123650435358 0
1628986777870 0.24664372915867716 0
1628986778836 0.4640659689903259 0
1628986779784 0.6066589504480362 0
1628986780707 0.2846102938055992 0
1628986781640 0.2668460898566991 0
1628986782603 0.2560579236596823 0
1628986783556 0.2796062231063843 0
1628986784466 0.24237646511755884 0
1628986785374 0.2636640090495348 0
1628986786309 0.2549392580986023 0
1628986787289 0.25262789614498615 0
1628986788262 0.2460437323898077 0
1628986789212 0.2654390800744295 0
1628986790187 0.24596299324184656 0
1628986791199 0.23488663946045563 0
1628986792171 0.24964515562169254 0
1628986793143 0.2502814207691699 0
1628986794097 0.24434191174805164 0
1628986795043 0.30955101549625397 0
1628986795969 0.2720252200961113 0
1628986796957 0.24881681472470518 0
1628986797924 0.25682398304343224 0
1628986798910 0.25686851097270846 0
1628986799857 0.256827705539763 0
1628986800809 0.2847107946872711 0
1628986801732 0.24808905215468258 0
1628986802665 0.2656342750415206 0
1628986803599 0.24817028775578365 0
1628986804501 0.24930095137096941 0
1628986805479 0.25461796671152115 0
1628986806399 0.2463437778496882 0
1628986807392 0.3101183921098709 0
1628986808371 0.24540134938433766 0
1628986809354 0.2690678257495165 0
1628986810279 0.24878851602989016 0
1628986811250 0.24716119724325836 0
1628986812154 0.2580183707177639 0
1628986813073 0.2799215763807297 0
1628986813999 0.25649169459939003 0
1628986814917 0.28505295887589455 0
1628986815896 0.2439229927258566 0
1628986816818 0.2557389000430703 0
1628986817830 0.2391120996326208 0
1628986818734 0.23958581034094095 0
1628986819651 0.2466942114988342 0
1628986820636 0.27104819379746914 0
1628986821614 0.26353445649147034 0
1628986822566 0.28004881739616394 0
1628986823510 0.5369337443262339 0
1628986824446 0.2848301585763693 0
1628986825419 0.27421141136437654 0
1628986826358 0.2506166568491608 0
1628986827354 0.2562980903312564 0
1628986828265 0.25324942730367184 0
1628986829170 0.2536055720411241 0
1628986830094 0.2686496041715145 0
1628986831139 0.26353751216083765 0
1628986832136 0.13819900547969155 0
1628986833106 0.4197663343511522 0
1628986834054 0.2608735878020525 0
1628986835091 0.2749235623050481 0
1628986836039 0.2603144831955433 0
1628986836990 0.2508810997242108 0
1628986837930 0.2704142611473799 0
1628986838874 0.24730469600763172 0
1628986839796 0.2727165389806032 0
1628986840780 0.23895862000063062 0
1628986841691 0.30651819333434105 0
1628986842668 0.2526317359879613 0
1628986843595 0.24974096717778593 0
1628986844532 0.25415402464568615 0
1628986845460 0.24955432413844392 0
1628986846383 0.24933785269968212 0
1628986847349 0.25160503876395524 0
1628986848286 0.24742468388285488 0
1628986849254 0.24528645948157646 0
1628986850242 0.22503850096836686 0
1628986851254 0.18509289994835854 0
1628986852219 0.18835219740867615 0
1628986853226 0.4691648781299591 0
1628986854287 0.28914959728717804 0
1628986855252 0.31799400225281715 0
1628986856211 0.2713797315955162 0
1628986857168 0.29106762632727623 0
1628986858179 0.13672068808227777 0
1628986859151 0.3601039359346032 0
1628986860135 0.27003317046910524 0
1628986861125 0.3099490888416767 0
1628986862152 0.2606839817017317 0
1628986863182 0.27294304035604 0
1628986864170 0.2583815036341548 0
1628986865164 0.25217031288775615 0
1628986866139 0.25011193002865184 0
1628986867087 0.25458670035004616 0
1628986868029 0.2560126385651529 0
1628986869022 0.25390138337388635 0
1628986869930 0.25364430947229266 0
1628986870848 0.24373104027472436 0
1628986871803 0.2467289250344038 0
1628986872810 0.2694368027150631 0
1628986873766 0.33743398636579514 0
1628986874699 0.26463978085666895 0
1628986875669 0.2512956075370312 0
1628986876602 0.268527764827013 0
1628986877576 0.2571882288902998 0
1628986878550 0.25060612172819674 0
1628986879499 0.25174500280991197 0
1628986880417 0.24368164921179414 0
1628986881358 0.26834280975162983 0
1628986882361 0.275018859654665 0
1628986883302 0.2539067016914487 0
1628986884312 0.2598785376176238 0
1628986885269 0.25902343075722456 0
1628986886215 0.23382940934970975 0
1628986887131 0.2467347551137209 0
1628986888100 0.2407889966852963 0
1628986889024 0.2421450479887426 0
1628986890013 0.25247615994885564 0
1628986890915 0.224467309191823 0
1628986891938 0.25310300290584564 0
1628986892927 0.27555039897561073 0
1628986893886 0.24153950484469533 0
1628986894913 0.2483177576214075 0
1628986895819 0.25563989859074354 0
1628986896726 0.24284670688211918 0
1628986897653 0.24106501741334796 0
1628986898604 0.24653176224092022 0
1628986899506 0.2896609380841255 0
1628986900442 0.26589833572506905 0
1628986901361 0.24940826138481498 0
1628986902297 0.24476994201540947 0
1628986903242 0.24815874360501766 0
1628986904225 0.2296917992644012 0
1628986905217 0.3508892208337784 0
1628986906160 0.29308848828077316 0
1628986907113 0.30724847316741943 0
1628986908039 0.2747903913259506 0
1628986908968 0.26632881350815296 0
1628986909902 0.24732015514746308 0
1628986910853 0.24103041924536228 0
1628986911858 0.23732719919644296 0
1628986912804 0.2105824719183147 0
1628986913727 0.26508778193965554 0
1628986914656 0.24747540114913136 0
1628986915650 0.24568218324930058 0
1628986916552 0.24093783542048186 0
1628986917490 0.24823890149127692 0
1628986918456 0.24520736341946758 0
1628986919391 0.21766530442982912 0
1628986920321 0.23718039179220796 0
1628986921254 0.23656940693035722 0
1628986922184 0.24312605429440737 0
1628986923109 0.2513463511131704 0
1628986924079 0.25178680568933487 0
1628986925024 0.24562222138047218 0
1628986925934 0.20466146618127823 0
1628986926948 0.318919213488698 0
1628986927863 0.2409659158438444 0
1628986928767 0.2951623797416687 0
1628986929764 0.24304394010687247 0
1628986930819 0.19472869485616684 0
1628986931769 0.34439392760396004 0
1628986932677 0.8358483612537384 0
1628986933601 0.2863918486982584 0
1628986934521 0.3331802152097225 0
1628986935537 0.30467991530895233 0
1628986936501 0.26706768153235316 0
1628986937425 0.2588886395096779 0
1628986938340 0.3475585877895355 0
1628986939242 0.3372527062892914 0
1628986940153 0.2512591427657753 0
1628986941087 0.25575558422133327 0
1628986942080 0.2517684365157038 0
1628986942972 0.2493876547086984 0
1628986943930 0.2551579442806542 0
1628986944833 0.2522752727381885 0
1628986945792 0.2547212983481586 0
1628986946731 0.25422232830896974 0
1628986947634 0.24724562739720568 0
1628986948544 0.24834309180732816 0
1628986949535 0.2500847475603223 0
1628986950475 0.2509355330839753 0
1628986951398 0.24865126935765147 0
1628986952309 0.27516808547079563 0
1628986953321 0.14314162358641624 0
1628986954280 0.36276986030861735 0
1628986955243 0.28257186710834503 0
1628986956149 0.26396190153900534 0
1628986957067 0.2644879138097167 0
1628986958017 0.24483916524332017 0
1628986958983 0.2685690689831972 0
1628986959883 0.2616258915513754 0
1628986960829 0.2647152189165354 0
1628986961792 0.25552351539954543 0
1628986962727 0.24164311488857493 0
1628986963771 0.2528782542794943 0
1628986964740 0.2479452700354159 0
1628986965718 0.2535887146368623 0
1628986966639 0.2414417383406544 0
1628986967589 0.2596112210303545 0
1628986968549 0.2376683067996055 0
1628986969479 0.28996602818369865 0
1628986970406 0.2544115965720266 0
1628986971367 0.26224602572619915 0
1628986972299 0.3866116851568222 0
1628986973269 0.48426174372434616 0
1628986974228 0.3700573034584522 0
1628986975260 0.26918906532227993 0
1628986976185 0.2954994235187769 0
1628986977090 0.25248341052792966 0
1628986978020 0.2521290823342497 0
1628986978934 0.28927962109446526 0
1628986979841 0.3505726084113121 0
1628986980783 0.12541089742444456 0
1628986981693 0.06347485166043043 0
1628986982670 0.45724094734032406 0
1628986983599 0.25434684520587325 0
1628986984519 0.4209820330142975 0
1628986985451 0.3976327031850815 0
1628986986367 0.26824494916945696 0
1628986987301 0.26456181704998016 0
1628986988290 0.2568207187578082 0
1628986989305 0.28080778010189533 0
1628986990233 0.2492588508175686 0
1628986991229 0.26876842975616455 0
1628986992186 0.2530813217163086 0
1628986993218 0.2795912027359009 0
1628986994150 0.24756006231473293 0
1628986995085 0.2560934270732105 0
1628986996030 0.25664423778653145 0
1628986996978 0.24481945647858083 0
1628986997955 0.2534739291295409 0
1628986998895 0.15724758135911543 0
1628986999885 0.37189753155689687 0
1628987000838 0.3146606758236885 0
1628987001863 0.31592273712158203 0
1628987002866 0.26256345986621454 0
1628987003834 0.26552626118063927 0
1628987004809 0.2536251964047551 0
1628987005808 0.33195263892412186 0
1628987006792 0.2927031069993973 0
1628987007845 0.26181385572999716 0
1628987008895 0.23396958480589092 0
1628987009858 0.277963750064373 0
1628987010833 0.24757217336446047 0
1628987011817 0.2835984565317631 0
1628987012839 0.2566525898873806 0
1628987013799 0.3617258220911026 0
1628987014750 0.26758824847638607 0
1628987015758 0.2765762321650982 0
1628987016679 0.23815009568352252 0
1628987017657 0.2614341489970684 0
1628987018591 0.24339122651144862 0
1628987019506 0.2407757816836238 0
1628987020458 0.25190864014439285 0
1628987021410 0.24011167511343956 0
1628987022325 0.3852955996990204 0
1628987023257 0.512736439704895 0
1628987024217 0.26063112914562225 0
1628987025149 0.24428725708276033 0
1628987026111 0.2580177644267678 0
1628987027093 0.2520754002034664 0
1628987028039 0.22464799490990117 0
1628987028957 0.24835139885544777 0
1628987029860 0.21928211254999042 0
1628987030802 0.21574526419863105 0
1628987031762 0.2390437163412571 0
1628987032733 0.28305675834417343 0
1628987033645 0.224075797945261 0
1628987034567 0.27481450513005257 0
1628987035498 0.24235858023166656 0
1628987036434 0.20484928786754608 0
1628987037433 0.3861261322745122 0
1628987038405 0.2691045440733433 0
1628987039346 0.2653572214767337 0
1628987040393 0.25529304752126336 0
1628987041463 0.2530456460081041 0
1628987042406 0.25791131518781185 0
1628987043336 0.25062758394051343 0
1628987044281 0.26218451373279095 0
1628987045209 0.2691434323787689 0
1628987046171 0.24705924224690534 0
1628987047153 0.26198312174528837 0
1628987048063 0.25103492056950927 0
1628987049076 0.27283425256609917 0
1628987050018 0.2573234234005213 0
1628987050987 0.25816185120493174 0
1628987051981 0.2441815873607993 0
1628987052941 0.2662346512079239 0
1628987053928 0.2608633069321513 0
1628987054906 0.24876115308143198 0
1628987055929 0.2625378146767616 0
1628987056873 0.3603827580809593 0
1628987057797 0.2991744689643383 0
1628987058705 0.2657783832401037 0
1628987059621 0.28842683508992195 0
1628987060645 0.6209236532449722 0
1628987061648 1.0111902356147766 0
1628987062650 0.28730783611536026 0
1628987063668 0.44418030977249146 0
1628987064611 0.31024185568094254 0
1628987065575 0.30655112862586975 0
1628987066532 0.26411459408700466 0
1628987067497 0.2521180391777307 0
1628987068434 0.2593725547194481 0
1628987069388 0.2836858555674553 0
1628987070408 0.2558887782506645 0
1628987071350 0.2452108509314712 0
1628987072343 0.24749629269354045 0
1628987073356 0.2519270847988082 0
1628987074319 0.24931566044688225 0
1628987075243 0.13618348399177194 0
1628987076257 0.3655613660812378 0
1628987077216 0.25378009816631675 0
1628987078132 0.2543816636316478 0
1628987079031 0.23425517976284027 0
1628987080004 0.32980468566529453 0
1628987080942 0.47584420442581177 0
1628987081898 0.3353229984641075 0
1628987082803 0.26009065192192793 0
1628987083707 0.2603100799024105 0
1628987084618 0.3487793803215027 0
1628987085566 0.29055438190698624 0
1628987086527 0.2605816600844264 0
1628987087473 0.25065706274472177 0
1628987088405 0.24826394021511078 0
1628987089318 0.2542678634636104 0
1628987090272 0.24557632906362414 0
1628987091291 0.2426819683460053 0
1628987092262 0.24957348319003358 0
1628987093270 0.2446830778499134 0
1628987094200 0.26785224582999945 0
1628987095189 0.2551157269626856 0
1628987096145 0.2553141498938203 0
1628987097117 0.2491999922785908 0
1628987098043 0.23893364029936492 0
1628987098955 0.24723062687553465 0
1628987099945 0.23453680565580726 0
1628987100915 0.24512158473953605 0
1628987101913 0.23382107098586857 0
1628987102922 0.2532120756804943 0
1628987103869 0.2413415127666667 0
1628987104797 0.22719061630778015 0
1628987105786 0.2627634573727846 0
1628987106734 0.25341122644022107 0
1628987107684 0.2618922060355544 0
1628987108625 0.2531170598231256 0
1628987109585 0.2379670268855989 0
1628987110579 0.30560097470879555 0
1628987111572 0.26596278697252274 0
1628987112526 0.37168025225400925 0
1628987113465 0.21464164555072784 0
1628987114437 0.36369524896144867 0
1628987115363 0.3272630125284195 0
1628987116299 0.25520557491108775 0
1628987117231 0.3414013236761093 0
1628987118172 0.35089753568172455 0
1628987119089 0.2821665573865175 0
1628987120021 0.3266904875636101 0
1628987120971 0.15078660938888788 0
1628987121958 0.28370886971242726 0
1628987122915 0.2573805497959256 0
1628987123909 0.2500057779252529 0
1628987124906 0.24470398155972362 0
1628987125843 0.24641554441768676 0
1628987126862 0.2683543339371681 0
1628987127812 0.39219315350055695 0
1628987128757 0.31772907823324203 0
1628987129715 0.3220015615224838 0
1628987130638 0.2579035786911845 0
1628987131577 0.308725468814373 0
1628987132531 0.24844046751968563 0
1628987133509 0.2349106271249184 0
1628987134447 0.2457664175890386 0
1628987135430 0.13559885136783123 0
1628987136389 0.3594822532613762 0
1628987137366 0.33289710246026516 0
1628987138317 0.28289047529688105 0
1628987139261 0.2604898288846016 0
1628987140230 0.26372230297420174 0
1628987141143 0.2581149088218808 0
1628987142087 0.25310484087094665 0
1628987143098 0.3093986138701439 0
1628987144012 0.2527218638570048 0
1628987144947 0.2789560202509165 0
1628987145930 0.2523907048162073 0
1628987146852 0.24822441878495738 0
1628987147777 0.2495794830028899 0
1628987148728 0.307623989880085 0
1628987149690 0.25873743928968906 0
1628987150680 0.26231424137949944 0
1628987151587 0.2505954026710242 0
1628987152559 0.2505007080035284 0
1628987153501 0.2538629909977317 0
1628987154421 0.25211154285352677 0
1628987155365 0.25252404366619885 0
1628987156313 0.25253879744559526 0
1628987157232 0.2567643513903022 0
1628987158223 0.25284251663833857 0
1628987159148 0.25008176067785826 0
1628987160052 0.2637638170272112 0
1628987161026 0.2605184819549322 0
1628987162024 0.39859022200107574 0
1628987163027 0.41273240745067596 0
1628987163971 0.40194180607795715 0
1628987164943 0.25919943023473024 0
1628987165922 0.2689224388450384 0
1628987166827 0.27486202493309975 0
1628987167761 0.29459624364972115 0
1628987168722 0.2594095654785633 0
1628987169662 0.2646595723927021 0
1628987170621 0.24879643158055842 0
1628987171578 0.25173958524828777 0
1628987172571 0.22092760354280472 0
1628987173499 0.14709629863500595 0
1628987174415 0.6016531144268811 0
1628987175485 0.29475462064146996 0
1628987176443 0.4045269023627043 0
1628987177370 0.12158580869436264 0
1628987178389 0.43769516493193805 0
1628987179361 0.26238052267581224 0
1628987180287 0.2666747816838324 0
1628987181227 0.2555821668356657 0
1628987182163 0.2599644884467125 0
1628987183091 0.2584453216404654 0
1628987184024 0.2518551463726908 0
1628987184948 0.25497725047171116 0
1628987185877 0.2561893379315734 0
1628987186794 0.11430958472192287 0
1628987187788 0.31611085357144475 0
1628987188702 0.25456308433786035 0
1628987189725 0.1914974432438612 0
1628987190689 0.29405583583866246 0
1628987191623 0.26161264162510633 0
1628987192538 0.25343116038129665 0
1628987193446 0.31537868082523346 0
1628987194359 0.2507804553024471 0
1628987195292 0.35249385237693787 0
1628987196281 0.24847436742857099 0
1628987197243 0.24959592792220064 0
1628987198234 0.2553782728500664 0
1628987199143 0.2595314085483551 0
1628987200068 0.3242551237344742 0
1628987200996 0.2776220291852951 0
1628987201908 0.30483898520469666 0
1628987202837 0.25951971381437033 0
1628987203765 0.25048958021216094 0
1628987204710 0.2532073315232992 0
1628987205639 0.25849719252437353 0
1628987206628 0.25412096455693245 0
1628987207609 0.3198467567563057 0
1628987208569 0.24138205288909376 0
1628987209498 0.26262311451137066 0
1628987210440 0.2791822738945484 0
1628987211468 0.24843517132103443 0
1628987212426 0.2554997690021992 0
1628987213356 0.24781386158429086 0
1628987214331 0.23677446114015765 0
1628987215242 0.1459065203089267 0
1628987216216 0.3189210668206215 0
1628987217121 0.24187732860445976 0
1628987218065 0.26047039352124557 0
1628987218997 0.25203785626217723 0
1628987219991 0.2502260629553348 0
1628987220952 0.24589183973148465 0
1628987221857 0.25830764696002007 0
1628987222759 0.2527526944177225 0
1628987223703 0.25386221427470446 0
1628987224638 0.24798623996321112 0
1628987225544 0.2429564904596191 0
1628987226453 0.2528264606371522 0
1628987227421 0.24461411498486996 0
1628987228347 0.260653592646122 0
1628987229287 0.24384629260748625 0
1628987230214 0.24550059449393302 0
1628987231137 0.24657727777957916 0
1628987232081 0.2579388862941414 0
1628987233085 0.2827211245894432 0
1628987234064 0.2742835823446512 0
1628987234994 0.31617264449596405 0
1628987236009 0.3027479201555252 0
1628987236935 0.25861067697405815 0
1628987237848 0.5044477581977844 0
1628987238836 0.576788455247879 0
1628987239790 0.2974604479968548 0
1628987240695 0.28853172436356544 0
1628987241594 0.27791640534996986 0
1628987242586 0.2689056321978569 0
1628987243580 0.24020388873759657 0
1628987244556 0.24541906430386007 0
1628987245530 0.21169012784957886 0
1628987246492 0.4570283144712448 0
1628987247425 0.32578834891319275 0
1628987248379 0.27736003301106393 0
1628987249380 0.27069174870848656 0
1628987250284 0.2569097187370062 0
1628987251259 0.24595892734942026 0
1628987252317 0.25469850515946746 0
1628987253216 0.2461498052580282 0
1628987254113 0.2536119038704783 0
1628987255019 0.2591799646615982 0
1628987255930 0.2848598062992096 0
1628987256841 0.44442887604236603 0
1628987257746 0.41550949215888977 0
1628987258645 0.23999438395549078 0
1628987259549 0.24527793657034636 0
1628987260466 0.22393184527754784 0
1628987261379 0.26002608984708786 0
1628987262292 0.24939445639029145 0
1628987263215 0.28961797803640366 0
1628987264124 0.2428593144286424 0
1628987265036 0.28362712264060974 0
1628987265941 0.2472802815027535 0
1628987266863 0.2325568082742393 0
1628987267812 0.2467160583473742 0
1628987268715 0.2659128587692976 0
1628987269631 0.22616959584411234 0
1628987270571 0.28278812393546104 0
1628987271498 0.24643773725256324 0
1628987272442 0.263732373714447 0
1628987273371 0.2254217907320708 0
1628987274322 0.26296515204012394 0
1628987275372 0.2062720259418711 0
1628987276317 0.23973143746843562 0
1628987277290 0.22986968350596726 0
1628987278254 0.24676605826243758 0
1628987279200 0.2313131057890132 0
1628987280167 0.23690740391612053 0
1628987281131 0.23069256002781913 0
1628987282036 0.2606192473322153 0
1628987283046 0.2657392779365182 0
