1633492935737 0.9898970425128937 0
1633493027938 0.21401792019605637 0
1633493119076 0.4653402119874954 0
1633493210142 0.36715686321258545 0
1633493301217 0.42785385251045227 0
1633493392303 0.33748720586299896 0
1633493483380 0.27664031088352203 0
1633493574443 0.450547993183136 0
1633493665474 0.36160457134246826 0
1633493756549 0.6962224245071411 0
1633493847631 0.5647548586130142 0
1633493939627 0.4487805962562561 0
1633494030648 0.5763619244098663 0
1633494121676 0.5417858362197876 0
1633494212724 0.1983896717429161 0
1633494303716 0.4128286838531494 0
1633494394690 0.24631968885660172 0
1633494485702 1.414640188217163 0
1633494576690 0.304541677236557 0
1633494667650 0.5509078204631805 0
1633494758669 0.2875627279281616 0
1633494850574 0.47290103137493134 0
1633494941560 0.53704833984375 0
1633495032560 0.38836559653282166 0
1633495123531 0.6317771375179291 0
1633495214514 0.17848829180002213 0
1633495305488 0.39132171869277954 0
1633495396464 0.6753656268119812 0
1633495487482 0.5387293696403503 0
1633495578522 0.7913437038660049 0
1633495669545 0.5958807468414307 0
1633495761531 0.25613439828157425 0
1633495852529 0.32944346219301224 0
1633495943520 0.11242074146866798 0
1633496034498 0.6201326251029968 0
1633496125545 0.21169520169496536 0
1633496216549 0.37059222161769867 0
1633496307575 0.5040698498487473 0
1633496398573 0.38545146957039833 0
1633496489580 0.6682767570018768 0
1633496580570 0.7103638350963593 0
1633496672446 0.46240998804569244 0
1633496763434 0.5963512063026428 0
1633496854441 0.4288052171468735 0
1633496945430 0.28911420702934265 0
1633497036447 0.6337958872318268 0
1633497127471 0.2537636309862137 0
1633497218512 0.7187077403068542 0
1633497309550 0.41830308735370636 0
1633497400610 0.18452556431293488 0
1633497491635 0.330356128513813 0
1633497583635 0.5260660648345947 0
1633497674623 0.7037121057510376 0
1633497765600 0.27112672477960587 0
1633497856548 0.4489702060818672 0
1633497947526 0.410573273897171 0
1633498038481 0.2510053515434265 0
1633498129423 0.22100123763084412 0
1633498220398 0.48184677958488464 0
1633498311350 0.5287879109382629 0
1633498402316 0.3820955604314804 0
1633498494204 0.12223916873335838 0
1633498585177 0.3824566602706909 0
1633498676147 0.4441078305244446 0
1633498767140 0.34260211884975433 0
1633498858106 0.3096392899751663 0
1633498949064 0.10464776307344437 0
1633499039978 0.3664001524448395 0
1633499130920 0.4189849942922592 0
1633499221875 0.8346185684204102 0
1633499312814 0.20830925554037094 0
1633499404689 0.1997576653957367 0
1633499495706 0.0742892324924469 0
1633499586706 0.5795935690402985 0
1633499677701 0.4336051493883133 0
1633499768750 0.5281753242015839 0
1633499859741 0.08024106966331601 0
1633499950715 0.23230586014688015 0
1633500041702 0.3869898095726967 0
1633500132730 0.32509806752204895 0
1633500223740 0.6022814512252808 0
1633500315658 0.6213496625423431 0
1633500406666 0.30964359641075134 0
1633500497656 0.14502357225865126 0
1633500588628 0.363396480679512 0
1633500679592 0.39183491468429565 0
1633500770549 0.3166893869638443 0
1633500861496 0.2990894019603729 0
1633500952441 0.13657747209072113 0
1633501043395 0.4572519212961197 0
1633501134367 0.21083349734544754 0
1633501226233 0.42979153990745544 0
1633501317252 0.2777971923351288 0
1633501408247 0.348971750921919 0
1633501499211 0.3289235234260559 0
1633501590202 0.09406479820609093 0
1633501681187 0.30411025136709213 0
1633501772157 0.1850583367049694 0
1633501863125 0.35598647594451904 0
1633501954060 0.32366764545440674 0
1633502045029 0.09484631940722466 0
1633502136988 0.11220479384064674 0
1633502227999 0.2770969271659851 0
1633502318982 0.1733267456293106 0
1633502409953 0.32748328149318695 0
1633502500879 0.21707865595817566 0
1633502591882 0.20776717364788055 0
1633502682874 0.3500383049249649 0
1633502773846 0.16405066847801208 0
1633502864840 0.2623375952243805 0
1633502955824 0.3956238329410553 0
1633503047702 0.25184280425310135 0
1633503138683 0.18223001807928085 0
1633503229678 0.588295578956604 0
1633503320639 0.693011112511158 0
1633503411585 0.4548584707081318 0
1633503502558 0.11889532767236233 0
1633503593529 0.10754545778036118 0
1633503684481 0.34941215068101883 0
1633503775416 0.30986443907022476 0
1633503866400 0.47463972866535187 0
1633503958289 0.4503559023141861 0
1633504049293 0.08395521901547909 0
1633504140292 0.30313394218683243 0
1633504231275 0.3252113461494446 0
1633504322288 0.3108101189136505 0
1633504413271 0.3694624900817871 0
1633504504330 0.30491605401039124 0
1633504595328 0.19197997450828552 0
1633504686309 0.20900840871036053 0
1633504777313 0.265737421810627 0
1633504869308 0.15943462029099464 0
1633504960319 0.2544191926717758 0
1633505051295 0.924598753452301 0
1633505142287 0.208012156188488 0
1633505233278 0.2372427061200142 0
1633505324232 0.09528174251317978 0
1633505415172 0.3198242038488388 0
1633505506095 0.3090457543730736 0
1633505597029 0.18431057035923004 0
1633505687977 0.11424528807401657 0
1633505779836 0.15760472230613232 0
1633505870737 0.43223392963409424 0
1633505961647 0.5553417950868607 0
1633506052553 0.21092058718204498 0
1633506143500 0.21940164268016815 0
1633506234425 0.1614360734820366 0
1633506325366 0.4167306572198868 0
1633506416301 0.3714595139026642 0
1633506507255 0.2982642576098442 0
1633506598186 0.26664664037525654 0
1633506690034 0.19836212322115898 0
1633506780927 0.5349565595388412 0
1633506871846 0.2660110592842102 0
1633506962783 0.13081026077270508 0
1633507053728 0.47439947724342346 0
1633507144734 0.49093402177095413 0
1633507235719 0.47598759829998016 0
1633507326655 0.2759631611406803 0
1633507417573 0.16671042144298553 0
1633507508546 0.36533619463443756 0
1633507600533 0.18117985501885414 0
1633507691507 0.2773388996720314 0
1633507782441 0.2730031684041023 0
1633507873399 0.15988042950630188 0
1633507964354 0.35567423701286316 0
1633508055289 0.3221833109855652 0
1633508146241 0.15162736922502518 0
1633508237169 0.25204283744096756 0
1633508328101 0.23802253603935242 0
1633508419080 0.10449295863509178 0
1633508510942 0.08634014800190926 0
1633508601926 0.19592568278312683 0
1633508692917 0.23677635565400124 0
1633508783899 0.6637700200080872 0
1633508874830 0.3925940990447998 0
1633508965759 0.12859199941158295 0
1633509056724 0.4489097446203232 0
1633509147684 0.04297192394733429 0
1633509238663 0.20080282166600227 0
1633509329611 0.16305460408329964 0
1633509421504 0.18357953056693077 0
1633509512533 0.14167042821645737 0
1633509603550 0.376886248588562 0
1633509694540 0.31625937297940254 0
1633509785540 0.2076912485063076 0
1633509876548 0.190189678221941 0
1633509967531 0.15497705969028175 0
1633510058498 0.3492337688803673 0
1633510149515 0.3684815913438797 0
1633510240512 0.328763410449028 0
1633510332448 0.10625309869647026 0
1633510423439 0.5031445324420929 0
1633510514417 0.15956281311810017 0
1633510605367 0.26490630954504013 0
1633510696341 0.4022095501422882 0
1633510787304 0.24601750820875168 0
1633510878302 0.20593318715691566 0
1633510969270 0.11974862590432167 0
1633511060254 0.26439113914966583 0
1633511151240 0.6434114426374435 0
1633511243095 0.1083657369017601 0
1633511334167 0.12487174570560455 0
1633511425164 0.24221035279333591 0
1633511516137 0.19026584923267365 0
1633511607129 0.20730963349342346 0
1633511698114 0.21527232602238655 0
1633511789107 0.30433031916618347 0
1633511880087 0.2962617799639702 0
1633511971051 0.09452003962360322 0
1633512062048 0.43883016705513 0
1633512153948 0.3029805198311806 0
1633512244913 0.3238428682088852 0
1633512335875 0.33432015776634216 0
1633512426860 0.27782507985830307 0
1633512517835 0.2719477489590645 0
1633512608827 0.1843921933323145 0
1633512699815 0.4357631951570511 0
1633512790797 0.26153945177793503 0
1633512881761 0.1738566861313302 0
1633512972690 0.4787990003824234 0
1633513064531 0.23299746215343475 0
1633513155488 0.2474134862422943 0
1633513246458 0.08327776193618774 0
1633513337442 0.21693890541791916 0
1633513428402 0.6045719087123871 0
1633513519369 0.3589371591806412 0
1633513610423 0.1576412208378315 0
1633513701407 0.1483040601015091 0
1633513792381 0.1360947322100401 0
1633513883362 0.3440321534872055 0
1633513975252 0.3282347768545151 0
1633514066240 0.34300394356250763 0
1633514157251 0.22509446740150452 0
1633514248251 0.4545811861753464 0
1633514339192 0.18170486763119698 0
1633514430127 0.15182259120047092 0
1633514521088 0.3429948687553406 0
1633514612030 0.460584431886673 0
1633514702983 0.45909005403518677 0
1633514793910 0.5065354108810425 0
1633514885753 0.2168212397955358 0
1633514976684 0.16381265968084335 0
1633515067627 0.19744203984737396 0
1633515158552 0.1878829449415207 0
1633515249491 0.07016414403915405 0
1633515340408 0.2448376640677452 0
1633515431334 0.170135329477489 0
1633515522251 0.2208310216665268 0
1633515613165 0.5626762360334396 0
1633515704117 0.3228074535727501 0
1633515796075 0.46948404610157013 0
1633515887046 0.2821024954319 0
1633515978063 0.225211463868618 0
1633516069024 0.25885865837335587 0
1633516160016 0.280970923602581 0
1633516251005 0.1501634642481804 0
1633516341937 0.26143787056207657 0
1633516432915 0.16862278804183006 0
1633516523892 0.030985085293650627 0
1633516614851 0.15621556341648102 0
1633516706731 0.27172430977225304 0
1633516797714 0.2894873507320881 0
1633516888658 0.016805188730359077 0
1633516979611 0.10130273923277855 0
1633517070572 0.04764191806316376 0
1633517161495 0.16504989936947823 0
1633517252479 0.31937114894390106 0
1633517343459 0.2824612930417061 0
1633517434441 0.3349744603037834 0
1633517525423 0.12722376734018326 0
1633517617284 0.18092019483447075 0
1633517708233 0.40150514245033264 0
1633517799169 0.3954418748617172 0
1633517890118 0.19495461974292994 0
1633517981055 0.4093719698721543 0
1633518071959 0.12864973954856396 0
1633518162894 0.4494905024766922 0
1633518253815 0.07970094308257103 0
1633518344722 0.15547906886786222 0
1633518435660 0.1422993391752243 0
1633518527535 0.4108542501926422 0
1633518618506 0.4323914349079132 0
1633518709460 0.14843587018549442 0
1633518800440 0.12780641950666904 0
1633518891458 0.30895165354013443 0
1633518982476 0.1438680812716484 0
1633519073486 0.24940721690654755 0
1633519164479 0.35466887056827545 0
1633519255499 0.40285736322402954 0
1633519346531 0.21321754157543182 0
1633519438475 0.02494146768003702 0
1633519529509 0.21659733355045319 0
1633519620517 0.3161460608243942 0
1633519711504 0.19199613481760025 0
1633519802469 0.06282735720742494 0
1633519893417 0.06534971622750163 0
1633519984367 0.121084313839674 0
1633520075322 0.08700433187186718 0
1633520166336 0.13951486349105835 0
1633520257329 0.38314545154571533 0
1633520349222 0.24575651437044144 0
1633520440353 0.09656270523555577 0
1633520531275 0.29479946196079254 0
1633520622208 0.18313221633434296 0
1633520713135 0.20045208744704723 0
1633520804101 0.3165506422519684 0
1633520895033 0.1536574810743332 0
1633520986019 0.2009625118225813 0
1633521076983 0.25957535952329636 0
1633521167918 0.5059546530246735 0
1633521259775 0.2139648050069809 0
1633521350782 0.11381870880723 0
1633521441798 0.6407374441623688 0
1633521532764 0.1485063787549734 0
1633521623737 0.37064017355442047 0
1633521714722 0.03744576033204794 0
1633521805726 0.301620289683342 0
1633521896630 0.5082735121250153 0
1633521987539 0.3557771146297455 0
1633522078482 0.2562544271349907 0
1633522170355 0.25643957406282425 0
1633522261345 0.26677702367305756 0
1633522352348 0.2632348835468292 0
1633522443353 0.14893796108663082 0
1633522534369 0.22782029170775786 0
1633522625337 0.31022605299949646 0
1633522716303 0.21878169901901856 0
1633522807278 0.09163104742765427 0
1633522898181 0.32464412599802017 0
1633522989122 0.24427014589309692 0
1633523080991 0.1644168347120285 0
1633523171895 0.06361568672582507 0
1633523262773 0.2034156210720539 0
1633523353668 0.19581258296966553 0
1633523444549 0.16419558972120285 0
1633523535463 0.29390784725546837 0
1633523626369 0.11183854937553406 0
1633523717265 0.33865076303482056 0
1633523808191 0.16748524457216263 0
1633523899067 0.14632350951433182 0
1633523990879 0.37445276975631714 0
1633524081895 0.3323390483856201 0
1633524172835 0.08971904963254929 0
1633524263755 0.25014976039528847 0
1633524354684 0.1469254493713379 0
1633524445669 0.17617139965295792 0
1633524536638 0.18362174183130264 0
1633524627591 0.3135992116294801 0
1633524718519 0.37503495812416077 0
1633524809500 0.40986233204603195 0
1633524901423 0.38688474893569946 0
1633524992391 0.2215515300631523 0
1633525083334 0.27052757143974304 0
1633525174274 0.31030163168907166 0
1633525265243 0.2091037668287754 0
1633525356249 0.11003443226218224 0
1633525447239 0.33116528391838074 0
1633525538275 0.16208339668810368 0
1633525629299 0.08539318386465311 0
1633525720275 0.23609589040279388 0
1633525812146 0.06779371947050095 0
1633525903092 0.19269052147865295 0
1633525994029 0.24677595496177673 0
1633526084999 0.1691990327090025 0
1633526176005 0.3014178518205881 0
1633526267010 0.26198527589440346 0
1633526358187 0.11918094335123897 0
1633526449198 0.4291967749595642 0
1633526540182 0.22109778597950935 0
1633526631139 0.14558756910264492 0
1633526723040 0.10380853619426489 0
1633526814045 0.20069940015673637 0
1633526905035 0.06143052130937576 0
1633526996032 0.18710045143961906 0
1633527087023 0.6501089036464691 0
1633527178009 0.21684303134679794 0
1633527269027 0.18693077191710472 0
1633527360021 0.2218761444091797 0
1633527450990 0.12727783620357513 0
1633527541977 0.08934772806242108 0
1633527633880 0.2910209149122238 0
1633527724836 0.22058993577957153 0
1633527815814 0.2666116766631603 0
1633527906792 0.284125380218029 0
1633527997771 0.09023097902536392 0
1633528088733 0.2859704717993736 0
1633528179749 0.11978300008922815 0
1633528270761 0.2884893366135657 0
1633528361760 0.24404627084732056 0
1633528452808 0.1486075036227703 0
1633528544777 0.2541371211409569 0
1633528635753 0.23957273364067078 0
1633528726706 0.18255386501550674 0
1633528817661 0.26912196539342403 0
1633528908620 0.3308728486299515 0
1633528999642 0.18528521619737148 0
1633529090642 0.16927245631814003 0
1633529181658 0.17790484800934792 0
1633529272661 0.3006219267845154 0
1633529363624 0.2945495545864105 0
1633529455525 0.27687446027994156 0
1633529546529 0.24743415415287018 0
1633529637479 0.17749813199043274 0
1633529728447 0.29530496895313263 0
1633529819467 0.3274309113621712 0
1633529910421 0.14754025265574455 0
1633530001374 0.14841648563742638 0
1633530092327 0.23915255069732666 0
1633530183314 0.1877108495682478 0
1633530274320 0.1024885883089155 0
1633530366231 0.26011475920677185 0
1633530457220 0.07250098884105682 0
1633530548237 0.25330954417586327 0
1633530639247 0.13595273531973362 0
1633530730233 0.13555201143026352 0
1633530821216 0.3991739898920059 0
1633530912228 0.18545441050082445 0
1633531003227 0.1651387803722173 0
1633531094216 0.09087820677086711 0
1633531185183 0.3975315671414137 0
1633531277045 0.27276144176721573 0
1633531368004 0.1781630665063858 0
1633531458966 0.22119380347430706 0
1633531549940 0.22424518130719662 0
1633531640970 0.06992825493216515 0
1633531731991 0.2630399316549301 0
1633531823001 0.07198221050202847 0
1633531913998 0.24919340014457703 0
1633532004988 0.19535597413778305 0
1633532095992 0.2689422741532326 0
1633532187924 0.18655705824494362 0
1633532278899 0.08641606057062745 0
1633532369830 0.3289012163877487 0
1633532460741 0.2980987876653671 0
1633532551635 0.27127818763256073 0
1633532642562 0.17451484873890877 0
1633532733507 0.5052814334630966 0
1633532824401 0.21154364943504333 0
1633532915334 0.2954682260751724 0
1633533006247 0.20724543556571007 0
1633533098266 0.27481747418642044 0
1633533189228 0.2740989923477173 0
1633533280172 0.21612359583377838 0
1633533371164 0.3820030242204666 0
1633533462178 0.18520461581647396 0
1633533553121 0.16802752017974854 0
1633533644092 0.08928914647549391 0
1633533735072 0.15959948301315308 0
1633533826078 0.11785376816987991 0
1633533917098 0.30015888810157776 0
1633534009039 0.236947912722826 0
1633534100030 0.19408073648810387 0
1633534191028 0.14193404465913773 0
1633534282036 0.06875402480363846 0
1633534373046 0.16011474281549454 0
1633534464074 0.11477019265294075 0
1633534555067 0.3459857851266861 0
1633534646054 0.06803074665367603 0
1633534737051 0.1637299582362175 0
1633534827998 0.29670102149248123 0
1633534919832 0.2188209742307663 0
1633535010828 0.37554608285427094 0
1633535101785 0.21332414168864489 0
1633535192768 0.22562970966100693 0
1633535283778 0.2417750060558319 0
1633535374744 0.19601262733340263 0
1633535465724 0.3658515363931656 0
1633535556715 0.24465671181678772 0
1633535647695 0.2267419919371605 0
1633535738712 0.30460483580827713 0
1633535830646 0.18165753595530987 0
1633535921656 0.2160683274269104 0
1633536012661 0.32117142528295517 0
1633536103669 0.2482679933309555 0
1633536194668 0.32614174485206604 0
1633536285665 0.2024002126418054 0
1633536376685 0.0979880541563034 0
1633536467687 0.05040689092129469 0
1633536558681 0.17932933568954468 0
1633536649696 0.37927529215812683 0
1633536741586 0.3626031205058098 0
1633536832578 0.27267879247665405 0
1633536923587 0.38108016550540924 0
1633537014591 0.15770801343023777 0
1633537105600 0.2959980070590973 0
1633537196595 0.2781265825033188 0
1633537287613 0.17877632193267345 0
1633537378654 0.09637414664030075 0
1633537469655 0.0930577889084816 0
1633537560671 0.42360182106494904 0
1633537652562 0.21759448945522308 0
1633537743556 0.5112013816833496 0
1633537834537 0.20040380954742432 0
1633537925519 0.1850933637470007 0
1633538016491 0.19542045518755913 0
1633538107444 0.1768363006412983 0
1633538198390 0.12612652126699686 0
1633538289345 0.1903554853051901 0
1633538380316 0.10390554834157228 0
1633538471285 0.28948946157470345 0
1633538563167 0.08364404737949371 0
1633538654157 0.27139677852392197 0
1633538745125 0.3640216663479805 0
1633538836098 0.16357383131980896 0
1633538927088 0.20545469224452972 0
1633539018098 0.15119671076536179 0
1633539109066 0.20886778458952904 0
1633539200065 0.32509172707796097 0
1633539291051 0.2725233696401119 0
1633539382073 0.11738362908363342 0
1633539473996 0.3390502259135246 0
1633539564999 0.17277691699564457 0
1633539655972 0.3264334350824356 0
1633539746970 0.13096477277576923 0
1633539837962 0.11080644279718399 0
1633539928955 0.05648912116885185 0
1633540019945 0.3857898712158203 0
1633540110916 0.15356950089335442 0
1633540201901 0.3326844705734402 0
1633540292876 0.23380237072706223 0
1633540384959 0.2655962258577347 0
1633540475954 0.16788801550865173 0
1633540566924 0.15137751400470734 0
1633540657900 0.13769140653312206 0
1633540748855 0.382515549659729 0
1633540839825 0.1922217607498169 0
1633540930797 0.20910542458295822 0
1633541021763 0.2341056913137436 0
1633541112744 0.25061558187007904 0
1633541203723 0.09206790663301945 0
1633541295589 0.3249010890722275 0
1633541386575 0.1007167212665081 0
1633541477572 0.3139302432537079 0
1633541568549 0.13076097145676613 0
1633541659527 0.19586120545864105 0
1633541750510 0.18669001385569572 0
1633541841499 0.471893310546875 0
1633541932470 0.1519235372543335 0
1633542023452 0.29849250614643097 0
1633542114444 0.21134618669748306 0
1633542206376 0.1755969263613224 0
1633542297402 0.23268039524555206 0
1633542388424 0.43584612011909485 0
1633542479446 0.3707468658685684 0
1633542570442 0.3086536079645157 0
1633542661449 0.25120813120156527 0
1633542752470 0.49686671793460846 0
1633542843504 0.23947231471538544 0
1633542934523 0.3823576867580414 0
1633543025510 0.1674078330397606 0
1633543117396 0.17147749289870262 0
1633543208381 0.2146328818053007 0
1633543299384 0.4792204052209854 0
1633543390376 0.3235156834125519 0
1633543481396 0.18816208094358444 0
1633543572403 0.4359065443277359 0
1633543663413 0.577876940369606 0
1633543754373 0.26391228288412094 0
1633543845330 0.11240198463201523 0
1633543936286 0.23644202575087547 0
1633544028189 0.17147546261548996 0
1633544119209 0.13463329523801804 0
1633544210244 0.1502685733139515 0
1633544301273 0.3377757966518402 0
1633544392323 0.1159294918179512 0
1633544483351 0.3011772185564041 0
1633544574360 0.23022310435771942 0
1633544665352 0.35769334621727467 0
1633544756423 0.05745308008044958 0
1633544847513 0.07035879138857126 0
1633544939513 0.2310386821627617 0
1633545030560 0.3890194073319435 0
1633545121584 0.1811586320400238 0
1633545212629 0.1697508469223976 0
1633545303668 0.11176872090436518 0
1633545394693 0.5334106087684631 0
1633545485714 0.3025914281606674 0
1633545576737 0.2192830890417099 0
1633545667776 0.14435552060604095 0
1633545758856 0.1503681242465973 0
1633545850816 0.1491059921681881 0
1633545941870 0.17045528069138527 0
1633546032927 0.21246644482016563 0
1633546124027 0.18797017633914948 0
1633546215076 0.16756096482276917 0
1633546306187 0.4155017212033272 0
1633546397288 0.1979072466492653 0
1633546488365 0.2905813306570053 0
1633546579425 0.06985039636492729 0
1633546670478 0.06925092567689717 0
1633546762396 0.12650087475776672 0
1633546853401 0.30595219507813454 0
1633546944390 0.2241741269826889 0
1633547035341 0.16985907405614853 0
1633547126347 0.2420121505856514 0
1633547217396 0.14532117918133736 0
1633547308376 0.20762349665164948 0
1633547399341 0.13180743157863617 0
1633547490309 0.32282713055610657 0
1633547581289 0.3608153462409973 0
1633547673237 0.14248207584023476 0
1633547764192 0.2659759521484375 0
1633547855139 0.16785355657339096 0
1633547946086 0.37724679708480835 0
1633548037045 0.1849888488650322 0
1633548127991 0.4253424406051636 0
1633548218935 0.19813887774944305 0
1633548309893 0.1206759475171566 0
1633548400879 0.20424552261829376 0
1633548491871 0.2874353229999542 0
1633548583810 0.10508114844560623 0
1633548674797 0.43373727798461914 0
1633548765770 0.1933239921927452 0
1633548856796 0.12400657683610916 0
1633548947820 0.24364224821329117 0
1633549038838 0.3014885112643242 0
1633549129899 0.1873655691742897 0
1633549220894 0.3492063730955124 0
1633549311866 0.15863574296236038 0
1633549402878 0.11891788616776466 0
1633549495124 0.14971928671002388 0
1633549586130 0.07751129567623138 0
1633549677825 0.2682119458913803 0
1633549768833 0.28377775847911835 0
1633549859858 0.15690600126981735 0
1633549950885 0.4436799958348274 0
1633550041914 0.23568622767925262 0
1633550132960 0.19525505602359772 0
1633550224022 0.13025153055787086 0
1633550315068 0.3245329409837723 0
1633550407046 0.5050691068172455 0
1633550498124 0.09106556326150894 0
1633550589190 0.21679335832595825 0
1633550680250 0.2039815504103899 0
1633550771305 0.27582618594169617 0
1633550862368 0.2967597395181656 0
1633550953426 0.1897285059094429 0
1633551044495 0.18526442348957062 0
1633551135560 0.03234267234802246 0
1633551226619 0.3741261661052704 0
1633551318607 0.33654172718524933 0
1633551409669 0.3286915645003319 0
1633551500731 0.19683142378926277 0
1633551591791 0.15996402502059937 0
1633551682879 0.36984527111053467 0
1633551773970 0.07116695307195187 0
1633551865078 0.22632284462451935 0
1633551956174 0.19571569561958313 0
1633552047242 0.02240698243258521 0
1633552138301 0.3438328057527542 0
1633552230314 0.35958142578601837 0
1633552321343 0.3946022584568709 0
1633552412364 0.11162082105875015 0
1633552503356 0.3916098400950432 0
1633552594366 0.24464090168476105 0
1633552685342 0.34378062188625336 0
1633552776319 0.385005921125412 0
1633552867335 0.18890570476651192 0
1633552958273 0.19040987640619278 0
1633553049296 0.32945023477077484 0
1633553141258 0.25591516494750977 0
1633553232306 0.09657219611108303 0
1633553323344 0.16442935913801193 0
1633553414382 0.2729157507419586 0
1633553505436 0.5141164213418961 0
1633553596469 0.28654148802161217 0
1633553687459 0.1694852076470852 0
1633553778458 0.20010802894830704 0
1633553869511 0.31056736409664154 0
1633553960521 0.3647044748067856 0
1633554052423 0.46594570577144623 0
1633554143387 0.1772165447473526 0
1633554234353 0.4124351590871811 0
1633554325344 0.20551912114024162 0
1633554416332 0.30436692386865616 0
1633554507332 0.19647693634033203 0
1633554598313 0.3417409062385559 0
1633554689318 0.2445874884724617 0
1633554780336 0.17546899616718292 0
1633554871314 0.2672484219074249 0
1633554963205 0.3386647403240204 0
1633555054184 0.3348435312509537 0
1633555145180 0.4547426775097847 0
1633555236180 0.24410951137542725 0
1633555327159 0.4144366830587387 0
1633555418124 0.23279202729463577 0
1633555509105 0.25210507214069366 0
1633555600081 0.17202556133270264 0
1633555691081 0.13201164826750755 0
1633555782070 0.238204687833786 0
1633555873974 0.30882447212934494 0
1633555964959 0.23572111874818802 0
1633556055960 0.3480612561106682 0
1633556146960 0.40833306312561035 0
1633556237905 0.2061244398355484 0
1633556328837 0.3175053149461746 0
1633556419807 0.2277989536523819 0
1633556510790 0.5759651958942413 0
1633556601766 0.5323337316513062 0
1633556692751 0.2949777841567993 0
1633556784654 0.4830015301704407 0
1633556875625 0.23106198012828827 0
1633556966622 0.2648126371204853 0
1633557057639 0.39884719252586365 0
1633557148651 0.2927889786660671 0
1633557239673 0.28024236112833023 0
1633557330680 0.3319414258003235 0
1633557421670 0.4840662181377411 0
1633557512656 0.21907977014780045 0
1633557603649 0.2985176593065262 0
1633557695528 0.1847224086523056 0
1633557786529 0.33668962866067886 0
1633557877558 0.3587254285812378 0
1633557968573 0.22621341794729233 0
1633558059620 0.32348477840423584 0
1633558150634 0.199872724711895 0
1633558241608 0.44700805842876434 0
1633558332601 0.10315088555216789 0
1633558423583 0.10641550272703171 0
1633558514554 0.1972239390015602 0
1633558606435 0.32906870543956757 0
1633558697400 0.3010861426591873 0
1633558788396 0.1710558757185936 0
1633558879409 0.136230131611228 0
1633558970401 0.10008862428367138 0
1633559061404 0.23544282838702202 0
1633559152432 0.22293850407004356 0
1633559243459 0.2861560434103012 0
1633559334460 0.14638027921319008 0
1633559425492 0.35809116065502167 0
1633559517691 0.22743041068315506 0
1633559608649 0.16763918846845627 0
1633559699584 0.27833185344934464 0
1633559790582 0.5217160433530807 0
1633559881569 0.693179577589035 0
1633559972542 0.1061263470328413 0
1633560063532 0.048971330747008324 0
1633560154548 0.31380289793014526 0
1633560245554 0.33728736639022827 0
1633560336559 0.42773235589265823 0
1633560428578 0.2020507976412773 0
1633560519587 0.27582020312547684 0
1633560610584 0.36207038164138794 0
1633560701584 0.28158509731292725 0
1633560792598 0.24648845195770264 0
1633560883603 0.2185698077082634 0
1633560974608 0.29298805445432663 0
1633561065621 0.21630196273326874 0
1633561156625 0.23198826611042023 0
1633561247647 0.48629550635814667 0
1633561339622 0.42842185497283936 0
1633561430651 0.27762457728385925 0
1633561521655 0.3265707269310951 0
1633561612661 0.1927226483821869 0
1633561703672 0.22390539199113846 0
1633561794705 0.26185348629951477 0
1633561885745 0.21688105911016464 0
1633561976742 0.3775455504655838 0
1633562067746 0.11048245802521706 0
1633562158770 0.3116805627942085 0
1633562250702 0.2916857898235321 0
1633562341728 0.2568308599293232 0
1633562432785 0.20479602366685867 0
1633562523842 0.19254621118307114 0
1633562614895 0.4158952087163925 0
1633562705973 0.3499426618218422 0
1633562797022 0.29820798337459564 0
1633562888066 0.28598517179489136 0
1633562979102 0.12660953402519226 0
1633563070116 0.24222776293754578 0
1633563162024 0.2750226557254791 0
1633563253021 0.4087347388267517 0
1633563344006 0.24163396656513214 0
1633563434977 0.22993578016757965 0
1633563525947 0.29168999195098877 0
1633563616917 0.4270631819963455 0
1633563707925 0.30245503783226013 0
1633563798940 0.29165083914995193 0
1633563889963 0.1241037342697382 0
1633563980946 0.20388911291956902 0
1633564072836 0.2479802891612053 0
1633564163835 0.2969218045473099 0
1633564254815 0.15776503458619118 0
1633564345767 0.19529256969690323 0
1633564436729 0.27959252893924713 0
1633564527706 0.15418214164674282 0
1633564618697 0.22808407247066498 0
1633564709680 0.44181376695632935 0
1633564800600 0.2762414515018463 0
1633564891557 0.13131705671548843 0
1633564983447 0.16718162596225739 0
1633565074409 0.33297139406204224 0
1633565165430 0.17891106009483337 0
1633565256359 0.34630218148231506 0
1633565347305 0.2449489701539278 0
1633565438263 0.34729820489883423 0
1633565529185 0.3582211136817932 0
1633565620150 0.4466975927352905 0
1633565711118 0.508050449192524 0
1633565802104 0.3155289590358734 0
1633565894023 0.22684148326516151 0
1633565985073 0.31589366495609283 0
1633566076076 0.14598405361175537 0
1633566167066 0.30817241221666336 0
1633566258104 0.4215793013572693 0
1633566349107 0.3705071806907654 0
1633566440060 0.2605961933732033 0
1633566530986 0.28235949017107487 0
1633566621936 0.15290915966033936 0
1633566712879 0.38501039147377014 0
1633566804715 0.2801746502518654 0
1633566895737 0.26710644364356995 0
1633566986756 0.4211767464876175 0
1633567077758 0.1962859332561493 0
1633567168758 0.2558334171772003 0
1633567259739 0.2044777348637581 0
1633567350713 0.40285156667232513 0
1633567441698 0.24912720173597336 0
1633567532689 0.1833261027932167 0
1633567623687 0.37051165103912354 0
1633567715611 0.5295466184616089 0
1633567806608 0.16576065495610237 0
1633567897606 0.23699964582920074 0
1633567988611 0.20460674166679382 0
1633568079615 0.2946581691503525 0
1633568170630 0.19294559955596924 0
1633568261652 0.2661381661891937 0
1633568352650 0.3177426680922508 0
1633568443687 0.2876945436000824 0
1633568534664 0.22496666014194489 0
1633568626576 0.26135537028312683 0
1633568717547 0.2173861525952816 0
1633568808522 0.3219905495643616 0
1633568899473 0.45773856341838837 0
1633568990395 0.2850632816553116 0
1633569081365 0.1543080136179924 0
1633569172335 0.3992363288998604 0
1633569263354 0.26141829788684845 0
1633569354332 0.22726192697882652 0
1633569445300 0.4617033451795578 0
1633569537231 0.26510292291641235 0
1633569628257 0.3379233628511429 0
1633569719248 0.25254714488983154 0
1633569810258 0.33285555988550186 0
1633569901274 0.39103588461875916 0
1633569992282 0.18733257800340652 0
1633570083290 0.3958061784505844 0
1633570174273 0.344216987490654 0
1633570265233 0.21294434741139412 0
1633570356197 0.2696789875626564 0
1633570448082 0.35085074603557587 0
1633570539040 0.24319428205490112 0
1633570630018 0.26785188913345337 0
1633570721007 0.22842007875442505 0
1633570811952 0.28363560140132904 0
1633570902902 0.23381619341671467 0
1633570993855 0.2535434067249298 0
1633571084859 0.2416868805885315 0
1633571175864 0.23438693210482597 0
1633571266843 0.2169332653284073 0
1633571359092 0.31316719949245453 0
1633571450029 0.24853162467479706 0
1633571540996 0.3059012368321419 0
1633571631955 0.30810442566871643 0
1633571722936 0.3907630890607834 0
1633571813921 0.47900378704071045 0
1633571904889 0.27479711174964905 0
1633571995893 0.2260477915406227 0
1633572086860 0.2693338766694069 0
1633572177824 0.15146859735250473 0
1633572269691 0.24204909801483154 0
1633572360609 0.4329878240823746 0
1633572451529 0.3341328799724579 0
1633572542493 0.37372010201215744 0
1633572633431 0.305905357003212 0
1633572724428 0.3319096118211746 0
1633572815415 0.23123988509178162 0
1633572906363 0.37161120772361755 0
1633572997333 0.6874545812606812 0
1633573088310 0.2146066129207611 0
1633573180140 0.30311842262744904 0
1633573271083 0.2116299495100975 0
1633573362056 0.32080064713954926 0
1633573453001 0.4223216623067856 0
1633573543957 0.32217296957969666 0
1633573634922 0.27772998809814453 0
1633573725919 0.36745722591876984 0
1633573816898 0.12599093466997147 0
1633573907890 0.233631931245327 0
1633573998870 0.25571467727422714 0
1633574090775 0.5017077624797821 0
1633574181770 0.23509778827428818 0
1633574272745 0.4807658791542053 0
1633574363727 0.18858226388692856 0
1633574454703 0.2459760680794716 0
1633574545707 0.39769069850444794 0
1633574636752 0.23159979283809662 0
1633574727738 0.3683921843767166 0
1633574818810 0.30118346214294434 0
1633574909786 0.3546643555164337 0
1633575001733 0.27845175564289093 0
1633575092776 0.09941702336072922 0
1633575183797 0.38631001114845276 0
1633575274825 0.2003520280122757 0
1633575365835 0.23331953585147858 0
1633575456853 0.3047591596841812 0
1633575547845 0.2267606109380722 0
1633575638840 0.2263391762971878 0
1633575729871 0.37845663726329803 0
1633575820847 0.1748046949505806 0
1633575912728 0.1329990141093731 0
1633576003669 0.20495329797267914 0
1633576094610 0.28554315865039825 0
1633576185559 0.41994892060756683 0
1633576276527 0.24097798764705658 0
1633576367513 0.17674144729971886 0
1633576458484 0.33728793263435364 0
1633576549477 0.3804916478693485 0
1633576640410 0.4023156017065048 0
1633576731362 0.28678613901138306 0
1633576823255 0.3190111666917801 0
1633576914245 0.2551644891500473 0
1633577005225 0.22835084050893784 0
1633577096247 0.418101966381073 0
1633577187285 0.31755974888801575 0
1633577278293 0.2976914867758751 0
1633577369227 0.28966305404901505 0
1633577460187 0.3703291118144989 0
1633577551187 0.47407540678977966 0
1633577642145 0.20881611853837967 0
1633577734038 0.39649249613285065 0
1633577825066 0.34939803183078766 0
1633577916075 0.26551559939980507 0
1633578007064 0.36351436376571655 0
1633578098047 0.29524029791355133 0
1633578189050 0.26382942497730255 0
1633578279988 0.2581533342599869 0
1633578370978 0.35080866515636444 0
1633578462065 0.1449832059442997 0
1633578553068 0.24862851202487946 0
1633578644950 0.3576543629169464 0
1633578735937 0.2697848007082939 0
1633578826915 0.3332976996898651 0
1633578917896 0.4699956178665161 0
1633579008867 0.21195533126592636 0
1633579099842 0.3618793189525604 0
1633579190785 0.2658241093158722 0
1633579281748 0.4300912469625473 0
1633579372730 0.2584133669734001 0
1633579463743 0.3178078681230545 0
1633579555647 0.38457953929901123 0
1633579646607 0.3146681487560272 0
1633579737589 0.4605051577091217 0
1633579828534 0.20287508517503738 0
1633579919491 0.24280995875597 0
1633580010446 0.43988142907619476 0
1633580101408 0.2670171856880188 0
1633580192315 0.31303223967552185 0
1633580283250 0.35699179768562317 0
1633580374233 0.3496342599391937 0
1633580466132 0.2587398439645767 0
1633580557098 0.3249083161354065 0
1633580648041 0.21887026727199554 0
1633580739040 0.27777568995952606 0
1633580830034 0.20131827145814896 0
1633580920998 0.15539132803678513 0
1633581011978 0.4771201014518738 0
1633581102941 0.2587580308318138 0
1633581193909 0.2904171645641327 0
1633581284909 0.26911698281764984 0
1633581376797 0.40848302841186523 0
1633581467790 0.21965482085943222 0
1633581558796 0.29435689747333527 0
1633581649771 0.33498935401439667 0
1633581740749 0.21026001125574112 0
1633581831718 0.24424023181200027 0
1633581922688 0.2975573241710663 0
1633582013649 0.3749625235795975 0
1633582104588 0.2512160912156105 0
1633582195618 0.1923823580145836 0
1633582287522 0.35540907084941864 0
1633582378506 0.29125194251537323 0
1633582469446 0.34004636108875275 0
1633582560437 0.2915481925010681 0
1633582651406 0.26327693462371826 0
1633582742368 0.29261188209056854 0
1633582833331 0.24514912068843842 0
1633582924306 0.2954639792442322 0
1633583015336 0.33544817566871643 0
1633583106323 0.3664912283420563 0
1633583198207 0.3416127562522888 0
1633583289179 0.29839809238910675 0
1633583380137 0.31854549050331116 0
1633583471077 0.3430993854999542 0
1633583562053 0.2542050927877426 0
1633583653018 0.34984713792800903 0
1633583744032 0.249574676156044 0
1633583835053 0.3633597493171692 0
1633583926093 0.33323539793491364 0
