1634263089395 0.7002589702606201 0
1634263091343 0.5491272211074829 0
1634263091800 0.5454703569412231 0
1634263092257 0.4464923143386841 0
1634263092710 0.4260723292827606 0
1634263093164 0.4344456195831299 0
1634263093617 0.376740962266922 0
1634263094070 0.3440616726875305 0
1634263094523 0.3207138478755951 0
1634263094978 0.2993007004261017 0
1634263095431 0.3144432306289673 0
1634263095899 0.2682570517063141 0
1634263096354 0.2534805238246918 0
1634263096808 0.23693464696407318 0
1634263097261 0.22352851927280426 0
1634263097715 0.22446605563163757 0
1634263098184 0.2227056324481964 0
1634263098640 0.21901936829090118 0
1634263099093 0.19891773164272308 0
1634263099546 0.20169484615325928 0
1634263100001 0.18658550083637238 0
1634263101792 0.1675281822681427 0
1634263102245 0.16795781254768372 0
1634263102713 0.18808750808238983 0
1634263103167 0.17640526592731476 0
1634263103620 0.17230914533138275 0
1634263104073 0.17220856249332428 0
1634263104528 0.16380316019058228 0
1634263104981 0.1554253101348877 0
1634263105434 0.2681450843811035 0
1634263105888 0.18001270294189453 0
1634263106341 0.1310974359512329 0
1634263106811 0.12215252965688705 0
1634263107264 0.13776922225952148 0
1634263107717 0.14236944913864136 0
1634263108170 0.11362286657094955 0
1634263108624 0.15900687873363495 0
1634263109084 0.12010674923658371 0
1634263109549 0.14556600153446198 0
1634263110039 0.1122731864452362 0
1634263110523 0.10929426550865173 0
1634263112423 0.14203308522701263 0
1634263112895 0.11959093064069748 0
1634263113351 0.12811440229415894 0
1634263113816 0.11138934642076492 0
1634263114299 0.11545376479625702 0
1634263114772 0.100093774497509 0
1634263115226 0.09924466907978058 0
1634263115688 0.09548837691545486 0
1634263116151 0.10448675602674484 0
1634263116606 0.22132541239261627 0
1634263117060 0.12368551641702652 0
1634263117534 0.10128955543041229 0
1634263117989 0.1036558747291565 0
1634263118457 0.09680205583572388 0
1634263118919 0.10183224081993103 0
1634263119369 0.09644531458616257 0
1634263119845 0.10224736481904984 0
1634263120312 0.10770421475172043 0
1634263120766 0.17349331080913544 0
1634263121236 0.10658975690603256 0
1634263123041 0.09488659352064133 0
1634263123495 0.09236528724431992 0
1634263123965 0.08822523802518845 0
1634263124418 0.09236282855272293 0
1634263124874 0.1227879598736763 0
1634263125327 0.16768020391464233 0
1634263125780 0.11978268623352051 0
1634263126250 0.12417207658290863 0
1634263126718 0.09281499683856964 0
1634263127194 0.10191234946250916 0
1634263127660 0.10581877082586288 0
1634263128117 0.1328890323638916 0
1634263128585 0.12337516993284225 0
1634263129057 0.12634144723415375 0
1634263129541 0.13360518217086792 0
1634263130026 0.19498895108699799 0
1634263130495 0.1406332105398178 0
1634263130948 0.1199125424027443 0
1634263131418 0.12283717095851898 0
1634263131871 0.13402242958545685 0
1634263133777 0.11741197854280472 0
1634263134247 0.10806391388177872 0
1634263134716 0.08945569396018982 0
1634263135169 0.0959736555814743 0
1634263135623 0.09689411520957947 0
1634263136088 0.08787094056606293 0
1634263136560 0.0842750072479248 0
1634263137030 0.08721327036619186 0
1634263137500 0.08129262179136276 0
1634263137968 0.0950460359454155 0
1634263138454 0.09295903146266937 0
1634263138907 0.09300665557384491 0
1634263139389 0.10397791862487793 0
1634263139873 0.11506305634975433 0
1634263140361 0.09101196378469467 0
1634263140833 0.08906590193510056 0
1634263141288 0.08776896446943283 0
1634263141751 0.07689554989337921 0
1634263142225 0.07902324944734573 0
