1634263089395 1.0161232948303223 0
1634263091346 0.5599024593830109 0
1634263091804 0.5303035080432892 0
1634263092257 0.4616650938987732 0
1634263092710 0.4601938724517822 0
1634263093164 0.4133480489253998 0
1634263093617 0.3800969272851944 0
1634263094070 0.3092505484819412 0
1634263094523 0.21098295971751213 0
1634263094993 0.2433176264166832 0
1634263095446 0.20196504890918732 0
1634263095899 0.27655351907014847 0
1634263096354 0.20736856013536453 0
1634263096808 0.14577781409025192 0
1634263097261 0.06786449998617172 0
1634263097731 0.2550532687455416 0
1634263098187 0.045583595521748066 0
1634263098640 0.22356073651462793 0
1634263099093 0.12861036229878664 0
1634263099546 0.11081390175968409 0
1634263100001 0.11882090382277966 0
1634263101807 0.11498625949025154 0
1634263102260 0.11193861998617649 0
1634263102713 0.11195290833711624 0
1634263103167 0.21543077379465103 0
1634263103620 0.077423473354429 0
1634263104073 0.23763568000867963 0
1634263104528 0.14945027325302362 0
1634263104981 0.17474434524774551 0
1634263105434 0.15367541462183 0
1634263105903 0.10025735944509506 0
1634263106356 0.10939889401197433 0
1634263106811 0.1688119936734438 0
1634263107264 0.11095813941210508 0
1634263107717 0.15673667564988136 0
1634263108170 0.2598361149430275 0
1634263108624 0.1615467295050621 0
1634263109084 0.10965780355036259 0
1634263109552 0.07188410684466362 0
1634263110042 0.1592841437086463 0
1634263110526 0.10978890117257833 0
1634263112427 0.13649307005107403 0
1634263112898 0.12544154934585094 0
1634263113351 0.16333251260221004 0
1634263113819 0.14174679666757584 0
1634263114302 0.16341953165829182 0
1634263114775 0.14400596730411053 0
1634263115226 0.11799053847789764 0
1634263115688 0.18476262502372265 0
1634263116151 0.10061592981219292 0
1634263116606 0.09611108526587486 0
1634263117060 0.11562545876950026 0
1634263117534 0.11866259621456265 0
1634263117989 0.056706273928284645 0
1634263118460 0.05989692604634911 0
1634263118921 0.12174435332417488 0
1634263119369 0.11645219288766384 0
1634263119845 0.13103342009708285 0
1634263120312 0.06224846839904785 0
1634263120766 0.1594013087451458 0
1634263121239 0.17074014246463776 0
1634263123041 0.1321932589635253 0
1634263123495 0.17293894104659557 0
1634263123965 0.16059521213173866 0
1634263124418 0.1297482494264841 0
1634263124874 0.1083937892690301 0
1634263125327 0.14081226009875536 0
1634263125780 0.07123706489801407 0
1634263126250 0.08819837123155594 0
1634263126718 0.09565766155719757 0
1634263127197 0.08467442728579044 0
1634263127663 0.0792340449988842 0
1634263128132 0.10499080643057823 0
1634263128585 0.09100409224629402 0
1634263129057 0.0468375738710165 0
1634263129541 0.2163781002163887 0
1634263130026 0.08525845594704151 0
1634263130495 0.10773711651563644 0
1634263130948 0.08982646837830544 0
1634263131418 0.04060396645218134 0
1634263131871 0.1577070876955986 0
1634263133792 0.18907784670591354 0
1634263134247 0.20692402869462967 0
1634263134716 0.3644028604030609 0
1634263135169 0.27476896345615387 0
1634263135623 0.22870339453220367 0
1634263136088 0.20334522053599358 0
1634263136560 0.18521401286125183 0
1634263137030 0.18064908683300018 0
1634263137500 0.23218216001987457 0
1634263137968 0.15521627850830555 0
1634263138454 0.17136859148740768 0
1634263138907 0.19149982556700706 0
1634263139392 0.09124037995934486 0
1634263139876 0.2164328210055828 0
1634263140364 0.19574735686182976 0
1634263140833 0.1790875680744648 0
1634263141291 0.25675727520138025 0
1634263141754 0.20838663633912802 0
1634263142228 0.16738833114504814 0
