1636000077507 0 0
1636000080011 0 0
1636000080995 0 0
1636000082089 0 0
1636000083232 0 0
1636000084361 0 0
1636000085549 0 0
1636000086733 0 0
1636000087877 0 0
1636000089021 0 0
1636000090085 0 0
1636000092969 0 0
1636000094123 0 0
1636000095236 0 0
1636000096482 0 0
1636000097615 0 0
1636000098698 0 0
1636000099832 0 0
1636000100916 0 0
1636000102000 0 0
1636000103104 0 0
1636000105902 0 0
1636000107025 0 0
1636000108079 0 0
1636000109113 0 0
1636000110197 0 0
1636000111248 0 0
1636000112294 0 0
1636000113307 0 0
1636000114350 0 0
1636000115393 0 0
1636000118096 0 0
1636000119178 0 0
1636000120212 0 0
1636000121247 0 0
1636000122311 0 0
1636000123354 0 0
1636000124427 0 0
1636000125460 0 0
1636000126503 0 0
1636000127556 0 0
1636000130290 0 0
1636000131401 0 0
1636000132437 0 0
1636000133480 0 0
1636000134544 0 0
1636000135608 0 0
1636000136662 0 0
1636000137736 0 0
1636000138769 0 0
1636000139824 0 0
1636000142423 0 0
1636000143457 0 0
1636000144621 0 0
1636000145685 0 0
1636000146750 0 0
1636000147834 0 0
1636000148857 0 0
1636000149929 0 0
1636000150984 0 0
1636000152058 0 0
1636000154667 0 0
1636000155722 0 0
1636000156799 0 0
1636000157838 0 0
1636000158891 0 0
1636000159966 0 0
1636000161027 0 0
1636000162053 0 0
1636000163106 0 0
1636000164170 0 0
1636000166859 0 0
1636000167923 0 0
1636000168976 0 0
1636000170009 0 0
1636000171053 0 0
1636000172086 0 0
1636000173130 0 0
1636000174211 0 0
1636000175285 0 0
1636000176330 0 0
1636000178920 0 0
1636000179995 0 0
1636000181070 0 0
1636000182132 0 0
1636000183196 0 0
1636000184231 0 0
1636000185295 0 0
1636000186349 0 0
1636000187434 0 0
1636000188506 0 0
1636000191235 0 0
1636000192338 0 0
1636000193412 0 0
1636000194453 0 0
1636000195478 0 0
1636000196531 0 0
1636000197573 0 0
1636000198669 0 0
1636000199701 0 0
1636000200727 0 0
1636000203341 0 0
1636000204415 0 0
1636000205459 0 0
1636000206503 0 0
1636000207556 0 0
1636000208590 0 0
1636000209632 0 0
1636000210688 0 0
1636000211741 0 0
1636000212802 0 0
1636000215430 0 0
1636000216506 0 0
1636000217591 0 0
1636000218655 0 0
1636000219716 0 0
1636000220782 0 0
1636000221804 0 0
1636000222869 0 0
1636000223942 0 0
1636000224996 0 0
1636000227740 0 0
1636000228843 0 0
1636000229899 0 0
1636000230951 0 0
1636000232004 0 0
1636000233048 0 0
1636000234086 0 0
1636000235169 0 0
1636000236213 0 0
1636000237267 0 0
1636000239939 0 0
1636000240992 0 0
1636000242026 0 0
1636000243059 0 0
1636000244112 0 0
1636000245165 0 0
1636000246168 0 0
1636000247202 0 0
1636000248253 0 0
1636000249277 0 0
1636000251827 0 0
1636000252921 0 0
1636000253993 0 0
1636000255008 0 0
1636000256041 0 0
1636000257084 0 0
1636000258242 0 0
1636000259295 0 0
1636000260355 0 0
1636000261419 0 0
1636000264027 0 0
1636000265131 0 0
1636000266174 0 0
1636000267208 0 0
1636000268312 0 0
1636000269386 0 0
1636000270469 0 0
1636000271532 0 0
1636000272615 0 0
1636000273678 0 0
1636000276488 0 0
1636000277574 0 0
1636000278598 0 0
1636000279631 0 0
1636000280676 0 0
1636000281739 0 0
1636000282762 0 0
1636000283806 0 0
1636000284868 0 0
1636000285920 0 0
1636000288490 0 0
1636000289543 0 0
1636000290583 0 0
1636000291644 0 0
1636000292698 0 0
1636000293760 0 0
1636000294814 0 0
1636000295897 0 0
1636000296970 0 0
1636000298014 0 0
1636000300687 0 0
1636000301761 0 0
1636000302804 0 0
1636000303838 0 0
1636000304922 0 0
1636000305963 0 0
1636000307016 0 0
1636000308041 0 0
1636000309092 0 0
1636000310138 0 0
1636000312691 0 0
1636000313759 0 0
1636000314802 0 0
1636000315885 0 0
1636000316918 0 0
1636000317962 0 0
1636000318995 0 0
1636000320056 0 0
1636000321177 0 0
1636000322251 0 0
1636000324869 0 0
1636000325943 0 0
1636000326961 0 0
1636000327995 0 0
1636000329047 0 0
1636000330098 0 0
1636000331133 0 0
1636000332207 0 0
1636000333261 0 0
1636000334318 0 0
1636000336963 0 0
1636000338050 0 0
1636000339185 0 0
1636000340291 0 0
1636000341324 0 0
1636000342397 0 0
1636000343440 0 0
1636000344514 0 0
1636000345558 0 0
1636000346582 0 0
1636000349437 0 0
1636000350500 0 0
1636000351533 0 0
1636000352587 0 0
1636000353611 0 0
1636000354674 0 0
1636000355737 0 0
1636000356781 0 0
1636000357855 0 0
1636000358899 0 0
1636000361511 0 0
1636000362604 0 0
1636000363708 0 0
1636000364809 0 0
1636000365886 0 0
1636000366959 0 0
1636000368053 0 0
1636000369096 0 0
1636000370159 0 0
1636000371212 0 0
1636000373885 0 0
1636000374946 0 0
1636000376042 0 0
1636000377056 0 0
1636000378099 0 0
1636000379133 0 0
1636000380177 0 0
1636000381180 0 0
1636000382252 0 0
1636000383276 0 0
1636000385884 0 0
1636000386979 0 0
1636000388033 0 0
1636000389066 0 0
1636000390120 0 0
1636000391164 0 0
1636000392217 0 0
1636000393280 0 0
1636000394354 0 0
1636000395387 0 0
1636000398007 0 0
1636000399121 0 0
1636000400194 0 0
1636000401260 0 0
1636000402324 0 0
1636000403378 0 0
1636000404431 0 0
1636000405482 0 0
1636000406558 0 0
1636000407592 0 0
1636000410244 0 0
1636000411358 0 0
1636000412452 0 0
1636000413525 0 0
1636000414557 0 0
1636000415623 0 0
1636000416676 0 0
1636000417760 0 0
1636000418811 0 0
1636000419825 0 0
1636000422762 0 0
1636000423926 0 0
1636000424991 0 0
1636000426141 0 0
1636000427203 0 0
1636000428281 0 0
1636000429368 0 0
1636000430455 0 0
1636000431497 0 0
1636000432598 0 0
1636000435399 0 0
1636000436592 0 0
1636000437661 0 0
1636000438717 0 0
1636000439822 0 0
1636000440896 0 0
1636000441927 0 0
1636000442974 0 0
1636000444046 0 0
1636000445167 0 0
1636000447846 0 0
1636000448942 0 0
1636000450015 0 0
1636000451079 0 0
1636000452182 0 0
1636000453240 0 0
1636000454318 0 0
1636000455384 0 0
1636000456446 0 0
1636000457503 0 0
1636000460216 0 0
1636000461334 0 0
1636000462494 0 0
1636000463557 0 0
1636000464591 0 0
1636000465623 0 0
1636000466656 0 0
1636000467679 0 0
1636000468725 0 0
1636000469768 0 0
1636000472376 0 0
1636000473483 0 0
1636000474503 0 0
1636000475515 0 0
1636000476522 0 0
1636000477554 0 0
1636000478580 0 0
1636000479602 0 0
1636000480635 0 0
1636000481668 0 0
1636000484204 0 0
1636000485249 0 0
1636000486281 0 0
1636000487306 0 0
1636000488339 0 0
1636000489372 0 0
1636000490405 0 0
1636000491436 0 0
1636000492481 0 0
1636000493524 0 0
1636000496107 0 0
1636000497234 0 0
1636000498320 0 0
1636000499452 0 0
1636000500506 0 0
1636000501540 0 0
1636000502574 0 0
1636000503585 0 0
1636000504630 0 0
1636000505695 0 0
1636000508319 0 0
1636000509442 0 0
1636000510515 0 0
1636000511588 0 0
1636000512660 0 0
1636000513736 0 0
1636000514809 0 0
1636000515883 0 0
1636000516926 0 0
1636000517990 0 0
1636000521149 0 0
1636000522262 0 0
1636000523346 0 0
1636000524450 0 0
1636000525514 0 0
1636000526588 0 0
1636000527651 0 0
1636000528755 0 0
1636000529828 0 0
1636000530882 0 0
1636000533564 0 0
1636000534687 0 0
1636000535751 0 0
1636000536812 0 0
1636000537838 0 0
1636000538889 0 0
1636000539904 0 0
1636000540934 0 0
1636000541989 0 0
1636000543013 0 0
1636000545589 0 0
1636000546695 0 0
1636000547748 0 0
1636000548942 0 0
1636000550015 0 0
1636000551089 0 0
1636000552182 0 0
1636000553246 0 0
1636000554321 0 0
1636000555365 0 0
1636000558017 0 0
1636000559100 0 0
1636000560194 0 0
1636000561278 0 0
1636000562351 0 0
1636000563415 0 0
1636000564459 0 0
1636000565523 0 0
1636000566566 0 0
1636000567630 0 0
1636000570252 0 0
1636000571336 0 0
1636000572390 0 0
1636000573455 0 0
1636000574517 0 0
1636000575614 0 0
1636000576678 0 0
1636000577732 0 0
1636000578806 0 0
1636000579870 0 0
1636000582590 0 0
1636000583737 0 0
1636000584831 0 0
1636000585922 0 0
1636000586978 0 0
1636000588032 0 0
1636000589083 0 0
1636000590159 0 0
1636000591203 0 0
1636000592247 0 0
1636000594929 0 0
1636000596032 0 0
1636000597086 0 0
1636000598160 0 0
1636000599202 0 0
1636000600248 0 0
1636000601340 0 0
1636000602405 0 0
1636000603448 0 0
1636000604526 0 0
1636000607176 0 0
1636000608270 0 0
1636000609344 0 0
1636000610397 0 0
1636000611460 0 0
1636000612522 0 0
1636000613605 0 0
1636000614690 0 0
1636000615744 0 0
1636000616792 0 0
1636000619471 0 0
1636000620583 0 0
1636000621646 0 0
1636000622712 0 0
1636000623776 0 0
1636000624889 0 0
1636000625934 0 0
1636000626998 0 0
1636000628096 0 0
1636000629144 0 0
1636000632438 0 0
1636000633589 0 0
1636000634636 0 0
1636000635680 0 0
1636000636744 0 0
1636000637796 0 0
1636000638862 0 0
1636000639896 0 0
1636000640937 0 0
1636000642011 0 0
1636000644749 0 0
1636000645892 0 0
1636000646966 0 0
1636000648039 0 0
1636000649112 0 0
1636000650156 0 0
1636000651220 0 0
1636000652304 0 0
1636000653378 0 0
1636000654431 0 0
1636000657093 0 0
1636000658187 0 0
1636000659237 0 0
1636000660346 0 0
1636000661389 0 0
1636000662474 0 0
1636000663548 0 0
1636000664604 0 0
1636000665674 0 0
1636000666720 0 0
1636000669430 0 0
1636000670531 0 0
1636000671578 0 0
1636000672668 0 0
1636000673723 0 0
1636000674826 0 0
1636000675958 0 0
1636000677061 0 0
1636000678129 0 0
1636000679177 0 0
1636000681918 0 0
1636000683027 0 0
1636000684104 0 0
1636000685171 0 0
1636000686236 0 0
1636000687269 0 0
1636000688366 0 0
1636000689417 0 0
1636000690489 0 0
1636000691555 0 0
1636000694186 0 0
1636000695247 0 0
1636000696333 0 0
1636000697389 0 0
1636000698461 0 0
1636000699527 0 0
1636000700597 0 0
1636000701692 0 0
1636000702731 0 0
1636000703824 0 0
1636000706480 0 0
1636000707590 0 0
1636000708648 0 0
1636000709717 0 0
1636000710761 0 0
1636000711844 0 0
1636000712901 0 0
1636000713967 0 0
1636000715017 0 0
1636000716066 0 0
1636000718728 0 0
1636000719852 0 0
1636000720908 0 0
1636000721953 0 0
1636000723007 0 0
1636000724065 0 0
1636000725115 0 0
1636000726177 0 0
1636000727249 0 0
1636000728298 0 0
1636000730983 0 0
1636000732065 0 0
1636000733151 0 0
1636000734258 0 0
1636000735342 0 0
1636000736421 0 0
1636000737474 0 0
1636000738567 0 0
1636000739642 0 0
1636000740737 0 0
1636000743522 0 0
1636000744615 0 0
1636000745668 0 0
1636000746742 0 0
1636000747816 0 0
1636000748879 0 0
1636000749942 0 0
1636000751044 0 0
1636000752108 0 0
1636000753161 0 0
1636000755851 0 0
1636000756924 0 0
1636000757967 0 0
1636000759041 0 0
1636000760115 0 0
1636000761258 0 0
1636000762293 0 0
1636000763337 0 0
1636000764381 0 0
1636000765453 0 0
1636000768136 0 0
1636000769220 0 0
1636000770284 0 0
1636000771335 0 0
1636000772412 0 0
1636000773494 0 0
1636000774550 0 0
1636000775632 0 0
1636000776668 0 0
1636000777742 0 0
1636000781169 0 0
1636000782301 0 0
1636000783411 0 0
1636000784504 0 0
1636000785554 0 0
1636000786603 0 0
1636000787672 0 0
1636000788703 0 0
1636000789757 0 0
1636000790807 0 0
1636000793515 0 0
1636000794626 0 0
1636000795696 0 0
1636000796737 0 0
1636000797816 0 0
1636000798894 0 0
1636000799935 0 0
1636000801000 0 0
1636000802060 0 0
1636000803103 0 0
1636000805747 0 0
1636000806839 0 0
1636000807911 0 0
1636000808966 0 0
1636000810032 0 0
1636000811069 0 0
1636000812144 0 0
1636000813192 0 0
1636000814258 0 0
1636000815301 0 0
1636000818006 0 0
1636000819130 0 0
1636000820187 0 0
1636000821235 0 0
1636000822290 0 0
1636000823313 0 0
1636000824383 0 0
1636000825426 0 0
1636000826490 0 0
1636000827586 0 0
1636000830293 0 0
1636000831398 0 0
1636000832449 0 0
1636000833514 0 0
1636000834587 0 0
1636000835624 0 0
1636000836720 0 0
1636000837788 0 0
1636000838842 0 0
1636000839894 0 0
1636000842513 0 0
1636000843638 0 0
1636000844677 0 0
1636000845717 0 0
1636000846763 0 0
1636000847794 0 0
1636000848866 0 0
1636000849919 0 0
1636000850981 0 0
1636000852019 0 0
1636000854721 0 0
1636000855814 0 0
1636000856864 0 0
1636000857915 0 0
1636000858995 0 0
1636000860057 0 0
1636000861117 0 0
1636000862171 0 0
1636000863216 0 0
1636000864293 0 0
1636000866968 0 0
1636000868094 0 0
1636000869147 0 0
1636000870215 0 0
1636000871296 0 0
1636000872373 0 0
1636000873423 0 0
1636000874538 0 0
1636000875596 0 0
1636000876657 0 0
1636000879326 0 0
1636000880450 0 0
1636000881538 0 0
1636000882593 0 0
1636000883678 0 0
1636000884745 0 0
1636000885850 0 0
1636000886939 0 0
1636000888073 0 0
1636000889188 0 0
1636000891867 0 0
1636000893012 0 0
1636000894086 0 0
1636000895147 0 0
1636000896253 0 0
1636000897316 0 0
1636000898390 0 0
1636000899474 0 0
1636000900547 0 0
1636000901621 0 0
1636000904317 0 0
1636000905450 0 0
1636000906522 0 0
1636000907564 0 0
1636000908619 0 0
1636000909662 0 0
1636000910703 0 0
1636000911779 0 0
1636000912823 0 0
1636000913886 0 0
1636000916757 0 0
1636000917833 0 0
1636000918925 0 0
1636000919991 0 0
1636000921065 0 0
1636000922146 0 0
1636000923211 0 0
1636000924264 0 0
1636000925325 0 0
1636000926351 0 0
1636000929018 0 0
1636000930159 0 0
1636000931250 0 0
1636000932333 0 0
1636000933427 0 0
1636000934514 0 0
1636000935592 0 0
1636000936668 0 0
1636000937723 0 0
1636000938785 0 0
1636000941556 0 0
1636000942672 0 0
1636000943733 0 0
1636000944817 0 0
1636000945893 0 0
1636000946944 0 0
1636000947999 0 0
1636000949062 0 0
1636000950115 0 0
1636000951149 0 0
1636000953866 0 0
1636000954964 0 0
1636000956027 0 0
1636000957113 0 0
1636000958171 0 0
1636000959235 0 0
1636000960298 0 0
1636000961353 0 0
1636000962446 0 0
1636000963498 0 0
1636000966216 0 0
1636000967316 0 0
1636000968403 0 0
1636000969472 0 0
1636000970556 0 0
1636000971653 0 0
1636000972710 0 0
1636000973828 0 0
1636000974939 0 0
1636000976010 0 0
1636000979773 0 0
1636000980918 0 0
1636000981988 0 0
1636000983062 0 0
1636000984132 0 0
1636000985188 0 0
1636000986278 0 0
1636000987334 0 0
1636000988398 0 0
1636000989421 0 0
1636000992187 0 0
1636000993319 0 0
1636000994387 0 0
1636000995463 0 0
1636000996493 0 0
1636000997548 0 0
1636000998614 0 0
1636000999711 0 0
1636001000759 0 0
1636001001833 0 0
1636001004552 0 0
1636001005669 0 0
1636001006739 0 0
1636001007843 0 0
1636001008886 0 0
1636001009963 0 0
1636001011038 0 0
1636001012128 0 0
1636001013197 0 0
1636001014238 0 0
1636001016871 0 0
1636001017983 0 0
1636001019030 0 0
1636001020092 0 0
1636001021167 0 0
1636001022236 0 0
1636001023332 0 0
1636001024384 0 0
1636001025455 0 0
1636001026533 0 0
1636001029263 0 0
1636001030401 0 0
1636001031448 0 0
1636001032519 0 0
1636001033569 0 0
1636001034672 0 0
1636001035757 0 0
1636001036816 0 0
1636001037901 0 0
1636001038927 0 0
1636001041655 0 0
1636001042780 0 0
1636001043868 0 0
1636001044939 0 0
1636001046020 0 0
1636001047081 0 0
1636001048132 0 0
1636001049201 0 0
1636001050271 0 0
1636001051322 0 0
1636001054017 0 0
1636001055138 0 0
1636001056223 0 0
1636001057299 0 0
1636001058349 0 0
1636001059411 0 0
1636001060452 0 0
1636001061541 0 0
1636001062583 0 0
1636001063620 0 0
1636001066302 0 0
1636001067433 0 0
1636001068482 0 0
1636001069579 0 0
1636001070662 0 0
1636001071716 0 0
1636001072757 0 0
1636001073836 0 0
1636001074891 0 0
1636001075930 0 0
1636001078672 0 0
1636001079846 0 0
1636001080896 0 0
1636001081949 0 0
1636001083042 0 0
1636001084091 0 0
1636001085136 0 0
1636001086216 0 0
1636001087285 0 0
1636001088323 0 0
1636001091028 0 0
1636001092170 0 0
1636001093255 0 0
1636001094334 0 0
1636001095393 0 0
1636001096471 0 0
1636001097537 0 0
1636001098641 0 0
1636001099691 0 0
1636001100728 0 0
1636001103378 0 0
1636001104494 0 0
1636001105599 0 0
1636001106696 0 0
1636001107763 0 0
1636001108844 0 0
1636001109933 0 0
1636001111015 0 0
1636001112089 0 0
1636001113144 0 0
1636001115802 0 0
1636001116938 0 0
1636001118009 0 0
1636001119070 0 0
1636001120138 0 0
1636001121218 0 0
1636001122305 0 0
1636001123418 0 0
1636001124508 0 0
1636001125624 0 0
1636001128472 0 0
1636001129586 0 0
1636001130669 0 0
1636001131733 0 0
1636001132815 0 0
1636001133860 0 0
1636001134943 0 0
1636001135998 0 0
1636001137040 0 0
1636001138075 0 0
1636001140822 0 0
1636001141928 0 0
1636001143011 0 0
1636001144045 0 0
1636001145069 0 0
1636001146153 0 0
1636001147196 0 0
1636001148230 0 0
1636001149273 0 0
1636001150325 0 0
1636001152990 0 0
1636001154102 0 0
1636001155147 0 0
1636001156180 0 0
1636001157213 0 0
1636001158267 0 0
1636001159320 0 0
1636001160334 0 0
1636001161407 0 0
1636001162438 0 0
1636001165062 0 0
1636001166145 0 0
1636001167189 0 0
1636001168213 0 0
1636001169257 0 0
1636001170320 0 0
1636001171364 0 0
1636001172417 0 0
1636001173460 0 0
1636001174512 0 0
1636001177187 0 0
1636001178301 0 0
1636001179353 0 0
1636001180407 0 0
1636001181461 0 0
1636001182515 0 0
1636001183568 0 0
1636001184602 0 0
1636001185625 0 0
1636001186656 0 0
1636001189316 0 0
1636001190410 0 0
1636001191481 0 0
1636001192536 0 0
1636001193590 0 0
1636001194641 0 0
1636001195676 0 0
1636001196720 0 0
1636001197773 0 0
1636001198816 0 0
1636001202753 0 0
1636001203857 0 0
1636001204931 0 0
1636001206004 0 0
1636001207078 0 0
1636001208139 0 0
1636001209164 0 0
1636001210196 0 0
1636001211242 0 0
1636001212285 0 0
1636001214957 0 0
1636001216110 0 0
1636001217162 0 0
1636001218186 0 0
1636001219242 0 0
1636001220285 0 0
1636001221319 0 0
1636001222343 0 0
1636001223366 0 0
1636001224410 0 0
1636001227142 0 0
1636001228273 0 0
1636001229318 0 0
1636001230332 0 0
1636001231386 0 0
1636001232420 0 0
1636001233493 0 0
1636001234517 0 0
1636001235551 0 0
1636001236613 0 0
1636001239287 0 0
1636001240411 0 0
1636001241455 0 0
1636001242508 0 0
1636001243552 0 0
1636001244616 0 0
1636001245659 0 0
1636001246692 0 0
1636001247716 0 0
1636001248739 0 0
1636001251402 0 0
1636001252545 0 0
1636001253608 0 0
1636001254692 0 0
1636001255745 0 0
1636001256768 0 0
1636001257822 0 0
1636001258865 0 0
1636001259899 0 0
1636001260952 0 0
1636001263615 0 0
1636001264718 0 0
1636001265751 0 0
1636001266805 0 0
1636001267828 0 0
1636001268842 0 0
1636001269885 0 0
1636001270898 0 0
1636001271972 0 0
1636001273015 0 0
1636001275718 0 0
1636001276796 0 0
1636001277844 0 0
1636001278927 0 0
1636001279979 0 0
1636001281025 0 0
1636001282058 0 0
1636001283100 0 0
1636001284135 0 0
1636001285198 0 0
1636001287851 0 0
1636001288957 0 0
1636001289995 0 0
1636001291061 0 0
1636001292104 0 0
1636001293148 0 0
1636001294181 0 0
1636001295213 0 0
1636001296236 0 0
1636001297278 0 0
1636001299982 0 0
1636001301144 0 0
1636001302279 0 0
1636001303332 0 0
1636001304384 0 0
1636001305420 0 0
1636001306473 0 0
1636001307517 0 0
1636001308580 0 0
1636001309623 0 0
1636001312320 0 0
1636001313425 0 0
1636001314488 0 0
1636001315549 0 0
1636001316585 0 0
1636001317629 0 0
1636001318671 0 0
1636001319712 0 0
1636001320778 0 0
1636001321849 0 0
1636001324493 0 0
1636001325647 0 0
1636001326689 0 0
1636001327753 0 0
1636001328811 0 0
1636001329850 0 0
1636001330883 0 0
1636001331907 0 0
1636001332931 0 0
1636001333985 0 0
1636001336677 0 0
1636001337799 0 0
1636001338823 0 0
1636001339866 0 0
1636001340900 0 0
1636001341934 0 0
1636001342977 0 0
1636001344021 0 0
1636001345085 0 0
1636001346139 0 0
1636001348810 0 0
1636001349895 0 0
1636001350908 0 0
1636001351962 0 0
1636001352997 0 0
1636001354040 0 0
1636001355073 0 0
1636001356076 0 0
1636001357110 0 0
1636001358172 0 0
1636001360824 0 0
1636001361910 0 0
1636001362933 0 0
1636001363997 0 0
1636001365041 0 0
1636001366075 0 0
1636001367126 0 0
1636001368152 0 0
1636001369204 0 0
1636001370257 0 0
1636001372909 0 0
1636001374005 0 0
1636001375089 0 0
1636001376193 0 0
1636001377306 0 0
1636001378400 0 0
1636001379574 0 0
1636001380717 0 0
1636001381849 0 0
1636001382876 0 0
1636001385596 0 0
1636001386720 0 0
1636001387772 0 0
1636001388797 0 0
1636001389860 0 0
1636001390894 0 0
1636001391917 0 0
1636001392971 0 0
1636001394034 0 0
1636001395088 0 0
1636001397739 0 0
1636001398853 0 0
1636001399946 0 0
1636001400969 0 0
1636001402053 0 0
1636001403096 0 0
1636001404119 0 0
1636001405201 0 0
1636001406265 0 0
1636001407298 0 0
1636001409996 0 0
1636001411230 0 0
1636001412414 0 0
1636001413547 0 0
1636001414702 0 0
1636001415805 0 0
1636001416939 0 0
1636001418092 0 0
1636001419185 0 0
1636001420299 0 0
1636001423183 0 0
1636001424367 0 0
1636001425450 0 0
1636001426554 0 0
1636001427695 0 0
1636001428751 0 0
1636001429855 0 0
1636001430946 0 0
1636001432031 0 0
1636001433126 0 0
1636001436056 0 0
1636001437220 0 0
1636001438313 0 0
1636001439415 0 0
1636001440500 0 0
1636001441604 0 0
1636001442736 0 0
1636001443844 0 0
1636001444945 0 0
1636001446026 0 0
1636001448788 0 0
1636001449868 0 0
1636001450912 0 0
1636001451953 0 0
1636001452990 0 0
1636001454044 0 0
1636001455098 0 0
1636001456140 0 0
1636001457194 0 0
1636001458217 0 0
1636001460925 0 0
1636001462037 0 0
1636001463103 0 0
1636001464204 0 0
1636001465250 0 0
1636001466334 0 0
1636001467376 0 0
1636001468409 0 0
1636001469463 0 0
1636001470496 0 0
1636001473156 0 0
1636001474242 0 0
1636001475266 0 0
1636001476296 0 0
1636001477341 0 0
1636001478405 0 0
1636001479467 0 0
1636001480502 0 0
1636001481544 0 0
1636001482579 0 0
1636001485241 0 0
1636001486365 0 0
1636001487389 0 0
1636001488412 0 0
1636001489466 0 0
1636001490520 0 0
1636001491562 0 0
1636001492583 0 0
1636001493609 0 0
1636001494642 0 0
1636001498975 0 0
1636001500049 0 0
1636001501084 0 0
1636001502147 0 0
1636001503210 0 0
1636001504223 0 0
1636001505256 0 0
1636001506290 0 0
1636001507313 0 0
1636001508356 0 0
1636001511035 0 0
1636001512100 0 0
1636001513141 0 0
1636001514234 0 0
1636001515290 0 0
1636001516310 0 0
1636001517366 0 0
1636001518399 0 0
1636001519443 0 0
1636001520517 0 0
1636001523167 0 0
1636001524271 0 0
1636001525293 0 0
1636001526357 0 0
1636001527392 0 0
1636001528425 0 0
1636001529468 0 0
1636001530482 0 0
1636001531515 0 0
1636001532549 0 0
1636001535192 0 0
1636001536276 0 0
1636001537348 0 0
1636001538395 0 0
1636001539438 0 0
1636001540481 0 0
1636001541525 0 0
1636001542548 0 0
1636001543621 0 0
1636001544715 0 0
1636001547365 0 0
1636001548500 0 0
1636001549573 0 0
1636001550645 0 0
1636001551701 0 0
1636001552762 0 0
1636001553797 0 0
1636001554861 0 0
1636001555905 0 0
1636001556938 0 0
1636001559628 0 0
1636001560733 0 0
1636001561767 0 0
1636001562811 0 0
1636001563864 0 0
1636001564905 0 0
1636001565940 0 0
1636001566973 0 0
1636001568035 0 0
1636001569068 0 0
1636001571741 0 0
1636001572845 0 0
1636001573906 0 0
1636001574992 0 0
1636001576025 0 0
1636001577068 0 0
1636001578102 0 0
1636001579146 0 0
1636001580186 0 0
1636001581211 0 0
1636001583875 0 0
1636001584959 0 0
1636001586000 0 0
1636001587097 0 0
1636001588138 0 0
1636001589173 0 0
1636001590206 0 0
1636001591239 0 0
1636001592281 0 0
1636001593307 0 0
1636001595959 0 0
1636001597043 0 0
1636001598076 0 0
1636001599147 0 0
1636001600200 0 0
1636001601227 0 0
1636001602268 0 0
1636001603334 0 0
1636001604385 0 0
1636001605439 0 0
1636001608081 0 0
1636001609203 0 0
1636001610228 0 0
1636001611292 0 0
1636001612325 0 0
1636001613358 0 0
1636001614401 0 0
1636001615433 0 0
1636001616479 0 0
1636001617530 0 0
1636001620173 0 0
1636001621319 0 0
1636001622392 0 0
1636001623454 0 0
1636001624516 0 0
1636001625549 0 0
1636001626595 0 0
1636001627628 0 0
1636001628682 0 0
1636001629745 0 0
1636001632418 0 0
1636001633622 0 0
1636001634676 0 0
1636001635718 0 0
1636001636784 0 0
1636001637818 0 0
1636001638870 0 0
1636001639903 0 0
1636001640937 0 0
1636001641982 0 0
1636001644644 0 0
1636001645765 0 0
1636001646801 0 0
1636001647825 0 0
1636001648878 0 0
1636001649931 0 0
1636001650954 0 0
1636001651977 0 0
1636001653011 0 0
1636001654045 0 0
1636001656689 0 0
1636001657781 0 0
1636001658834 0 0
1636001659877 0 0
1636001660921 0 0
1636001661963 0 0
1636001662989 0 0
1636001664022 0 0
1636001665063 0 0
1636001666099 0 0
1636001668782 0 0
1636001669856 0 0
1636001670909 0 0
1636001671967 0 0
1636001673017 0 0
1636001674070 0 0
1636001675144 0 0
1636001676187 0 0
1636001677220 0 0
1636001678254 0 0
1636001680905 0 0
1636001682011 0 0
1636001683084 0 0
1636001684128 0 0
1636001685191 0 0
1636001686245 0 0
1636001687311 0 0
1636001688353 0 0
1636001689378 0 0
1636001690428 0 0
1636001693131 0 0
1636001694244 0 0
1636001695328 0 0
1636001696372 0 0
1636001697434 0 0
1636001698477 0 0
1636001699518 0 0
1636001700582 0 0
1636001701639 0 0
1636001702711 0 0
1636001705606 0 0
1636001706800 0 0
1636001707894 0 0
1636001709069 0 0
1636001710134 0 0
1636001711207 0 0
1636001712272 0 0
1636001713345 0 0
1636001714439 0 0
1636001715502 0 0
1636001718195 0 0
1636001719308 0 0
1636001720408 0 0
1636001721454 0 0
1636001722519 0 0
1636001723561 0 0
1636001724605 0 0
1636001725628 0 0
1636001726673 0 0
1636001727737 0 0
1636001730454 0 0
1636001731582 0 0
1636001732699 0 0
1636001733745 0 0
1636001734838 0 0
1636001736041 0 0
1636001737135 0 0
1636001738205 0 0
1636001739293 0 0
1636001740354 0 0
1636001743115 0 0
1636001744201 0 0
1636001745281 0 0
1636001746344 0 0
1636001747409 0 0
1636001748505 0 0
1636001749599 0 0
1636001750682 0 0
1636001751744 0 0
1636001752794 0 0
1636001755543 0 0
1636001756648 0 0
1636001757704 0 0
1636001758759 0 0
1636001759828 0 0
1636001760880 0 0
1636001761932 0 0
1636001762989 0 0
1636001764042 0 0
1636001765094 0 0
1636001767800 0 0
1636001768920 0 0
1636001769999 0 0
1636001771044 0 0
1636001772107 0 0
1636001773157 0 0
1636001774253 0 0
1636001775339 0 0
1636001776405 0 0
1636001777451 0 0
1636001780117 0 0
1636001781206 0 0
1636001782277 0 0
1636001783333 0 0
1636001784386 0 0
1636001785456 0 0
1636001786501 0 0
1636001787568 0 0
1636001788610 0 0
1636001789668 0 0
1636001792392 0 0
1636001793519 0 0
1636001794565 0 0
1636001795630 0 0
1636001796687 0 0
1636001797741 0 0
1636001798773 0 0
1636001799840 0 0
1636001800876 0 0
1636001801932 0 0
1636001804648 0 0
1636001805751 0 0
1636001806805 0 0
1636001807858 0 0
1636001808898 0 0
1636001809940 0 0
1636001810965 0 0
1636001812010 0 0
1636001813053 0 0
1636001814096 0 0
1636001816785 0 0
1636001817909 0 0
1636001818980 0 0
1636001820026 0 0
1636001821096 0 0
1636001822129 0 0
1636001823168 0 0
1636001824214 0 0
1636001825288 0 0
1636001826340 0 0
1636001829046 0 0
1636001830193 0 0
1636001831236 0 0
1636001832326 0 0
1636001833372 0 0
1636001834420 0 0
1636001835470 0 0
1636001836522 0 0
1636001837575 0 0
1636001838619 0 0
1636001841333 0 0
1636001842424 0 0
1636001843483 0 0
1636001844524 0 0
1636001845578 0 0
1636001846638 0 0
1636001847696 0 0
1636001848730 0 0
1636001849800 0 0
1636001850857 0 0
1636001855731 0 0
1636001856918 0 0
1636001858077 0 0
1636001859238 0 0
1636001860260 0 0
1636001861312 0 0
1636001862454 0 0
1636001863606 0 0
1636001864679 0 0
1636001865818 0 0
1636001868745 0 0
1636001869866 0 0
1636001870936 0 0
1636001872034 0 0
1636001873076 0 0
1636001874139 0 0
1636001875183 0 0
1636001876234 0 0
1636001877341 0 0
1636001878463 0 0
1636001881232 0 0
1636001882369 0 0
1636001883490 0 0
1636001884643 0 0
1636001885735 0 0
1636001886791 0 0
1636001888047 0 0
1636001889200 0 0
1636001890275 0 0
1636001891329 0 0
1636001894046 0 0
1636001895152 0 0
1636001896215 0 0
1636001897305 0 0
1636001898418 0 0
1636001899521 0 0
1636001900587 0 0
1636001901681 0 0
1636001902748 0 0
1636001903787 0 0
1636001906546 0 0
1636001907713 0 0
1636001908858 0 0
1636001910131 0 0
1636001911299 0 0
1636001912371 0 0
1636001913417 0 0
1636001914480 0 0
1636001915562 0 0
1636001916595 0 0
1636001919341 0 0
1636001920461 0 0
1636001921519 0 0
1636001922612 0 0
1636001923712 0 0
1636001924838 0 0
1636001925992 0 0
1636001927114 0 0
1636001928240 0 0
1636001929334 0 0
1636001932148 0 0
1636001933300 0 0
1636001934371 0 0
1636001935483 0 0
1636001936543 0 0
1636001937613 0 0
1636001938714 0 0
1636001939781 0 0
1636001940855 0 0
1636001941913 0 0
1636001944876 0 0
1636001946090 0 0
1636001947180 0 0
1636001948272 0 0
1636001949329 0 0
1636001950408 0 0
1636001951481 0 0
1636001952548 0 0
1636001953649 0 0
1636001954707 0 0
1636001957514 0 0
1636001958590 0 0
1636001959723 0 0
1636001960813 0 0
1636001961866 0 0
1636001962924 0 0
1636001963970 0 0
1636001965022 0 0
1636001966078 0 0
1636001967141 0 0
1636001969839 0 0
1636001970981 0 0
1636001972044 0 0
1636001973117 0 0
1636001974219 0 0
1636001975336 0 0
1636001976424 0 0
1636001977504 0 0
1636001978587 0 0
1636001979651 0 0
1636001982414 0 0
1636001983600 0 0
1636001984744 0 0
1636001985828 0 0
1636001986901 0 0
1636001987974 0 0
1636001989028 0 0
1636001990100 0 0
1636001991164 0 0
1636001992238 0 0
