1631062173867 0.2594546888427562 0
1631062436052 0.44709760435374396 0
1631062698242 0.539145588336221 0
1631062959489 0.577031350638493 0
1631063220299 0.6070940070841683 0
1631063481577 0.6463691434228277 0
1631063745714 0.6781235926122553 0
1631064013186 0.6942632036754881 0
1631064280908 0.7107914869325703 0
1631064548799 0.7277737152145569 0
1631064831998 0.7428530508495242 0
1631065100081 0.7540996164442543 0
1631065368187 0.7616751369941666 0
1631065635981 0.7730981215655086 0
1631065903707 0.7836439559258611 0
1631066180205 0.7904203965003237 0
1631066457224 0.7989026361919314 0
1631066731273 0.8101533331784859 0
1631067003855 0.8129810324634416 0
1631067279373 0.820462900831039 0
1631067556684 0.8254704935004911 0
1631067829062 0.832155898033854 0
1631068104587 0.8355768355260415 0
1631068376785 0.8338277088590417 0
1631068648643 0.8419653618910228 0
1631068924060 0.840552666460175 0
1631069196442 0.84380549228335 0
1631069470006 0.8474119625177727 0
1631069744759 0.855087152087545 0
1631070019863 0.862744681088321 0
1631070310252 0.8675553644277957 0
1631070584296 0.869304082838886 0
1631070859770 0.8630265938230304 0
1631071132290 0.868729773056076 0
1631071404668 0.8746404044599421 0
1631071678716 0.8806286443428819 0
1631071951406 0.8834284816879826 0
1631072222765 0.8853465728012913 0
1631072494960 0.8867004201354748 0
1631072769948 0.8849390576402821 0
1631073046993 0.889173009309424 0
1631073320588 0.8915478447115565 0
1631073597432 0.8939671379974092 0
1631073870041 0.8966093110032824 0
1631074141954 0.8956495121300939 0
1631074419236 0.89673875792917 0
1631074694027 0.894819883697004 0
1631074966534 0.8896799697933427 0
1631075239254 0.8949705110975059 0
1631075516190 0.9028483938021834 0
1631084614869 0.9035891032362557 0
1631084906211 0.9108349397239913 0
1631085174208 0.915434933929558 0
1631085442144 0.91799572361521 0
1631085715823 0.920334939497063 0
1631085981361 0.9220179717942891 0
1631086247654 0.9234752518584928 0
1631086512619 0.9245686800364988 0
1631086778820 0.9257474315453724 0
1631087044661 0.9269400842218514 0
1631087312772 0.9265975995236132 0
1631087577584 0.9286841207958129 0
1631087842818 0.9300095880606085 0
1631088108295 0.9307397244924519 0
1631088374486 0.9308665574315086 0
1631088640312 0.9323413260729916 0
1631088906121 0.9334382508174484 0
1631089172229 0.9326688790895848 0
1631089438122 0.9322291196110738 0
1631089704219 0.9351313394236278 0
1631089985346 0.9360923318259688 0
1631090251061 0.9371314576591355 0
1631090516619 0.9370381239666996 0
1631090782622 0.9385041493967358 0
1631091048964 0.9396279263927277 0
1631091314930 0.9405525534986013 0
1631091581911 0.940014085855829 0
1631091847903 0.9379449238978238 0
1631092113826 0.9408217611083067 0
1631092379760 0.9424897978104742 0
1631092648163 0.9440183582076107 0
1631092914692 0.9423247959958498 0
1631093181617 0.9437235453760766 0
1631093448661 0.9445225585655995 0
1631093715163 0.9446546137332917 0
1631093981520 0.9457302926534633 0
1631094248023 0.9458964441914155 0
1631094514598 0.9470994594585465 0
1631094781143 0.9479137759610831 0
1631095048176 0.9486195926206661 0
1631095326954 0.9486525378313406 0
1631095593442 0.9486850141042689 0
1631095860136 0.9469946288918877 0
1631096126915 0.9466187131692126 0
1631096394068 0.9452064109135824 0
1631096660430 0.9480264190449774 0
1631096927683 0.9493975560349152 0
1631097194742 0.9506016844008339 0
1631097461473 0.9518405870500817 0
1631097727963 0.9528074921613713 0
1631097996946 0.9532652892262101 0
1631098264004 0.9538373264921718 0
1631098531364 0.9506733658083953 0
1631098798303 0.9515755862356668 0
1631099065712 0.9529620972742516 0
1631099333042 0.9534971886370555 0
1631099600414 0.9539749090930068 0
1631099867491 0.9551146497209388 0
1631100134931 0.9557523422212486 0
1631100401853 0.9550766804850249 0
1631100682885 0.955012591129326 0
1631100949305 0.9547667155064734 0
1631101248957 0.9558555175022905 0
1631101526767 0.9529956374541825 0
1631101802942 0.9553953538458033 0
1631102075357 0.956880318472184 0
1631102349276 0.9577794624380316 0
1631102625290 0.958156192518142 0
1631102898032 0.9583662888371802 0
1631103172014 0.9584620293364471 0
1631103448781 0.9584198321204592 0
1631103723902 0.9588992110936039 0
1631103997514 0.9590707259723942 0
1631104272494 0.9582164528140104 0
1631104548866 0.9584936452917304 0
1631104821994 0.9593269982969906 0
1631105097398 0.9600259507276926 0
1631105371708 0.9601548734199563 0
1631105647630 0.9562977336975467 0
1631105923226 0.9543870540268447 0
1631146118710 0.9579042031104308 0
1631146394003 0.9594541271048855 0
1631146659917 0.9611410089285976 0
1631146925982 0.9617777603218353 0
1631147192494 0.9618190430014966 0
1631147459079 0.9614218268767898 0
1631147725513 0.9613370256251598 0
1631147991715 0.9618954188134294 0
1631148271630 0.9572563656123289 0
1631148544973 0.958617011107594 0
1631148821585 0.9591386573142315 0
1631149094966 0.9614245227302411 0
1631149369931 0.9620607121881233 0
1631149644696 0.9594483138566999 0
1631149916380 0.9622265057391431 0
1631150186087 0.9631992880120336 0
1631150454369 0.9636484811823048 0
1631150722475 0.9637360702078028 0
1631150990143 0.9642486310148811 0
1631151257069 0.9644322477909458 0
1631151543051 0.9643520206572059 0
1631176837872 0.9572779406984169 0
1631177320651 0.962236458278564 0
1631177580354 0.9642147274620559 0
1631177840293 0.9649479432278372 0
1631178099910 0.9652753870889367 0
1631178360424 0.9654932040047933 0
1631178620817 0.9656113393335451 0
1631178881628 0.965616942529219 0
1631179142577 0.9653137918696343 0
1631179445355 0.9651850494275608 0
1631179705857 0.9647464899413554 0
1631179966684 0.9650372690465079 0
1631180226839 0.965686433645616 0
1631180486834 0.9659238780837464 0
1631180747425 0.965689977608531 0
1631181009084 0.9661387047135686 0
1631181268345 0.9662324125508229 0
1631181527608 0.9665194685200609 0
1631181786511 0.9665648596114425 0
1631182048042 0.9651634176093414 0
1631182308352 0.9621933967952268 0
1631182568182 0.9637179554226887 0
1631182827902 0.9558310120938774 0
1631190197382 0.959021210311407 0
1631190468895 0.9636605679988861 0
1631190736497 0.9656035817531216 0
1631191004430 0.9666448379137433 0
1631191270800 0.9676724503557361 0
1631191536532 0.9680742581924762 0
1631191817648 0.9683426209242948 0
1631192086380 0.968459240284311 0
1631192354893 0.9683303969452177 0
1631192622016 0.9682812870266926 0
1631192888048 0.9589964912598393 0
1631193156153 0.9646875825991114 0
1631193421930 0.9662449754864335 0
1631193687476 0.967841076922704 0
1631193953474 0.9683358084006486 0
1631194213773 0.968402458601687 0
1631194474581 0.9686476897044355 0
1631194732720 0.9689555458993797 0
1631195612992 0.9688455509134084 0
1631195877537 0.9673779955111358 0
1631196290637 0.968781587948282 0
1631196558361 0.9694755429244899 0
1631196825952 0.9694558859589588 0
1631197089660 0.96948036156505 0
1631197359160 0.9690390911446995 0
1631197621870 0.9693702667592516 0
