1631062173851 0.7271690767213523 0
1631062436037 0.5298731136752899 0
1631062698242 0.433471065328782 0
1631062959473 0.39293305234736725 0
1631063220299 0.3660342287586397 0
1631063481577 0.3483345052564001 0
1631063745714 0.3254802722528756 0
1631064013186 0.31203651140971345 0
1631064280892 0.2979396420070925 0
1631064548783 0.2872215067765799 0
1631064831982 0.27488117979233534 0
1631065100081 0.26569151375667155 0
1631065368171 0.259392772812441 0
1631065635981 0.2507648898894529 0
1631065903707 0.24175654154226017 0
1631066180189 0.23749967727316434 0
1631066457224 0.22991358659353608 0
1631066731258 0.2206043461001062 0
1631067003839 0.21825786742819364 0
1631067279357 0.21245631036988233 0
1631067556669 0.20819099768098573 0
1631067829046 0.20213558300431952 0
1631068104572 0.19964906429669943 0
1631068376785 0.20175275278378685 0
1631068648627 0.19400823008583243 0
1631068924060 0.19570170863565192 0
1631069196442 0.19297134696719168 0
1631069469990 0.1888209236673561 0
1631069744744 0.18259200741009546 0
1631070019847 0.1765021717691996 0
1631070310236 0.17281409056789904 0
1631070584296 0.17077287062104912 0
1631070859755 0.1759135776973633 0
1631071132275 0.17110126636114473 0
1631071404668 0.16619935057249408 0
1631071678700 0.16064564039908252 0
1631071951391 0.1585426036133824 0
1631072222765 0.1568311381052776 0
1631072494960 0.15604894455656948 0
1631072769932 0.15733874203210843 0
1631073046978 0.15363959160195775 0
1631073320588 0.15160684449126924 0
1631073597432 0.14987824982907402 0
1631073870025 0.14704448882355753 0
1631074141938 0.14809251585638664 0
1631074419236 0.14731384508581047 0
1631074694011 0.1485248222408525 0
1631074966518 0.1539796730840063 0
1631075239239 0.14862775623080246 0
1631075516174 0.1415316674364619 0
1631084614838 0.1405854943286941 0
1631084906211 0.13441281074500933 0
1631085174192 0.13057677932532438 0
1631085442129 0.12817453045442884 0
1631085715808 0.12601944660565936 0
1631085981345 0.1246125690908317 0
1631086247638 0.1233588726405638 0
1631086512619 0.12230670021240968 0
1631086778804 0.12098699987652792 0
1631087044645 0.11998064510793573 0
1631087312772 0.1206126403377717 0
1631087577569 0.1183962904545198 0
1631087842818 0.11702559295907078 0
1631088108279 0.11638811194753072 0
1631088374486 0.11621380570423173 0
1631088640312 0.11490192398967515 0
1631088906106 0.1136398010225181 0
1631089172214 0.11444112514875024 0
1631089438106 0.11456920727189769 0
1631089704219 0.11216045898127262 0
1631089985346 0.11109371968062526 0
1631090251045 0.11028426095663782 0
1631090516619 0.11023236685488591 0
1631090782622 0.10900308640606424 0
1631091048964 0.1075878448515053 0
1631091314914 0.10674083807382234 0
1631091581896 0.10743608065398344 0
1631091847903 0.10898419065647814 0
1631092113810 0.10639212038143574 0
1631092379760 0.1047055311949856 0
1631092648163 0.10336365326341376 0
1631092914676 0.10500922045075746 0
1631093181617 0.10350751338234865 0
1631093448661 0.10294746849910331 0
1631093715163 0.10258207874125742 0
1631093981520 0.10160224193550015 0
1631094248007 0.1014294218586152 0
1631094514582 0.09997386422501993 0
1631094781143 0.09946153501430192 0
1631095048160 0.0987666500620095 0
1631095326939 0.09857492741331987 0
1631095593426 0.09860940510968125 0
1631095860121 0.10001177206096878 0
1631096126899 0.10022247196680094 0
1631096394053 0.10134564573506279 0
1631096660415 0.09874714569873123 0
1631096927667 0.09743348553956274 0
1631097194742 0.09654249125216374 0
1631097461473 0.09505573992269589 0
1631097727947 0.09420738450015888 0
1631097996930 0.093801177409758 0
1631098264004 0.09333141955984647 0
1631098531364 0.09639357299689785 0
1631098798303 0.09553154046276965 0
1631099065696 0.094143236976072 0
1631099333027 0.09378942595907011 0
1631099600399 0.09299058045249385 0
1631099867491 0.09201276086899171 0
1631100134916 0.09141776576099625 0
1631100401853 0.09222070459859916 0
1631100682885 0.09181478152792136 0
1631100949289 0.09196104378585356 0
1631101248941 0.09095395796270256 0
1631101526767 0.09386472924646126 0
1631101802942 0.09123969293502439 0
1631102075342 0.09011853890246654 0
1631102349276 0.08913030035524484 0
1631102625275 0.08899440858737534 0
1631102898017 0.08855212524712805 0
1631103172014 0.08831960465534623 0
1631103448781 0.08848755546363003 0
1631103723886 0.08798091059707737 0
1631103997498 0.08788099992706115 0
1631104272478 0.08852657998900816 0
1631104548851 0.08824079977460651 0
1631104821978 0.08727838440113753 0
1631105097382 0.08663716409579812 0
1631105371708 0.08663627146238305 0
1631105647614 0.09015667582132725 0
1631105923226 0.09222123170473487 0
1631146118554 0.0885097923049007 0
1631146394003 0.08710138625409229 0
1631146659901 0.08574691702084367 0
1631146925982 0.0851503840412002 0
1631147192494 0.08483607259141389 0
1631147459079 0.08524054396583372 0
1631147725497 0.08538659078529079 0
1631147991699 0.08462127863642684 0
1631148271615 0.08913380553923461 0
1631148544958 0.08777949357607272 0
1631148821585 0.08755699087338276 0
1631149094966 0.08506111280027638 0
1631149369916 0.0847662234880838 0
1631149644696 0.08678131433854619 0
1631149916365 0.08425225730401925 0
1631150186087 0.08344433393823093 0
1631150454353 0.08287173114627241 0
1631150722475 0.08293972496526791 0
1631150990128 0.08240695423390494 0
1631151257069 0.08200900920902393 0
1631151543051 0.08253613688859593 0
1631176837779 0.08867596897734213 0
1631177320636 0.08399216238274626 0
1631177580338 0.0823170596576599 0
1631177840277 0.08160347536385774 0
1631178099910 0.08131387111652329 0
1631178360408 0.08132168866065617 0
1631178620802 0.08103298386895513 0
1631178881628 0.0808830555663051 0
1631179142577 0.08111557543995868 0
1631179445355 0.08116169650870637 0
1631179705857 0.08170833537377502 0
1631179966668 0.08136941366885077 0
1631180226823 0.08061089932200417 0
1631180486834 0.0806549187884274 0
1631180747425 0.08075795008475521 0
1631181009069 0.08019310056445114 0
1631181268345 0.08002223882330474 0
1631181527592 0.07977949890745686 0
1631181786495 0.07971411584371542 0
1631182048042 0.08111486592924737 0
1631182308352 0.0837684858994312 0
1631182568167 0.08244558019810412 0
1631182827886 0.08990604367600867 0
1631190197367 0.08675916008202425 0
1631190468895 0.08229874343757171 0
1631190736497 0.08073029891554125 0
1631191004430 0.07960498261164478 0
1631191270784 0.07894138255751279 0
1631191536516 0.07842598765729422 0
1631191817648 0.07795269051230094 0
1631192086380 0.0780598991606609 0
1631192354893 0.07818957050162625 0
1631192622016 0.07816623025629893 0
1631192888033 0.08684635880481767 0
1631193156137 0.08160403550389306 0
1631193421930 0.0801430969353182 0
1631193687476 0.07837690035980868 0
1631193953474 0.07816112256911867 0
1631194213773 0.07803270723446308 0
1631194474566 0.07758601279143827 0
1631194732720 0.07743712469755888 0
1631195612987 0.07731473589517984 0
1631195877528 0.07937879232038934 0
1631196290630 0.07758968601743856 0
1631196558352 0.07677937020738437 0
1631196825945 0.07694340398512682 0
1631197089654 0.07742212838437182 0
1631197359154 0.07729941211551072 0
1631197621864 0.07700701111770542 0
