1634797314983 0 0
1634797316866 0 0
1634797318045 0 0
1634797319235 0 0
1634797320386 0 0
1634797321562 0 0
1634797322769 0 0
1634797323951 0 0
1634797325095 0 0
1634797326252 0 0
1634797327405 0 0
1634797329202 0 0
1634797330423 0 0
1634797331629 0 0
1634797332795 0 0
1634797333956 0 0
1634797335112 0 0
1634797336268 0 0
1634797337405 0 0
1634797338548 0 0
1634797339674 0 0
1634797341499 0 0
1634797342656 0 0
1634797343798 0 0
1634797344952 0 0
1634797346095 0 0
1634797347320 0 0
1634797348475 0 0
1634797349656 0 0
1634797350838 0 0
1634797352053 0 0
1634797353864 0 0
