1634797314983 10.571573257446289 0
1634797316868 4.297440528869629 0
1634797318047 4.19022798538208 0
1634797319237 5.153151035308838 0
1634797320386 4.622265815734863 0
1634797321562 4.154128551483154 0
1634797322769 6.546084403991699 0
1634797323953 3.8227295875549316 0
1634797325110 3.983074188232422 0
1634797326252 3.7319650650024414 0
1634797327405 3.3176705837249756 0
1634797329202 3.0962419509887695 0
1634797330423 3.819335460662842 0
1634797331629 4.930285930633545 0
1634797332795 2.694408893585205 0
1634797333958 3.3582606315612793 0
1634797335112 3.105825185775757 0
1634797336268 3.0640463829040527 0
1634797337405 2.8716940879821777 0
1634797338548 3.5587377548217773 0
1634797339690 2.66190767288208 0
1634797341499 2.7792129516601562 0
1634797342672 2.4547860622406006 0
1634797343798 2.565664768218994 0
1634797344952 2.804678440093994 0
1634797346095 2.9984304904937744 0
1634797347322 1.8540687561035156 0
1634797348475 2.149136543273926 0
1634797349656 2.7935943603515625 0
1634797350840 1.7921154499053955 0
1634797352055 2.3146426677703857 0
1634797353864 2.481492042541504 0
