1634797314983 2.150187134742737 0
1634797316872 0.4956178069114685 0
1634797318051 0.9495494365692139 0
1634797319239 0.6882610023021698 0
1634797320386 0.1784643977880478 0
1634797321578 0.7996341586112976 0
1634797322769 0.6868214309215546 0
1634797323956 0.3956710547208786 0
1634797325110 0.37629203498363495 0
1634797326252 0.38808517158031464 0
1634797327405 0.3214326500892639 0
1634797329202 0.41625475883483887 0
1634797330423 0.6486203521490097 0
1634797331629 0.466716468334198 0
1634797332795 0.1751199085265398 0
1634797333963 0.12905029952526093 0
1634797335128 0.3242160752415657 0
1634797336268 0.351582869887352 0
1634797337405 0.2834503576159477 0
1634797338548 0.31964467838406563 0
1634797339690 0.39052683115005493 0
1634797341499 0.5288808196783066 0
1634797342672 0.24296322464942932 0
1634797343798 0.20846751518547535 0
1634797344952 0.31208130717277527 0
1634797346095 0.49162593483924866 0
1634797347325 0.3130676597356796 0
1634797348491 0.22654426842927933 0
1634797349671 0.3303290382027626 0
1634797350844 0.13653412088751793 0
1634797352059 0.32958047091960907 0
1634797353880 0.3530781418085098 0
