1636353286017 0 0
1636353288289 1 0
1636353289145 2 0
1636353290015 3 0
1636353290933 4 0
1636353291827 5 0
1636353292706 6 0
1636353293600 7 0
1636353294488 8 0
1636353295357 9 0
1636353296251 10 0
1636353298622 11 0
1636353299508 12 0
1636353300486 13 0
1636353301407 14 0
1636353302308 15 0
1636353303215 16 0
1636353304105 17 0
1636353305015 18 0
1636353305916 19 0
1636353306827 20 0
1636353309218 21 0
1636353310109 22 0
1636353311044 23 0
1636353311978 24 0
1636353312885 25 0
1636353313790 26 0
1636353314698 27 0
1636353315591 28 0
1636353316501 29 0
1636353317381 30 0
1636353319793 31 0
1636353320684 32 0
1636353321565 33 0
1636353322442 34 0
1636353323315 35 0
1636353324207 36 0
1636353325089 37 0
1636353325961 38 0
1636353326845 39 0
1636353327723 40 0
1636353330079 41 0
1636353330958 42 0
1636353331830 43 0
1636353332710 44 0
1636353333592 45 0
1636353334474 46 0
1636353335352 47 0
1636353336231 48 0
1636353337109 49 0
1636353337994 50 0
1636353340300 51 0
1636353341194 52 0
1636353342071 53 0
1636353342956 54 0
1636353343827 55 0
1636353344702 56 0
1636353345593 57 0
1636353346479 58 0
1636353347363 59 0
1636353348248 60 0
1636353350637 61 0
1636353351533 62 0
1636353352426 63 0
1636353353309 64 0
1636353354196 65 0
1636353355097 66 0
1636353355985 67 0
1636353356864 68 0
1636353357756 69 0
1636353358647 70 0
1636353360959 71 0
1636353361850 72 0
1636353362742 73 0
1636353363625 74 0
1636353364505 75 0
1636353365384 76 0
1636353366289 77 0
1636353367170 78 0
1636353368055 79 0
1636353368950 80 0
1636353371272 81 0
1636353372161 82 0
1636353373044 83 0
1636353373925 84 0
1636353374801 85 0
1636353375686 86 0
1636353376574 87 0
1636353377468 88 0
1636353378353 89 0
1636353379234 90 0
1636353381694 91 0
1636353382600 92 0
1636353383501 93 0
1636353384398 94 0
1636353385284 95 0
1636353386175 96 0
1636353387058 97 0
1636353387946 98 0
1636353388827 99 0
1636353389715 100 0
1636353392087 101 0
1636353392973 102 0
1636353393863 103 0
1636353394757 104 0
1636353395643 105 0
1636353396586 106 0
1636353397481 107 0
1636353398368 108 0
1636353399260 109 0
1636353400156 110 0
1636353402558 111 0
1636353403451 112 0
1636353404337 113 0
1636353405222 114 0
1636353406110 115 0
1636353407002 116 0
1636353407901 117 0
1636353408787 118 0
1636353409676 119 0
1636353410563 120 0
1636353413158 121 0
1636353414044 122 0
1636353414929 123 0
1636353415856 124 0
1636353416751 125 0
1636353417642 126 0
1636353418541 127 0
1636353419434 128 0
1636353420333 129 0
1636353421230 130 0
1636353423655 131 0
1636353424575 132 0
1636353425468 133 0
1636353426360 134 0
1636353427256 135 0
1636353428158 136 0
1636353429064 137 0
1636353429948 138 0
1636353430839 139 0
1636353431731 140 0
1636353434162 141 0
1636353435050 142 0
1636353435961 143 0
1636353436849 144 0
1636353437744 145 0
1636353438649 146 0
1636353439545 147 0
1636353440439 148 0
1636353441331 149 0
1636353442223 150 0
1636353444642 151 0
1636353445538 152 0
1636353446433 153 0
1636353447374 154 0
1636353448286 155 0
1636353449176 156 0
1636353450067 157 0
1636353450958 158 0
1636353451853 159 0
1636353452744 160 0
1636353455387 161 0
1636353456292 162 0
1636353457186 163 0
1636353458077 164 0
1636353458965 165 0
1636353459858 166 0
1636353460745 167 0
1636353461640 168 0
1636353462531 169 0
1636353463427 170 0
1636353465886 171 0
1636353466781 172 0
1636353467681 173 0
1636353468571 174 0
1636353469472 175 0
1636353470362 176 0
1636353471252 177 0
1636353472143 178 0
1636353473034 179 0
1636353473925 180 0
1636353476339 181 0
1636353477246 182 0
1636353478145 183 0
1636353479039 184 0
1636353479931 185 0
1636353480831 186 0
1636353481717 187 0
1636353482612 188 0
1636353483523 189 0
1636353484442 190 0
1636353487090 191 0
1636353487997 192 0
1636353488887 193 0
1636353489798 194 0
1636353490698 195 0
1636353491587 196 0
1636353492508 197 0
1636353493407 198 0
1636353494313 199 0
1636353495220 200 0
1636353497695 201 0
1636353498592 202 0
1636353499507 203 0
1636353500407 204 0
1636353501300 205 0
1636353502198 206 0
1636353503087 207 0
1636353503983 208 0
1636353504883 209 0
1636353505779 210 0
1636353508242 211 0
1636353509134 212 0
1636353510032 213 0
1636353510919 214 0
1636353511819 215 0
1636353512708 216 0
1636353513606 217 0
1636353514496 218 0
1636353515396 219 0
1636353516300 220 0
1636353519015 221 0
1636353519911 222 0
1636353520799 223 0
1636353521692 224 0
1636353522592 225 0
1636353523478 226 0
1636353524366 227 0
1636353525261 228 0
1636353526162 229 0
1636353527072 230 0
1636353529550 231 0
1636353530442 232 0
1636353531333 233 0
1636353532230 234 0
1636353533135 235 0
1636353534037 236 0
1636353534935 237 0
1636353535831 238 0
1636353536726 239 0
1636353537619 240 0
1636353540072 241 0
1636353540968 242 0
1636353541865 243 0
1636353542752 244 0
1636353543648 245 0
1636353544549 246 0
1636353545447 247 0
1636353546345 248 0
1636353547264 249 0
1636353548163 250 0
1636353550613 251 0
1636353551515 252 0
1636353552404 253 0
1636353553295 254 0
1636353554187 255 0
1636353555075 256 0
1636353555971 257 0
1636353556866 258 0
1636353557789 259 0
1636353558688 260 0
1636353561149 261 0
1636353562041 262 0
1636353562939 263 0
1636353563837 264 0
1636353564736 265 0
1636353565632 266 0
1636353566523 267 0
1636353567421 268 0
1636353568342 269 0
1636353569238 270 0
1636353571690 271 0
1636353572600 272 0
1636353573496 273 0
1636353574395 274 0
1636353575292 275 0
1636353576183 276 0
1636353577077 277 0
1636353577970 278 0
1636353578866 279 0
1636353579757 280 0
1636353582562 281 0
1636353583461 282 0
1636353584348 283 0
1636353585245 284 0
1636353586150 285 0
1636353587046 286 0
1636353587938 287 0
1636353588827 288 0
1636353589730 289 0
1636353590618 290 0
1636353593043 291 0
1636353593941 292 0
1636353594836 293 0
1636353595731 294 0
1636353596632 295 0
1636353597520 296 0
1636353598415 297 0
1636353599309 298 0
1636353600207 299 0
1636353601128 300 0
1636353603571 301 0
1636353604473 302 0
1636353605363 303 0
1636353606259 304 0
1636353607158 305 0
1636353608056 306 0
1636353608946 307 0
1636353609832 308 0
1636353610722 309 0
1636353611614 310 0
1636353614098 311 0
1636353615001 312 0
1636353615897 313 0
1636353616787 314 0
1636353617678 315 0
1636353618572 316 0
1636353619475 317 0
1636353620370 318 0
1636353621273 319 0
1636353622163 320 0
1636353624652 321 0
1636353625541 322 0
1636353626450 323 0
1636353627346 324 0
1636353628238 325 0
1636353629125 326 0
1636353630015 327 0
1636353630909 328 0
1636353631809 329 0
1636353632705 330 0
1636353635166 331 0
1636353636067 332 0
1636353636960 333 0
1636353637858 334 0
1636353638758 335 0
1636353639651 336 0
1636353640546 337 0
1636353641445 338 0
1636353642336 339 0
1636353643233 340 0
1636353645678 341 0
1636353646578 342 0
1636353647484 343 0
1636353648370 344 0
1636353649264 345 0
1636353650164 346 0
1636353651059 347 0
1636353651950 348 0
1636353652850 349 0
1636353653750 350 0
1636353656201 351 0
1636353657100 352 0
1636353658004 353 0
1636353658901 354 0
1636353659795 355 0
1636353660685 356 0
1636353661574 357 0
1636353662476 358 0
1636353663385 359 0
1636353664274 360 0
1636353667177 361 0
1636353668069 362 0
1636353668969 363 0
1636353669864 364 0
1636353670754 365 0
1636353671648 366 0
1636353672548 367 0
1636353673444 368 0
1636353674345 369 0
1636353675234 370 0
1636353677704 371 0
1636353678611 372 0
1636353679508 373 0
1636353680405 374 0
1636353681305 375 0
1636353682201 376 0
1636353683089 377 0
1636353683979 378 0
1636353684869 379 0
1636353685763 380 0
1636353688198 381 0
1636353689100 382 0
1636353689993 383 0
1636353690884 384 0
1636353691780 385 0
1636353692679 386 0
1636353693571 387 0
1636353694479 388 0
1636353695382 389 0
1636353696283 390 0
1636353698768 391 0
1636353699668 392 0
1636353700568 393 0
1636353701459 394 0
1636353702359 395 0
1636353703264 396 0
1636353704151 397 0
1636353705045 398 0
1636353705940 399 0
1636353706859 400 0
1636353709349 401 0
1636353710243 402 0
1636353711140 403 0
1636353712035 404 0
1636353712934 405 0
1636353713828 406 0
1636353714717 407 0
1636353715631 408 0
1636353716537 409 0
1636353717435 410 0
1636353719885 411 0
1636353720781 412 0
1636353721668 413 0
1636353722560 414 0
1636353723444 415 0
1636353724354 416 0
1636353725256 417 0
1636353726155 418 0
1636353727049 419 0
1636353727948 420 0
1636353730413 421 0
1636353731308 422 0
1636353732199 423 0
1636353733092 424 0
1636353733991 425 0
1636353734889 426 0
1636353735782 427 0
1636353736676 428 0
1636353737575 429 0
1636353738472 430 0
1636353740947 431 0
1636353741836 432 0
1636353742733 433 0
1636353743634 434 0
1636353744538 435 0
1636353745437 436 0
1636353746333 437 0
1636353747224 438 0
1636353748126 439 0
1636353749016 440 0
1636353751504 441 0
1636353752394 442 0
1636353753286 443 0
1636353754179 444 0
1636353755084 445 0
1636353755971 446 0
1636353756862 447 0
1636353757756 448 0
1636353758654 449 0
1636353759552 450 0
1636353762628 451 0
1636353763515 452 0
1636353764413 453 0
1636353765313 454 0
1636353766204 455 0
1636353767105 456 0
1636353767995 457 0
1636353768886 458 0
1636353769785 459 0
1636353770680 460 0
1636353773159 461 0
1636353774061 462 0
1636353774951 463 0
1636353775850 464 0
1636353776750 465 0
1636353777651 466 0
1636353778541 467 0
1636353779433 468 0
1636353780329 469 0
1636353781231 470 0
1636353783695 471 0
1636353784592 472 0
1636353785482 473 0
1636353786379 474 0
1636353787287 475 0
1636353788185 476 0
1636353789086 477 0
1636353789986 478 0
1636353790895 479 0
1636353791786 480 0
1636353794268 481 0
1636353795167 482 0
1636353796062 483 0
1636353796965 484 0
1636353797860 485 0
1636353798753 486 0
1636353799654 487 0
1636353800553 488 0
1636353801455 489 0
1636353802341 490 0
1636353804790 491 0
1636353805685 492 0
1636353806584 493 0
1636353807486 494 0
1636353808381 495 0
1636353809272 496 0
1636353810201 497 0
1636353811103 498 0
1636353811999 499 0
1636353812889 500 0
1636353815358 501 0
1636353816259 502 0
1636353817164 503 0
1636353818051 504 0
1636353818943 505 0
1636353819845 506 0
1636353820739 507 0
1636353821641 508 0
1636353822542 509 0
1636353823445 510 0
1636353825924 511 0
1636353826822 512 0
1636353827720 513 0
1636353828618 514 0
1636353829522 515 0
1636353830417 516 0
1636353831307 517 0
1636353832197 518 0
1636353833105 519 0
1636353834007 520 0
1636353836550 521 0
1636353837443 522 0
1636353838332 523 0
1636353839233 524 0
1636353840135 525 0
1636353841024 526 0
1636353841918 527 0
1636353842817 528 0
1636353843717 529 0
1636353844616 530 0
1636353847075 531 0
1636353847968 532 0
1636353848867 533 0
1636353849760 534 0
1636353850666 535 0
1636353851556 536 0
1636353852447 537 0
1636353853347 538 0
1636353854247 539 0
1636353855141 540 0
1636353857618 541 0
1636353858521 542 0
1636353859415 543 0
1636353860302 544 0
1636353861204 545 0
1636353862100 546 0
1636353862999 547 0
1636353863890 548 0
1636353864780 549 0
1636353865681 550 0
1636353868155 551 0
1636353869055 552 0
1636353869955 553 0
1636353870842 554 0
1636353871748 555 0
1636353872644 556 0
1636353873540 557 0
1636353874430 558 0
1636353875328 559 0
1636353876223 560 0
1636353878706 561 0
1636353879599 562 0
1636353880499 563 0
1636353881394 564 0
1636353882294 565 0
1636353883190 566 0
1636353884090 567 0
1636353884992 568 0
1636353885903 569 0
1636353886813 570 0
1636353889281 571 0
1636353890187 572 0
1636353891086 573 0
1636353892015 574 0
1636353892979 575 0
1636353893911 576 0
1636353894828 577 0
1636353895750 578 0
1636353896661 579 0
1636353897589 580 0
1636353900884 581 0
1636353901809 582 0
1636353902718 583 0
1636353903626 584 0
1636353904558 585 0
1636353905480 586 0
1636353906372 587 0
1636353907280 588 0
1636353908177 589 0
1636353909073 590 0
1636353911535 591 0
