1636353286037 5.198263764381409 0
1636353288306 2.5487208366394043 0
1636353289166 3.0103397369384766 0
1636353290037 1.6897922456264496 0
1636353290952 1.6551731526851654 0
1636353291843 1.8972567319869995 0
1636353292727 1.7455230355262756 0
1636353293621 1.9359137415885925 0
1636353294505 1.6539728045463562 0
1636353295383 1.728264033794403 0
1636353296277 2.0518099665641785 0
1636353298645 1.8003324270248413 0
1636353299543 1.506830558180809 0
1636353300513 2.0816487669944763 0
1636353301431 1.7192300707101822 0
1636353302333 1.7585106939077377 0
1636353303236 1.853608250617981 0
1636353304130 1.6899615824222565 0
1636353305040 1.5919875353574753 0
1636353305937 1.8445837497711182 0
1636353306848 1.640063315629959 0
1636353309243 2.047993391752243 0
1636353310135 1.6841970384120941 0
1636353311074 2.1008158326148987 0
1636353312004 1.9488030076026917 0
1636353312907 1.6537721753120422 0
1636353313824 1.6226619333028793 0
1636353314723 1.5431006103754044 0
1636353315613 1.5398344844579697 0
1636353316520 1.8801147043704987 0
1636353317407 1.773095577955246 0
1636353319812 1.6967259347438812 0
1636353320708 1.8194111734628677 0
1636353321585 1.6663250848650932 0
1636353322462 2.045378729701042 0
1636353323336 1.632360190153122 0
1636353324232 1.8791892230510712 0
1636353325111 1.6772102862596512 0
1636353325986 1.6912160068750381 0
1636353326870 2.074480950832367 0
1636353327747 1.6940652132034302 0
1636353330098 1.8648277521133423 0
1636353330978 1.7183121740818024 0
1636353331855 1.6889054775238037 0
1636353332735 1.9355269223451614 0
1636353333613 1.8372334837913513 0
1636353334495 1.7404127418994904 0
1636353335377 1.9488930776715279 0
1636353336253 1.5730172619223595 0
1636353337134 1.7138042747974396 0
1636353338019 1.7533024549484253 0
1636353340320 1.675040066242218 0
1636353341219 1.8492883145809174 0
1636353342092 1.9325669407844543 0
1636353342977 1.660876214504242 0
1636353343849 2.0815438479185104 0
1636353344734 1.9987279176712036 0
1636353345618 1.7878096848726273 0
1636353346503 1.7354463785886765 0
1636353347388 1.9861221015453339 0
1636353348275 1.922502487897873 0
1636353350662 1.9549617171287537 0
1636353351558 1.6587276011705399 0
1636353352451 1.857070505619049 0
1636353353335 1.7346398085355759 0
1636353354226 1.7401109039783478 0
1636353355117 2.0024445950984955 0
1636353356005 1.6014802902936935 0
1636353356886 1.818225271999836 0
1636353357781 2.0395714044570923 0
1636353358669 1.7115900069475174 0
1636353360991 2.1732736229896545 0
1636353361872 1.7556191086769104 0
1636353362765 1.7712218537926674 0
1636353363647 1.7654064297676086 0
1636353364524 1.9480839371681213 0
1636353365418 1.7514994144439697 0
1636353366314 1.8058630526065826 0
1636353367192 1.7908311635255814 0
1636353368079 1.8137500882148743 0
1636353368972 1.5827476233243942 0
1636353371296 1.6956181228160858 0
1636353372181 2.0301322638988495 0
1636353373066 1.652198240160942 0
1636353373945 1.9521213471889496 0
1636353374825 1.787410631775856 0
1636353375709 1.8288819193840027 0
1636353376599 1.7049569189548492 0
1636353377490 1.9187469780445099 0
1636353378377 1.8271988183259964 0
1636353379262 1.7827005684375763 0
1636353381718 1.5826442167162895 0
1636353382625 2.027902126312256 0
1636353383525 1.695984810590744 0
1636353384423 1.7353080958127975 0
1636353385312 1.8362779915332794 0
1636353386195 1.6050482094287872 0
1636353387083 1.5967788100242615 0
1636353387967 1.780157446861267 0
1636353388849 1.8595545887947083 0
1636353389740 2.0761152505874634 0
1636353392107 1.7141716480255127 0
1636353392998 1.7361139059066772 0
1636353393888 1.7840736657381058 0
1636353394783 1.790187120437622 0
1636353395665 1.686904177069664 0
1636353396610 1.8223786503076553 0
1636353397506 1.813402533531189 0
1636353398393 1.8881914019584656 0
1636353399290 1.5821040123701096 0
1636353400178 1.7709054350852966 0
1636353402582 1.9282535016536713 0
1636353403475 1.7302351593971252 0
1636353404360 1.81987726688385 0
1636353405244 1.637899175286293 0
1636353406135 1.859991878271103 0
1636353407027 1.7174412906169891 0
1636353407926 1.6396570801734924 0
1636353408809 2.1294476091861725 0
1636353409697 2.073481172323227 0
1636353410588 1.966900885105133 0
1636353413179 2.0809358656406403 0
1636353414065 2.073787599802017 0
1636353414954 1.782981276512146 0
1636353415880 1.7863794565200806 0
1636353416773 1.790007159113884 0
1636353417666 1.6693596541881561 0
1636353418566 2.0130139589309692 0
1636353419459 1.693488985300064 0
1636353420358 1.851502701640129 0
1636353421255 1.7324758470058441 0
1636353423676 1.871182456612587 0
1636353424600 1.6933557391166687 0
1636353425493 1.648402914404869 0
1636353426385 2.0002558827400208 0
1636353427283 1.8530771881341934 0
1636353428184 1.8964958190917969 0
1636353429086 1.7526229321956635 0
1636353429970 1.8159360587596893 0
1636353430863 1.8372333347797394 0
1636353431752 2.1215546131134033 0
1636353434182 1.8959760963916779 0
1636353435084 1.8762518763542175 0
1636353435983 1.7578089237213135 0
1636353436874 1.9037822932004929 0
1636353437768 1.69349804520607 0
1636353438674 1.826636642217636 0
1636353439569 1.7663826793432236 0
1636353440464 1.9565780460834503 0
1636353441352 1.8154561519622803 0
1636353442251 1.7053548246622086 0
1636353444663 1.9791042804718018 0
1636353445564 1.695077359676361 0
1636353446466 1.780560314655304 0
1636353447399 1.9024021327495575 0
1636353448306 1.9388984143733978 0
1636353449201 2.082128554582596 0
1636353450092 1.715652972459793 0
1636353450982 1.7193093597888947 0
1636353451875 1.7890622317790985 0
1636353452770 1.8061727285385132 0
1636353455407 1.7717700600624084 0
1636353456316 1.8245568871498108 0
1636353457209 2.0136064887046814 0
1636353458097 1.9190558195114136 0
1636353458990 1.9650464057922363 0
1636353459878 1.8017219305038452 0
1636353460771 1.8033864796161652 0
1636353461661 1.9181578159332275 0
1636353462564 1.9022733569145203 0
1636353463452 1.9948138296604156 0
1636353465907 1.8890916109085083 0
1636353466813 1.9996940791606903 0
1636353467704 1.7891260981559753 0
1636353468596 1.9382243156433105 0
1636353469492 1.7579792588949203 0
1636353470383 1.8820829689502716 0
1636353471277 1.6295864582061768 0
1636353472165 1.8510288000106812 0
1636353473056 1.7610364854335785 0
1636353473945 1.6318990886211395 0
1636353476359 1.7520023733377457 0
1636353477268 1.916536197066307 0
1636353478166 1.6991276741027832 0
1636353479063 1.758339285850525 0
1636353479956 1.852151334285736 0
1636353480854 1.6629898846149445 0
1636353481738 2.0601248145103455 0
1636353482637 2.031240999698639 0
1636353483550 1.6183083653450012 0
1636353484464 1.801007866859436 0
1636353487114 1.8027828931808472 0
1636353488021 1.7305273115634918 0
1636353488912 1.8075779378414154 0
1636353489824 1.7336570173501968 0
1636353490719 1.6639958322048187 0
1636353491620 1.9379028230905533 0
1636353492532 1.7656733095645905 0
1636353493428 1.712606519460678 0
1636353494346 1.8623160123825073 0
1636353495241 1.9582575261592865 0
1636353497719 2.151404470205307 0
1636353498623 1.8132844269275665 0
1636353499532 1.940234124660492 0
1636353500431 1.8482231795787811 0
1636353501326 1.7522050440311432 0
1636353502218 1.718894213438034 0
1636353503112 1.7139044404029846 0
1636353504008 2.073274612426758 0
1636353504908 1.7339274287223816 0
1636353505806 1.7049294114112854 0
1636353508266 1.8232327550649643 0
1636353509159 1.7357907146215439 0
1636353510052 1.826280415058136 0
1636353510945 1.9019367098808289 0
1636353511839 1.6313665062189102 0
1636353512733 1.9937600493431091 0
1636353513627 1.7322236895561218 0
1636353514521 1.6780249774456024 0
1636353515418 1.877980500459671 0
1636353516322 1.8335245549678802 0
1636353519039 1.6669313311576843 0
1636353519931 1.8448973894119263 0
1636353520824 1.6958182007074356 0
1636353521717 1.6775574386119843 0
1636353522613 1.8184432238340378 0
1636353523500 1.7221397161483765 0
1636353524391 1.8906859457492828 0
1636353525285 2.192526489496231 0
1636353526187 2.0880149006843567 0
1636353527093 1.8045891523361206 0
1636353529574 1.8228314071893692 0
1636353530465 1.86602084338665 0
1636353531358 1.9345504343509674 0
1636353532255 1.7450861483812332 0
1636353533164 1.819720834493637 0
1636353534062 1.8357483446598053 0
1636353534960 1.6570432782173157 0
1636353535852 1.8659529387950897 0
1636353536747 1.7675656899809837 0
1636353537644 1.6707901805639267 0
1636353540094 1.9553582072257996 0
1636353540993 1.7377498149871826 0
1636353541888 1.8960427641868591 0
1636353542783 2.083180248737335 0
1636353543673 2.0841246247291565 0
1636353544574 1.6832886338233948 0
1636353545472 1.7781020402908325 0
1636353546370 1.8233447223901749 0
1636353547290 1.8546457588672638 0
1636353548185 1.7856080681085587 0
1636353550637 1.9520360231399536 0
1636353551535 1.7286236882209778 0
1636353552427 1.6768358796834946 0
1636353553317 1.6987997740507126 0
1636353554207 1.917574405670166 0
1636353555100 1.9864744246006012 0
1636353555995 1.8540655374526978 0
1636353556891 1.7629888504743576 0
1636353557817 1.7723164856433868 0
1636353558714 1.8572417795658112 0
1636353561172 1.7343786358833313 0
1636353562066 1.8396865725517273 0
1636353562965 1.8070294559001923 0
1636353563862 1.8324796706438065 0
1636353564758 1.75594362616539 0
1636353565654 1.7564269006252289 0
1636353566548 1.578570395708084 0
1636353567453 1.8488043695688248 0
1636353568366 1.7760249823331833 0
1636353569259 1.7247038781642914 0
1636353571713 1.694469928741455 0
1636353572625 1.7533314377069473 0
1636353573521 1.750351369380951 0
1636353574420 1.7992642223834991 0
1636353575316 1.651201844215393 0
1636353576205 1.7545643150806427 0
1636353577099 1.6711702942848206 0
1636353577996 1.8159627318382263 0
1636353578888 1.6250896602869034 0
1636353579783 1.7696220874786377 0
1636353582586 1.5991843044757843 0
1636353583484 1.9883963018655777 0
1636353584373 1.6947516798973083 0
1636353585270 1.7808547019958496 0
1636353586170 1.8068542778491974 0
1636353587068 1.768701046705246 0
1636353587960 1.875132828950882 0
1636353588852 1.704177737236023 0
1636353589753 1.829951137304306 0
1636353590643 1.9687756597995758 0
1636353593068 1.8545811772346497 0
1636353593966 1.6751294434070587 0
1636353594861 1.7987572848796844 0
1636353595755 1.8610420525074005 0
1636353596656 1.8162558674812317 0
1636353597541 1.6702754124999046 0
1636353598441 1.9409050047397614 0
1636353599333 1.8937762379646301 0
1636353600230 1.9183326661586761 0
1636353601148 1.7235702350735664 0
1636353603594 1.7102429866790771 0
1636353604494 1.6753902286291122 0
1636353605388 1.7190053462982178 0
1636353606285 1.7304244637489319 0
1636353607183 1.913950264453888 0
1636353608076 1.7159766741096973 0
1636353608966 1.8732297122478485 0
1636353609857 1.6355120837688446 0
1636353610743 1.7266549319028854 0
1636353611638 1.7333474159240723 0
1636353614123 2.056722953915596 0
1636353615023 1.6577970683574677 0
1636353615919 1.6795110553503036 0
1636353616807 1.654150903224945 0
1636353617698 2.087896555662155 0
1636353618597 1.9983085989952087 0
1636353619500 1.963592529296875 0
1636353620395 1.8185357749462128 0
1636353621293 1.7279894351959229 0
1636353622192 1.7369118630886078 0
1636353624671 1.9340767860412598 0
1636353625576 1.856431171298027 0
1636353626476 1.8113209307193756 0
1636353627366 1.7605879604816437 0
1636353628260 1.7687407433986664 0
1636353629150 1.9516162276268005 0
1636353630036 1.783706396818161 0
1636353630931 1.6168228089809418 0
1636353631833 1.9320001304149628 0
1636353632730 1.591455340385437 0
1636353635195 1.709189236164093 0
1636353636090 1.815475732088089 0
1636353636985 1.7206822037696838 0
1636353637883 1.7126429677009583 0
1636353638784 1.9104441553354263 0
1636353639676 1.6667670607566833 0
1636353640571 1.6533706188201904 0
1636353641467 1.6621985360980034 0
1636353642362 1.7786343693733215 0
1636353643258 1.6619767248630524 0
1636353645701 2.170161932706833 0
1636353646603 1.8717176169157028 0
1636353647504 2.114147961139679 0
1636353648392 2.139580637216568 0
1636353649289 1.9829833805561066 0
1636353650185 2.090999126434326 0
1636353651081 1.7606257796287537 0
1636353651971 1.7933029234409332 0
1636353652874 1.6379714533686638 0
1636353653773 1.8184460401535034 0
1636353656222 1.6996713131666183 0
1636353657132 1.5620477795600891 0
1636353658029 1.657444417476654 0
1636353658924 1.8044636100530624 0
1636353659817 1.7867855429649353 0
1636353660706 1.7031398862600327 0
1636353661600 1.7561448812484741 0
1636353662501 1.5699376091361046 0
1636353663404 1.723820760846138 0
1636353664301 1.7514473050832748 0
1636353667199 1.7521093226969242 0
1636353668095 1.8662410825490952 0
1636353668994 1.7747604250907898 0
1636353669884 1.6217647343873978 0
1636353670780 1.8023009449243546 0
1636353671673 1.7657023668289185 0
1636353672573 1.9890229403972626 0
1636353673469 1.6023477613925934 0
1636353674365 1.9131747260689735 0
1636353675255 1.630700409412384 0
1636353677731 1.8172153607010841 0
1636353678636 1.9417692422866821 0
1636353679533 1.7496266290545464 0
1636353680431 1.7557826489210129 0
1636353681329 1.6533547639846802 0
1636353682221 2.187695562839508 0
1636353683111 1.7517489194869995 0
1636353683999 1.5803996212780476 0
1636353684893 1.5945767611265182 0
1636353685786 1.7881867587566376 0
1636353688223 1.7263070046901703 0
1636353689125 1.8146707266569138 0
1636353690013 1.7601133584976196 0
1636353690908 2.0255617946386337 0
1636353691806 1.5821737051010132 0
1636353692703 1.721005991101265 0
1636353693595 1.8525930047035217 0
1636353694505 1.751893237233162 0
1636353695406 1.7518199533224106 0
1636353696304 1.9459107592701912 0
1636353698793 1.7151719778776169 0
1636353699691 1.7368337363004684 0
1636353700589 1.6942764073610306 0
1636353701484 1.759750321507454 0
1636353702382 1.773615799844265 0
1636353703286 1.7322518825531006 0
1636353704171 1.8058066368103027 0
1636353705067 1.7442315965890884 0
1636353705965 1.767804890871048 0
1636353706882 1.643724113702774 0
1636353709374 1.8488768935203552 0
1636353710270 1.871430292725563 0
1636353711162 2.089947909116745 0
1636353712059 1.668578326702118 0
1636353712956 1.9389559924602509 0
1636353713850 1.731225922703743 0
1636353714742 1.7358940839767456 0
1636353715656 1.776248574256897 0
1636353716557 1.5865944996476173 0
1636353717460 1.660641998052597 0
1636353719908 1.5659909695386887 0
1636353720803 1.681344524025917 0
1636353721690 1.8152545094490051 0
1636353722580 1.9703880846500397 0
1636353723470 1.870881199836731 0
1636353724379 1.716677725315094 0
1636353725281 2.2119041979312897 0
1636353726175 1.7949845790863037 0
1636353727075 2.001267522573471 0
1636353727974 1.6191378980875015 0
1636353730434 1.6247573420405388 0
1636353731330 2.031689018011093 0
1636353732222 1.8022512793540955 0
1636353733117 1.6799256801605225 0
1636353734013 1.8008632957935333 0
1636353734911 1.9320427775382996 0
1636353735807 1.613745003938675 0
1636353736702 1.8135473877191544 0
1636353737597 1.5990367531776428 0
1636353738498 1.6692843735218048 0
1636353740970 1.9296709299087524 0
1636353741864 1.872941493988037 0
1636353742758 1.7617977559566498 0
1636353743659 1.8168277591466904 0
1636353744563 2.0089668333530426 0
1636353745462 1.7548361718654633 0
1636353746355 1.757464662194252 0
1636353747249 1.6958261132240295 0
1636353748146 1.603205382823944 0
1636353749036 1.694524958729744 0
1636353751525 1.723074495792389 0
1636353752416 1.914935976266861 0
1636353753309 1.9266749322414398 0
1636353754204 1.7827645987272263 0
1636353755106 1.6572628021240234 0
1636353755992 1.7393746376037598 0
1636353756884 1.7137781530618668 0
1636353757779 1.8377150148153305 0
1636353758676 1.884529933333397 0
1636353759577 1.7722437977790833 0
1636353762649 1.7336342334747314 0
1636353763540 2.0550894141197205 0
1636353764438 1.9404398798942566 0
1636353765333 1.7609637677669525 0
1636353766226 1.7196132838726044 0
1636353767129 1.6192193031311035 0
1636353768018 1.7972463071346283 0
1636353768910 1.9032152146100998 0
1636353769809 1.4137403443455696 0
1636353770706 1.7440082654356956 0
1636353773183 1.7249887883663177 0
1636353774083 1.8633772283792496 0
1636353774973 1.9151443541049957 0
1636353775877 1.7689549624919891 0
1636353776776 1.559381753206253 0
1636353777674 2.0125061124563217 0
1636353778562 1.853734366595745 0
1636353779458 1.735371708869934 0
1636353780354 1.7056547105312347 0
1636353781254 1.9568559378385544 0
1636353783719 2.1427341401576996 0
1636353784614 1.7547817304730415 0
1636353785506 1.6645645201206207 0
1636353786404 1.7637748569250107 0
1636353787313 1.8148705065250397 0
1636353788210 2.054523065686226 0
1636353789111 1.6723704636096954 0
1636353790011 1.8330783247947693 0
1636353790916 1.9184777736663818 0
1636353791812 1.9986132457852364 0
1636353794294 1.6823544725775719 0
1636353795192 1.9528444409370422 0
1636353796086 2.0063348561525345 0
1636353796987 1.7475157231092453 0
1636353797882 1.6381742805242538 0
1636353798775 1.7289029657840729 0
1636353799679 1.547469586133957 0
1636353800578 1.6981991231441498 0
1636353801475 1.6421919763088226 0
1636353802367 1.7080510184168816 0
1636353804814 1.6485929638147354 0
1636353805710 1.7055908367037773 0
1636353806609 1.8012480288743973 0
1636353807508 2.1180124282836914 0
1636353808402 1.9901484549045563 0
1636353809295 1.9977656155824661 0
1636353810233 1.596625566482544 0
1636353811126 1.7719554230570793 0
1636353812021 1.9076045006513596 0
1636353812914 1.7168451845645905 0
1636353815382 1.709584504365921 0
1636353816286 1.6056264489889145 0
1636353817183 2.0463068932294846 0
1636353818073 1.7019643262028694 0
1636353818968 1.8798661977052689 0
1636353819868 1.7776486948132515 0
1636353820765 1.767802581191063 0
1636353821665 1.930309273302555 0
1636353822564 1.6729195713996887 0
1636353823470 1.6475370824337006 0
1636353825947 1.6324661374092102 0
1636353826848 1.6460680849850178 0
1636353827745 1.9348808526992798 0
1636353828643 1.7730743438005447 0
1636353829546 1.8539144545793533 0
1636353830441 1.6064438223838806 0
1636353831329 2.143802747130394 0
1636353832222 1.8121714144945145 0
1636353833131 1.6743719577789307 0
1636353834039 1.6323772817850113 0
1636353836575 1.9625015556812286 0
1636353837463 1.7543326020240784 0
1636353838357 1.8731640949845314 0
1636353839258 1.685400202870369 0
1636353840157 1.9368057548999786 0
1636353841046 1.7888754680752754 0
1636353841943 1.7095531672239304 0
1636353842840 1.8698989897966385 0
1636353843742 1.7081754803657532 0
1636353844637 1.7618037462234497 0
1636353847097 1.6334131956100464 0
1636353847993 2.0082549154758453 0
1636353848889 1.9067378342151642 0
1636353849787 1.6500548720359802 0
1636353850687 1.7808560580015182 0
1636353851578 1.7247454226016998 0
1636353852473 1.9244538396596909 0
1636353853372 1.9736166298389435 0
1636353854271 1.6152424439787865 0
1636353855166 1.5026457160711288 0
1636353857643 1.5925531834363937 0
1636353858544 1.7761889100074768 0
1636353859435 1.82379812002182 0
1636353860327 1.660859651863575 0
1636353861226 1.8364728391170502 0
1636353862125 1.8225260525941849 0
1636353863020 1.9351853430271149 0
1636353863913 1.8067041486501694 0
1636353864804 1.7512521892786026 0
1636353865706 1.966460220515728 0
1636353868179 1.8099714815616608 0
1636353869079 1.5599910914897919 0
1636353869975 1.7032324224710464 0
1636353870867 1.6877689957618713 0
1636353871771 1.6431750655174255 0
1636353872668 1.7009809613227844 0
1636353873559 1.7318335175514221 0
1636353874450 1.8704596161842346 0
1636353875352 1.7585609257221222 0
1636353876249 1.804850310087204 0
1636353878728 1.816355437040329 0
1636353879623 1.6045324802398682 0
1636353880522 1.705104112625122 0
1636353881419 1.9817169532179832 0
1636353882317 1.773163616657257 0
1636353883215 1.6637112945318222 0
1636353884115 1.7432289570569992 0
1636353885018 1.7153623700141907 0
1636353885928 1.6030729934573174 0
1636353886833 1.6701949536800385 0
1636353889306 1.839209958910942 0
1636353890213 1.876758635044098 0
1636353891114 1.6657546535134315 0
1636353892040 1.7168990224599838 0
1636353893003 1.5936276763677597 0
1636353893934 1.6266036182641983 0
1636353894851 1.573428500443697 0
1636353895773 2.0215888023376465 0
1636353896687 1.5875105783343315 0
1636353897615 1.6552567929029465 0
1636353900909 1.6539672166109085 0
1636353901830 1.759607970714569 0
1636353902740 1.5962374731898308 0
1636353903647 1.9084256291389465 0
1636353904580 1.8004197776317596 0
1636353905502 1.5737840607762337 0
1636353906395 1.9460838958621025 0
1636353907306 1.728689283132553 0
1636353908201 1.8093977868556976 0
1636353909095 1.7364653274416924 0
1636353911560 1.9778122156858444 0
