1636353286027 17.69637680053711 0
1636353288294 12.566183090209961 0
1636353289151 12.51518440246582 0
1636353290022 10.045181274414062 0
1636353290938 12.009384155273438 0
1636353291831 7.947330951690674 0
1636353292711 8.700037002563477 0
1636353293605 10.0338134765625 0
1636353294493 8.290448188781738 0
1636353295364 7.132491588592529 0
1636353296258 5.310776710510254 0
1636353298628 8.684835433959961 0
1636353299517 7.788817882537842 0
1636353300495 7.041070938110352 0
1636353301416 7.845296859741211 0
1636353302315 8.245841979980469 0
1636353303221 8.059085845947266 0
1636353304112 8.460010528564453 0
1636353305022 6.830987930297852 0
1636353305921 5.698746681213379 0
1636353306832 5.790082931518555 0
1636353309224 7.3899335861206055 0
1636353310116 4.190493583679199 0
1636353311051 5.239297389984131 0
1636353311985 7.515455722808838 0
1636353312892 7.555970191955566 0
1636353313799 5.65139102935791 0
1636353314705 6.648601055145264 0
1636353315598 6.254470348358154 0
1636353316506 6.43954610824585 0
1636353317387 5.123537540435791 0
1636353319798 6.647309303283691 0
1636353320693 10.449529647827148 0
1636353321570 8.017600059509277 0
1636353322447 6.192856788635254 0
1636353323321 4.947653770446777 0
1636353324213 4.863631248474121 0
1636353325096 4.822235107421875 0
1636353325967 7.1640777587890625 0
1636353326852 8.460763931274414 0
1636353327732 4.754543304443359 0
1636353330084 5.780292510986328 0
1636353330963 9.129434585571289 0
1636353331836 5.081198692321777 0
1636353332717 8.77381420135498 0
1636353333598 6.919282913208008 0
1636353334479 6.364419937133789 0
1636353335360 6.4867048263549805 0
1636353336238 5.129596710205078 0
1636353337116 6.666199684143066 0
1636353338001 6.905171871185303 0
1636353340305 5.986996650695801 0
1636353341202 7.262082576751709 0
1636353342077 8.508827209472656 0
1636353342962 4.470137596130371 0
1636353343834 6.850438117980957 0
1636353344712 7.6387939453125 0
1636353345600 5.631004333496094 0
1636353346485 6.331515312194824 0
1636353347370 7.986722946166992 0
1636353348254 5.217020511627197 0
1636353350644 5.607773780822754 0
1636353351540 2.970018148422241 0
1636353352433 6.640043258666992 0
1636353353316 7.201193809509277 0
1636353354204 6.721353530883789 0
1636353355101 7.839977741241455 0
1636353355990 6.081281661987305 0
1636353356870 8.443608283996582 0
1636353357763 7.372902870178223 0
1636353358652 7.303920745849609 0
1636353360967 6.54220724105835 0
1636353361856 5.408249855041504 0
1636353362748 4.836911201477051 0
1636353363631 8.040729522705078 0
1636353364510 7.660416126251221 0
1636353365393 7.005258083343506 0
1636353366295 3.5933566093444824 0
1636353367177 6.938148021697998 0
1636353368063 8.171040534973145 0
1636353368957 6.529436111450195 0
1636353371278 4.163527488708496 0
1636353372166 6.545506954193115 0
1636353373051 3.524045467376709 0
1636353373930 5.077427864074707 0
1636353374807 6.788995742797852 0
1636353375693 5.877894401550293 0
1636353376580 5.046875953674316 0
1636353377475 5.207821846008301 0
1636353378360 6.8517680168151855 0
1636353379243 7.52047061920166 0
1636353381700 6.049753189086914 0
1636353382606 5.7073163986206055 0
1636353383507 5.245955467224121 0
1636353384405 6.67791748046875 0
1636353385293 6.526003360748291 0
1636353386180 6.225893020629883 0
1636353387065 3.3278751373291016 0
1636353387952 6.573836803436279 0
1636353388834 6.316442966461182 0
1636353389722 5.632235527038574 0
1636353392093 4.305317401885986 0
1636353392979 5.797900199890137 0
1636353393870 5.950761795043945 0
1636353394764 7.6973724365234375 0
1636353395650 3.4871277809143066 0
1636353396595 6.736494064331055 0
1636353397487 5.44497013092041 0
1636353398375 5.442797660827637 0
1636353399267 5.038758277893066 0
1636353400163 5.890013694763184 0
1636353402565 5.959441184997559 0
1636353403458 4.064553737640381 0
1636353404343 4.7515153884887695 0
1636353405229 7.712270736694336 0
1636353406117 6.504088401794434 0
1636353407009 4.459319114685059 0
1636353407907 5.146341323852539 0
1636353408794 6.154178619384766 0
1636353409683 6.062232494354248 0
1636353410569 8.99912166595459 0
1636353413164 5.161618232727051 0
1636353414050 5.729430675506592 0
1636353414936 4.987983703613281 0
1636353415862 5.6735453605651855 0
1636353416757 5.902387619018555 0
1636353417648 5.589738845825195 0
1636353418547 5.650160789489746 0
1636353419440 4.76904821395874 0
1636353420340 5.619718551635742 0
1636353421237 4.27665901184082 0
1636353423661 8.551534652709961 0
1636353424582 4.819818019866943 0
1636353425474 5.2722272872924805 0
1636353426367 6.6497907638549805 0
1636353427263 8.28470516204834 0
1636353428165 7.455044746398926 0
1636353429071 4.39277458190918 0
1636353429955 3.6219911575317383 0
1636353430846 6.075676441192627 0
1636353431736 5.755843162536621 0
1636353434168 6.264675140380859 0
1636353435059 5.391580104827881 0
1636353435968 4.330601692199707 0
1636353436856 5.792938709259033 0
1636353437750 3.1378087997436523 0
1636353438655 4.752719879150391 0
1636353439551 5.5133209228515625 0
1636353440446 4.793717384338379 0
1636353441337 5.881587982177734 0
1636353442233 7.471138954162598 0
1636353444648 5.019355773925781 0
1636353445545 3.5906105041503906 0
1636353446442 5.613504409790039 0
1636353447380 6.039412498474121 0
1636353448291 6.060810565948486 0
1636353449182 6.3015851974487305 0
1636353450076 4.722197532653809 0
1636353450964 3.2512359619140625 0
1636353451860 3.9675450325012207 0
1636353452753 3.710923194885254 0
1636353455392 5.476432800292969 0
1636353456299 4.43306303024292 0
1636353457193 4.861306190490723 0
1636353458082 5.283994197845459 0
1636353458972 5.492526054382324 0
1636353459863 5.954137802124023 0
1636353460752 4.631649494171143 0
1636353461646 4.641810417175293 0
1636353462538 5.304189682006836 0
1636353463434 7.532619953155518 0
1636353465891 7.622810363769531 0
1636353466790 6.219303607940674 0
1636353467688 3.4542298316955566 0
1636353468577 5.559708118438721 0
1636353469478 5.408465385437012 0
1636353470368 8.320533752441406 0
1636353471260 5.887826919555664 0
1636353472150 6.0631818771362305 0
1636353473040 3.2311086654663086 0
1636353473930 4.950199604034424 0
1636353476344 5.4922895431518555 0
1636353477252 5.284724235534668 0
1636353478151 4.792140007019043 0
1636353479046 2.9715213775634766 0
1636353479938 5.932144641876221 0
1636353480838 3.533207893371582 0
1636353481723 5.695150852203369 0
1636353482619 5.835514068603516 0
1636353483530 4.054281711578369 0
1636353484448 7.373972415924072 0
1636353487096 5.109376430511475 0
1636353488004 3.6898257732391357 0
1636353488893 5.078539848327637 0
1636353489805 7.101922988891602 0
1636353490704 4.438973426818848 0
1636353491595 5.537987232208252 0
1636353492514 3.731260299682617 0
1636353493413 3.562094211578369 0
1636353494322 8.783284187316895 0
1636353495226 5.882993221282959 0
1636353497701 5.627758026123047 0
1636353498599 4.558744430541992 0
1636353499513 7.616057872772217 0
1636353500413 5.554652214050293 0
1636353501307 4.9604291915893555 0
1636353502203 4.754976272583008 0
1636353503094 6.172722339630127 0
1636353503989 5.0802154541015625 0
1636353504890 4.752457618713379 0
1636353505787 4.555195331573486 0
1636353508248 4.08632755279541 0
1636353509140 6.183499336242676 0
1636353510037 6.604113578796387 0
1636353510926 5.670967102050781 0
1636353511824 4.45149040222168 0
1636353512714 7.4772844314575195 0
1636353513612 4.704431533813477 0
1636353514503 4.671393394470215 0
1636353515403 5.185466766357422 0
1636353516306 4.450326442718506 0
1636353519021 2.6404495239257812 0
1636353519916 6.740011215209961 0
1636353520805 4.827927589416504 0
1636353521698 4.22786808013916 0
1636353522599 4.3956804275512695 0
1636353523484 6.06272029876709 0
1636353524375 6.478936195373535 0
1636353525268 6.917042255401611 0
1636353526168 6.347720623016357 0
1636353527078 4.152548789978027 0
1636353529557 4.970293998718262 0
1636353530448 4.337807655334473 0
1636353531340 4.517742156982422 0
1636353532236 5.476494789123535 0
1636353533142 4.975708484649658 0
1636353534044 3.824645519256592 0
1636353534941 4.720191955566406 0
1636353535837 4.928338050842285 0
1636353536733 4.957371711730957 0
1636353537626 5.3257293701171875 0
1636353540078 4.807445526123047 0
1636353540974 5.828686714172363 0
1636353541871 5.167743682861328 0
1636353542759 5.835867881774902 0
1636353543654 5.5907745361328125 0
1636353544556 3.3241333961486816 0
1636353545454 3.801973819732666 0
1636353546352 4.130614280700684 0
1636353547271 7.819397926330566 0
1636353548169 4.518643379211426 0
1636353550619 8.354440689086914 0
1636353551520 4.0291852951049805 0
1636353552411 4.692727088928223 0
1636353553302 5.036139488220215 0
1636353554193 7.770022392272949 0
1636353555082 7.755216598510742 0
1636353555977 6.387880325317383 0
1636353556872 5.508730888366699 0
1636353557797 5.263154029846191 0
1636353558697 5.031477928161621 0
1636353561156 3.492429256439209 0
1636353562047 4.768324375152588 0
1636353562946 4.725568771362305 0
1636353563844 5.6522746086120605 0
1636353564742 4.924832344055176 0
1636353565639 3.8714113235473633 0
1636353566530 3.928309202194214 0
1636353567430 8.061616897583008 0
1636353568350 5.102067947387695 0
1636353569245 6.458677291870117 0
1636353571698 2.764693260192871 0
1636353572606 3.8899478912353516 0
1636353573503 3.6569924354553223 0
1636353574402 4.761575222015381 0
1636353575300 4.01908016204834 0
1636353576190 3.490480899810791 0
1636353577083 4.999794006347656 0
1636353577977 4.830040454864502 0
1636353578873 3.5725529193878174 0
1636353579764 5.2868828773498535 0
1636353582568 3.2063632011413574 0
1636353583468 5.715785026550293 0
1636353584354 3.928144693374634 0
1636353585251 4.722848415374756 0
1636353586155 4.455080509185791 0
1636353587052 3.6661806106567383 0
1636353587944 4.3527421951293945 0
1636353588834 5.693086624145508 0
1636353589738 7.018759727478027 0
1636353590625 4.913627624511719 0
1636353593051 6.055665493011475 0
1636353593947 2.9024441242218018 0
1636353594843 5.553186416625977 0
1636353595738 5.2358198165893555 0
1636353596638 7.392536163330078 0
1636353597527 5.251762390136719 0
1636353598423 5.338814735412598 0
1636353599318 5.3429765701293945 0
1636353600212 4.956674575805664 0
1636353601133 5.242316246032715 0
1636353603578 3.5673656463623047 0
1636353604479 4.030208587646484 0
1636353605369 5.248028755187988 0
1636353606265 3.3024191856384277 0
1636353607164 7.673341751098633 0
1636353608061 4.147320747375488 0
1636353608951 6.356035232543945 0
1636353609839 4.279982566833496 0
1636353610728 6.926773548126221 0
1636353611619 6.627745628356934 0
1636353614105 5.016933441162109 0
1636353615007 3.4433908462524414 0
1636353615903 5.090879440307617 0
1636353616792 3.3992342948913574 0
1636353617684 4.569212913513184 0
1636353618579 5.031068801879883 0
1636353619481 4.96474552154541 0
1636353620377 6.204651832580566 0
1636353621278 7.500072479248047 0
1636353622170 5.700864315032959 0
1636353624657 6.895856857299805 0
1636353625550 6.229497909545898 0
1636353626456 6.559515953063965 0
1636353627351 5.104990482330322 0
1636353628245 7.569644927978516 0
1636353629134 7.377262115478516 0
1636353630021 6.966045379638672 0
1636353630915 6.159013271331787 0
1636353631815 4.678712844848633 0
1636353632712 5.982054710388184 0
1636353635173 4.180514335632324 0
1636353636074 5.204575061798096 0
1636353636967 3.7515125274658203 0
1636353637865 4.353189468383789 0
1636353638765 4.504136085510254 0
1636353639658 5.4162421226501465 0
1636353640553 4.2206645011901855 0
1636353641452 4.527990341186523 0
1636353642343 4.866168975830078 0
1636353643240 2.995124340057373 0
1636353645683 5.8666181564331055 0
1636353646585 4.423720359802246 0
1636353647489 5.588906764984131 0
1636353648377 5.722266674041748 0
1636353649270 5.757667541503906 0
1636353650170 5.016875267028809 0
1636353651066 5.143768787384033 0
1636353651956 3.445704936981201 0
1636353652857 4.045647144317627 0
1636353653757 3.9813294410705566 0
1636353656207 5.224474906921387 0
1636353657109 4.015697479248047 0
1636353658010 4.960393905639648 0
1636353658907 7.882681846618652 0
1636353659801 5.353984832763672 0
1636353660691 5.230921745300293 0
1636353661581 4.229831695556641 0
1636353662482 3.7296340465545654 0
1636353663390 5.532820701599121 0
1636353664281 6.031012535095215 0
1636353667184 4.758424758911133 0
1636353668076 5.368212699890137 0
1636353668975 6.429732799530029 0
1636353669869 4.103371620178223 0
1636353670761 5.99424934387207 0
1636353671655 5.120330810546875 0
1636353672555 5.772464275360107 0
1636353673450 3.3791255950927734 0
1636353674350 5.150412559509277 0
1636353675240 5.431489944458008 0
1636353677710 6.010275840759277 0
1636353678618 7.746412754058838 0
1636353679514 5.073500633239746 0
1636353680412 4.818371295928955 0
1636353681311 2.9630179405212402 0
1636353682206 5.011562824249268 0
1636353683095 4.183833122253418 0
1636353683984 2.993130683898926 0
1636353684876 3.6342945098876953 0
1636353685769 3.6117429733276367 0
1636353688205 3.585477352142334 0
1636353689107 8.904032707214355 0
1636353689999 5.573905944824219 0
1636353690891 4.720944404602051 0
1636353691789 3.57817006111145 0
1636353692688 5.6467108726501465 0
1636353693577 4.7744035720825195 0
1636353694486 7.993400573730469 0
1636353695388 5.565540313720703 0
1636353696289 4.878907203674316 0
1636353698775 4.7256293296813965 0
1636353699675 4.767791271209717 0
1636353700574 4.273474216461182 0
1636353701465 6.58416223526001 0
1636353702366 4.792276382446289 0
1636353703269 5.461713790893555 0
1636353704157 5.290676116943359 0
1636353705052 4.375739097595215 0
1636353705947 5.816744804382324 0
1636353706867 2.736970901489258 0
1636353709356 4.772516250610352 0
1636353710252 4.834020614624023 0
1636353711147 4.078239917755127 0
1636353712042 3.792445182800293 0
1636353712941 3.0120792388916016 0
1636353713835 4.440953254699707 0
1636353714724 4.354941368103027 0
1636353715638 4.005316734313965 0
1636353716542 5.593497276306152 0
1636353717442 4.935122489929199 0
1636353719891 3.004672050476074 0
1636353720788 3.375779151916504 0
1636353721675 3.0796728134155273 0
1636353722565 4.034102439880371 0
1636353723452 8.05002212524414 0
1636353724361 5.856673240661621 0
1636353725263 6.281899452209473 0
1636353726160 5.306175231933594 0
1636353727056 5.649169445037842 0
1636353727955 3.6241953372955322 0
1636353730419 4.1774373054504395 0
1636353731314 4.382413864135742 0
1636353732207 4.76212739944458 0
1636353733099 3.3782501220703125 0
1636353733997 5.747525215148926 0
1636353734896 4.998048782348633 0
1636353735788 4.707112789154053 0
1636353736683 4.315634727478027 0
1636353737582 4.1638617515563965 0
1636353738479 2.6685850620269775 0
1636353740954 5.7346296310424805 0
1636353741845 6.897515296936035 0
1636353742739 4.224549293518066 0
1636353743641 5.110681533813477 0
1636353744545 5.612103462219238 0
1636353745443 6.2561116218566895 0
1636353746339 5.5551629066467285 0
1636353747230 3.071685552597046 0
1636353748131 3.6324172019958496 0
1636353749021 4.43713903427124 0
1636353751511 3.0674824714660645 0
1636353752401 9.212843894958496 0
1636353753294 5.635465621948242 0
1636353754186 5.393657684326172 0
1636353755091 4.155705451965332 0
1636353755977 4.711268424987793 0
1636353756869 5.186729431152344 0
1636353757762 5.1035308837890625 0
1636353758661 8.265341758728027 0
1636353759559 7.919720649719238 0
1636353762634 4.772759437561035 0
1636353763521 5.553813934326172 0
1636353764420 4.847304344177246 0
1636353765318 4.7657060623168945 0
1636353766211 4.118390083312988 0
1636353767114 3.24001407623291 0
1636353768003 3.362697124481201 0
1636353768892 4.70316219329834 0
1636353769793 2.861341714859009 0
1636353770687 4.445122718811035 0
1636353773165 5.577569961547852 0
1636353774068 4.9990129470825195 0
1636353774957 7.725231647491455 0
1636353775857 4.816170692443848 0
1636353776757 4.29296875 0
1636353777659 5.534529209136963 0
1636353778547 5.239326477050781 0
1636353779439 4.969231128692627 0
1636353780335 6.360211372375488 0
1636353781238 6.773895263671875 0
1636353783701 5.26927375793457 0
1636353784598 4.843844413757324 0
1636353785489 5.273551940917969 0
1636353786386 4.9026031494140625 0
1636353787295 6.209866523742676 0
1636353788191 5.328439235687256 0
1636353789093 6.235319137573242 0
1636353789993 5.7218804359436035 0
1636353790901 4.613889217376709 0
1636353791793 4.667958736419678 0
1636353794275 4.558311462402344 0
1636353795174 4.3155317306518555 0
1636353796070 5.673224925994873 0
1636353796971 4.884237766265869 0
1636353797866 3.0746285915374756 0
1636353798759 4.690580368041992 0
1636353799661 2.6492342948913574 0
1636353800559 5.526553153991699 0
1636353801460 3.4810144901275635 0
1636353802348 5.782174110412598 0
1636353804797 5.158112525939941 0
1636353805691 4.709035873413086 0
1636353806590 4.211027145385742 0
1636353807492 5.937827110290527 0
1636353808386 5.5954484939575195 0
1636353809280 4.9213666915893555 0
1636353810210 4.7855377197265625 0
1636353811110 4.93311882019043 0
1636353812005 4.509472846984863 0
1636353812896 4.915149688720703 0
1636353815364 4.907162666320801 0
1636353816266 4.602785110473633 0
1636353817169 5.5310773849487305 0
1636353818057 4.933289527893066 0
1636353818949 4.776505470275879 0
1636353819851 4.400425434112549 0
1636353820746 5.312909126281738 0
1636353821648 5.394342422485352 0
1636353822548 3.2159852981567383 0
1636353823452 4.242362022399902 0
1636353825930 3.645545244216919 0
1636353826829 4.77538537979126 0
1636353827727 4.2456464767456055 0
1636353828625 3.7194623947143555 0
1636353829527 4.913912773132324 0
1636353830425 2.3974761962890625 0
1636353831312 5.6760993003845215 0
1636353832204 6.250870227813721 0
1636353833112 3.85056209564209 0
1636353834014 4.305562973022461 0
1636353836557 6.310284614562988 0
1636353837448 5.763401031494141 0
1636353838338 4.969746112823486 0
1636353839239 5.134621620178223 0
1636353840142 5.209776878356934 0
1636353841031 4.58054256439209 0
1636353841924 5.188361167907715 0
1636353842824 4.877191543579102 0
1636353843724 2.9786911010742188 0
1636353844622 8.106130599975586 0
1636353847082 4.501822471618652 0
1636353847974 4.911220550537109 0
1636353848873 6.47144889831543 0
1636353849767 4.6586012840271 0
1636353850672 4.743691444396973 0
1636353851562 2.7761709690093994 0
1636353852454 5.1360883712768555 0
1636353853354 4.78590202331543 0
1636353854256 3.3992221355438232 0
1636353855148 2.656797409057617 0
1636353857625 4.875582695007324 0
1636353858528 6.772300720214844 0
1636353859421 2.3976011276245117 0
1636353860309 4.2170329093933105 0
1636353861210 5.058403015136719 0
1636353862107 6.798497676849365 0
1636353863005 4.185381889343262 0
1636353863896 4.210902690887451 0
1636353864787 6.459504127502441 0
1636353865687 5.067840099334717 0
1636353868161 4.612255096435547 0
1636353869061 3.736396312713623 0
1636353869960 7.080501556396484 0
1636353870850 5.343647003173828 0
1636353871755 2.545668125152588 0
1636353872651 4.905426979064941 0
1636353873545 5.01861572265625 0
1636353874435 4.9654951095581055 0
1636353875335 5.652350902557373 0
1636353876230 4.904593467712402 0
1636353878713 6.514269828796387 0
1636353879605 2.4726152420043945 0
1636353880505 4.295785427093506 0
1636353881401 5.7343645095825195 0
1636353882300 4.479143142700195 0
1636353883197 4.174294471740723 0
1636353884096 5.333722114562988 0
1636353884999 4.047646999359131 0
1636353885910 4.090487957000732 0
1636353886819 4.810937881469727 0
1636353889289 6.630019187927246 0
1636353890194 5.687725067138672 0
1636353891093 3.6618900299072266 0
1636353892022 4.846535682678223 0
1636353892985 4.3758955001831055 0
1636353893918 2.544325590133667 0
1636353894835 4.32822322845459 0
1636353895755 5.67243766784668 0
1636353896668 5.001959800720215 0
1636353897596 4.192652702331543 0
1636353900891 2.770750045776367 0
1636353901815 3.8507938385009766 0
1636353902725 4.117481231689453 0
1636353903631 4.870537757873535 0
1636353904565 6.466436862945557 0
1636353905486 4.006532192230225 0
1636353906379 4.784478187561035 0
1636353907286 3.561725616455078 0
1636353908186 4.605148792266846 0
1636353909080 4.403127670288086 0
1636353911542 4.53535270690918 0
