1636353286037 4.727572441101074 0
1636353288304 3.2288565635681152 0
1636353289164 5.091687202453613 0
1636353290035 4.30178165435791 0
1636353290950 6.331844806671143 0
1636353291841 3.317692279815674 0
1636353292724 4.218384742736816 0
1636353293618 5.5471038818359375 0
1636353294503 3.335897445678711 0
1636353295380 3.259467601776123 0
1636353296273 2.199246644973755 0
1636353298643 3.8789567947387695 0
1636353299539 4.524016857147217 0
1636353300510 3.651456356048584 0
1636353301429 4.58104133605957 0
1636353302330 4.739820957183838 0
1636353303233 3.119779109954834 0
1636353304127 3.685185432434082 0
1636353305037 2.396228790283203 0
1636353305934 2.9401588439941406 0
1636353306846 1.921081304550171 0
1636353309240 3.4497785568237305 0
1636353310132 1.466604471206665 0
1636353311070 2.4331769943237305 0
1636353312000 2.9377713203430176 0
1636353312905 3.7635464668273926 0
1636353313820 2.023550510406494 0
1636353314720 2.4967827796936035 0
1636353315611 2.1982436180114746 0
1636353316518 2.8616297245025635 0
1636353317404 2.221498966217041 0
1636353319810 3.316415309906006 0
1636353320705 7.024263381958008 0
1636353321583 3.627295970916748 0
1636353322460 3.254784107208252 0
1636353323334 2.3988332748413086 0
1636353324229 2.14992618560791 0
1636353325109 2.1851212978363037 0
1636353325983 4.099894046783447 0
1636353326867 4.143339157104492 0
1636353327745 1.1462206840515137 0
1636353330096 2.519010066986084 0
1636353330975 5.489068031311035 0
1636353331852 2.232913017272949 0
1636353332732 4.878750801086426 0
1636353333611 2.3322913646698 0
1636353334491 3.2837772369384766 0
1636353335375 2.076078176498413 0
1636353336251 2.7214038372039795 0
1636353337131 3.5603528022766113 0
1636353338016 3.781425952911377 0
1636353340318 2.2472753524780273 0
1636353341217 2.7458715438842773 0
1636353342090 5.012988567352295 0
1636353342975 1.598902702331543 0
1636353343846 2.3729679584503174 0
1636353344731 3.7130942344665527 0
1636353345615 2.573758602142334 0
1636353346500 3.4450535774230957 0
1636353347385 4.086186408996582 0
1636353348271 2.388883590698242 0
1636353350659 2.1260361671447754 0
1636353351555 0.9190313816070557 0
1636353352448 4.000475883483887 0
1636353353332 2.8534531593322754 0
1636353354223 3.1650326251983643 0
1636353355114 4.009255409240723 0
1636353356003 3.1118640899658203 0
1636353356884 4.870246887207031 0
1636353357778 3.391148567199707 0
1636353358666 3.207993745803833 0
1636353360987 3.5399231910705566 0
1636353361869 2.736729145050049 0
1636353362763 2.250491142272949 0
1636353363645 4.43796443939209 0
1636353364522 3.8828558921813965 0
1636353365414 2.5180892944335938 0
1636353366311 1.8612784147262573 0
1636353367190 4.121921539306641 0
1636353368076 5.043788909912109 0
1636353368970 3.305004835128784 0
1636353371293 1.5635254383087158 0
1636353372178 3.7167763710021973 0
1636353373063 1.5828166007995605 0
1636353373943 2.5888350009918213 0
1636353374822 4.477110385894775 0
1636353375706 2.8927130699157715 0
1636353376596 2.729761838912964 0
1636353377488 2.22540283203125 0
1636353378374 3.5525665283203125 0
1636353379260 4.685134410858154 0
1636353381715 3.0882983207702637 0
1636353382622 2.905276298522949 0
1636353383523 2.484346866607666 0
1636353384420 3.5051467418670654 0
1636353385310 2.6901326179504395 0
1636353386192 3.513916015625 0
1636353387080 1.431613564491272 0
1636353387964 3.805750608444214 0
1636353388847 2.658705711364746 0
1636353389737 3.3413383960723877 0
1636353392105 2.1128532886505127 0
1636353392995 2.2919485569000244 0
1636353393884 3.045032501220703 0
1636353394780 4.873356342315674 0
1636353395663 1.6063733100891113 0
1636353396608 4.021562576293945 0
1636353397503 3.0058932304382324 0
1636353398390 2.924936056137085 0
1636353399286 3.354952335357666 0
1636353400176 2.107400417327881 0
1636353402579 2.344240188598633 0
1636353403472 1.9200903177261353 0
1636353404357 1.8793222904205322 0
1636353405241 3.974855422973633 0
1636353406132 4.300225257873535 0
1636353407024 2.3999080657958984 0
1636353407923 3.237757444381714 0
1636353408806 3.345120429992676 0
1636353409695 3.480149745941162 0
1636353410584 5.83347225189209 0
1636353413177 3.066725730895996 0
1636353414063 3.2826285362243652 0
1636353414951 2.109484910964966 0
1636353415876 2.0193281173706055 0
1636353416771 3.812361001968384 0
1636353417663 2.971043586730957 0
1636353418563 3.666426658630371 0
1636353419456 2.1608972549438477 0
1636353420355 3.8707456588745117 0
1636353421253 2.4055662155151367 0
1636353423673 5.7158403396606445 0
1636353424597 2.16599178314209 0
1636353425490 2.8542327880859375 0
1636353426382 3.516244649887085 0
1636353427280 5.438894748687744 0
1636353428181 4.528205394744873 0
1636353429083 2.7485671043395996 0
1636353429967 1.758507251739502 0
1636353430860 2.009915828704834 0
1636353431749 2.9348106384277344 0
1636353434180 3.499636173248291 0
1636353435080 2.899163007736206 0
1636353435981 2.392382860183716 0
1636353436871 2.263396739959717 0
1636353437766 1.4443260431289673 0
1636353438671 2.561391592025757 0
1636353439566 2.82664155960083 0
1636353440461 2.9342472553253174 0
1636353441349 3.4249348640441895 0
1636353442248 5.024751663208008 0
1636353444661 2.5527191162109375 0
1636353445561 1.3671417236328125 0
1636353446462 3.360908269882202 0
1636353447396 4.026722431182861 0
1636353448304 3.973606824874878 0
1636353449198 3.965939521789551 0
1636353450089 2.7073817253112793 0
1636353450980 1.5536854267120361 0
1636353451872 2.203936815261841 0
1636353452768 1.4208171367645264 0
1636353455404 2.8482718467712402 0
1636353456313 2.0905239582061768 0
1636353457206 2.103511333465576 0
1636353458094 2.635895013809204 0
1636353458987 3.2845427989959717 0
1636353459876 3.196136951446533 0
1636353460767 2.746596336364746 0
1636353461659 2.6318538188934326 0
1636353462559 2.848320960998535 0
1636353463449 4.509557723999023 0
1636353465904 4.860795974731445 0
1636353466811 3.5283098220825195 0
1636353467701 1.783248782157898 0
1636353468592 3.401529550552368 0
1636353469490 2.574207305908203 0
1636353470381 5.203408718109131 0
1636353471275 3.4290237426757812 0
1636353472163 3.132845878601074 0
1636353473053 1.816109538078308 0
1636353473943 2.8815269470214844 0
1636353476356 2.226310968399048 0
1636353477266 3.1415655612945557 0
1636353478163 2.3459889888763428 0
1636353479062 1.5344856977462769 0
1636353479953 3.3249692916870117 0
1636353480851 1.650712251663208 0
1636353481736 3.074138641357422 0
1636353482635 2.8495967388153076 0
1636353483547 2.3825204372406006 0
1636353484461 4.6248955726623535 0
1636353487111 2.8074848651885986 0
1636353488019 1.5100038051605225 0
1636353488909 2.0154783725738525 0
1636353489821 4.953412055969238 0
1636353490716 2.6345953941345215 0
1636353491616 2.2755658626556396 0
1636353492529 1.8794991970062256 0
1636353493426 1.420326828956604 0
1636353494343 6.229138374328613 0
1636353495239 3.6778712272644043 0
1636353497716 3.2763547897338867 0
1636353498619 2.0487427711486816 0
1636353499529 4.199486255645752 0
1636353500428 3.1326520442962646 0
1636353501322 2.9132323265075684 0
1636353502216 2.7828502655029297 0
1636353503109 3.237635850906372 0
1636353504005 2.724053382873535 0
1636353504905 2.122586727142334 0
1636353505803 2.588789939880371 0
1636353508263 2.4439287185668945 0
1636353509156 3.8481569290161133 0
1636353510050 3.8712549209594727 0
1636353510941 3.5277998447418213 0
1636353511836 2.413700580596924 0
1636353512730 4.971700668334961 0
1636353513625 2.805384635925293 0
1636353514518 2.4114389419555664 0
1636353515415 3.3740363121032715 0
1636353516319 2.424057960510254 0
1636353519036 1.2511266469955444 0
1636353519929 4.003434658050537 0
1636353520821 2.423356056213379 0
1636353521714 2.1163992881774902 0
1636353522611 2.1156165599823 0
1636353523497 3.94441556930542 0
1636353524388 4.137911319732666 0
1636353525282 4.102206707000732 0
1636353526184 4.021831512451172 0
1636353527090 2.148716926574707 0
1636353529571 3.277529239654541 0
1636353530462 2.182433843612671 0
1636353531355 2.7834370136260986 0
1636353532252 2.638826370239258 0
1636353533159 2.7985286712646484 0
1636353534059 2.5705008506774902 0
1636353534957 2.742866277694702 0
1636353535849 2.0111021995544434 0
1636353536745 2.086158275604248 0
1636353537641 3.409571409225464 0
1636353540091 2.4115684032440186 0
1636353540990 2.856067180633545 0
1636353541885 2.8122355937957764 0
1636353542780 3.520331859588623 0
1636353543670 3.4658896923065186 0
1636353544571 1.671596884727478 0
1636353545469 1.8953702449798584 0
1636353546367 2.2461671829223633 0
1636353547287 5.900450706481934 0
1636353548182 2.187006950378418 0
1636353550634 5.929147720336914 0
1636353551532 2.2878665924072266 0
1636353552424 2.4928226470947266 0
1636353553314 3.2236764430999756 0
1636353554205 5.305084228515625 0
1636353555097 4.980497360229492 0
1636353555992 3.8930444717407227 0
1636353556888 2.876678705215454 0
1636353557814 3.2138073444366455 0
1636353558711 3.2085120677948 0
1636353561170 1.5204010009765625 0
1636353562063 2.798964023590088 0
1636353562962 2.6494555473327637 0
1636353563859 2.677236795425415 0
1636353564755 2.6215779781341553 0
1636353565652 2.0040032863616943 0
1636353566545 2.0645508766174316 0
1636353567449 5.294168472290039 0
1636353568363 3.134620189666748 0
1636353569257 3.437986373901367 0
1636353571711 1.52003812789917 0
1636353572622 2.4096856117248535 0
1636353573518 2.1852242946624756 0
1636353574417 2.2928519248962402 0
1636353575313 2.3418149948120117 0
1636353576202 1.3924083709716797 0
1636353577097 2.9992148876190186 0
1636353577993 2.9490203857421875 0
1636353578885 1.8665375709533691 0
1636353579781 2.157134532928467 0
1636353582583 1.6113227605819702 0
1636353583481 3.278212070465088 0
1636353584370 2.6242458820343018 0
1636353585267 2.757777214050293 0
1636353586168 2.5980544090270996 0
1636353587065 2.2629008293151855 0
1636353587957 2.5876057147979736 0
1636353588849 3.982361316680908 0
1636353589750 4.623109817504883 0
1636353590640 1.986327052116394 0
1636353593065 4.007757186889648 0
1636353593963 1.6381535530090332 0
1636353594858 3.1040148735046387 0
1636353595752 2.6941230297088623 0
1636353596653 4.444149971008301 0
1636353597539 3.1039154529571533 0
1636353598439 2.9439477920532227 0
1636353599331 3.2937490940093994 0
1636353600226 2.85517954826355 0
1636353601145 2.5201690196990967 0
1636353603591 1.7093091011047363 0
1636353604491 2.2102742195129395 0
1636353605385 3.121381998062134 0
1636353606282 1.5949314832687378 0
1636353607179 5.311221122741699 0
1636353608073 2.28265118598938 0
1636353608964 4.476062774658203 0
1636353609854 2.421138286590576 0
1636353610741 4.669866561889648 0
1636353611635 4.561639785766602 0
1636353614120 2.895272731781006 0
1636353615021 1.7054617404937744 0
1636353615916 2.5547080039978027 0
1636353616805 1.480357050895691 0
1636353617696 2.7597875595092773 0
1636353618594 2.0960190296173096 0
1636353619497 2.515117645263672 0
1636353620392 4.353479862213135 0
1636353621291 4.770436763763428 0
1636353622189 3.2266082763671875 0
1636353624669 4.4980363845825195 0
1636353625571 3.9999172687530518 0
1636353626474 4.0869035720825195 0
1636353627363 3.4371793270111084 0
1636353628258 5.360930442810059 0
1636353629147 4.892891883850098 0
1636353630033 4.8663330078125 0
1636353630928 3.758993148803711 0
1636353631830 3.1118738651275635 0
1636353632727 2.5509767532348633 0
1636353635193 2.2024593353271484 0
1636353636088 1.8695343732833862 0
1636353636982 1.9499359130859375 0
1636353637880 1.7334086894989014 0
1636353638781 2.3787221908569336 0
1636353639673 3.5767641067504883 0
1636353640568 2.3998963832855225 0
1636353641464 2.260488510131836 0
1636353642359 3.335810899734497 0
1636353643255 1.1938966512680054 0
1636353645698 3.5068511962890625 0
1636353646600 2.3124983310699463 0
1636353647501 3.2024405002593994 0
1636353648389 3.311413288116455 0
1636353649286 3.4423623085021973 0
1636353650183 2.985656261444092 0
1636353651078 3.001124858856201 0
1636353651968 1.4064819812774658 0
1636353652872 2.1704626083374023 0
1636353653771 2.08313250541687 0
1636353656219 3.1526362895965576 0
1636353657129 1.9517022371292114 0
1636353658026 1.525895357131958 0
1636353658921 5.082998752593994 0
1636353659815 2.5264816284179688 0
1636353660704 2.4069366455078125 0
1636353661597 1.938193440437317 0
1636353662498 1.529937982559204 0
1636353663402 2.881159543991089 0
1636353664298 3.3200440406799316 0
1636353667196 2.127986431121826 0
1636353668091 2.9020869731903076 0
1636353668991 3.7831664085388184 0
1636353669881 1.86379075050354 0
1636353670776 3.376345634460449 0
1636353671670 2.9912045001983643 0
1636353672570 3.2844667434692383 0
1636353673466 1.238779902458191 0
1636353674362 2.6509346961975098 0
1636353675253 3.264171838760376 0
1636353677726 3.4162845611572266 0
1636353678633 5.2711334228515625 0
1636353679530 2.3511030673980713 0
1636353680428 2.3895864486694336 0
1636353681326 1.2620790004730225 0
1636353682219 3.018430471420288 0
1636353683108 1.8559027910232544 0
1636353683997 1.3883945941925049 0
1636353684891 2.0994181632995605 0
1636353685783 1.532897710800171 0
1636353688220 1.3080440759658813 0
1636353689122 6.347442626953125 0
1636353690011 2.6420369148254395 0
1636353690906 2.9913077354431152 0
1636353691803 1.6600379943847656 0
1636353692701 3.1075711250305176 0
1636353693592 2.594808340072632 0
1636353694502 4.884869575500488 0
1636353695403 3.3793795108795166 0
1636353696301 2.3599438667297363 0
1636353698790 2.518220901489258 0
1636353699688 2.1842856407165527 0
1636353700586 2.725708484649658 0
1636353701481 3.996922731399536 0
1636353702380 2.844858407974243 0
1636353703283 3.5131049156188965 0
1636353704169 2.9958393573760986 0
1636353705064 2.3923981189727783 0
1636353705962 3.393861770629883 0
1636353706880 1.3307136297225952 0
1636353709371 2.4113569259643555 0
1636353710268 2.1559693813323975 0
1636353711160 2.4727017879486084 0
1636353712056 1.996363639831543 0
1636353712954 1.5805059671401978 0
1636353713848 1.686862826347351 0
1636353714739 2.704057455062866 0
1636353715653 2.2601852416992188 0
1636353716555 3.524362564086914 0
1636353717457 2.489969491958618 0
1636353719906 1.4378248453140259 0
1636353720801 1.7833060026168823 0
1636353721688 1.326216697692871 0
1636353722577 1.8523120880126953 0
1636353723467 5.663739204406738 0
1636353724376 3.9568819999694824 0
1636353725278 3.4060497283935547 0
1636353726172 2.179745674133301 0
1636353727072 3.4711947441101074 0
1636353727971 1.6244875192642212 0
1636353730431 2.7956385612487793 0
1636353731327 2.28627347946167 0
1636353732219 2.9768946170806885 0
1636353733114 1.4689688682556152 0
1636353734011 3.5209858417510986 0
1636353734908 2.3902132511138916 0
1636353735804 2.93990159034729 0
1636353736699 2.5868396759033203 0
1636353737594 2.2509756088256836 0
1636353738495 1.448400616645813 0
1636353740967 3.530242681503296 0
1636353741861 4.23641300201416 0
1636353742755 2.1057820320129395 0
1636353743656 2.576794385910034 0
1636353744560 3.3357739448547363 0
1636353745459 4.018157005310059 0
1636353746352 3.3689608573913574 0
1636353747246 1.39216947555542 0
1636353748144 1.571403980255127 0
1636353749033 2.673408031463623 0
1636353751523 1.1779639720916748 0
1636353752413 5.076436996459961 0
1636353753307 2.3685503005981445 0
1636353754201 2.561370849609375 0
1636353755103 2.5862245559692383 0
1636353755990 2.3878462314605713 0
1636353756881 3.7764530181884766 0
1636353757776 2.2924118041992188 0
1636353758674 5.113081455230713 0
1636353759574 5.167403697967529 0
1636353762646 1.9843230247497559 0
1636353763537 3.2735466957092285 0
1636353764435 2.496271848678589 0
1636353765331 2.655596971511841 0
1636353766223 2.233391761779785 0
1636353767126 1.247991681098938 0
1636353768015 1.751458764076233 0
1636353768907 2.086071729660034 0
1636353769807 1.2596843242645264 0
1636353770702 2.4008939266204834 0
1636353773180 2.8370234966278076 0
1636353774081 2.580845832824707 0
1636353774971 5.106254577636719 0
1636353775873 2.983365297317505 0
1636353776773 2.5856356620788574 0
1636353777671 3.5130815505981445 0
1636353778559 2.4210901260375977 0
1636353779455 2.9251112937927246 0
1636353780351 4.3050079345703125 0
1636353781251 3.7718915939331055 0
1636353783716 3.2829573154449463 0
1636353784611 2.960660696029663 0
1636353785503 3.2526493072509766 0
1636353786401 2.685314178466797 0
1636353787310 4.092554092407227 0
1636353788207 2.5250062942504883 0
1636353789108 3.902679681777954 0
1636353790008 3.5131378173828125 0
1636353790914 2.9613800048828125 0
1636353791809 1.9943703413009644 0
1636353794291 2.6422696113586426 0
1636353795190 1.9105130434036255 0
1636353796082 2.9425418376922607 0
1636353796984 2.8669447898864746 0
1636353797880 1.0908312797546387 0
1636353798771 2.2567543983459473 0
1636353799676 1.0731834173202515 0
1636353800575 2.8643476963043213 0
1636353801473 2.2913904190063477 0
1636353802364 3.9156551361083984 0
1636353804811 3.3680522441864014 0
1636353805707 2.299806833267212 0
1636353806606 2.379936933517456 0
1636353807505 3.660104274749756 0
1636353808399 3.64874005317688 0
1636353809292 2.871037721633911 0
1636353810231 2.771073818206787 0
1636353811124 2.8378214836120605 0
1636353812018 2.4616663455963135 0
1636353812911 3.2463173866271973 0
1636353815379 2.5978946685791016 0
1636353816282 2.615863800048828 0
1636353817180 3.3262503147125244 0
1636353818070 3.034054756164551 0
1636353818965 2.350512981414795 0
1636353819865 2.2589597702026367 0
1636353820762 2.642160415649414 0
1636353821663 2.942124843597412 0
1636353822562 1.390383005142212 0
1636353823467 1.9033313989639282 0
1636353825944 2.0381991863250732 0
1636353826845 3.2704341411590576 0
1636353827742 2.377174139022827 0
1636353828640 2.0486395359039307 0
1636353829543 3.6673638820648193 0
1636353830439 1.003167748451233 0
1636353831326 3.1475555896759033 0
1636353832219 4.061997413635254 0
1636353833128 1.8716785907745361 0
1636353834035 1.842158555984497 0
1636353836572 3.9619252681732178 0
1636353837460 3.191720485687256 0
1636353838354 2.2964377403259277 0
1636353839255 2.345439910888672 0
1636353840154 2.248115062713623 0
1636353841043 2.6526522636413574 0
1636353841940 2.3690762519836426 0
1636353842837 2.1689910888671875 0
1636353843739 1.2803376913070679 0
1636353844635 5.916399955749512 0
1636353847094 2.455932855606079 0
1636353847990 2.7650439739227295 0
1636353848886 4.497836112976074 0
1636353849783 3.0664892196655273 0
1636353850685 2.6955313682556152 0
1636353851575 1.501305341720581 0
1636353852470 2.734516143798828 0
1636353853369 2.705916166305542 0
1636353854269 2.191197395324707 0
1636353855163 1.103163719177246 0
1636353857640 2.0848312377929688 0
1636353858541 4.174557209014893 0
1636353859433 1.043580174446106 0
1636353860324 2.1391844749450684 0
1636353861224 2.8693273067474365 0
1636353862122 4.587213039398193 0
1636353863018 1.9790667295455933 0
1636353863910 2.246673345565796 0
1636353864801 4.245479583740234 0
1636353865703 2.5427398681640625 0
1636353868176 2.277350902557373 0
1636353869076 1.8728119134902954 0
1636353869973 4.689035415649414 0
1636353870865 3.393319845199585 0
1636353871769 1.004105806350708 0
1636353872665 2.940530776977539 0
1636353873557 2.973984479904175 0
1636353874448 3.3226213455200195 0
1636353875349 3.3941256999969482 0
1636353876246 2.2027134895324707 0
1636353878726 4.083695411682129 0
1636353879620 1.2086210250854492 0
1636353880520 2.151181936264038 0
1636353881416 3.311221122741699 0
1636353882314 2.493762969970703 0
1636353883212 2.3553385734558105 0
1636353884112 3.377089500427246 0
1636353885015 2.178516387939453 0
1636353885925 2.4131054878234863 0
1636353886831 2.602867603302002 0
1636353889303 4.20962381362915 0
1636353890209 3.1189866065979004 0
1636353891110 1.7601560354232788 0
1636353892037 2.635223865509033 0
1636353893000 2.517620325088501 0
1636353893931 1.0241169929504395 0
1636353894849 2.3822805881500244 0
1636353895770 3.7771928310394287 0
1636353896684 3.1696019172668457 0
1636353897612 2.674126386642456 0
1636353900906 1.2152013778686523 0
1636353901828 1.6262120008468628 0
1636353902738 2.392606258392334 0
1636353903644 2.652172803878784 0
1636353904578 4.168446063995361 0
1636353905499 2.238281726837158 0
1636353906393 2.666361093521118 0
1636353907303 1.9413800239562988 0
1636353908198 2.6358718872070312 0
1636353909092 2.460343599319458 0
1636353911557 2.430248498916626 0
