1636353286027 -1 0
1636353288296 -1 0
1636353289153 -1 0
1636353290026 -1 0
1636353290940 -1 0
1636353291833 -1 0
1636353292714 -1 0
1636353293608 -1 0
1636353294495 -1 0
1636353295367 -1 0
1636353296261 -1 0
1636353298631 -1 0
1636353299522 -1 0
1636353300499 -1 0
1636353301418 -1 0
1636353302318 -1 0
1636353303223 -1 0
1636353304116 -1 0
1636353305025 -1 0
1636353305924 -1 0
1636353306836 -1 0
1636353309227 -1 0
1636353310119 -1 0
1636353311055 -1 0
1636353311988 -1 0
1636353312895 -1 0
1636353313803 -1 0
1636353314708 -1 0
1636353315600 -1 0
1636353316508 -1 0
1636353317390 -1 0
1636353319800 -1 0
1636353320695 -1 0
1636353321573 -1 0
1636353322450 -1 0
1636353323324 -1 0
1636353324216 -1 0
1636353325099 -1 0
1636353325970 -1 0
1636353326855 -1 0
1636353327734 -1 0
1636353330086 -1 0
1636353330965 -1 0
1636353331839 -1 0
1636353332720 -1 0
1636353333601 -1 0
1636353334482 -1 0
1636353335364 -1 0
1636353336241 -1 0
1636353337119 -1 0
1636353338004 -1 0
1636353340308 -1 0
1636353341207 -1 0
1636353342080 -1 0
1636353342965 -1 0
1636353343836 -1 0
1636353344716 -1 0
1636353345603 -1 0
1636353346488 -1 0
1636353347373 -1 0
1636353348257 -1 0
1636353350647 -1 0
1636353351543 -1 0
1636353352436 -1 0
1636353353319 -1 0
1636353354208 -1 0
1636353355104 -1 0
1636353355993 -1 0
1636353356873 -1 0
1636353357766 -1 0
1636353358655 -1 0
1636353360971 -1 0
1636353361859 -1 0
1636353362751 -1 0
1636353363634 -1 0
1636353364512 -1 0
1636353365397 -1 0
1636353366299 -1 0
1636353367180 -1 0
1636353368065 -1 0
1636353368960 -1 0
1636353371281 -1 0
1636353372168 -1 0
1636353373053 -1 0
1636353373933 -1 0
1636353374810 -1 0
1636353375696 -1 0
1636353376583 -1 0
1636353377477 -1 0
1636353378363 -1 0
1636353379247 -1 0
1636353381703 -1 0
1636353382609 -1 0
1636353383510 -1 0
1636353384408 -1 0
1636353385297 -1 0
1636353386183 -1 0
1636353387068 -1 0
1636353387954 -1 0
1636353388837 -1 0
1636353389725 -1 0
1636353392095 -1 0
1636353392983 -1 0
1636353393872 -1 0
1636353394767 -1 0
1636353395653 -1 0
1636353396598 -1 0
1636353397490 -1 0
1636353398378 -1 0
1636353399270 -1 0
1636353400166 -1 0
1636353402568 -1 0
1636353403462 -1 0
1636353404346 -1 0
1636353405231 -1 0
1636353406120 -1 0
1636353407012 -1 0
1636353407911 -1 0
1636353408796 -1 0
1636353409685 -1 0
1636353410572 -1 0
1636353413167 -1 0
1636353414053 -1 0
1636353414939 -1 0
1636353415864 -1 0
1636353416760 -1 0
1636353417651 -1 0
1636353418550 -1 0
1636353419443 -1 0
1636353420343 -1 0
1636353421240 -1 0
1636353423663 -1 0
1636353424585 -1 0
1636353425477 -1 0
1636353426370 -1 0
1636353427266 -1 0
1636353428168 -1 0
1636353429073 -1 0
1636353429957 -1 0
1636353430849 -1 0
1636353431739 -1 0
1636353434170 -1 0
1636353435063 -1 0
1636353435971 -1 0
1636353436859 -1 0
1636353437754 -1 0
1636353438659 -1 0
1636353439554 -1 0
1636353440449 -1 0
1636353441340 -1 0
1636353442237 -1 0
1636353444651 -1 0
1636353445548 -1 0
1636353446446 -1 0
1636353447383 -1 0
1636353448294 -1 0
1636353449185 -1 0
1636353450079 -1 0
1636353450968 -1 0
1636353451862 -1 0
1636353452757 -1 0
1636353455394 -1 0
1636353456302 -1 0
1636353457196 -1 0
1636353458084 -1 0
1636353458975 -1 0
1636353459866 -1 0
1636353460755 -1 0
1636353461649 -1 0
1636353462542 -1 0
1636353463437 -1 0
1636353465894 -1 0
1636353466794 -1 0
1636353467691 -1 0
1636353468580 -1 0
1636353469481 -1 0
1636353470371 -1 0
1636353471264 -1 0
1636353472152 -1 0
1636353473043 -1 0
1636353473933 -1 0
1636353476347 -1 0
1636353477255 -1 0
1636353478153 -1 0
1636353479049 -1 0
1636353479941 -1 0
1636353480841 -1 0
1636353481726 -1 0
1636353482622 -1 0
1636353483533 -1 0
1636353484450 -1 0
1636353487099 -1 0
1636353488007 -1 0
1636353488897 -1 0
1636353489808 -1 0
1636353490706 -1 0
1636353491599 -1 0
1636353492517 -1 0
1636353493416 -1 0
1636353494326 -1 0
1636353495229 -1 0
1636353497704 -1 0
1636353498602 -1 0
1636353499516 -1 0
1636353500417 -1 0
1636353501310 -1 0
1636353502206 -1 0
1636353503097 -1 0
1636353503992 -1 0
1636353504893 -1 0
1636353505790 -1 0
1636353508251 -1 0
1636353509143 -1 0
1636353510040 -1 0
1636353510929 -1 0
1636353511827 -1 0
1636353512717 -1 0
1636353513615 -1 0
1636353514506 -1 0
1636353515406 -1 0
1636353516309 -1 0
1636353519024 -1 0
1636353519919 -1 0
1636353520808 -1 0
1636353521701 -1 0
1636353522601 -1 0
1636353523486 -1 0
1636353524378 -1 0
1636353525271 -1 0
1636353526171 -1 0
1636353527081 -1 0
1636353529560 -1 0
1636353530452 -1 0
1636353531343 -1 0
1636353532239 -1 0
1636353533145 -1 0
1636353534047 -1 0
1636353534944 -1 0
1636353535839 -1 0
1636353536735 -1 0
1636353537629 -1 0
1636353540081 -1 0
1636353540977 -1 0
1636353541874 -1 0
1636353542763 -1 0
1636353543658 -1 0
1636353544559 -1 0
1636353545457 -1 0
1636353546355 -1 0
1636353547274 -1 0
1636353548172 -1 0
1636353550622 -1 0
1636353551523 -1 0
1636353552413 -1 0
1636353553304 -1 0
1636353554195 -1 0
1636353555085 -1 0
1636353555980 -1 0
1636353556875 -1 0
1636353557800 -1 0
1636353558701 -1 0
1636353561159 -1 0
1636353562051 -1 0
1636353562949 -1 0
1636353563847 -1 0
1636353564745 -1 0
1636353565642 -1 0
1636353566533 -1 0
1636353567434 -1 0
1636353568353 -1 0
1636353569247 -1 0
1636353571700 -1 0
1636353572609 -1 0
1636353573506 -1 0
1636353574405 -1 0
1636353575302 -1 0
1636353576193 -1 0
1636353577086 -1 0
1636353577980 -1 0
1636353578875 -1 0
1636353579768 -1 0
1636353582571 -1 0
1636353583471 -1 0
1636353584357 -1 0
1636353585254 -1 0
1636353586158 -1 0
1636353587055 -1 0
1636353587947 -1 0
1636353588837 -1 0
1636353589740 -1 0
1636353590628 -1 0
1636353593053 -1 0
1636353593950 -1 0
1636353594846 -1 0
1636353595741 -1 0
1636353596641 -1 0
1636353597529 -1 0
1636353598428 -1 0
1636353599320 -1 0
1636353600215 -1 0
1636353601136 -1 0
1636353603581 -1 0
1636353604481 -1 0
1636353605373 -1 0
1636353606269 -1 0
1636353607167 -1 0
1636353608064 -1 0
1636353608953 -1 0
1636353609841 -1 0
1636353610731 -1 0
1636353611623 -1 0
1636353614108 -1 0
1636353615010 -1 0
1636353615906 -1 0
1636353616795 -1 0
1636353617686 -1 0
1636353618582 -1 0
1636353619484 -1 0
1636353620380 -1 0
1636353621281 -1 0
1636353622174 -1 0
1636353624659 -1 0
1636353625554 -1 0
1636353626460 -1 0
1636353627354 -1 0
1636353628247 -1 0
1636353629136 -1 0
1636353630023 -1 0
1636353630918 -1 0
1636353631818 -1 0
1636353632715 -1 0
1636353635177 -1 0
1636353636077 -1 0
1636353636970 -1 0
1636353637868 -1 0
1636353638769 -1 0
1636353639661 -1 0
1636353640556 -1 0
1636353641454 -1 0
1636353642347 -1 0
1636353643243 -1 0
1636353645686 -1 0
1636353646588 -1 0
1636353647492 -1 0
1636353648379 -1 0
1636353649273 -1 0
1636353650173 -1 0
1636353651068 -1 0
1636353651958 -1 0
1636353652860 -1 0
1636353653760 -1 0
1636353656209 -1 0
1636353657113 -1 0
1636353658013 -1 0
1636353658911 -1 0
1636353659804 -1 0
1636353660694 -1 0
1636353661584 -1 0
1636353662485 -1 0
1636353663392 -1 0
1636353664284 -1 0
1636353667186 -1 0
1636353668079 -1 0
1636353668978 -1 0
1636353669872 -1 0
1636353670764 -1 0
1636353671658 -1 0
1636353672558 -1 0
1636353673453 -1 0
1636353674353 -1 0
1636353675243 -1 0
1636353677713 -1 0
1636353678621 -1 0
1636353679517 -1 0
1636353680415 -1 0
1636353681314 -1 0
1636353682209 -1 0
1636353683098 -1 0
1636353683986 -1 0
1636353684879 -1 0
1636353685772 -1 0
1636353688208 -1 0
1636353689110 -1 0
1636353690001 -1 0
1636353690894 -1 0
1636353691791 -1 0
1636353692691 -1 0
1636353693580 -1 0
1636353694489 -1 0
1636353695391 -1 0
1636353696291 -1 0
1636353698779 -1 0
1636353699678 -1 0
1636353700576 -1 0
1636353701468 -1 0
1636353702369 -1 0
1636353703272 -1 0
1636353704159 -1 0
1636353705055 -1 0
1636353705950 -1 0
1636353706870 -1 0
1636353709359 -1 0
1636353710256 -1 0
1636353711150 -1 0
1636353712045 -1 0
1636353712943 -1 0
1636353713838 -1 0
1636353714727 -1 0
1636353715641 -1 0
1636353716545 -1 0
1636353717445 -1 0
1636353719894 -1 0
1636353720790 -1 0
1636353721678 -1 0
1636353722568 -1 0
1636353723455 -1 0
1636353724364 -1 0
1636353725266 -1 0
1636353726163 -1 0
1636353727059 -1 0
1636353727958 -1 0
1636353730422 -1 0
1636353731317 -1 0
1636353732210 -1 0
1636353733102 -1 0
1636353734001 -1 0
1636353734899 -1 0
1636353735791 -1 0
1636353736686 -1 0
1636353737584 -1 0
1636353738482 -1 0
1636353740957 -1 0
1636353741849 -1 0
1636353742743 -1 0
1636353743644 -1 0
1636353744548 -1 0
1636353745446 -1 0
1636353746342 -1 0
1636353747234 -1 0
1636353748134 -1 0
1636353749023 -1 0
1636353751513 -1 0
1636353752403 -1 0
1636353753296 -1 0
1636353754189 -1 0
1636353755093 -1 0
1636353755980 -1 0
1636353756871 -1 0
1636353757765 -1 0
1636353758664 -1 0
1636353759562 -1 0
1636353762637 -1 0
1636353763524 -1 0
1636353764423 -1 0
1636353765321 -1 0
1636353766213 -1 0
1636353767116 -1 0
1636353768005 -1 0
1636353768895 -1 0
1636353769797 -1 0
1636353770690 -1 0
1636353773168 -1 0
1636353774070 -1 0
1636353774960 -1 0
1636353775861 -1 0
1636353776760 -1 0
1636353777661 -1 0
1636353778549 -1 0
1636353779442 -1 0
1636353780338 -1 0
1636353781241 -1 0
1636353783704 -1 0
1636353784601 -1 0
1636353785492 -1 0
1636353786389 -1 0
1636353787298 -1 0
1636353788194 -1 0
1636353789096 -1 0
1636353789996 -1 0
1636353790903 -1 0
1636353791796 -1 0
1636353794278 -1 0
1636353795177 -1 0
1636353796072 -1 0
1636353796974 -1 0
1636353797869 -1 0
1636353798761 -1 0
1636353799664 -1 0
1636353800562 -1 0
1636353801462 -1 0
1636353802351 -1 0
1636353804800 -1 0
1636353805694 -1 0
1636353806594 -1 0
1636353807495 -1 0
1636353808389 -1 0
1636353809282 -1 0
1636353810214 -1 0
1636353811113 -1 0
1636353812008 -1 0
1636353812899 -1 0
1636353815367 -1 0
1636353816269 -1 0
1636353817171 -1 0
1636353818060 -1 0
1636353818953 -1 0
1636353819854 -1 0
1636353820749 -1 0
1636353821651 -1 0
1636353822551 -1 0
1636353823455 -1 0
1636353825933 -1 0
1636353826832 -1 0
1636353827730 -1 0
1636353828628 -1 0
1636353829531 -1 0
1636353830429 -1 0
1636353831314 -1 0
1636353832207 -1 0
1636353833115 -1 0
1636353834019 -1 0
1636353836560 -1 0
1636353837450 -1 0
1636353838341 -1 0
1636353839242 -1 0
1636353840145 -1 0
1636353841033 -1 0
1636353841927 -1 0
1636353842827 -1 0
1636353843727 -1 0
1636353844625 -1 0
1636353847084 -1 0
1636353847977 -1 0
1636353848876 -1 0
1636353849770 -1 0
1636353850674 -1 0
1636353851565 -1 0
1636353852457 -1 0
1636353853357 -1 0
1636353854258 -1 0
1636353855151 -1 0
1636353857628 -1 0
1636353858531 -1 0
1636353859423 -1 0
1636353860312 -1 0
1636353861213 -1 0
1636353862110 -1 0
1636353863008 -1 0
1636353863899 -1 0
1636353864790 -1 0
1636353865690 -1 0
1636353868164 -1 0
1636353869064 -1 0
1636353869963 -1 0
1636353870854 -1 0
1636353871757 -1 0
1636353872654 -1 0
1636353873547 -1 0
1636353874438 -1 0
1636353875338 -1 0
1636353876233 -1 0
1636353878716 -1 0
1636353879608 -1 0
1636353880508 -1 0
1636353881404 -1 0
1636353882303 -1 0
1636353883200 -1 0
1636353884099 -1 0
1636353885002 -1 0
1636353885913 -1 0
1636353886821 -1 0
1636353889292 -1 0
1636353890197 -1 0
1636353891097 -1 0
1636353892025 -1 0
1636353892988 -1 0
1636353893921 -1 0
1636353894838 -1 0
1636353895758 -1 0
1636353896671 -1 0
1636353897599 -1 0
1636353900894 -1 0
1636353901817 -1 0
1636353902728 -1 0
1636353903634 -1 0
1636353904568 -1 0
1636353905489 -1 0
1636353906382 -1 0
1636353907288 -1 0
1636353908188 -1 0
1636353909082 -1 0
1636353911545 -1 0
