1635998821414 0 0
1635998824229 0 0
1635998825493 0 0
1635998826747 0 0
1635998827981 0 0
1635998829223 0 0
1635998830459 0 0
1635998831722 0 0
1635998832986 0 0
1635998834221 0 0
1635998835474 0 0
1635998838345 0 0
1635998839609 0 0
1635998840864 0 0
1635998842108 0 0
1635998843362 0 0
1635998844596 0 0
1635998845869 0 0
1635998847123 0 0
1635998848378 0 0
1635998849632 0 0
1635998852453 0 0
1635998853717 0 0
1635998854972 0 0
1635998856236 0 0
1635998857501 0 0
1635998858766 0 0
1635998860021 0 0
1635998861296 0 0
1635998862619 0 0
1635998863893 0 0
1635998866785 0 0
1635998868082 0 0
1635998869377 0 0
1635998870704 0 0
1635998871987 0 0
1635998873271 0 0
1635998874566 0 0
1635998875865 0 0
1635998877145 0 0
1635998878410 0 0
1635998881364 0 0
1635998882637 0 0
1635998883903 0 0
1635998885168 0 0
1635998886462 0 0
1635998887758 0 0
1635998889011 0 0
1635998890297 0 0
1635998891571 0 0
1635998892826 0 0
1635998895636 0 0
1635998896901 0 0
1635998898165 0 0
1635998899418 0 0
1635998900662 0 0
1635998901916 0 0
1635998903170 0 0
1635998904414 0 0
1635998905699 0 0
1635998906964 0 0
1635998909894 0 0
1635998911180 0 0
1635998912463 0 0
1635998913730 0 0
1635998914993 0 0
1635998916287 0 0
1635998917549 0 0
1635998918801 0 0
1635998920052 0 0
1635998921333 0 0
1635998924291 0 0
1635998925561 0 0
1635998926844 0 0
1635998928169 0 0
1635998929490 0 0
1635998930784 0 0
1635998932110 0 0
1635998933390 0 0
1635998934669 0 0
1635998935922 0 0
1635998938796 0 0
1635998940064 0 0
1635998941356 0 0
1635998942652 0 0
1635998943929 0 0
1635998945221 0 0
1635998946527 0 0
1635998947845 0 0
1635998949118 0 0
1635998950391 0 0
1635998953397 0 0
1635998954669 0 0
1635998955942 0 0
1635998957209 0 0
1635998958475 0 0
1635998959731 0 0
1635998961000 0 0
1635998962256 0 0
1635998963514 0 0
1635998964775 0 0
1635998967602 0 0
1635998968870 0 0
1635998970129 0 0
1635998971412 0 0
1635998972682 0 0
1635998973974 0 0
1635998975228 0 0
1635998976482 0 0
1635998977732 0 0
1635998979021 0 0
1635998981905 0 0
1635998983187 0 0
1635998984439 0 0
1635998985717 0 0
1635998986986 0 0
1635998988247 0 0
1635998989497 0 0
1635998990771 0 0
1635998992040 0 0
1635998993300 0 0
1635998996332 0 0
1635998997605 0 0
1635998998864 0 0
1635999000128 0 0
1635999001397 0 0
1635999002661 0 0
1635999003942 0 0
1635999005206 0 0
1635999006468 0 0
1635999007793 0 0
1635999010633 0 0
1635999011953 0 0
1635999013268 0 0
1635999014596 0 0
1635999015879 0 0
1635999017136 0 0
1635999018412 0 0
1635999019696 0 0
1635999020971 0 0
1635999022256 0 0
1635999025141 0 0
1635999026446 0 0
1635999027737 0 0
1635999029011 0 0
1635999030287 0 0
1635999031541 0 0
1635999032806 0 0
1635999034068 0 0
1635999035352 0 0
1635999036639 0 0
1635999039510 0 0
1635999040797 0 0
1635999042082 0 0
1635999043376 0 0
1635999044664 0 0
1635999045935 0 0
1635999047210 0 0
1635999048494 0 0
1635999049765 0 0
1635999051027 0 0
1635999054196 0 0
1635999055465 0 0
1635999056734 0 0
1635999057992 0 0
1635999059315 0 0
1635999060576 0 0
1635999061847 0 0
1635999063139 0 0
1635999064403 0 0
1635999065659 0 0
1635999068551 0 0
1635999069828 0 0
1635999071108 0 0
1635999072381 0 0
1635999073661 0 0
1635999074937 0 0
1635999076206 0 0
1635999077486 0 0
1635999078757 0 0
1635999080014 0 0
1635999082945 0 0
1635999084243 0 0
1635999085500 0 0
1635999086840 0 0
1635999088115 0 0
1635999089429 0 0
1635999090714 0 0
1635999092008 0 0
1635999093302 0 0
1635999094598 0 0
1635999097557 0 0
1635999098871 0 0
1635999100187 0 0
1635999101484 0 0
1635999102808 0 0
1635999104092 0 0
1635999105414 0 0
1635999106718 0 0
1635999108004 0 0
1635999109325 0 0
1635999112238 0 0
1635999113522 0 0
1635999114818 0 0
1635999116114 0 0
1635999117416 0 0
1635999118706 0 0
1635999119987 0 0
1635999121281 0 0
1635999122576 0 0
1635999123851 0 0
1635999127018 0 0
1635999128312 0 0
1635999129585 0 0
1635999130849 0 0
1635999132120 0 0
1635999133398 0 0
1635999134662 0 0
1635999135953 0 0
1635999137237 0 0
1635999138513 0 0
1635999141454 0 0
1635999142740 0 0
1635999144034 0 0
1635999145334 0 0
1635999146613 0 0
1635999147916 0 0
1635999149190 0 0
1635999150495 0 0
1635999151800 0 0
1635999153095 0 0
1635999156034 0 0
1635999157330 0 0
1635999158629 0 0
1635999159908 0 0
1635999161183 0 0
1635999162478 0 0
1635999163780 0 0
1635999165067 0 0
1635999166330 0 0
1635999167604 0 0
1635999170536 0 0
1635999171823 0 0
1635999173104 0 0
1635999174399 0 0
1635999175714 0 0
1635999176996 0 0
1635999178250 0 0
1635999179512 0 0
1635999180768 0 0
1635999182062 0 0
1635999184965 0 0
1635999186247 0 0
1635999187501 0 0
1635999188795 0 0
1635999190057 0 0
1635999191332 0 0
1635999192626 0 0
1635999193892 0 0
1635999195172 0 0
1635999196455 0 0
1635999199407 0 0
1635999200704 0 0
1635999202013 0 0
1635999203313 0 0
1635999204618 0 0
1635999205911 0 0
1635999207195 0 0
1635999208487 0 0
1635999209781 0 0
1635999211078 0 0
1635999213980 0 0
1635999215270 0 0
1635999216566 0 0
1635999217862 0 0
1635999219136 0 0
1635999220402 0 0
1635999221674 0 0
1635999222956 0 0
1635999224220 0 0
1635999225509 0 0
1635999228888 0 0
1635999230177 0 0
1635999231451 0 0
1635999232762 0 0
1635999234119 0 0
1635999235472 0 0
