1635998821436 1.7493816018104553 0
1635998824249 1.2892208099365234 0
1635998825513 1.239334911108017 0
1635998826767 1.2683049142360687 0
1635998828001 1.3128382861614227 0
1635998829235 1.146106094121933 0
1635998830489 1.5054739713668823 0
1635998831742 1.5457563698291779 0
1635998832996 1.3219906687736511 0
1635998834251 1.3293568044900894 0
1635998835494 1.0208388715982437 0
1635998838365 1.3871941268444061 0
1635998839629 1.1551712155342102 0
1635998840884 1.3968541026115417 0
1635998842129 1.0391887873411179 0
1635998843382 1.3581518679857254 0
1635998844624 1.2049725949764252 0
1635998845881 1.156126394867897 0
1635998847145 1.0805621892213821 0
1635998848398 1.1283434256911278 0
1635998849663 1.1315120533108711 0
1635998852473 0.9454967230558395 0
1635998853738 1.36694797873497 0
1635998854992 1.2709366530179977 0
1635998856266 0.925874762237072 0
1635998857521 1.3045046925544739 0
1635998858786 1.4056423902511597 0
1635998860051 1.160456120967865 0
1635998861312 1.3050930500030518 0
1635998862637 1.1222239285707474 0
1635998863911 1.170468706637621 0
1635998866805 1.2807238660752773 0
1635998868102 0.9775316268205643 0
1635998869397 1.1496030688285828 0
1635998870722 1.1890219300985336 0
1635998872007 1.3106490671634674 0
1635998873291 1.0427310466766357 0
1635998874584 1.0462964624166489 0
1635998875880 0.9617306292057037 0
1635998877165 1.25228878762573 0
1635998878430 1.084701530635357 0
1635998881384 1.2381334900856018 0
1635998882657 1.3938038647174835 0
1635998883923 1.1126003563404083 0
1635998885188 1.1042017322033644 0
1635998886483 0.955003634095192 0
1635998887778 0.9719761684536934 0
1635998889031 1.083861455321312 0
1635998890315 1.5071460604667664 0
1635998891591 1.2713321447372437 0
1635998892856 1.1290036588907242 0
1635998895656 1.172121036797762 0
1635998896921 1.3179701417684555 0
1635998898185 1.2208699136972427 0
1635998899438 0.8994766566902399 0
1635998900682 1.0166675858199596 0
1635998901936 1.131891893222928 0
1635998903190 1.2270770370960236 0
1635998904434 1.0357590317726135 0
1635998905721 0.956948384642601 0
1635998906983 0.9657669216394424 0
1635998909911 1.3053975105285645 0
1635998911200 1.1475587412714958 0
1635998912483 0.8986691776663065 0
1635998913760 1.3445659130811691 0
1635998915014 1.2146058045327663 0
1635998916304 0.9440885111689568 0
1635998917568 0.9270606897771358 0
1635998918822 1.2347018085420132 0
1635998920079 1.0207129064947367 0
1635998921355 1.2488394975662231 0
1635998924304 1.3108690530061722 0
1635998925579 1.1046999990940094 0
1635998926865 0.9724615216255188 0
1635998928194 1.1621355973184109 0
1635998929507 1.1452412251383066 0
1635998930814 0.9289511889219284 0
1635998932129 1.3158323168754578 0
1635998933410 1.040606401860714 0
1635998934686 1.023190677165985 0
1635998935943 1.1017042510211468 0
1635998938806 1.218196101486683 0
1635998940082 1.1447456367313862 0
1635998941376 1.1325565446168184 0
1635998942671 1.1629066793248057 0
1635998943950 1.3394056260585785 0
1635998945238 1.0281367152929306 0
1635998946549 1.1601890698075294 0
1635998947865 1.0850025936961174 0
1635998949142 1.1307274624705315 0
1635998950411 1.0298675522208214 0
1635998953416 1.0048066675662994 0
1635998954689 0.9778150990605354 0
1635998955962 1.2563723977655172 0
1635998957226 1.063013918697834 0
1635998958493 0.9399415273219347 0
1635998959747 1.0392017662525177 0
1635998961020 1.097956471145153 0
1635998962274 1.3020326793193817 0
1635998963536 0.9847287610173225 0
1635998964792 1.031299188733101 0
1635998967621 1.1962030678987503 0
1635998968894 1.305497407913208 0
1635998970149 1.0004561692476273 0
1635998971432 0.9992525577545166 0
1635998972702 1.056124359369278 0
1635998973995 1.1502115279436111 0
1635998975244 0.9597707688808441 0
1635998976499 1.245653711259365 0
1635998977752 0.8738643005490303 0
1635998979045 1.3686823546886444 0
1635998981923 1.1604520455002785 0
1635998983205 1.0967606101185083 0
1635998984459 0.9948014263063669 0
1635998985735 1.0368922986090183 0
1635998987004 1.156210407614708 0
1635998988266 1.324116311967373 0
1635998989525 1.1239911653101444 0
1635998990788 1.1011942122131586 0
1635998992063 1.0636177733540535 0
1635998993315 1.2412115074694157 0
1635998996344 0.9568305034190416 0
1635998997625 1.3553746342658997 0
1635998998885 0.9737837016582489 0
1635999000148 1.2507664859294891 0
1635999001416 1.0038024708628654 0
1635999002681 1.0181629210710526 0
1635999003962 1.092405529692769 0
1635999005216 1.2085719853639603 0
1635999006488 0.9466404868289828 0
1635999007813 1.0298799872398376 0
1635999010653 0.9370303861796856 0
1635999011973 1.038688514381647 0
1635999013284 1.2268434762954712 0
1635999014614 1.027834165841341 0
1635999015899 1.1465326845645905 0
1635999017156 1.2617880180478096 0
1635999018432 1.161897175014019 0
1635999019716 1.175178162753582 0
1635999020991 1.2768034748733044 0
1635999022276 0.9146092124283314 0
1635999025161 1.2500781379640102 0
1635999026456 1.0105521939694881 0
1635999027749 1.0736502408981323 0
1635999029023 1.2131365612149239 0
1635999030312 1.2638371214270592 0
1635999031561 0.965711135417223 0
1635999032826 1.2194546237587929 0
1635999034080 0.9804779961705208 0
1635999035372 0.9001127574592829 0
1635999036659 1.0758079551160336 0
1635999039529 1.193400502204895 0
1635999040817 1.0879812594503164 0
1635999042102 0.9720459990203381 0
1635999043397 0.911614621989429 0
1635999044679 0.9094954319298267 0
1635999045955 0.983672390691936 0
1635999047230 1.1226462218910456 0
1635999048514 1.0658695376478136 0
1635999049789 1.0587713494896889 0
1635999051048 1.1283032111823559 0
1635999054212 0.928718647453934 0
1635999055483 1.112266955897212 0
1635999056754 1.2414611298590899 0
1635999058014 0.9942400455474854 0
1635999059335 1.0240580514073372 0
1635999060598 0.9033034145832062 0
1635999061867 0.9068764969706535 0
1635999063159 0.9630490709096193 0
1635999064423 0.9338660724461079 0
1635999065675 0.967094574123621 0
1635999068569 0.9817871870473027 0
1635999069846 1.26934427395463 0
1635999071128 0.9339342154562473 0
1635999072401 0.9598579071462154 0
1635999073678 1.4177451133728027 0
1635999074950 0.949832446873188 0
1635999076223 1.274215780198574 0
1635999077505 1.0224769748747349 0
1635999078774 1.131176333874464 0
1635999080031 0.950337365269661 0
1635999082963 1.152418002486229 0
1635999084262 1.0358584597706795 0
1635999085528 1.0112314596772194 0
1635999086866 1.0992450267076492 0
1635999088144 1.0017358846962452 0
1635999089449 1.1751586571335793 0
1635999090734 1.195240292698145 0
1635999092018 1.0986328050494194 0
1635999093322 0.9394464641809464 0
1635999094618 1.1513843052089214 0
1635999097579 1.004317782819271 0
1635999098891 1.1770468205213547 0
1635999100209 0.9685344807803631 0
1635999101504 1.4004314839839935 0
1635999102828 0.9043399877846241 0
1635999104112 1.0459062531590462 0
1635999105427 1.279174566268921 0
1635999106738 1.164057895541191 0
1635999108024 1.3337986022233963 0
1635999109338 1.2944396138191223 0
1635999112250 1.0021652542054653 0
1635999113542 0.9530510436743498 0
1635999114838 1.1225785873830318 0
1635999116132 1.63487708568573 0
1635999117436 0.9439609609544277 0
1635999118723 1.1210872288793325 0
1635999120007 1.1970107853412628 0
1635999121302 1.041623868048191 0
1635999122596 0.9746460765600204 0
1635999123872 1.1132569629698992 0
1635999127038 0.9632677435874939 0
1635999128340 1.0044074701145291 0
1635999129595 1.1790831740945578 0
1635999130867 0.9909160323441029 0
1635999132133 1.226327121257782 0
1635999133408 1.198916930705309 0
1635999134682 1.1284431871026754 0
1635999135974 1.0071168430149555 0
1635999137249 1.32396399974823 0
1635999138531 1.0290357321500778 0
1635999141466 1.1048316210508347 0
1635999142750 1.2551231030374765 0
1635999144054 0.919081024825573 0
1635999145352 1.2204842455685139 0
1635999146631 1.2016232199966908 0
1635999147934 1.103459283709526 0
1635999149211 1.0210664048790932 0
1635999150513 0.9805060811340809 0
1635999151821 0.9971866011619568 0
1635999153115 1.145601525902748 0
1635999156054 1.1273857671767473 0
1635999157350 1.03663370013237 0
1635999158644 0.9782072380185127 0
1635999159928 0.977442036382854 0
1635999161212 1.0022334828972816 0
1635999162498 0.9851617966778576 0
1635999163792 0.9344652760773897 0
1635999165087 1.1263965368270874 0
1635999166350 1.2213299553841352 0
1635999167624 0.9791727131232619 0
1635999170556 1.0863030925393105 0
1635999171846 0.9262966755777597 0
1635999173124 0.9285078812390566 0
1635999174427 1.0731574073433876 0
1635999175733 1.2311348542571068 0
1635999177017 0.9694944359362125 0
1635999178270 0.931000217795372 0
1635999179524 1.2448493801057339 0
1635999180796 0.9058220498263836 0
1635999182079 1.0482482090592384 0
1635999184984 0.9170890301465988 0
1635999186265 1.0421487763524055 0
1635999187521 0.882850855588913 0
1635999188815 1.2768513709306717 0
1635999190077 0.9280259446240962 0
1635999191363 0.9360043350607157 0
1635999192646 1.1007662266492844 0
1635999193909 0.9849029779434204 0
1635999195193 0.9620833769440651 0
1635999196477 1.1292465515434742 0
1635999199429 1.2666753083467484 0
1635999200724 1.1162617239169776 0
1635999202037 1.1209650347009301 0
1635999203336 1.1554578989744186 0
1635999204628 0.9186058938503265 0
1635999205931 1.0823616343550384 0
1635999207213 1.0319796241819859 0
1635999208504 0.9527464956045151 0
1635999209801 1.0082387626171112 0
1635999211088 1.0257976800203323 0
1635999214000 1.034868285059929 0
1635999215289 1.0971894823014736 0
1635999216578 1.2505572801455855 0
1635999217882 1.1288664750754833 0
1635999219154 1.198046125471592 0
1635999220419 1.2610989473760128 0
1635999221694 0.9339975835755467 0
1635999222978 0.9788531139492989 0
1635999224240 1.2496547177433968 0
1635999225525 0.9936190154403448 0
1635999228906 1.1150099849328399 0
1635999230199 0.9663666803389788 0
1635999231474 1.1103372564539313 0
1635999232782 0.9515392333269119 0
1635999234139 0.9201635150238872 0
1635999235495 1.116526491008699 0
