1635998821434 3.5050246715545654 0
1635998824249 2.912181854248047 0
1635998825513 3.529799461364746 0
1635998826765 3.528686046600342 0
1635998827999 3.520211935043335 0
1635998829235 3.465883493423462 0
1635998830479 2.2079010009765625 0
1635998831742 1.6285532712936401 0
1635998832996 3.3852968215942383 0
1635998834241 1.096325159072876 0
1635998835494 3.4220223426818848 0
1635998838365 1.1197242736816406 0
1635998839627 2.2897818088531494 0
1635998840882 1.494585394859314 0
1635998842129 2.2387921810150146 0
1635998843380 1.0997793674468994 0
1635998844616 2.5592687129974365 0
1635998845881 1.5357770919799805 0
1635998847145 3.267064094543457 0
1635998848398 1.4380335807800293 0
1635998849661 1.8979661464691162 0
1635998852473 3.304659843444824 0
1635998853735 1.8861963748931885 0
1635998854992 0.9109883904457092 0
1635998856264 3.283557891845703 0
1635998857521 1.415656566619873 0
1635998858784 2.4078171253204346 0
1635998860051 2.3904082775115967 0
1635998861312 0.8995319604873657 0
1635998862629 1.873297095298767 0
1635998863903 1.3357391357421875 0
1635998866797 0.8869958519935608 0
1635998868102 2.3377630710601807 0
1635998869397 2.044491767883301 0
1635998870720 1.8130062818527222 0
1635998872007 0.7831789255142212 0
1635998873291 3.1404848098754883 0
1635998874576 1.7804162502288818 0
1635998875878 3.118757963180542 0
1635998877163 0.7281882166862488 0
1635998878428 1.974021315574646 0
1635998881384 1.181154489517212 0
1635998882649 1.933547019958496 0
1635998883923 1.915612816810608 0
1635998885188 1.6596260070800781 0
1635998886483 2.9943559169769287 0
1635998887778 2.9836034774780273 0
1635998889031 1.6934871673583984 0
1635998890307 0.7377269268035889 0
1635998891591 2.196207284927368 0
1635998892854 1.0786478519439697 0
1635998895654 1.0670158863067627 0
1635998896919 0.6320592761039734 0
1635998898175 1.5627977848052979 0
1635998899436 2.962571382522583 0
1635998900672 1.8211593627929688 0
1635998901936 1.0384057760238647 0
1635998903188 0.5211480855941772 0
1635998904434 2.081113338470459 0
1635998905718 2.070258617401123 0
1635998906980 2.9039974212646484 0
1635998909908 0.503039538860321 0
1635998911190 0.9584417343139648 0
1635998912480 2.8717710971832275 0
1635998913758 0.9422769546508789 0
1635998915011 0.5114511251449585 0
1635998916302 2.00186824798584 0
1635998917565 2.8359827995300293 0
1635998918819 0.4983985126018524 0
1635998920076 1.470868468284607 0
1635998921352 0.8823511600494385 0
1635998924304 0.4285416007041931 0
1635998925577 1.3837764263153076 0
1635998926862 1.9357988834381104 0
1635998928190 0.8653161525726318 0
1635998929507 0.847914457321167 0
1635998930810 2.692070245742798 0
1635998932127 0.8441512584686279 0
1635998933407 1.5987581014633179 0
1635998934684 1.3869482278823853 0
1635998935935 1.3179923295974731 0
1635998938806 0.5402617454528809 0
1635998940080 0.7942060232162476 0
1635998941376 0.845336377620697 0
1635998942668 0.39395588636398315 0
1635998943947 0.3336973190307617 0
1635998945236 1.8313908576965332 0
1635998946546 1.2565760612487793 0
1635998947862 1.3141512870788574 0
1635998949139 1.242424488067627 0
1635998950409 2.58469295501709 0
1635998953413 2.57599139213562 0
1635998954686 1.7898244857788086 0
1635998955959 0.3595065772533417 0
1635998957223 1.2647837400436401 0
1635998958485 2.760690689086914 0
1635998959747 1.750227689743042 0
1635998961018 1.4419854879379272 0
1635998962266 0.4326491057872772 0
1635998963533 2.508962631225586 0
1635998964789 1.7189199924468994 0
1635998967618 1.2036082744598389 0
1635998968892 0.4301690459251404 0
1635998970146 1.6928397417068481 0
1635998971424 2.4667375087738037 0
1635998972699 2.461015462875366 0
1635998973992 1.1055854558944702 0
1635998975242 2.4446983337402344 0
1635998976496 0.44199585914611816 0
1635998977750 1.6421173810958862 0
1635998979045 0.2847176492214203 0
1635998981920 0.581154465675354 0
1635998983203 1.0623561143875122 0
1635998984456 1.3135883808135986 0
1635998985727 1.1077966690063477 0
1635998987002 0.5324679613113403 0
1635998988264 0.33523446321487427 0
1635998989517 1.0207240581512451 0
1635998990785 1.0133415460586548 0
1635998992060 1.6276639699935913 0
1635998993315 0.45575207471847534 0
1635998996344 2.3403377532958984 0
1635998997622 2.37300443649292 0
1635998998882 2.3351120948791504 0
1635999000148 2.3290791511535645 0
1635999001413 1.2276324033737183 0
1635999002678 2.309617042541504 0
1635999003960 0.9567601680755615 0
1635999005216 0.4558819532394409 0
1635999006485 2.2831778526306152 0
1635999007810 1.191620945930481 0
1635999010653 2.3282792568206787 0
1635999011973 1.1705650091171265 0
1635999013282 2.2465155124664307 0
1635999014606 0.9539636373519897 0
1635999015891 0.411765456199646 0
1635999017156 0.508508026599884 0
1635999018432 0.4266353249549866 0
1635999019706 0.3947623074054718 0
1635999020991 0.28836333751678467 0
1635999022274 2.275050401687622 0
1635999025159 0.2714647352695465 0
1635999026456 1.116518497467041 0
1635999027749 2.1942663192749023 0
1635999029023 0.4346224069595337 0
1635999030309 0.28107044100761414 0
1635999031561 1.7636921405792236 0
1635999032826 0.7679004073143005 0
1635999034080 2.289604663848877 0
1635999035364 2.30710506439209 0
1635999036649 0.9763569235801697 0
1635999039526 0.5689420104026794 0
1635999040817 0.8574143052101135 0
1635999042102 1.1010725498199463 0
1635999043394 2.155925989151001 0
1635999044675 2.1196060180664062 0
1635999045955 0.8614048361778259 0
1635999047230 0.49900177121162415 0
1635999048504 0.7679914236068726 0
1635999049787 0.8659101724624634 0
1635999051045 0.3912453055381775 0
1635999054210 2.08274245262146 0
1635999055480 0.4327235817909241 0
1635999056754 0.4984164237976074 0
1635999058014 0.7894072532653809 0
1635999059332 0.9814819693565369 0
1635999060595 2.1033380031585693 0
1635999061864 2.036480665206909 0
1635999063159 2.024336338043213 0
1635999064420 2.0142464637756348 0
1635999065673 2.0080323219299316 0
1635999068566 0.7268592715263367 0
1635999069843 0.5067697763442993 0
1635999071120 1.2137435674667358 0
1635999072398 1.2133463621139526 0
1635999073676 0.6957241296768188 0
1635999074950 1.9743973016738892 0
1635999076221 0.5352329015731812 0
1635999077503 0.6967504024505615 0
1635999078771 0.2488735020160675 0
1635999080029 1.1777876615524292 0
1635999082961 0.21642224490642548 0
1635999084259 0.8683786392211914 0
1635999085520 0.8590259552001953 0
1635999086863 0.6182729005813599 0
1635999088140 0.8453845977783203 0
1635999089439 0.2388329654932022 0
1635999090731 0.7217440605163574 0
1635999092018 0.574078381061554 0
1635999093322 1.9087061882019043 0
1635999094618 0.27716439962387085 0
1635999097577 1.9459360837936401 0
1635999098883 0.7369048595428467 0
1635999100209 1.1475965976715088 0
1635999101504 0.7340025901794434 0
1635999102826 1.9376680850982666 0
1635999104109 0.7844537496566772 0
1635999105427 0.27791154384613037 0
1635999106730 0.2402961403131485 0
1635999108024 0.5904407501220703 0
1635999109338 0.622603178024292 0
1635999112250 0.777366042137146 0
1635999113534 1.067866325378418 0
1635999114828 0.17157135903835297 0
1635999116124 0.6167764067649841 0
1635999117428 1.8326748609542847 0
1635999118723 0.22960154712200165 0
1635999120007 0.47808483242988586 0
1635999121302 0.537986695766449 0
1635999122594 1.8127800226211548 0
1635999123870 0.2319522202014923 0
1635999127038 1.0265837907791138 0
1635999128332 0.5313641428947449 0
1635999129595 0.7980456352233887 0
1635999130859 0.7196778655052185 0
1635999132133 1.7977828979492188 0
1635999133408 0.7980842590332031 0
1635999134672 0.2083689272403717 0
1635999135966 0.7316389083862305 0
1635999137249 0.6610517501831055 0
1635999138523 0.6917705535888672 0
1635999141466 0.68292236328125 0
1635999142750 0.6766552329063416 0
1635999144052 1.821272373199463 0
1635999145350 0.8239442110061646 0
1635999146623 0.8339852690696716 0
1635999147926 0.46941664814949036 0
1635999149211 0.6594586968421936 0
1635999150505 0.4639294445514679 0
1635999151819 1.7383533716201782 0
1635999153115 0.3911483883857727 0
1635999156046 0.31364795565605164 0
1635999157348 1.7095496654510498 0
1635999158644 1.7065958976745605 0
1635999159926 0.4489552974700928 0
1635999161209 0.6194610595703125 0
1635999162488 0.4197409451007843 0
1635999163792 0.9089541435241699 0
1635999165077 0.27805712819099426 0
1635999166348 0.7832095623016357 0
1635999167616 0.6079562902450562 0
1635999170554 0.4028051793575287 0
1635999171842 1.6687119007110596 0
1635999173122 1.6656405925750732 0
1635999174419 0.34441694617271423 0
1635999175731 0.9223741888999939 0
1635999177017 1.6492621898651123 0
1635999178270 1.7091776132583618 0
1635999179524 0.7881492972373962 0
1635999180788 1.699019193649292 0
1635999182076 0.5622501969337463 0
1635999184980 1.6893689632415771 0
1635999186257 0.5540168881416321 0
1635999187519 1.680894136428833 0
1635999188805 0.9593597054481506 0
1635999190074 1.616910696029663 0
1635999191360 1.6102510690689087 0
1635999192646 0.5247313976287842 0
1635999193907 1.6065452098846436 0
1635999195183 1.597327470779419 0
1635999196467 0.25628018379211426 0
1635999199427 0.9698242545127869 0
1635999200724 0.36085453629493713 0
1635999202035 0.36100655794143677 0
1635999203334 0.2692990005016327 0
1635999204628 1.6475106477737427 0
1635999205931 0.2368612289428711 0
1635999207205 0.4915555715560913 0
1635999208501 1.5725791454315186 0
1635999209793 1.5621998310089111 0
1635999211088 1.5643630027770996 0
1635999214000 1.6166610717773438 0
1635999215287 0.22414930164813995 0
1635999216578 0.9006539583206177 0
1635999217872 0.27598145604133606 0
1635999219146 0.40735766291618347 0
1635999220412 0.87567538022995 0
1635999221694 1.5402292013168335 0
1635999222968 1.542473554611206 0
1635999224232 1.0296226739883423 0
1635999225525 0.267410010099411 0
1635999228903 0.40649381279945374 0
1635999230197 0.7478058338165283 0
1635999231472 0.41520488262176514 0
1635999232779 1.5348808765411377 0
1635999234136 1.5221302509307861 0
1635999235492 0.41843748092651367 0
