1633964187359 9.763678073883057 0
1633964239129 3.2659807205200195 0
1633964248165 3.984137535095215 0
1633964257127 3.5421197414398193 0
1633964266307 3.515756607055664 0
1633964275260 2.7311933040618896 0
1633964284109 3.4151268005371094 0
1633964292942 2.8039292097091675 0
1633964301795 2.9809426069259644 0
1633964310572 3.4429988861083984 0
1633964319411 2.412553310394287 0
1633964329307 3.125718116760254 0
1633964338125 2.6135772466659546 0
1633964347243 1.957317590713501 0
1633964356153 2.3626912236213684 0
1633964365317 1.9672775268554688 0
1633964374160 2.8021844625473022 0
1633964383355 2.2647271156311035 0
1633964392429 2.466810703277588 0
1633964401275 2.7949920892715454 0
1633964410205 2.758479118347168 0
1633964420440 1.9465076923370361 0
1633964429362 2.1396864652633667 0
1633964438242 2.386920690536499 0
1633964447087 1.8782098889350891 0
1633964456015 3.4474282264709473 0
1633964464862 1.7306258976459503 0
1633964473540 2.400442957878113 0
1633964482242 2.846361517906189 0
1633964490986 2.596978545188904 0
1633964499688 2.0903031826019287 0
1633964509440 3.310054659843445 0
1633964518236 2.936845064163208 0
1633964526914 2.186644673347473 0
1633964535652 3.1559277772903442 0
1633964544361 1.832570493221283 0
1633964553058 1.9287978410720825 0
1633964561800 1.2068563103675842 0
1633964570471 1.7678048610687256 0
1633964579147 1.5885258913040161 0
1633964587868 2.1547223329544067 0
1633964597648 1.7456599473953247 0
1633964606321 1.6929532289505005 0
1633964615339 2.155839264392853 0
1633964623994 3.3882391452789307 0
1633964632633 2.1864413022994995 0
1633964641381 1.6034243702888489 0
1633964650091 2.4868139028549194 0
1633964658845 1.0975777804851532 0
1633964667513 1.5189194679260254 0
1633964676261 2.2523316144943237 0
1633964685990 2.0580891370773315 0
1633964694669 1.712241768836975 0
1633964703352 2.439058542251587 0
1633964712082 1.0653147101402283 0
1633964720848 1.2847959399223328 0
1633964729561 1.9678595066070557 0
1633964738209 1.525426983833313 0
1633964746916 1.2503486275672913 0
1633964755612 2.1345617175102234 0
1633964764377 2.028486490249634 0
1633964774089 1.3145206570625305 0
1633964782829 1.5973546504974365 0
1633964791511 1.4619397521018982 0
1633964800173 2.388994038105011 0
1633964808871 1.2460559606552124 0
1633964817524 1.728119969367981 0
1633964826249 1.1457452774047852 0
1633964834919 1.309514045715332 0
1633964843628 1.3196658492088318 0
1633964852329 1.5120455026626587 0
1633964862105 1.4624404907226562 0
1633964870807 2.1030233502388 0
1633964879501 1.4617726802825928 0
1633964888224 2.6831554174423218 0
1633964896920 1.4540961980819702 0
1633964905593 1.2837212681770325 0
1633964914274 1.2125660181045532 0
1633964922973 1.605303943157196 0
1633964931605 1.2589532732963562 0
1633964940355 1.8349940180778503 0
1633964950070 1.9912728071212769 0
1633964958821 1.1647251844406128 0
1633964967517 1.6485393643379211 0
1633964976188 1.2543154954910278 0
1633964984898 2.012471079826355 0
1633964993603 2.567699432373047 0
1633965002312 1.486511766910553 0
1633965011034 1.653613567352295 0
1633965019731 1.5645528435707092 0
1633965028415 1.3492461442947388 0
1633965038130 2.227144241333008 0
1633965046903 1.0804354548454285 0
1633965055632 2.2583805918693542 0
1633965064381 1.271162897348404 0
1633965073110 2.084288001060486 0
1633965081833 1.377478539943695 0
1633965090467 1.033871352672577 0
1633965099173 1.503211259841919 0
1633965107934 2.3030002117156982 0
1633965116711 0.9843555986881256 0
1633965126465 1.847477376461029 0
1633965135149 1.0422048568725586 0
1633965143823 1.1291137337684631 0
1633965152557 2.5475149154663086 0
1633965161341 1.1469593048095703 0
1633965170055 1.0958898067474365 0
1633965178733 1.658182442188263 0
1633965187447 1.0453908741474152 0
1633965196181 1.397986650466919 0
1633965204885 1.5477238297462463 0
1633965214687 1.158932626247406 0
1633965223417 1.2436863780021667 0
1633965232175 1.4073212146759033 0
1633965240950 1.3591957688331604 0
1633965249770 1.664086103439331 0
1633965258523 1.259039580821991 0
1633965267263 1.5364950895309448 0
1633965276033 1.4926631450653076 0
1633965284817 2.1839890480041504 0
1633965293567 1.688344955444336 0
1633965303402 1.0959802567958832 0
1633965312246 1.5914925932884216 0
1633965321020 1.018150955438614 0
1633965329780 1.6415538787841797 0
1633965338586 1.2761521935462952 0
1633965347367 1.0903140902519226 0
1633965356194 1.2147753536701202 0
1633965365002 1.141365796327591 0
1633965373736 0.8318307101726532 0
1633965382498 1.8764570355415344 0
1633965392291 1.7857390642166138 0
1633965401055 2.0143500566482544 0
1633965409867 1.429739236831665 0
1633965418631 1.0831784456968307 0
1633965427405 1.6539884805679321 0
1633965436145 1.3103248476982117 0
1633965444948 0.8395054638385773 0
1633965453785 0.7300028800964355 0
1633965462567 1.7476484179496765 0
1633965471456 1.1660702526569366 0
1633965481241 2.431050419807434 0
1633965489978 1.0662710964679718 0
1633965498778 1.2602888345718384 0
1633965507531 1.169627845287323 0
1633965516307 2.5337471961975098 0
1633965525080 1.5064088702201843 0
1633965533881 0.8639070987701416 0
1633965542641 0.9645327925682068 0
1633965551417 1.3314538598060608 0
1633965560286 1.1563312113285065 0
1633965569960 1.1697986125946045 0
1633965578723 1.0176177620887756 0
1633965587477 1.4310095310211182 0
1633965596273 1.3123498558998108 0
1633965605054 1.0512079000473022 0
1633965613837 1.0849167704582214 0
1633965622604 1.8568861484527588 0
1633965631416 1.0828097462654114 0
1633965640251 0.9754559397697449 0
1633965649022 1.1704926490783691 0
1633965658783 1.2629532217979431 0
1633965667599 1.0870224237442017 0
1633965676315 1.264158844947815 0
1633965685134 0.9365041255950928 0
1633965693891 1.3104568719863892 0
1633965702668 1.4505362510681152 0
1633965711372 2.191976547241211 0
1633965720152 1.2053873240947723 0
1633965728884 1.4322704672813416 0
1633965737572 1.3781886100769043 0
1633965747340 1.712226152420044 0
1633965756054 1.368833065032959 0
1633965764747 1.1779245436191559 0
1633965773470 1.1125192046165466 0
1633965782253 1.0661406815052032 0
1633965791028 1.0088302195072174 0
1633965799853 1.0015262961387634 0
1633965808640 0.9207258820533752 0
1633965817364 1.9229475855827332 0
1633965826146 0.830794632434845 0
1633965835908 1.01116544008255 0
1633965844657 1.199463427066803 0
1633965853605 0.9645163416862488 0
1633965862372 1.311301052570343 0
1633965871102 1.192766547203064 0
1633965879875 1.035108745098114 0
1633965888734 1.0419127345085144 0
1633965897533 2.001047909259796 0
1633965906347 0.8742097616195679 0
1633965915180 0.8429263532161713 0
1633965924959 1.353185772895813 0
1633965933802 0.8700579106807709 0
1633965942558 0.935829222202301 0
1633965951344 0.8908779323101044 0
1633965960089 1.6740832924842834 0
1633965968871 1.4593575596809387 0
1633965977615 0.7517577707767487 0
1633965986416 1.3146957755088806 0
1633965995179 0.9891052842140198 0
1633966003948 1.960766851902008 0
1633966013708 1.2026137113571167 0
1633966022521 0.9880960583686829 0
1633966031424 0.8955936133861542 0
1633966040157 1.2870018780231476 0
1633966048955 0.8692348599433899 0
1633966057702 0.7837320566177368 0
1633966066479 0.8798700571060181 0
1633966075220 1.16299706697464 0
1633966083993 1.4334920048713684 0
1633966092743 1.2898885011672974 0
1633966102899 1.2480482459068298 0
1633966111636 1.0274173617362976 0
1633966120411 1.497732400894165 0
1633966129208 1.376215398311615 0
1633966137906 0.8338940143585205 0
1633966146685 0.9364193975925446 0
1633966155496 1.4929739832878113 0
1633966164208 1.058487355709076 0
1633966172941 1.3614561557769775 0
1633966181748 1.077335238456726 0
1633966191630 1.6179715991020203 0
1633966200493 1.4614760279655457 0
1633966209337 1.401894211769104 0
1633966218100 1.1082192659378052 0
1633966226877 0.9777636528015137 0
1633966235660 1.1268924474716187 0
1633966244404 1.0150587558746338 0
1633966253157 1.1214450597763062 0
1633966261976 1.2710192799568176 0
1633966270761 1.2456661462783813 0
1633966280546 1.408350646495819 0
1633966289302 1.3245837688446045 0
1633966298075 1.279438078403473 0
1633966306838 1.3784828782081604 0
1633966315661 1.4650229215621948 0
1633966324415 1.2528424859046936 0
1633966333217 1.4582480788230896 0
1633966341997 1.2665579319000244 0
1633966350836 1.1045664250850677 0
1633966359587 1.1027242243289948 0
1633966369387 1.2604374885559082 0
1633966378139 1.1446524560451508 0
1633966387026 1.1765018701553345 0
1633966395826 1.0587754547595978 0
1633966404582 0.9636210799217224 0
1633966413387 1.3708723783493042 0
1633966422168 1.3014819025993347 0
1633966430965 1.0835849046707153 0
1633966439670 1.034422755241394 0
1633966448423 1.0573216080665588 0
1633966458501 1.1772783696651459 0
1633966467206 0.8494720757007599 0
1633966475944 1.2062609791755676 0
1633966484658 1.1453787088394165 0
1633966493364 1.431617259979248 0
1633966501916 1.0767889022827148 0
1633966510439 1.2879683375358582 0
1633966518969 0.8167514204978943 0
1633966527504 0.829066812992096 0
1633966535967 0.8532952964305878 0
1633966545455 0.9648845195770264 0
1633966553984 0.9331657290458679 0
1633966562527 1.1093089580535889 0
1633966571170 0.8141513764858246 0
1633966579805 1.4147990942001343 0
1633966588342 0.9124447107315063 0
1633966596952 1.0017515420913696 0
1633966605697 1.1801565885543823 0
1633966614719 0.8291565626859665 0
1633966623321 0.9877936840057373 0
1633966633060 1.1588045358657837 0
1633966641633 0.6955546140670776 0
1633966650161 0.8663703203201294 0
1633966658676 0.7528683245182037 0
1633966667226 0.8588802218437195 0
1633966675758 1.2577019929885864 0
1633966684327 1.123091459274292 0
1633966692825 1.0077629536390305 0
1633966701355 0.8698654770851135 0
1633966709923 0.8318999409675598 0
1633966719559 1.2097344398498535 0
1633966728149 0.6989851146936417 0
1633966736649 1.0141030848026276 0
1633966745159 0.713816374540329 0
1633966753682 0.8560715913772583 0
1633966762171 1.292673408985138 0
1633966770752 0.6957955658435822 0
1633966779273 1.9232980012893677 0
1633966787796 0.9757021367549896 0
1633966796375 0.660223662853241 0
1633966805921 1.1804494261741638 0
1633966814449 1.1197595000267029 0
1633966822955 1.097208857536316 0
1633966831488 1.1662904620170593 0
1633966839981 1.2148130536079407 0
1633966848567 1.062485158443451 0
1633966857087 0.8230977356433868 0
1633966865662 0.9148554503917694 0
1633966874275 0.5252117216587067 0
1633966882811 1.375787615776062 0
1633966892369 1.0310243964195251 0
1633966900906 1.1584604382514954 0
1633966909456 0.859890803694725 0
1633966917986 0.6850541830062866 0
1633966926499 1.282784640789032 0
1633966935041 1.2106589078903198 0
1633966943561 0.759203314781189 0
1633966952090 0.8352734446525574 0
1633966960600 0.8847463726997375 0
1633966969131 0.622139036655426 0
1633966978636 1.1931425333023071 0
1633966987213 1.5070114731788635 0
1633966995826 0.799229621887207 0
1633967004421 0.7439493536949158 0
1633967013384 0.9167133271694183 0
1633967023187 0.7817246913909912 0
1633967032346 1.0240196585655212 0
1633967041099 0.6685742735862732 0
1633967049975 1.174889624118805 0
1633967058757 0.8397571444511414 0
1633967068898 0.733648270368576 0
1633967077822 0.7973231673240662 0
1633967086554 0.7453209459781647 0
1633967095126 0.6948286592960358 0
1633967103641 0.6358516216278076 0
1633967112108 1.0153615474700928 0
1633967120620 0.7413205355405807 0
1633967129218 1.047892153263092 0
1633967137735 0.7608191072940826 0
1633967146254 0.9265894293785095 0
1633967155671 1.0585866570472717 0
1633967164242 0.6900647580623627 0
1633967172807 1.2187251448631287 0
1633967181339 1.0745199918746948 0
1633967189890 0.8959764838218689 0
1633967198457 0.6797787249088287 0
1633967207055 0.6630743741989136 0
1633967215693 0.928071141242981 0
1633967224210 0.8258685767650604 0
1633967232728 1.017981767654419 0
1633967242315 0.8367773592472076 0
1633967250891 0.7661377787590027 0
1633967259438 0.9609223306179047 0
1633967268003 1.0940544605255127 0
1633967276564 1.0205987691879272 0
1633967285090 1.020901381969452 0
1633967293650 0.6184467226266861 0
1633967302195 0.9163228571414948 0
1633967310805 1.1080560684204102 0
1633967319360 0.7917701303958893 0
1633967328973 1.092979073524475 0
1633967337579 0.6853487491607666 0
1633967346070 0.6422112733125687 0
1633967354561 1.0933310091495514 0
1633967363081 0.7589801549911499 0
1633967371579 0.8378337323665619 0
1633967380085 0.7745333015918732 0
1633967388560 0.5511866211891174 0
1633967397067 0.700616791844368 0
1633967405612 0.5224539786577225 0
1633967415493 0.6659684032201767 0
1633967423959 0.7744988203048706 0
1633967432426 0.6783156543970108 0
1633967440932 0.5723464787006378 0
1633967449441 0.7805103063583374 0
1633967457948 0.6612135469913483 0
1633967466514 0.8816844075918198 0
1633967475020 1.654032677412033 0
1633967483507 0.7186498939990997 0
1633967492036 0.7538245022296906 0
1633967501470 0.5550628304481506 0
1633967510104 0.9486719369888306 0
1633967518644 0.9255217909812927 0
1633967527134 0.8789427578449249 0
1633967535808 0.7984772324562073 0
1633967544304 2.011385917663574 0
1633967552846 0.8877432942390442 0
1633967561407 0.8301954567432404 0
1633967569956 0.5262630879878998 0
1633967578520 0.6215978711843491 0
1633967588044 1.2171450853347778 0
1633967596621 0.8961261212825775 0
1633967605109 1.0515379905700684 0
1633967613670 1.089203268289566 0
1633967622164 2.209550619125366 0
1633967630666 0.9607259035110474 0
1633967639257 0.704779863357544 0
1633967647884 1.4598891735076904 0
1633967656438 0.6175244450569153 0
1633967664971 0.989422619342804 0
1633967674437 1.1188274025917053 0
1633967682955 0.7969444394111633 0
1633967691496 1.6744859218597412 0
1633967700031 0.8721674382686615 0
1633967708645 0.8849179446697235 0
1633967717255 0.8337254375219345 0
1633967725825 0.8018573522567749 0
1633967734309 1.0942548513412476 0
1633967742804 0.6170264482498169 0
1633967751338 0.7470923364162445 0
1633967760823 0.9369202256202698 0
1633967769382 0.8178074657917023 0
1633967777936 0.9796208739280701 0
1633967786461 1.037434160709381 0
1633967794980 0.7192732095718384 0
1633967803450 0.7847913205623627 0
1633967811992 0.8116045445203781 0
1633967820545 0.90779709815979 0
1633967829086 1.2764137983322144 0
1633967837612 0.664449006319046 0
1633967847429 0.6757021993398666 0
1633967856014 0.7968243360519409 0
1633967864570 0.8890743851661682 0
1633967873091 1.097251296043396 0
1633967881613 1.0636115670204163 0
1633967890097 1.2647276520729065 0
1633967898577 1.208984613418579 0
1633967907122 0.833111584186554 0
1633967915628 0.8476675748825073 0
1633967924156 0.6970089673995972 0
1633967933745 0.6474293172359467 0
1633967942345 0.8851508498191833 0
1633967950912 0.8601630330085754 0
1633967959446 0.9929907023906708 0
1633967967937 0.8715681433677673 0
1633967976480 1.330683946609497 0
1633967984991 0.9140451550483704 0
1633967993532 0.696180909872055 0
1633968002095 0.9112556576728821 0
1633968010602 0.8789079487323761 0
1633968020291 0.6328460425138474 0
1633968028840 0.7603868246078491 0
1633968037398 1.0712426602840424 0
1633968046029 0.6713661551475525 0
1633968054573 0.9225102961063385 0
1633968063131 0.7946122884750366 0
1633968071648 1.0283344388008118 0
1633968080150 0.6886844038963318 0
1633968088694 0.874356210231781 0
1633968097244 1.0366807281970978 0
1633968106795 1.1450845003128052 0
1633968115367 0.5641025602817535 0
1633968123889 0.8210680186748505 0
1633968132478 0.6603563725948334 0
1633968141070 0.6471635699272156 0
1633968149607 0.8376047909259796 0
1633968158233 1.2807297706604004 0
1633968166802 0.7199855744838715 0
1633968175341 0.5597819685935974 0
1633968183897 0.8439438343048096 0
1633968193447 0.5021084249019623 0
1633968202002 0.6861110329627991 0
1633968210552 0.5589679777622223 0
1633968219121 0.831708163022995 0
1633968227649 0.9899188280105591 0
1633968236174 0.8433342576026917 0
1633968244757 1.6050049662590027 0
1633968253285 1.7340250611305237 0
1633968261890 0.7386693060398102 0
1633968270437 1.0519659519195557 0
1633968279921 1.105325073003769 0
1633968288497 0.7604638934135437 0
1633968297119 0.7846827208995819 0
1633968305693 1.2846640348434448 0
1633968314212 0.7903997898101807 0
1633968322758 0.923462450504303 0
1633968331304 1.0403483211994171 0
1633968339914 1.0985910892486572 0
1633968348509 0.7950987070798874 0
1633968357103 0.6849116235971451 0
1633968366750 0.9180623888969421 0
1633968375281 1.3312668800354004 0
1633968383837 1.3055758476257324 0
1633968392368 0.9235252737998962 0
1633968400949 0.9158800840377808 0
1633968409563 0.6722371578216553 0
1633968418136 1.071028470993042 0
1633968426725 0.7396920025348663 0
1633968435305 0.9204174876213074 0
1633968443919 0.9309875965118408 0
1633968453489 1.5255926847457886 0
1633968462093 0.6060170829296112 0
1633968470662 0.8188568353652954 0
1633968479287 0.6128616780042648 0
1633968487811 0.6143147051334381 0
1633968496380 0.755851686000824 0
1633968505014 0.6249023973941803 0
1633968513663 1.207757830619812 0
1633968522236 0.54671810567379 0
1633968530741 0.7526811957359314 0
1633968540297 0.9984186291694641 0
1633968548846 1.1037659645080566 0
1633968557433 0.7546603977680206 0
1633968565955 0.9402799010276794 0
1633968574461 0.9963191747665405 0
1633968583016 1.2060201168060303 0
1633968591529 1.0053363740444183 0
1633968600110 0.6826649904251099 0
1633968608677 0.5975322127342224 0
1633968617172 0.9183542728424072 0
1633968626692 0.6476077735424042 0
1633968635215 0.7844110429286957 0
1633968643712 0.7352433502674103 0
1633968652240 1.0197300910949707 0
1633968660746 1.681548833847046 0
1633968669309 1.0679173469543457 0
1633968677828 0.5843169540166855 0
1633968686405 0.7657312750816345 0
1633968694993 0.9236430823802948 0
1633968703536 0.703985869884491 0
1633968713192 0.8039911091327667 0
1633968721742 0.8166457712650299 0
1633968730295 0.834729790687561 0
1633968738822 0.8843003809452057 0
1633968747421 0.7073578238487244 0
1633968755962 1.2556302547454834 0
1633968764562 0.7622625082731247 0
1633968773175 0.6287219822406769 0
1633968781728 0.7009420394897461 0
1633968790421 0.8542964458465576 0
1633968800089 0.9553722441196442 0
1633968808762 0.7602934241294861 0
1633968817348 0.6129280626773834 0
1633968825958 0.8365927934646606 0
1633968834478 0.9737573266029358 0
1633968843022 0.8441449105739594 0
1633968851551 0.7618578970432281 0
1633968860061 0.5982451438903809 0
1633968868612 0.9593580365180969 0
1633968877085 0.5669487416744232 0
1633968887106 0.7316747009754181 0
1633968895734 0.8482177406549454 0
1633968904237 0.6191557347774506 0
1633968912830 0.8651505708694458 0
1633968921339 1.0490318536758423 0
1633968929918 0.6597733497619629 0
1633968938530 0.8202429413795471 0
1633968947107 0.6112766861915588 0
1633968955703 0.8231951296329498 0
1633968964286 0.7295450270175934 0
1633968973818 0.5860699415206909 0
1633968982323 0.713121771812439 0
1633968990801 0.620906800031662 0
1633968999327 0.7891058921813965 0
1633969007857 1.0642586052417755 0
1633969016369 0.8276411592960358 0
1633969024898 0.8698215782642365 0
1633969033435 0.8383890986442566 0
1633969041954 0.45247945189476013 0
1633969050472 1.0717679560184479 0
1633969060000 0.5634411573410034 0
1633969068533 0.5979103744029999 0
1633969077111 0.8007999062538147 0
1633969085683 0.7498873770236969 0
1633969094199 0.530407041311264 0
1633969102733 0.9041243195533752 0
1633969111323 0.6792354583740234 0
1633969119932 0.7276929914951324 0
1633969128451 0.8161593079566956 0
1633969137033 0.6106731295585632 0
1633969146663 0.914493978023529 0
1633969155298 0.6170041859149933 0
1633969163865 0.563011109828949 0
1633969172343 1.1465958654880524 0
1633969180827 0.6811039447784424 0
1633969189326 1.3935537934303284 0
1633969197784 1.2769702672958374 0
1633969206348 0.7944861948490143 0
1633969214884 1.3183771967887878 0
1633969223446 0.7514350414276123 0
1633969232934 0.7198786437511444 0
1633969241485 1.269021213054657 0
1633969250033 1.023758351802826 0
1633969258526 0.7661130428314209 0
1633969267008 0.6912388503551483 0
1633969275509 0.8376938104629517 0
1633969284020 0.5575996041297913 0
1633969292562 0.8910832107067108 0
1633969301100 0.7279900014400482 0
1633969309668 0.7599124014377594 0
1633969319378 0.7888474464416504 0
1633969327949 0.8536028265953064 0
1633969336450 1.0122235417366028 0
1633969344925 0.8861557096242905 0
1633969353437 0.6250621676445007 0
1633969361983 0.9551998674869537 0
1633969370576 0.6987680792808533 0
1633969379166 0.7064338326454163 0
1633969387681 0.7209536582231522 0
1633969396257 0.7504537403583527 0
1633969405866 0.9592496752738953 0
1633969414494 0.7096231877803802 0
1633969422970 0.7517704963684082 0
1633969431604 0.8436765074729919 0
1633969440171 0.7161940634250641 0
1633969448694 0.9524266719818115 0
1633969457267 0.5161228477954865 0
1633969465825 0.5645522773265839 0
1633969474380 0.7431167960166931 0
1633969482875 0.792688325047493 0
1633969492442 0.6983729004859924 0
1633969501025 0.58445605635643 0
1633969509564 0.5895205438137054 0
1633969518056 0.5093470811843872 0
1633969526632 0.8502463400363922 0
1633969535133 0.7695572972297668 0
1633969543682 0.6163467168807983 0
1633969552239 0.9204966425895691 0
1633969560731 0.618650883436203 0
1633969569325 0.6037247478961945 0
1633969578917 0.9086735248565674 0
1633969587550 0.8344391882419586 0
1633969596082 0.6351678371429443 0
1633969604543 0.6436732709407806 0
1633969613125 0.4970723092556 0
1633969621672 1.1372060030698776 0
1633969630238 0.7103888690471649 0
1633969638857 0.7793710231781006 0
1633969647379 0.7629519104957581 0
1633969655968 0.8023999184370041 0
1633969665546 0.7022566199302673 0
1633969674187 0.6899568438529968 0
1633969682736 0.6232590228319168 0
1633969691254 0.7998210340738297 0
1633969699818 0.6659859418869019 0
1633969708427 0.6203598231077194 0
1633969717009 0.6812168806791306 0
1633969725508 0.4728926047682762 0
1633969734042 0.4861598461866379 0
1633969742589 0.9469402134418488 0
1633969752150 0.5233312547206879 0
1633969760730 0.6006456464529037 0
1633969769321 0.6764240860939026 0
1633969777905 0.6150259375572205 0
1633969786472 0.8150043785572052 0
1633969795103 0.48681533336639404 0
1633969803717 0.6950284540653229 0
1633969812286 0.6453486680984497 0
1633969820833 0.5270764231681824 0
1633969829375 0.8991867005825043 0
1633969838895 1.0282097458839417 0
1633969847424 0.5477926731109619 0
1633969855910 0.9131244421005249 0
1633969864421 0.5888330936431885 0
1633969873011 0.7382024824619293 0
1633969881588 0.6370889991521835 0
1633969890183 1.6989521980285645 0
1633969898860 0.4370938092470169 0
1633969907458 0.5489554107189178 0
1633969915998 0.5595784336328506 0
1633969925492 0.8549237251281738 0
1633969934052 0.9980621039867401 0
1633969942581 0.5739165842533112 0
1633969951107 0.500746339559555 0
1633969959678 0.7210943400859833 0
1633969968201 0.684203252196312 0
1633969976781 0.5431929528713226 0
1633969985356 0.6756570339202881 0
1633969993992 0.623727947473526 0
1633970002575 0.7027261257171631 0
1633970012173 1.0009187757968903 0
1633970020765 1.1901607513427734 0
1633970029372 1.0221417546272278 0
1633970037878 0.7476469278335571 0
1633970046411 0.7388086020946503 0
1633970054948 0.7165997922420502 0
1633970063497 0.6147607713937759 0
1633970072067 0.6180268824100494 0
1633970080598 0.5915824472904205 0
1633970089084 0.5297485291957855 0
1633970099185 0.5474770367145538 0
1633970107722 0.91375532746315 0
1633970116239 0.7749221920967102 0
1633970124817 0.5065479278564453 0
1633970133384 0.6393813937902451 0
1633970141931 0.5102058500051498 0
1633970150502 0.6033193618059158 0
1633970159060 0.7878767848014832 0
1633970167641 0.5634273886680603 0
1633970176225 0.72606560587883 0
1633970185802 0.9255063384771347 0
1633970194386 0.6636374592781067 0
1633970202907 0.6981159001588821 0
1633970211440 0.6368488967418671 0
1633970220030 0.5010369718074799 0
1633970228581 0.5776706039905548 0
1633970237112 0.8225678205490112 0
1633970245691 1.294260561466217 0
1633970254323 0.8539945185184479 0
1633970262870 0.49838317930698395 0
1633970272540 0.677151620388031 0
1633970281040 0.6634244918823242 0
1633970289575 0.9374147802591324 0
1633970298144 0.9356499314308167 0
1633970306640 0.6575347483158112 0
1633970315187 0.5148804485797882 0
1633970323759 0.8211751878261566 0
1633970332373 0.5894151329994202 0
1633970340961 1.2487289905548096 0
1633970349565 0.8237820267677307 0
1633970359129 0.7544914782047272 0
1633970367692 0.5270073115825653 0
1633970376235 0.502934142947197 0
1633970384761 0.5495363771915436 0
1633970393282 0.5302408635616302 0
1633970401820 0.6689310669898987 0
1633970410334 0.558097630739212 0
1633970418958 0.5928947031497955 0
1633970427485 0.6430224478244781 0
1633970436091 1.3856901228427887 0
1633970445731 0.6550478935241699 0
1633970454273 0.4557880461215973 0
1633970462867 0.5321844220161438 0
1633970471442 0.6150593459606171 0
1633970480033 1.7883720397949219 0
1633970488615 0.7133412063121796 0
1633970497134 0.6068149656057358 0
1633970505723 0.5784624814987183 0
1633970514274 0.5613069832324982 0
1633970522890 0.7249822318553925 0
1633970532380 0.4314599335193634 0
1633970540953 0.7022674679756165 0
1633970549528 0.6234502494335175 0
1633970558055 0.7103722989559174 0
1633970566591 0.7653539106249809 0
1633970575182 0.874996155500412 0
1633970583764 0.6607129573822021 0
1633970592413 0.6822542548179626 0
1633970600908 0.7766718566417694 0
1633970609384 0.7942206561565399 0
1633970618949 0.6942079961299896 0
1633970627460 0.8138027936220169 0
1633970636033 0.8418371677398682 0
1633970644569 0.8656714856624603 0
1633970653052 0.45726773142814636 0
1633970661639 0.7178797423839569 0
1633970670137 0.7146337032318115 0
1633970678627 0.7136393487453461 0
1633970687208 0.8084421455860138 0
1633970695779 0.6382631212472916 0
1633970705357 1.0295484960079193 0
1633970713899 0.7142188251018524 0
1633970722451 1.2040996551513672 0
1633970731003 1.2136566042900085 0
1633970739594 0.6083990633487701 0
1633970748236 0.49186865985393524 0
1633970756771 1.0141363739967346 0
1633970765308 0.7903183400630951 0
1633970773914 0.8791076242923737 0
1633970782477 0.7377646267414093 0
1633970792039 0.6500501930713654 0
1633970800591 0.7241243571043015 0
1633970809163 0.5850943922996521 0
1633970817734 0.960395485162735 0
1633970826232 0.7610259354114532 0
1633970834720 0.70213183760643 0
1633970843299 0.7360831201076508 0
1633970851798 0.6038925647735596 0
1633970860370 0.6550376415252686 0
1633970868973 0.5708944201469421 0
1633970878464 0.7554026395082474 0
1633970887035 0.6632009148597717 0
1633970895525 0.803582638502121 0
1633970904055 0.5996854901313782 0
1633970912612 0.5764942765235901 0
1633970921128 0.5866986215114594 0
1633970929675 0.8463025987148285 0
1633970938297 0.9231175184249878 0
1633970946894 0.5767199397087097 0
1633970955521 0.8056023567914963 0
1633970965072 0.7561441957950592 0
1633970973596 0.683998167514801 0
1633970982094 0.7142900228500366 0
1633970990528 0.6043132841587067 0
1633970999038 0.6373209953308105 0
1633971007515 0.7397186905145645 0
1633971016037 0.9705574810504913 0
1633971024534 0.6525726020336151 0
1633971033059 0.7808769643306732 0
1633971041562 0.6679139584302902 0
1633971051013 0.6719459593296051 0
1633971059569 0.6446212828159332 0
1633971068130 0.6953250765800476 0
1633971076688 0.8554756939411163 0
1633971085247 0.663767397403717 0
1633971093839 0.8249563276767731 0
1633971102325 0.623946338891983 0
1633971110931 0.5546691715717316 0
1633971119514 0.7152293026447296 0
1633971127988 0.5919417291879654 0
1633971137580 0.8908370733261108 0
1633971146142 1.0719796121120453 0
1633971154705 0.6238711476325989 0
1633971163292 0.6742551028728485 0
1633971171824 0.6675662100315094 0
1633971180385 1.7783306241035461 0
1633971188934 0.36855654418468475 0
1633971197560 0.4813537299633026 0
1633971206093 0.45329052209854126 0
1633971214619 0.8662063181400299 0
1633971224194 0.5458822250366211 0
1633971232723 0.5831613838672638 0
1633971241230 0.6002891361713409 0
1633971249757 0.6598935127258301 0
1633971258261 0.7179221510887146 0
1633971266834 0.5814442038536072 0
1633971275385 0.9347797334194183 0
1633971284022 0.6658583283424377 0
1633971292624 0.6820301711559296 0
1633971301139 0.8114444017410278 0
1633971310692 0.807040274143219 0
1633971319292 0.6474772542715073 0
1633971327875 0.5720469355583191 0
1633971336381 0.6327556371688843 0
1633971344945 0.4925009608268738 0
1633971353566 0.449253648519516 0
1633971362203 0.554727703332901 0
1633971370755 0.49960342049598694 0
1633971379295 0.7828254699707031 0
1633971387842 0.7302099615335464 0
1633971397323 0.6238289773464203 0
1633971405872 1.2487339973449707 0
1633971414469 1.1930346488952637 0
1633971423127 0.4425218403339386 0
1633971431730 0.5313673913478851 0
1633971440271 0.4912629872560501 0
1633971448801 0.7353599071502686 0
1633971457373 0.900566041469574 0
1633971465979 0.7500381767749786 0
1633971474521 0.9326278269290924 0
1633971484335 0.5920182764530182 0
1633971492907 0.648637980222702 0
1633971501438 0.603073850274086 0
1633971509984 0.6388616859912872 0
1633971518526 0.5533831417560577 0
1633971527118 0.7154420912265778 0
1633971535628 0.6292543858289719 0
1633971544196 0.8810063004493713 0
1633971552757 0.6638546288013458 0
1633971561365 0.5428856611251831 0
1633971571882 0.4817279726266861 0
1633971580420 0.6335789859294891 0
1633971588956 0.5987749099731445 0
1633971597502 1.6623411774635315 0
1633971606063 0.6992613971233368 0
1633971614589 0.5786990523338318 0
1633971623192 0.824351966381073 0
1633971631744 0.7374716699123383 0
1633971640326 0.5009934902191162 0
1633971648850 0.47070491313934326 0
1633971658404 0.7756763696670532 0
1633971666944 0.7079635262489319 0
1633971675446 0.5015881508588791 0
1633971684018 0.6158926486968994 0
1633971692589 0.7752905488014221 0
1633971701180 0.7221349477767944 0
1633971709786 0.4517659544944763 0
1633971718374 1.2602932453155518 0
1633971726979 0.704055517911911 0
1633971735602 0.8173842430114746 0
1633971745149 0.6170137673616409 0
1633971753748 0.5488443672657013 0
1633971762287 0.7370944023132324 0
1633971770813 1.3360361605882645 0
1633971779362 0.4975297451019287 0
1633971787971 0.6344806849956512 0
1633971796586 0.5779507160186768 0
1633971805149 0.7317197024822235 0
1633971813705 0.8748834133148193 0
1633971822224 0.7736059725284576 0
1633971831825 0.6840357482433319 0
1633971840389 0.5606814324855804 0
1633971848958 0.7758150696754456 0
1633971857511 1.1693187952041626 0
1633971866040 0.8287191987037659 0
1633971874622 0.6622999310493469 0
1633971883087 0.5421301424503326 0
1633971891636 0.6007607281208038 0
1633971900141 0.5111340284347534 0
1633971908730 0.6621223390102386 0
1633971918139 0.7726708054542542 0
1633971926685 0.5369909107685089 0
1633971935253 0.5351096093654633 0
1633971943820 0.5828282088041306 0
1633971952377 0.4384094625711441 0
1633971960967 0.4992578476667404 0
1633971969559 0.8235962390899658 0
1633971978083 0.4414413273334503 0
1633971986716 0.4722096621990204 0
1633971995273 0.5036121159791946 0
1633972004812 0.5738833099603653 0
1633972013402 1.0713437497615814 0
1633972021992 0.5362472534179688 0
1633972030575 0.5211467891931534 0
1633972039181 0.6183191388845444 0
1633972047744 0.5234937071800232 0
1633972056275 0.5922326445579529 0
1633972064851 0.8634423315525055 0
1633972073435 0.4968101978302002 0
1633972082003 0.4834906905889511 0
1633972091678 0.5657806545495987 0
1633972100192 0.6550300717353821 0
1633972108757 0.6091029942035675 0
1633972117239 0.6636345982551575 0
1633972125765 0.704852283000946 0
1633972134301 0.7369059026241302 0
1633972142756 0.7280056476593018 0
1633972151337 0.6125913858413696 0
1633972159912 0.5235859900712967 0
1633972168635 0.4802437424659729 0
1633972178317 0.5557444840669632 0
1633972186831 0.5090901255607605 0
1633972195429 0.6372302174568176 0
1633972203924 0.8923710882663727 0
1633972212416 0.7760612368583679 0
1633972220956 0.6843722760677338 0
1633972229493 0.5930268466472626 0
1633972238070 0.6192928403615952 0
1633972246648 0.7170487642288208 0
1633972255183 0.501852422952652 0
1633972264705 0.691945344209671 0
1633972273219 0.4681897610425949 0
1633972281749 0.5419323295354843 0
1633972290395 0.6334783583879471 0
1633972299018 0.4092097282409668 0
1633972307619 0.47977782785892487 0
1633972316136 0.7302245497703552 0
1633972324708 0.449529692530632 0
1633972333271 0.6776693314313889 0
1633972341803 1.1667660474777222 0
1633972351631 0.6733817905187607 0
1633972360222 0.6635476052761078 0
1633972368862 0.742867723107338 0
1633972377469 0.812725305557251 0
1633972386003 0.6573372036218643 0
1633972394625 0.5771312713623047 0
1633972403334 0.5338002815842628 0
1633972411815 0.5340467542409897 0
1633972420358 0.6186499148607254 0
1633972428895 0.5685842633247375 0
1633972438605 0.47896111011505127 0
1633972447243 0.6562103927135468 0
1633972455861 0.5350448191165924 0
1633972464461 0.46570101380348206 0
1633972472994 0.7923209369182587 0
1633972481607 0.8208520263433456 0
1633972490149 1.1547890901565552 0
1633972498728 0.6043780148029327 0
1633972507310 0.6475060433149338 0
1633972515957 0.5338679552078247 0
1633972525547 0.6625348627567291 0
1633972534096 0.5633017420768738 0
1633972542621 0.6291725337505341 0
1633972551162 0.9299558997154236 0
1633972559753 0.5150225311517715 0
1633972568256 0.6633768975734711 0
1633972576776 0.49071255326271057 0
1633972585375 0.449605256319046 0
1633972593933 0.5072121769189835 0
1633972602435 0.5944824516773224 0
1633972612027 0.6431972086429596 0
1633972620565 0.6035948097705841 0
1633972629130 0.5032313466072083 0
1633972637662 0.5892600119113922 0
1633972646204 0.8127742409706116 0
1633972654783 0.6062850058078766 0
1633972663316 0.5850768536329269 0
1633972671926 0.6561119854450226 0
1633972680587 0.6602243781089783 0
1633972689129 0.5718120336532593 0
1633972698687 0.6542607843875885 0
1633972707236 0.6414424926042557 0
1633972715777 0.5272599458694458 0
1633972724310 0.7565518021583557 0
1633972732881 0.7906590849161148 0
1633972741371 0.40210770070552826 0
1633972749985 0.9743987321853638 0
1633972758558 0.6171346306800842 0
1633972767148 0.5609389245510101 0
1633972775680 0.5363664627075195 0
1633972785108 0.5166395604610443 0
1633972793756 0.5101162493228912 0
1633972802317 0.5826196372509003 0
1633972810898 0.6749311238527298 0
1633972819462 0.5311020463705063 0
1633972828084 0.6092442870140076 0
1633972836682 0.4911978840827942 0
1633972845299 0.5878177881240845 0
1633972853847 0.8763788342475891 0
1633972862398 0.7741952985525131 0
1633972872119 0.5762700289487839 0
1633972880645 0.45745567977428436 0
1633972889195 0.6034767627716064 0
1633972897757 0.8732692301273346 0
1633972906331 0.5551616251468658 0
1633972914891 0.6145537048578262 0
1633972923474 0.49341699481010437 0
1633972932045 0.6496810019016266 0
1633972940649 0.7434325218200684 0
1633972949286 0.8570352792739868 0
1633972958816 0.6546782851219177 0
1633972967367 0.5470144599676132 0
1633972976386 0.7787121832370758 0
1633972984881 0.5478167533874512 0
1633972993431 0.6802427172660828 0
1633973001954 0.6182192862033844 0
1633973010470 0.442031592130661 0
1633973019001 0.6803410053253174 0
1633973027554 0.7371660768985748 0
1633973036130 0.7282897531986237 0
1633973045679 0.7071951031684875 0
1633973054180 0.7204326391220093 0
1633973062664 0.5937395989894867 0
1633973071264 0.42632797360420227 0
1633973079797 0.8353402614593506 0
1633973088316 0.7082999348640442 0
1633973096938 0.4025571495294571 0
1633973105444 0.5169973522424698 0
1633973114098 0.7816347628831863 0
1633973122649 0.43080998957157135 0
1633973132239 0.7764267921447754 0
1633973140817 0.7050876319408417 0
1633973149361 0.5882865190505981 0
1633973157864 0.5200998187065125 0
1633973166444 0.5405920594930649 0
1633973175014 0.6434925049543381 0
1633973183557 0.6199388802051544 0
1633973192160 0.6550397574901581 0
1633973200717 0.633660763502121 0
1633973209330 0.7478140592575073 0
1633973218996 0.6835470050573349 0
1633973227597 0.6076269149780273 0
1633973236200 0.7924050390720367 0
1633973244742 0.7543473839759827 0
1633973253256 0.6895372271537781 0
1633973261814 0.6644936203956604 0
1633973270335 0.46544475853443146 0
1633973278899 0.6273604333400726 0
1633973287420 0.6674724817276001 0
1633973295963 0.5093169063329697 0
1633973305698 0.49810582399368286 0
1633973314240 1.0322973430156708 0
1633973322774 0.5825161933898926 0
1633973331376 0.41533489525318146 0
1633973339933 0.4312146157026291 0
1633973348504 0.4590064212679863 0
1633973357075 0.7838919907808304 0
1633973365641 0.5513967722654343 0
1633973374249 0.5253109782934189 0
1633973382819 0.49286413192749023 0
1633973393537 0.6738826334476471 0
1633973402055 0.5520498156547546 0
1633973410651 0.7384299486875534 0
1633973419236 0.49641239643096924 0
1633973427727 0.47626304626464844 0
1633973436270 0.5828625857830048 0
1633973444801 0.5252984166145325 0
1633973453378 0.7692195028066635 0
1633973461992 0.4501369893550873 0
1633973470516 0.5568906664848328 0
1633973480076 0.6083217412233353 0
1633973488653 0.6426533758640289 0
1633973497232 0.4940076917409897 0
1633973505789 0.7511695921421051 0
1633973514378 0.48217497766017914 0
1633973522901 0.5379538014531136 0
1633973531438 0.5742286443710327 0
1633973540006 0.5264273285865784 0
1633973548528 0.5470068752765656 0
1633973557073 0.39848722517490387 0
1633973566670 0.7096555531024933 0
1633973575228 0.6122761368751526 0
1633973583715 0.4222704544663429 0
1633973592293 0.6193710267543793 0
1633973600819 0.5522495359182358 0
1633973609357 0.48246584832668304 0
1633973617958 0.5569203197956085 0
1633973626589 0.4125403165817261 0
1633973635164 0.47133541107177734 0
1633973643769 0.5123160183429718 0
1633973653269 0.544875830411911 0
1633973661834 0.8331335484981537 0
1633973670366 0.39843934774398804 0
1633973678901 0.41055504232645035 0
1633973687364 0.5628140866756439 0
1633973695832 0.48367325961589813 0
1633973704294 0.5193881094455719 0
1633973712803 0.6891117691993713 0
1633973721300 0.49437472224235535 0
1633973729780 0.5212840735912323 0
1633973739231 0.5297443717718124 0
1633973747806 0.47568076848983765 0
1633973756363 0.6622503846883774 0
1633973765003 0.5544566959142685 0
1633973773479 0.5016015022993088 0
1633973782089 0.4809856563806534 0
1633973790707 0.5798491537570953 0
1633973799272 0.68598473072052 0
1633973807791 0.6120840758085251 0
1633973816357 0.7860111594200134 0
1633973825943 0.43988314270973206 0
1633973834556 0.4801394045352936 0
1633973843119 0.5573956221342087 0
1633973851601 0.47600194811820984 0
1633973860199 0.829148143529892 0
1633973868782 0.7801095545291901 0
1633973877357 0.6656098514795303 0
1633973885956 0.506066620349884 0
1633973894581 0.7100574970245361 0
1633973903191 0.4121774137020111 0
1633973912834 0.6957640647888184 0
1633973921373 0.39060336351394653 0
1633973929966 0.74929478764534 0
1633973938491 0.44077256321907043 0
1633973947044 0.5124014765024185 0
1633973955594 0.5765959918498993 0
1633973964123 0.494064137339592 0
1633973972684 0.5853948146104813 0
1633973981261 0.9983209669589996 0
1633973989831 0.5930752158164978 0
1633973999400 0.4879072457551956 0
1633974007971 0.49866704642772675 0
1633974016569 0.587000161409378 0
1633974025154 0.44296225160360336 0
1633974033702 0.5929916203022003 0
1633974042176 0.45992694795131683 0
1633974050757 0.579250156879425 0
1633974059311 0.44703684747219086 0
1633974067999 0.5981501042842865 0
1633974076615 0.5763178765773773 0
1633974086228 0.4967312514781952 0
1633974094785 0.6162963211536407 0
1633974103309 0.9589776992797852 0
1633974111883 0.6444374918937683 0
1633974120400 0.6113265752792358 0
1633974129022 0.471935898065567 0
1633974137555 0.45712704956531525 0
1633974146084 0.6515064537525177 0
1633974154646 0.5295512527227402 0
1633974163237 0.476469486951828 0
1633974173012 0.7387297749519348 0
1633974181619 0.4053427428007126 0
1633974190147 0.6418800950050354 0
1633974198632 0.6368255615234375 0
1633974207235 0.5001045614480972 0
1633974215854 0.6682865619659424 0
1633974224507 0.36201678216457367 0
1633974233096 0.4677635431289673 0
1633974241702 0.6089970171451569 0
1633974250298 0.7247607558965683 0
1633974259880 0.5620385408401489 0
1633974268531 0.4913267344236374 0
1633974277116 0.5494284629821777 0
1633974285593 0.6026019155979156 0
1633974294144 0.6183245778083801 0
1633974302805 0.7058374136686325 0
1633974311334 0.7110859900712967 0
1633974319919 0.46118558943271637 0
1633974328529 0.5116873309016228 0
1633974337135 0.5971212983131409 0
1633974346714 0.5160748511552811 0
1633974355337 0.7073041349649429 0
1633974363859 0.4464232325553894 0
1633974372500 1.4536489248275757 0
1633974381019 0.774198904633522 0
1633974389622 0.4905233681201935 0
1633974398223 0.36059363931417465 0
1633974406812 0.9898680746555328 0
1633974415420 0.8103258311748505 0
1633974424066 0.5729398280382156 0
1633974433708 0.6030027717351913 0
1633974442264 0.5386104583740234 0
1633974450828 0.653385579586029 0
1633974459364 0.5248654931783676 0
1633974467891 0.5936132073402405 0
1633974476514 0.5210028141736984 0
1633974485118 0.6455133855342865 0
1633974493651 0.5817476809024811 0
1633974502228 0.41591601073741913 0
1633974510750 0.9142125248908997 0
1633974520269 0.4724052995443344 0
1633974528898 0.488263800740242 0
1633974537459 0.5195456445217133 0
1633974546037 0.42861105501651764 0
1633974554565 0.48340609669685364 0
1633974563114 0.5065336376428604 0
1633974571679 0.4243904799222946 0
1633974580315 0.5955557823181152 0
1633974588786 0.7127724289894104 0
1633974597331 0.566299706697464 0
1633974606825 0.6822423338890076 0
1633974615392 0.44822290539741516 0
1633974623956 0.3776489198207855 0
1633974632456 0.5193239226937294 0
1633974641049 0.5527932643890381 0
1633974649591 0.5490279942750931 0
1633974658224 0.5640658736228943 0
1633974666844 0.6726132035255432 0
1633974675412 0.9148371368646622 0
1633974683958 0.533720076084137 0
1633974693495 0.4847826659679413 0
1633974702070 0.5530345737934113 0
1633974710694 0.741843044757843 0
1633974719298 0.8136257976293564 0
1633974727900 0.6022935509681702 0
1633974736524 0.5015266239643097 0
1633974745209 0.5710142850875854 0
1633974753706 0.5624067336320877 0
1633974762250 0.4887242689728737 0
1633974770780 0.6893059015274048 0
1633974780582 0.4069247245788574 0
1633974789144 1.5256451070308685 0
1633974797753 0.4655728340148926 0
1633974806318 0.5405722558498383 0
1633974814815 0.7675676941871643 0
1633974823444 0.5488766133785248 0
1633974832043 0.5893867313861847 0
1633974840632 0.5340505093336105 0
1633974849215 0.5285704731941223 0
1633974857854 0.6866619884967804 0
1633974867684 0.518188089132309 0
1633974876290 0.5324887186288834 0
1633974884905 0.4975041002035141 0
1633974893448 0.6284520924091339 0
1633974902010 0.597118005156517 0
1633974910578 0.5599161386489868 0
1633974919183 0.46905335038900375 0
1633974927714 0.3278677463531494 0
1633974936270 0.38864368200302124 0
1633974944873 0.6693311929702759 0
1633974954374 0.5022117644548416 0
1633974962936 0.40064722299575806 0
1633974971496 0.4428565055131912 0
1633974980001 0.7209756001830101 0
1633974988582 0.5691468715667725 0
1633974997107 0.5539663583040237 0
1633975005692 0.40465857833623886 0
1633975014248 0.5285777375102043 0
1633975022884 0.38514236360788345 0
1633975031437 0.5879803150892258 0
1633975041010 0.6967613697052002 0
1633975049625 0.6672017872333527 0
1633975058159 0.5772879123687744 0
1633975066762 0.48695454001426697 0
1633975075425 0.4235953837633133 0
1633975083955 0.4122185632586479 0
1633975092539 0.623072937130928 0
1633975101061 0.5933114141225815 0
1633975109737 0.7142019420862198 0
1633975118371 0.637807160615921 0
1633975127906 0.5164179503917694 0
1633975136468 0.5418014153838158 0
1633975145084 0.753388300538063 0
1633975153621 0.875471293926239 0
1633975162195 0.7185371220111847 0
1633975170731 0.43337081372737885 0
1633975179287 0.7369203567504883 0
1633975187885 0.7696667015552521 0
1633975196423 0.6351205259561539 0
1633975205035 0.47759365290403366 0
1633975214660 0.46996641159057617 0
1633975223249 0.49170254170894623 0
1633975231805 0.6080197989940643 0
1633975240323 0.4865804761648178 0
1633975248893 0.4834875166416168 0
1633975257471 0.484716534614563 0
1633975266053 0.4667590260505676 0
1633975274602 0.506466880440712 0
1633975283138 0.4659084230661392 0
1633975291744 0.47651225328445435 0
1633975301284 0.5445598810911179 0
1633975309873 0.47143594920635223 0
1633975318432 0.412805937230587 0
1633975326951 0.5385726392269135 0
1633975335493 0.42346083372831345 0
1633975344066 0.7370767444372177 0
1633975352616 0.5873978585004807 0
1633975361110 0.45614706724882126 0
1633975369650 0.3448314666748047 0
1633975378263 0.4248258173465729 0
1633975387842 0.5268374979496002 0
1633975396414 0.7001196444034576 0
1633975404996 0.4317482262849808 0
1633975413523 0.398619145154953 0
1633975422063 0.7048245519399643 0
1633975430564 0.5914020240306854 0
1633975439166 0.4771650582551956 0
1633975447728 0.5286589562892914 0
1633975456329 0.6223803013563156 0
1633975464888 0.6540805548429489 0
1633975474454 0.42004452645778656 0
1633975482987 0.5708225965499878 0
1633975491510 0.4781942665576935 0
1633975500109 0.5718705058097839 0
1633975508641 0.597478061914444 0
1633975517184 0.43540821969509125 0
1633975525764 0.5183061063289642 0
1633975534247 0.5594723224639893 0
1633975542856 0.7684863060712814 0
1633975551426 0.6130578741431236 0
1633975561000 0.9658394753932953 0
1633975569566 0.7063456103205681 0
1633975578153 0.7577632665634155 0
1633975586756 0.5246284753084183 0
1633975595383 0.5902932733297348 0
1633975603951 0.3989255130290985 0
1633975612466 0.3905230462551117 0
1633975621022 0.45683614909648895 0
1633975629604 0.40547847747802734 0
1633975638170 0.4403785467147827 0
1633975649158 0.44013871997594833 0
1633975657732 0.4628991037607193 0
1633975666292 0.42574265599250793 0
1633975674867 0.7259291112422943 0
1633975683379 0.3756270855665207 0
1633975691878 0.49595409631729126 0
1633975700440 0.35490240156650543 0
1633975709005 0.3800429403781891 0
1633975717611 0.3914974629878998 0
1633975726162 0.47237029671669006 0
1633975735780 0.4055672287940979 0
1633975744357 0.3929046392440796 0
1633975752990 0.41278940439224243 0
1633975761484 0.48851287364959717 0
1633975770056 0.46689583361148834 0
1633975778588 0.4448060914874077 0
1633975787128 0.4083247184753418 0
1633975795720 0.46816299110651016 0
1633975804256 0.43487004190683365 0
1633975812840 0.538323312997818 0
1633975822356 0.3618859648704529 0
1633975830911 0.5024306327104568 0
1633975839395 0.5612169951200485 0
1633975847973 0.42219893634319305 0
1633975856482 0.39330796897411346 0
1633975865006 0.5944572687149048 0
1633975873586 0.3368346244096756 0
1633975882201 0.3631312996149063 0
1633975890812 0.4408792704343796 0
1633975899395 0.4101257026195526 0
1633975909067 0.5958117246627808 0
1633975917681 0.4099092409014702 0
1633975926257 0.4527161717414856 0
1633975934798 0.542100727558136 0
1633975943343 0.4645732641220093 0
1633975951928 0.5473582446575165 0
1633975960493 0.5515925958752632 0
1633975969031 0.5736315548419952 0
1633975977579 0.47855424880981445 0
1633975986132 0.49301695823669434 0
1633975995715 0.4982924908399582 0
1633976004232 0.46563854813575745 0
1633976012753 0.529882475733757 0
1633976021383 0.7531114220619202 0
1633976029971 0.5401235148310661 0
1633976038582 0.33161748200654984 0
1633976047205 0.7132345139980316 0
1633976055796 0.42717093229293823 0
1633976064412 0.5504357218742371 0
1633976072968 0.4243878126144409 0
1633976082450 0.7444290518760681 0
1633976091030 0.3971908837556839 0
1633976099556 0.6625795587897301 0
1633976108050 0.5588355660438538 0
1633976116633 0.627595528960228 0
1633976125176 0.4976288080215454 0
1633976133787 0.5002681910991669 0
1633976142397 0.5847596377134323 0
1633976151027 0.47209227085113525 0
1633976159609 0.3908688426017761 0
1633976169179 0.5635610818862915 0
1633976177772 0.5410599261522293 0
1633976186377 0.4895806983113289 0
1633976194972 0.5425268858671188 0
1633976203492 0.505894124507904 0
1633976212108 0.4818989187479019 0
1633976220615 0.4146977439522743 0
1633976229211 0.7720685005187988 0
1633976237734 0.413753479719162 0
1633976246308 0.3860290125012398 0
1633976255899 0.4019596576690674 0
1633976264462 0.4086899310350418 0
1633976272999 0.4228193759918213 0
1633976281629 0.4696277007460594 0
1633976290188 0.5408815443515778 0
1633976298752 0.5348107218742371 0
1633976307317 0.5843006819486618 0
1633976315868 0.5642924606800079 0
1633976324428 0.5152370631694794 0
1633976332951 0.46370646357536316 0
1633976342515 0.6654263734817505 0
1633976351096 0.5730258226394653 0
1633976359673 0.526430070400238 0
1633976368218 0.45456770062446594 0
1633976376788 0.45601484924554825 0
1633976385245 0.3509964644908905 0
1633976393741 0.371854729950428 0
1633976402218 0.42443981766700745 0
1633976410765 0.5472050905227661 0
1633976419304 0.533910296857357 0
1633976428754 0.8449816554784775 0
1633976437394 0.3903912305831909 0
1633976445963 0.45855697989463806 0
1633976454497 0.4698016047477722 0
1633976463068 0.4271933436393738 0
1633976471590 0.8088597804307938 0
1633976480123 0.42091526091098785 0
1633976488700 0.45348208397626877 0
1633976497255 0.3439187929034233 0
1633976505786 0.6397811472415924 0
1633976515354 0.4438280761241913 0
1633976523936 0.38878288865089417 0
1633976532569 0.6591437309980392 0
1633976541174 0.5460880100727081 0
1633976549763 0.42944852262735367 0
1633976558336 0.5482926815748215 0
1633976566936 0.5199295282363892 0
1633976575510 0.45550985634326935 0
1633976584140 0.31236274540424347 0
1633976592715 0.3723949044942856 0
1633976602430 0.3826697766780853 0
1633976610975 0.5129111409187317 0
1633976619525 0.5683637484908104 0
1633976628028 0.49668167531490326 0
1633976636599 0.37088699638843536 0
1633976645116 0.343280628323555 0
1633976653678 0.5369068086147308 0
1633976662231 0.34356969594955444 0
1633976670826 0.47119393944740295 0
1633976679375 0.5851339399814606 0
1633976688937 0.3731345385313034 0
1633976697483 1.1670991480350494 0
1633976706090 0.35899557173252106 0
1633976714730 0.6206265464425087 0
1633976723291 0.6453404873609543 0
1633976731837 0.4043963626027107 0
1633976740438 0.3961949422955513 0
1633976748999 0.9378235340118408 0
1633976757631 0.38725684583187103 0
1633976766173 0.5594985485076904 0
1633976775745 0.6513182371854782 0
1633976784280 0.41053248196840286 0
1633976792789 0.5772114545106888 0
1633976801399 0.5617637485265732 0
1633976809976 0.39726725220680237 0
1633976818534 0.6334524750709534 0
1633976827129 0.3909982666373253 0
1633976835704 0.48105740547180176 0
1633976844284 0.33891841769218445 0
1633976852888 0.3663232922554016 0
1633976862384 0.43146948516368866 0
1633976871002 0.365607351064682 0
1633976879629 0.5195553079247475 0
1633976888183 0.3929371163249016 0
1633976896800 0.4568483531475067 0
1633976905385 0.4038279801607132 0
1633976913958 0.46466273069381714 0
1633976922505 0.3856194391846657 0
1633976931072 0.33873915672302246 0
1633976939574 0.5962559729814529 0
1633976949235 0.439303919672966 0
1633976957862 0.3526570424437523 0
1633976966439 0.28567638993263245 0
1633976975066 0.4575183391571045 0
1633976983643 0.5548123270273209 0
1633976992230 0.4355129152536392 0
1633977000815 0.6923381090164185 0
1633977009455 0.7015844881534576 0
1633977017981 0.33208995312452316 0
1633977026554 0.3912276327610016 0
1633977036082 0.5755168497562408 0
1633977044631 0.6627273112535477 0
1633977053161 0.37639935314655304 0
1633977061775 0.4909024089574814 0
1633977070351 0.6850511729717255 0
1633977078838 0.4516100287437439 0
1633977087379 0.5124013721942902 0
1633977095956 0.4927418529987335 0
1633977104556 0.48021987080574036 0
1633977113130 0.5055692791938782 0
1633977122727 0.37814976274967194 0
1633977131325 0.32764431834220886 0
1633977139854 0.6343158110976219 0
1633977148444 0.5240387618541718 0
1633977157031 0.505131259560585 0
1633977165580 0.5349814146757126 0
1633977174173 0.4331313520669937 0
1633977182758 0.38888051360845566 0
1633977191394 0.41760604083538055 0
1633977200004 0.5287014245986938 0
1633977209680 0.4324486255645752 0
1633977218248 0.6746851205825806 0
1633977226803 0.5238445997238159 0
1633977235410 0.639309898018837 0
1633977244020 0.581054151058197 0
1633977252582 0.8389308005571365 0
1633977261166 0.34309352189302444 0
1633977269799 0.3820534646511078 0
1633977278377 0.483076274394989 0
1633977286847 0.42879630625247955 0
1633977296319 0.4307642951607704 0
1633977304867 0.5205812007188797 0
1633977313520 0.47460566461086273 0
1633977322112 0.6135099977254868 0
1633977330691 0.602108895778656 0
1633977339294 0.4406316205859184 0
1633977347878 0.5867718756198883 0
1633977356451 0.6321114301681519 0
1633977365094 0.5558768808841705 0
1633977373671 0.40147969126701355 0
1633977383283 0.31607750803232193 0
1633977391850 0.4463213235139847 0
1633977400441 0.7237316370010376 0
1633977409056 0.5445553064346313 0
1633977417715 0.4729784280061722 0
1633977426301 0.4846794083714485 0
1633977434850 0.5935643017292023 0
1633977443504 0.40647752583026886 0
1633977452092 0.6052528992295265 0
1633977460704 0.9709352254867554 0
1633977470280 0.3816720023751259 0
1633977478896 0.528086319565773 0
1633977487499 0.4672778993844986 0
1633977496134 0.36353540420532227 0
1633977504708 0.39978276938199997 0
1633977513255 0.5544598400592804 0
1633977521822 0.616317868232727 0
1633977530413 0.35856522619724274 0
1633977539093 0.5521707981824875 0
1633977547665 0.5564062595367432 0
1633977557212 0.353068508207798 0
1633977565818 0.4477779045701027 0
1633977574341 0.32226891815662384 0
1633977582926 0.6025644689798355 0
1633977591478 0.3567628413438797 0
1633977600016 0.6833842843770981 0
1633977608552 0.47098803520202637 0
1633977617110 0.5143516361713409 0
1633977625670 0.4972517490386963 0
1633977634295 0.4957853630185127 0
1633977643896 0.5381226688623428 0
1633977652439 0.5193703174591064 0
1633977661257 0.5726703703403473 0
1633977669764 0.3476784750819206 0
1633977678333 0.5089973658323288 0
1633977686920 0.3958921656012535 0
1633977695504 0.8531657457351685 0
1633977704123 0.3963720351457596 0
1633977712650 0.5053474754095078 0
1633977721263 0.3814358115196228 0
1633977730836 0.42298704385757446 0
1633977739446 0.5319986343383789 0
1633977748012 0.3462458997964859 0
1633977756615 0.36725617945194244 0
1633977765193 0.3733805865049362 0
1633977773714 0.5210397392511368 0
1633977782278 0.4569191187620163 0
1633977790894 0.39812249690294266 0
1633977799430 0.4445795863866806 0
1633977808056 0.5069633200764656 0
1633977817683 0.3452954441308975 0
1633977826285 0.3830377608537674 0
1633977834869 0.7699266970157623 0
1633977843465 0.5026502907276154 0
1633977852014 0.464553564786911 0
1633977860651 0.3395991623401642 0
1633977869275 0.5029933899641037 0
1633977877935 0.3516879230737686 0
1633977886481 0.48049338161945343 0
1633977895133 0.4006645157933235 0
1633977904827 0.7775766551494598 0
1633977913416 0.32970765233039856 0
1633977921994 0.30681803822517395 0
1633977930601 0.60105299949646 0
1633977939176 0.3592498078942299 0
1633977947782 0.4775571674108505 0
1633977956397 0.425595760345459 0
1633977964897 0.49992241710424423 0
1633977973504 0.3557252138853073 0
1633977982076 0.5632078647613525 0
1633977991655 0.4630493298172951 0
1633978000181 0.35997340083122253 0
1633978008707 0.660570502281189 0
1633978017290 0.6967641115188599 0
1633978025862 0.36258813738822937 0
1633978034429 0.30727584660053253 0
1633978043111 0.3758800998330116 0
1633978051668 0.2946672886610031 0
1633978060254 0.38472597301006317 0
1633978068819 0.28807467222213745 0
1633978078373 0.2980513274669647 0
1633978086941 0.7424290478229523 0
1633978095459 0.561398446559906 0
1633978104005 0.3704966977238655 0
1633978112549 0.41748257726430893 0
1633978121163 0.45239412784576416 0
1633978129728 0.48237065970897675 0
1633978138361 0.40155161172151566 0
1633978146944 0.29556019604206085 0
1633978155523 0.43087902665138245 0
1633978165172 0.41864098608493805 0
1633978173826 0.3953699320554733 0
1633978182602 0.3338116705417633 0
1633978191065 0.377705842256546 0
1633978199693 0.365879662334919 0
1633978208240 0.6723862290382385 0
1633978216797 0.36464203894138336 0
1633978225397 0.5535805821418762 0
1633978233886 0.4468882232904434 0
1633978242491 0.7013049423694611 0
1633978252112 0.45571964979171753 0
1633978260705 0.3532097414135933 0
1633978269285 0.27407896518707275 0
1633978277898 0.586288183927536 0
1633978286470 0.3344450369477272 0
1633978295113 0.4562496244907379 0
1633978303699 0.32806235924363136 0
1633978312300 0.6459408402442932 0
1633978320850 0.4916539043188095 0
1633978329411 0.3829072117805481 0
1633978338978 0.5324253439903259 0
1633978348008 0.3953862711787224 0
1633978356597 0.3893955424427986 0
1633978365163 0.562903642654419 0
1633978373744 0.3398192897439003 0
1633978382345 0.5122629851102829 0
1633978391024 0.41937144100666046 0
1633978399569 0.292226355522871 0
1633978408133 0.5932728052139282 0
1633978416702 0.41622479259967804 0
1633978427969 0.7495236992835999 0
1633978436595 0.41607528179883957 0
1633978445188 0.46223606914281845 0
1633978453712 0.524495542049408 0
1633978462249 0.3976409286260605 0
1633978470834 0.38913195580244064 0
1633978479462 0.29994920641183853 0
1633978488082 0.4236407205462456 0
1633978496644 0.49094414710998535 0
1633978505196 0.4615425616502762 0
1633978514738 0.4376251995563507 0
1633978523258 0.2997617796063423 0
1633978531869 0.41034702956676483 0
1633978540381 0.48040664196014404 0
1633978548968 0.8740304112434387 0
1633978557634 0.4943569228053093 0
1633978566172 0.4263477995991707 0
1633978574794 0.344352051615715 0
1633978583370 0.8851178884506226 0
1633978591945 0.5310430526733398 0
1633978601505 0.3432656228542328 0
1633978610139 0.37624435871839523 0
1633978618771 0.5408330336213112 0
1633978627309 0.3417612910270691 0
1633978635889 0.34410834312438965 0
1633978644498 0.37224436551332474 0
1633978653085 0.3144181817770004 0
1633978661623 0.3446563333272934 0
1633978670177 0.32207709550857544 0
1633978678765 0.46764810383319855 0
1633978688409 0.3076404333114624 0
1633978696960 0.3062504455447197 0
1633978705502 0.5222484096884727 0
1633978714033 0.27831125259399414 0
1633978722558 0.6357763260602951 0
1633978731096 0.3448859602212906 0
1633978739712 0.44242383539676666 0
1633978748364 0.39126236736774445 0
1633978757034 0.5320586860179901 0
1633978765657 0.5946206003427505 0
1633978775539 0.3568450137972832 0
1633978784167 0.5298793166875839 0
1633978792794 0.3927607163786888 0
1633978801342 0.4956660270690918 0
1633978809903 0.41258133947849274 0
1633978818481 0.5369955003261566 0
1633978827095 0.5479889735579491 0
1633978835713 0.40100106596946716 0
1633978844260 0.34761764109134674 0
1633978852876 0.41601045429706573 0
1633978862394 0.3795916885137558 0
1633978870938 0.5666851848363876 0
1633978879481 0.8147681355476379 0
1633978888024 0.36517804861068726 0
1633978896594 0.30797557532787323 0
1633978905124 0.408346951007843 0
1633978913663 0.5472818911075592 0
1633978922241 0.38066697865724564 0
1633978930792 0.30238641798496246 0
1633978939429 0.6065296307206154 0
1633978949021 0.37715980410575867 0
1633978957588 0.35458341240882874 0
1633978966306 0.33756233751773834 0
1633978974917 0.5631840825080872 0
1633978983524 0.4640112370252609 0
1633978992121 0.356455996632576 0
1633979000749 0.3860410377383232 0
1633979009347 0.4685337245464325 0
1633979017901 0.4370722100138664 0
1633979026434 0.40500958263874054 0
1633979036009 0.4032331556081772 0
1633979044627 0.3973630964756012 0
1633979053215 0.28739333897829056 0
1633979061777 0.2830468602478504 0
1633979070330 0.6737379431724548 0
1633979078947 0.4826638251543045 0
1633979087575 0.45828138291835785 0
1633979096200 0.23186469078063965 0
1633979104729 0.3915548250079155 0
1633979113223 0.34776440262794495 0
1633979122716 0.2687966898083687 0
1633979131310 0.4079507738351822 0
1633979139859 0.4044216126203537 0
1633979148497 1.067980170249939 0
1633979157094 0.3984709084033966 0
1633979165758 0.525293380022049 0
1633979174338 0.31563858687877655 0
1633979182993 0.35589006915688515 0
1633979191638 0.5318976938724518 0
1633979200165 0.2604624181985855 0
1633979209685 0.4108755588531494 0
1633979218265 0.3069476932287216 0
1633979226892 0.3900626078248024 0
1633979235418 0.3508005365729332 0
1633979244008 0.7540729939937592 0
1633979252638 0.46928973495960236 0
1633979261157 0.7692520916461945 0
1633979269727 0.30174899101257324 0
1633979278348 0.3626820892095566 0
1633979286930 0.32019228488206863 0
1633979296671 0.3680860698223114 0
1633979305273 0.4733467772603035 0
1633979313869 0.3682403862476349 0
1633979322456 0.33332559466362 0
1633979331007 0.33080510795116425 0
1633979339600 0.4561704322695732 0
1633979348193 0.2871326431632042 0
1633979356782 0.3599040172994137 0
1633979365354 0.37423139810562134 0
1633979373974 0.45173683762550354 0
1633979383636 0.3090869411826134 0
1633979392226 0.34079165756702423 0
1633979400863 0.4075161814689636 0
1633979409416 0.4354198947548866 0
1633979417985 0.5080186426639557 0
1633979426547 0.41318417340517044 0
1633979435115 0.4244808480143547 0
1633979443649 0.456978015601635 0
1633979452280 0.5065727829933167 0
1633979460929 0.46340617537498474 0
1633979470699 0.3613847643136978 0
1633979479289 0.3576972782611847 0
1633979487858 0.33583875000476837 0
1633979496446 0.3041819706559181 0
1633979505056 0.44138558208942413 0
1633979513649 0.345145121216774 0
1633979522263 0.35996322333812714 0
1633979530798 0.5729230493307114 0
1633979539422 0.5212482810020447 0
1633979547950 0.43243855237960815 0
1633979557509 0.31393031775951385 0
1633979566102 0.3228438049554825 0
1633979574687 0.3217383101582527 0
1633979583264 0.4357079640030861 0
1633979591872 0.4837167412042618 0
1633979600492 0.422262579202652 0
1633979609085 0.4122321903705597 0
1633979617674 0.5139401406049728 0
1633979626285 0.4750322923064232 0
1633979634911 0.4404077082872391 0
1633979644542 0.5306571125984192 0
1633979653193 0.5315430760383606 0
1633979661808 0.44170868396759033 0
1633979670358 0.35215967148542404 0
1633979678945 0.4345182627439499 0
1633979687581 0.44084613025188446 0
1633979696308 0.31504683941602707 0
1633979704875 0.4867336004972458 0
1633979713471 0.4633796215057373 0
1633979722076 0.37692228704690933 0
1633979731634 0.45188601315021515 0
1633979740207 0.4006604924798012 0
1633979748741 0.28926029056310654 0
1633979757341 0.40963685512542725 0
1633979765931 0.3695077449083328 0
1633979774543 0.3233189359307289 0
1633979783189 0.34204376861453056 0
1633979791761 0.44210176169872284 0
1633979800336 0.34964918717741966 0
1633979808921 0.4304155707359314 0
1633979818556 0.4471190422773361 0
1633979827071 0.21517830714583397 0
1633979835679 0.6173418164253235 0
1633979844243 0.38647063076496124 0
1633979852829 0.3565951809287071 0
1633979861377 0.7483120262622833 0
1633979869947 0.43687621504068375 0
1633979878528 0.4038761332631111 0
1633979887118 0.46629609167575836 0
1633979895672 0.4282037615776062 0
1633979905238 0.3369481861591339 0
1633979913846 0.6807611584663391 0
1633979922432 0.33956172317266464 0
1633979930981 0.6249813437461853 0
1633979939523 0.46601660549640656 0
1633979948128 0.8209491074085236 0
1633979956705 0.3945460915565491 0
1633979965322 0.42380499839782715 0
1633979973842 0.2781432271003723 0
1633979982353 0.4362633377313614 0
1633979991869 0.39884616434574127 0
1633980000445 0.3768684193491936 0
1633980009068 0.35799913108348846 0
1633980017680 0.3404514789581299 0
1633980026251 0.42790772020816803 0
1633980034900 0.32783858478069305 0
1633980043481 0.3594749942421913 0
1633980052043 0.34288443624973297 0
1633980060660 0.3355700373649597 0
1633980069278 0.3478415459394455 0
1633980078882 0.4599566012620926 0
1633980087508 0.39751677215099335 0
1633980096102 0.42292462289333344 0
1633980104701 0.47969403862953186 0
1633980113260 0.43144889920949936 0
1633980121917 0.4168780818581581 0
1633980130526 0.41619250178337097 0
1633980139143 0.35419389605522156 0
1633980147803 0.3495122939348221 0
1633980156418 0.3232128396630287 0
1633980165976 0.3683712109923363 0
1633980174536 0.39390115439891815 0
1633980183124 0.3478497937321663 0
1633980191800 0.34524426609277725 0
1633980200375 0.3807412385940552 0
1633980208918 0.3243810757994652 0
1633980217514 0.4109356254339218 0
1633980226128 0.49809127300977707 0
1633980234748 0.3008519075810909 0
1633980243348 0.321244940161705 0
1633980252965 0.33680033683776855 0
1633980261544 0.4355033338069916 0
1633980270074 0.6531433537602425 0
1633980278643 0.3336746282875538 0
1633980287234 0.502531386911869 0
1633980295828 0.3981662541627884 0
1633980304400 0.5414847731590271 0
1633980312974 0.37308230996131897 0
1633980321633 0.48790109157562256 0
1633980330308 0.4484945684671402 0
1633980339837 0.30549418926239014 0
1633980348421 0.4110401123762131 0
1633980356960 0.35745512694120407 0
1633980365537 0.4190904051065445 0
1633980374127 0.4243699759244919 0
1633980382766 0.31107010692358017 0
1633980391445 0.4138473719358444 0
1633980400040 0.4875597655773163 0
1633980408742 0.3272939883172512 0
1633980417386 0.343107633292675 0
1633980426954 0.4724867418408394 0
1633980435580 0.4260510355234146 0
1633980444110 0.30454157292842865 0
1633980452702 0.25523874536156654 0
1633980461287 1.06116084754467 0
1633980469854 0.3011644035577774 0
1633980478473 0.37926603108644485 0
1633980487037 0.6146713197231293 0
1633980495626 0.5654891803860664 0
1633980504243 0.47244833409786224 0
1633980513744 0.5148986652493477 0
1633980522268 0.4247865080833435 0
1633980530841 0.4124150276184082 0
1633980539418 0.3352924846112728 0
1633980548015 0.5779047310352325 0
1633980556634 0.38433681428432465 0
1633980565233 0.3998637869954109 0
1633980573835 0.339962899684906 0
1633980582436 0.34224898368120193 0
1633980591057 0.32090938091278076 0
1633980600738 0.32927206158638 0
1633980609315 0.35643064230680466 0
1633980617873 0.25766343623399734 0
1633980626471 0.4713617414236069 0
1633980635037 0.31026653945446014 0
1633980643659 0.4350850284099579 0
1633980652272 0.31361594796180725 0
1633980660838 0.4086935371160507 0
1633980669434 0.3407372273504734 0
1633980678018 0.4681355431675911 0
1633980687631 0.35616955161094666 0
1633980696155 0.5090620219707489 0
1633980704733 0.3817239739000797 0
1633980713322 0.3860940635204315 0
1633980721902 0.3564142435789108 0
1633980730520 0.6398706138134003 0
1633980739050 0.3363826349377632 0
1633980747636 0.3274558410048485 0
1633980756188 0.233211949467659 0
1633980764712 0.34718040376901627 0
1633980774314 0.3186237961053848 0
1633980782901 0.5840985924005508 0
1633980791497 0.4227264076471329 0
1633980800096 0.3835194930434227 0
1633980808658 0.31585970520973206 0
1633980817257 0.5658965408802032 0
1633980825838 0.3854275941848755 0
1633980834426 0.34997621923685074 0
1633980843017 0.3033096045255661 0
1633980851656 0.5726288259029388 0
1633980861319 0.766433596611023 0
1633980869887 0.4121767356991768 0
1633980878539 0.356598898768425 0
1633980887165 0.36702761054039 0
1633980895755 0.38118549436330795 0
1633980904305 0.29281457513570786 0
1633980912858 0.30881305038928986 0
1633980921376 0.3451944813132286 0
1633980929917 0.4207029417157173 0
1633980938460 0.49067992717027664 0
1633980947947 0.35634854435920715 0
1633980956541 0.42318521440029144 0
1633980965062 0.5038178525865078 0
1633980973693 0.3496180474758148 0
1633980982293 0.4179806709289551 0
1633980990867 0.5693802684545517 0
1633980999427 0.3343649134039879 0
1633981008011 0.32706738263368607 0
1633981016604 0.3674186244606972 0
1633981025216 0.3613245040178299 0
1633981034758 0.5944423153996468 0
1633981043354 0.31369880586862564 0
1633981051915 0.4303925558924675 0
1633981060544 0.27130910009145737 0
1633981069112 0.5057535767555237 0
1633981077764 0.46560972929000854 0
1633981086445 0.4343873858451843 0
1633981095047 0.34441035985946655 0
1633981103645 0.4188913106918335 0
1633981112239 0.35191161185503006 0
1633981121931 0.260369174182415 0
1633981130528 0.433590903878212 0
1633981139097 0.39779434353113174 0
1633981147699 0.7712625563144684 0
1633981156287 0.35686735808849335 0
1633981164870 0.39762716740369797 0
1633981173447 0.2649487927556038 0
1633981182019 0.3567422851920128 0
1633981190630 0.302938312292099 0
1633981199179 0.30813536792993546 0
1633981208734 0.44852469116449356 0
1633981217393 0.29753856360912323 0
1633981225980 0.44729846715927124 0
1633981234553 0.33983077108860016 0
1633981243109 0.4506308436393738 0
1633981251720 0.42342379689216614 0
1633981260288 0.2543698251247406 0
1633981268868 0.4256383180618286 0
1633981277457 0.35047730058431625 0
1633981286001 0.380624920129776 0
1633981295549 0.4007449969649315 0
1633981304098 0.2977326139807701 0
1633981312698 0.5174805521965027 0
1633981321302 0.3539079427719116 0
1633981329876 0.4017893150448799 0
1633981338477 0.4048761874437332 0
1633981347111 0.5179839134216309 0
1633981355657 0.3523591160774231 0
1633981364292 0.27178648114204407 0
1633981372893 0.30042605847120285 0
1633981382385 0.5033378079533577 0
1633981390976 0.5029228404164314 0
1633981399568 0.2382931187748909 0
1633981408227 0.3434118553996086 0
1633981416870 0.3265637531876564 0
1633981425497 0.3550928235054016 0
1633981434122 0.4097665101289749 0
1633981442692 0.7312612235546112 0
1633981451254 0.27683432400226593 0
1633981459820 0.36241593211889267 0
1633981469504 0.25818057358264923 0
1633981478099 0.3046981655061245 0
1633981486692 0.4188908487558365 0
1633981495245 0.38520708680152893 0
1633981503852 0.32270827144384384 0
1633981512557 0.3786982297897339 0
1633981521086 0.4437200576066971 0
1633981529719 0.2663923278450966 0
1633981538335 0.2534688636660576 0
1633981546864 0.41539841890335083 0
1633981556525 0.3188711926341057 0
1633981565163 0.49582314863801 0
1633981573787 0.29495715349912643 0
1633981582326 0.5893983468413353 0
1633981590910 0.3135751932859421 0
1633981599494 0.39130961894989014 0
1633981608081 0.2311129868030548 0
1633981616648 0.32982589304447174 0
1633981625253 0.32408221811056137 0
