1633964187365 5.854392051696777 0
1633964239135 1.1468942165374756 0
1633964248170 1.7274277210235596 0
1633964257133 1.8968799114227295 0
1633964266312 1.9442484378814697 0
1633964275266 0.9189872741699219 0
1633964284115 1.5471973419189453 0
1633964292947 1.0268514156341553 0
1633964301801 1.5425044298171997 0
1633964310578 1.761225700378418 0
1633964319416 1.0260965824127197 0
1633964329312 1.5639851093292236 0
1633964338131 1.5626775026321411 0
1633964347248 0.6550465822219849 0
1633964356159 0.7588886618614197 0
1633964365323 0.8187930583953857 0
1633964374166 1.2761949300765991 0
1633964383360 0.6522219181060791 0
1633964392434 0.7022175788879395 0
1633964401280 1.503434658050537 0
1633964410276 1.657151460647583 0
1633964420446 0.867082953453064 0
1633964429367 1.058815836906433 0
1633964438247 1.2234728336334229 0
1633964447165 0.8740084767341614 0
1633964456021 2.2249388694763184 0
1633964464867 0.4932917654514313 0
1633964473546 0.7811315059661865 0
1633964482248 1.7005562782287598 0
1633964490991 1.7507610321044922 0
1633964499693 1.138105869293213 0
1633964509446 1.217603325843811 0
1633964518241 1.5754964351654053 0
1633964526919 0.9039100408554077 0
1633964535658 2.308483600616455 0
1633964544366 0.65583735704422 0
1633964553063 0.8925410509109497 0
1633964561805 0.4422464370727539 0
1633964570478 0.594316840171814 0
1633964579152 0.5351659059524536 0
1633964587874 1.1210561990737915 0
1633964597653 1.0166611671447754 0
1633964606328 0.9159506559371948 0
1633964615345 1.2847695350646973 0
1633964623999 1.3575408458709717 0
1633964632639 1.1267647743225098 0
1633964641386 0.8183833956718445 0
1633964650096 0.9844931364059448 0
1633964658850 0.41136786341667175 0
1633964667518 0.49679672718048096 0
1633964676266 1.1447473764419556 0
1633964685996 1.0536720752716064 0
1633964694675 0.7550194263458252 0
1633964703358 1.2961220741271973 0
1633964712087 0.40624678134918213 0
1633964720853 0.5929940938949585 0
1633964729566 1.0410295724868774 0
1633964738214 0.9336559772491455 0
1633964746922 0.507282555103302 0
1633964755617 0.8271083235740662 0
1633964764382 0.9427049160003662 0
1633964774095 0.5515618324279785 0
1633964782835 0.7231270670890808 0
1633964791516 0.6220442056655884 0
1633964800179 1.6314047574996948 0
1633964808876 0.6143087148666382 0
1633964817529 1.0666321516036987 0
1633964826254 0.3326948881149292 0
1633964834924 0.5436595678329468 0
1633964843633 0.6384598612785339 0
1633964852334 0.349648118019104 0
1633964862110 0.5183248519897461 0
1633964870812 1.160618782043457 0
1633964879506 0.32822251319885254 0
1633964888229 1.2127658128738403 0
1633964896925 0.7543056011199951 0
1633964905598 0.3729987144470215 0
1633964914280 0.5656208992004395 0
1633964922978 0.799433708190918 0
1633964931610 0.836090087890625 0
1633964940360 0.9007894992828369 0
1633964950075 1.1013411283493042 0
1633964958826 0.400749146938324 0
1633964967523 0.4587906002998352 0
1633964976193 0.4602893590927124 0
1633964984904 1.2071778774261475 0
1633964993608 1.0152207612991333 0
1633965002317 0.6164166331291199 0
1633965011039 0.854077935218811 0
1633965019736 0.6950552463531494 0
1633965028420 0.6054445505142212 0
1633965038135 1.24570631980896 0
1633965046908 0.24564921855926514 0
1633965055637 1.5381889343261719 0
1633965064386 0.36089810729026794 0
1633965073116 0.8979942798614502 0
1633965081838 0.7399069666862488 0
1633965090472 0.3375261425971985 0
1633965099178 0.5221074223518372 0
1633965107940 1.6262234449386597 0
1633965116717 0.22550097107887268 0
1633965126470 1.1340306997299194 0
1633965135154 0.5533890724182129 0
1633965143828 0.5432744026184082 0
1633965152562 1.7884522676467896 0
1633965161346 0.39159929752349854 0
1633965170060 0.31578147411346436 0
1633965178739 0.8652710318565369 0
1633965187452 0.3998251259326935 0
1633965196186 0.7592802047729492 0
1633965204891 0.5545694828033447 0
1633965214693 0.49824637174606323 0
1633965223423 0.429714560508728 0
1633965232181 0.8757250308990479 0
1633965240956 0.6039401888847351 0
1633965249775 0.6054747104644775 0
1633965258528 0.5393072962760925 0
1633965267269 0.5635607242584229 0
1633965276038 0.548430323600769 0
1633965284822 1.5197235345840454 0
1633965293573 0.6793379783630371 0
1633965303407 0.42471930384635925 0
1633965312252 0.8852376937866211 0
1633965321025 0.33563974499702454 0
1633965329786 0.6058521270751953 0
1633965338592 0.4671589732170105 0
1633965347372 0.4673383831977844 0
1633965356200 0.4036623537540436 0
1633965365007 0.3015722334384918 0
1633965373741 0.28393450379371643 0
1633965382504 1.1998066902160645 0
1633965392297 0.9040086269378662 0
1633965401061 0.7733395099639893 0
1633965409873 0.7717587947845459 0
1633965418637 0.24407826364040375 0
1633965427410 0.5306007862091064 0
1633965436150 0.5998734831809998 0
1633965444953 0.3783704340457916 0
1633965453790 0.3109704852104187 0
1633965462572 1.0524699687957764 0
1633965471461 0.28846827149391174 0
1633965481246 1.4218591451644897 0
1633965489983 0.4201902449131012 0
1633965498783 0.3564416170120239 0
1633965507536 0.4730549454689026 0
1633965516312 1.9892785549163818 0
1633965525086 0.8159388303756714 0
1633965533886 0.4581221342086792 0
1633965542646 0.3634660243988037 0
1633965551423 0.5421894788742065 0
1633965560291 0.48417624831199646 0
1633965569966 0.4998284578323364 0
1633965578729 0.5068081617355347 0
1633965587482 0.8837088942527771 0
1633965596278 0.49428611993789673 0
1633965605060 0.44546985626220703 0
1633965613842 0.49720674753189087 0
1633965622610 1.1183534860610962 0
1633965631421 0.48544347286224365 0
1633965640257 0.34229129552841187 0
1633965649027 0.5258424282073975 0
1633965658789 0.5725497007369995 0
1633965667605 0.5292134881019592 0
1633965676320 0.6636228561401367 0
1633965685139 0.29450201988220215 0
1633965693896 0.5655723214149475 0
1633965702673 0.6124087572097778 0
1633965711377 1.031733751296997 0
1633965720157 0.49670204520225525 0
1633965728889 0.7686797380447388 0
1633965737578 0.6729859113693237 0
1633965747346 0.6927235126495361 0
1633965756059 0.5107940435409546 0
1633965764752 0.732149600982666 0
1633965773475 0.45795732736587524 0
1633965782259 0.2830961048603058 0
1633965791033 0.3881243169307709 0
1633965799858 0.42954593896865845 0
1633965808645 0.33468931913375854 0
1633965817369 0.8250096440315247 0
1633965826151 0.3099920153617859 0
1633965835913 0.4601077437400818 0
1633965844663 0.6235125660896301 0
1633965853610 0.298801064491272 0
1633965862378 0.5801899433135986 0
1633965871108 0.526647686958313 0
1633965879880 0.6004002094268799 0
1633965888739 0.4213973879814148 0
1633965897539 1.1689053773880005 0
1633965906352 0.22973954677581787 0
1633965915185 0.2062000334262848 0
1633965924964 0.517314612865448 0
1633965933807 0.23669865727424622 0
1633965942563 0.29097622632980347 0
1633965951350 0.3043024241924286 0
1633965960095 0.8890923857688904 0
1633965968876 0.7522749304771423 0
1633965977620 0.29912135004997253 0
1633965986421 0.6215891242027283 0
1633965995184 0.4545285701751709 0
1633966003953 0.6227428317070007 0
1633966013713 0.3890755772590637 0
1633966022526 0.34723198413848877 0
1633966031430 0.31180641055107117 0
1633966040162 0.21523430943489075 0
1633966048960 0.4879397749900818 0
1633966057707 0.286765992641449 0
1633966066484 0.45721811056137085 0
1633966075225 0.3584904074668884 0
1633966083998 0.719480574131012 0
1633966092748 0.6757574677467346 0
1633966102904 0.5059725046157837 0
1633966111642 0.2997089624404907 0
1633966120416 0.7020337581634521 0
1633966129214 0.5823005437850952 0
1633966137911 0.3759116530418396 0
1633966146691 0.35457906126976013 0
1633966155502 0.7131789922714233 0
1633966164213 0.37790852785110474 0
1633966172947 0.5922083854675293 0
1633966181754 0.39372962713241577 0
1633966191636 0.8505492210388184 0
1633966200498 0.507590115070343 0
1633966209342 0.506394624710083 0
1633966218105 0.4222210645675659 0
1633966226882 0.4590004086494446 0
1633966235665 0.5708357095718384 0
1633966244409 0.5801833868026733 0
1633966253163 0.572037935256958 0
1633966261982 0.5397033095359802 0
1633966270767 0.45464760065078735 0
1633966280551 0.6633578538894653 0
1633966289307 0.6746543645858765 0
1633966298080 0.48881107568740845 0
1633966306844 0.5078321099281311 0
1633966315666 0.5400112271308899 0
1633966324421 0.6407390832901001 0
1633966333223 0.7581920623779297 0
1633966342002 0.3729865550994873 0
1633966350841 0.30641958117485046 0
1633966359593 0.4456999599933624 0
1633966369392 0.6064741015434265 0
1633966378144 0.7780765891075134 0
1633966387032 0.6540781259536743 0
1633966395831 0.3780340850353241 0
1633966404587 0.20469725131988525 0
1633966413393 0.7709842324256897 0
1633966422173 0.7048001885414124 0
1633966430970 0.31770867109298706 0
1633966439676 0.556276261806488 0
1633966448428 0.44239556789398193 0
1633966458506 0.36556753516197205 0
1633966467211 0.29376086592674255 0
1633966475949 0.4993460774421692 0
1633966484663 0.4335322976112366 0
1633966493369 0.5839798450469971 0
1633966501921 0.512800931930542 0
1633966510445 0.5303136706352234 0
1633966518975 0.28361618518829346 0
1633966527510 0.37076884508132935 0
1633966535973 0.28714117407798767 0
1633966545460 0.36723971366882324 0
1633966553989 0.3121516704559326 0
1633966562533 0.6191602349281311 0
1633966571177 0.24897173047065735 0
1633966579810 0.5471372604370117 0
1633966588347 0.5151997804641724 0
1633966596958 0.3551313877105713 0
1633966605702 0.33121204376220703 0
1633966614724 0.1524912565946579 0
1633966623326 0.28654080629348755 0
1633966633066 0.5605520009994507 0
1633966641639 0.18514198064804077 0
1633966650166 0.27897483110427856 0
1633966658681 0.23333331942558289 0
1633966667231 0.43778181076049805 0
1633966675763 0.6611342430114746 0
1633966684332 0.5447068214416504 0
1633966692830 0.16245155036449432 0
1633966701360 0.3042317032814026 0
1633966709928 0.2814837694168091 0
1633966719564 0.6507998704910278 0
1633966728154 0.2396770566701889 0
1633966736655 0.37015900015830994 0
1633966745165 0.23405325412750244 0
1633966753687 0.46796828508377075 0
1633966762176 0.4696205258369446 0
1633966770758 0.27057233452796936 0
1633966779279 0.4232867956161499 0
1633966787801 0.24148210883140564 0
1633966796381 0.3468437194824219 0
1633966805926 0.5484523773193359 0
1633966814455 0.3439127206802368 0
1633966822960 0.4761529564857483 0
1633966831494 0.6371428966522217 0
1633966839987 0.585295557975769 0
1633966848573 0.47569167613983154 0
1633966857092 0.25116172432899475 0
1633966865668 0.49672839045524597 0
1633966874281 0.22548004984855652 0
1633966882816 0.5967614054679871 0
1633966892374 0.35024887323379517 0
1633966900912 0.5319034457206726 0
1633966909461 0.23774586617946625 0
1633966917991 0.2920524775981903 0
1633966926504 0.5282542109489441 0
1633966935047 0.4572370648384094 0
1633966943566 0.23149698972702026 0
1633966952095 0.14582639932632446 0
1633966960605 0.3931906223297119 0
1633966969136 0.21505486965179443 0
1633966978642 0.49743127822875977 0
1633966987219 0.811962366104126 0
1633966995831 0.3596597909927368 0
1633967004426 0.3533118963241577 0
1633967013390 0.38563039898872375 0
1633967023193 0.3714778423309326 0
1633967032351 0.48686325550079346 0
1633967041104 0.2602742314338684 0
1633967049981 0.5315233469009399 0
1633967058763 0.34066036343574524 0
1633967068904 0.3215773403644562 0
1633967077828 0.21588212251663208 0
1633967086560 0.22975876927375793 0
1633967095131 0.2553984522819519 0
1633967103647 0.18675491213798523 0
1633967112114 0.36492908000946045 0
1633967120626 0.1747676581144333 0
1633967129223 0.48420292139053345 0
1633967137741 0.2368989884853363 0
1633967146260 0.5354174375534058 0
1633967155677 0.21065878868103027 0
1633967164247 0.30634692311286926 0
1633967172813 0.2821483612060547 0
1633967181344 0.5122175812721252 0
1633967189895 0.227678120136261 0
1633967198463 0.23266267776489258 0
1633967207060 0.28827548027038574 0
1633967215699 0.17492222785949707 0
1633967224215 0.21057060360908508 0
1633967232734 0.4096200466156006 0
1633967242321 0.22403988242149353 0
1633967250896 0.286871075630188 0
1633967259444 0.20351335406303406 0
1633967268009 0.5155761241912842 0
1633967276570 0.5322157740592957 0
1633967285095 0.4309160113334656 0
1633967293656 0.17331190407276154 0
1633967302200 0.2483537495136261 0
1633967310811 0.6697729825973511 0
1633967319365 0.2512827217578888 0
1633967328979 0.4264320135116577 0
1633967337584 0.17267560958862305 0
1633967346076 0.20370154082775116 0
1633967354566 0.42165425419807434 0
1633967363087 0.3759005665779114 0
1633967371584 0.3870147168636322 0
1633967380090 0.416538268327713 0
1633967388565 0.27304187417030334 0
1633967397073 0.1373259574174881 0
1633967405617 0.14948679506778717 0
1633967415499 0.1765182465314865 0
1633967423964 0.424557626247406 0
1633967432432 0.15799446403980255 0
1633967440937 0.23229476809501648 0
1633967449446 0.3317711353302002 0
1633967457953 0.20010817050933838 0
1633967466519 0.15062443912029266 0
1633967475025 0.40643510222435 0
1633967483513 0.1695024073123932 0
1633967492041 0.16491135954856873 0
1633967501475 0.21715474128723145 0
1633967510109 0.19902580976486206 0
1633967518649 0.4236360788345337 0
1633967527139 0.46570417284965515 0
1633967535813 0.17526477575302124 0
1633967544309 1.257275938987732 0
1633967552851 0.29088103771209717 0
1633967561413 0.24712100625038147 0
1633967569962 0.15740185976028442 0
1633967578525 0.1470419317483902 0
1633967588049 0.49236875772476196 0
1633967596627 0.4458000659942627 0
1633967605115 0.5204750299453735 0
1633967613675 0.46025827527046204 0
1633967622169 1.6769461631774902 0
1633967630671 0.3755568861961365 0
1633967639262 0.23017501831054688 0
1633967647889 0.9638189077377319 0
1633967656444 0.21822622418403625 0
1633967664977 0.4237446188926697 0
1633967674442 0.4583846926689148 0
1633967682960 0.3373793363571167 0
1633967691501 1.1381678581237793 0
1633967700036 0.26897189021110535 0
1633967708650 0.23284968733787537 0
1633967717260 0.1916503757238388 0
1633967725831 0.3197633624076843 0
1633967734314 0.3789057731628418 0
1633967742809 0.27836892008781433 0
1633967751344 0.18985512852668762 0
1633967760828 0.34125959873199463 0
1633967769387 0.25721749663352966 0
1633967777941 0.5077579021453857 0
1633967786467 0.2174733281135559 0
1633967794986 0.16734224557876587 0
1633967803456 0.4104827642440796 0
1633967811997 0.1397123783826828 0
1633967820551 0.37989431619644165 0
1633967829091 0.6214680671691895 0
1633967837618 0.2897430956363678 0
1633967847434 0.18967323005199432 0
1633967856020 0.4153892397880554 0
1633967864575 0.3525664806365967 0
1633967873096 0.5009307861328125 0
1633967881618 0.414469838142395 0
1633967890103 0.4956356883049011 0
1633967898583 0.5954722166061401 0
1633967907127 0.3313055634498596 0
1633967915633 0.4535070061683655 0
1633967924162 0.3334313929080963 0
1633967933751 0.2101556658744812 0
1633967942350 0.5783556699752808 0
1633967950918 0.33931297063827515 0
1633967959452 0.23754891753196716 0
1633967967943 0.3791247308254242 0
1633967976486 0.6407102346420288 0
1633967984996 0.4247288405895233 0
1633967993537 0.22474107146263123 0
1633968002100 0.47474586963653564 0
1633968010607 0.4360368251800537 0
1633968020296 0.18160490691661835 0
1633968028845 0.4024321436882019 0
1633968037404 0.3927457630634308 0
1633968046035 0.24675703048706055 0
1633968054578 0.44413089752197266 0
1633968063137 0.34193211793899536 0
1633968071654 0.6896038055419922 0
1633968080155 0.27475595474243164 0
1633968088700 0.44666898250579834 0
1633968097250 0.5410439372062683 0
1633968106801 0.3543180823326111 0
1633968115372 0.25313329696655273 0
1633968123895 0.3748096823692322 0
1633968132484 0.1601804792881012 0
1633968141075 0.3214477300643921 0
1633968149612 0.23875710368156433 0
1633968158239 0.5256904363632202 0
1633968166808 0.27681735157966614 0
1633968175346 0.17127585411071777 0
1633968183902 0.2870355248451233 0
1633968193453 0.16059693694114685 0
1633968202007 0.328350305557251 0
1633968210557 0.22647908329963684 0
1633968219127 0.2722168266773224 0
1633968227654 0.4764068126678467 0
1633968236180 0.2655564546585083 0
1633968244763 0.38799041509628296 0
1633968253290 0.49248307943344116 0
1633968261896 0.3136792480945587 0
1633968270442 0.42644137144088745 0
1633968279926 0.42309996485710144 0
1633968288502 0.357563853263855 0
1633968297124 0.2907150089740753 0
1633968305698 0.8061459064483643 0
1633968314218 0.2946503460407257 0
1633968322763 0.47864609956741333 0
1633968331309 0.40424779057502747 0
1633968339920 0.4786364436149597 0
1633968348514 0.2445300668478012 0
1633968357108 0.1586870700120926 0
1633968366755 0.3338581919670105 0
1633968375287 0.4527183771133423 0
1633968383842 0.8878534436225891 0
1633968392374 0.4715205430984497 0
1633968400954 0.5070800185203552 0
1633968409568 0.2770043909549713 0
1633968418141 0.5533385276794434 0
1633968426730 0.2733362019062042 0
1633968435310 0.2954954504966736 0
1633968443924 0.48399752378463745 0
1633968453494 0.862395167350769 0
1633968462099 0.3155369162559509 0
1633968470667 0.42697083950042725 0
1633968479292 0.20864032208919525 0
1633968487816 0.2980016767978668 0
1633968496386 0.34307634830474854 0
1633968505019 0.22544550895690918 0
1633968513668 0.6637049913406372 0
1633968522241 0.1595127433538437 0
1633968530747 0.2610306441783905 0
1633968540302 0.24493873119354248 0
1633968548851 0.6706619262695312 0
1633968557438 0.3263888359069824 0
1633968565960 0.5281654000282288 0
1633968574467 0.26838219165802 0
1633968583022 0.7211477756500244 0
1633968591534 0.4248735010623932 0
1633968600115 0.2570423483848572 0
1633968608682 0.23136019706726074 0
1633968617177 0.2609351873397827 0
1633968626698 0.2853531241416931 0
1633968635219 0.2792711555957794 0
1633968643718 0.2913736402988434 0
1633968652246 0.29316580295562744 0
1633968660751 1.0303348302841187 0
1633968669314 0.5644230842590332 0
1633968677834 0.234282448887825 0
1633968686412 0.2889692783355713 0
1633968694998 0.4500959515571594 0
1633968703541 0.3362760543823242 0
1633968713197 0.40179532766342163 0
1633968721747 0.283320814371109 0
1633968730301 0.32579803466796875 0
1633968738827 0.25325682759284973 0
1633968747426 0.3194788098335266 0
1633968755968 0.5774714946746826 0
1633968764568 0.2169542759656906 0
1633968773180 0.271243691444397 0
1633968781733 0.20118075609207153 0
1633968790426 0.22760403156280518 0
1633968800095 0.4694780111312866 0
1633968808768 0.29247021675109863 0
1633968817353 0.25801077485084534 0
1633968825963 0.2162722945213318 0
1633968834483 0.36915695667266846 0
1633968843027 0.3783150017261505 0
1633968851556 0.3675198554992676 0
1633968860066 0.1845727562904358 0
1633968868618 0.4404881000518799 0
1633968877091 0.25188615918159485 0
1633968887111 0.3460848331451416 0
1633968895739 0.2357359081506729 0
1633968904243 0.187590092420578 0
1633968912836 0.40986424684524536 0
1633968921345 0.6290832161903381 0
1633968929923 0.30800753831863403 0
1633968938535 0.4335707426071167 0
1633968947112 0.26557886600494385 0
1633968955708 0.2107745110988617 0
1633968964291 0.20968958735466003 0
1633968973823 0.251420259475708 0
1633968982328 0.18079251050949097 0
1633968990806 0.22083771228790283 0
1633968999333 0.2977726459503174 0
1633969007863 0.37536653876304626 0
1633969016374 0.3370228409767151 0
1633969024903 0.40306273102760315 0
1633969033440 0.3087417483329773 0
1633969041960 0.1922653615474701 0
1633969050478 0.694253146648407 0
1633969060006 0.18855172395706177 0
1633969068538 0.2861318588256836 0
1633969077117 0.3734360635280609 0
1633969085688 0.20413431525230408 0
1633969094204 0.21926715970039368 0
1633969102739 0.5101364254951477 0
1633969111328 0.15791058540344238 0
1633969119937 0.30150076746940613 0
1633969128456 0.34632623195648193 0
1633969137038 0.27184543013572693 0
1633969146669 0.34964585304260254 0
1633969155304 0.20068538188934326 0
1633969163871 0.17684060335159302 0
1633969172348 0.4147464334964752 0
1633969180832 0.30358827114105225 0
1633969189332 0.4840490221977234 0
1633969197790 0.6045625805854797 0
1633969206353 0.3531957268714905 0
1633969214890 0.9969760179519653 0
1633969223451 0.35999637842178345 0
1633969232939 0.2690832018852234 0
1633969241511 0.48249316215515137 0
1633969250038 0.5731526017189026 0
1633969258532 0.21047747135162354 0
1633969267014 0.24765267968177795 0
1633969275515 0.319466769695282 0
1633969284025 0.1604311466217041 0
1633969292567 0.34952208399772644 0
1633969301105 0.21266630291938782 0
1633969309674 0.15743222832679749 0
1633969319383 0.4200515151023865 0
1633969327955 0.3127521872520447 0
1633969336456 0.3150666356086731 0
1633969344931 0.24353204667568207 0
1633969353442 0.21965983510017395 0
1633969361988 0.3276234567165375 0
1633969370582 0.3011932969093323 0
1633969379171 0.24328693747520447 0
1633969387686 0.17674721777439117 0
1633969396262 0.3327484428882599 0
1633969405872 0.4246562719345093 0
1633969414500 0.15080931782722473 0
1633969422975 0.21057456731796265 0
1633969431609 0.2742975950241089 0
1633969440177 0.2709132134914398 0
1633969448699 0.5156922340393066 0
1633969457273 0.1701458990573883 0
1633969465830 0.16996440291404724 0
1633969474385 0.26224637031555176 0
1633969482880 0.24882806837558746 0
1633969492448 0.26753976941108704 0
1633969501031 0.23454275727272034 0
1633969509569 0.26935553550720215 0
1633969518062 0.21785765886306763 0
1633969526637 0.5298618078231812 0
1633969535138 0.2552933096885681 0
1633969543688 0.19862228631973267 0
1633969552244 0.44133836030960083 0
1633969560737 0.2762526571750641 0
1633969569330 0.26687994599342346 0
1633969578922 0.2151498794555664 0
1633969587555 0.1861650049686432 0
1633969596087 0.24759423732757568 0
1633969604548 0.275069922208786 0
1633969613130 0.16684573888778687 0
1633969621677 0.18623022735118866 0
1633969630243 0.25746747851371765 0
1633969638862 0.3607509136199951 0
1633969647385 0.25119757652282715 0
1633969655974 0.22222302854061127 0
1633969665552 0.17755138874053955 0
1633969674192 0.2832181453704834 0
1633969682742 0.1313425451517105 0
1633969691260 0.16284115612506866 0
1633969699823 0.3001658320426941 0
1633969708432 0.22807203233242035 0
1633969717015 0.17311887443065643 0
1633969725514 0.10998084396123886 0
1633969734047 0.19641803205013275 0
1633969742594 0.2978837788105011 0
1633969752155 0.18040767312049866 0
1633969760735 0.15042804181575775 0
1633969769326 0.3492732048034668 0
1633969777911 0.24708589911460876 0
1633969786477 0.2885418236255646 0
1633969795108 0.1740894317626953 0
1633969803722 0.3066142499446869 0
1633969812291 0.2684122920036316 0
1633969820839 0.1786211133003235 0
1633969829380 0.46778404712677 0
1633969838900 0.4430868625640869 0
1633969847429 0.19713294506072998 0
1633969855916 0.3586617112159729 0
1633969864426 0.1656569242477417 0
1633969873017 0.2867415249347687 0
1633969881594 0.15903763473033905 0
1633969890189 1.1829363107681274 0
1633969898865 0.12770377099514008 0
1633969907464 0.19226080179214478 0
1633969916003 0.15464259684085846 0
1633969925497 0.35925573110580444 0
1633969934058 0.3833366930484772 0
1633969942586 0.1607804298400879 0
1633969951113 0.19238528609275818 0
1633969959684 0.1262647807598114 0
1633969968206 0.1684342473745346 0
1633969976786 0.17109957337379456 0
1633969985361 0.28486576676368713 0
1633969993997 0.16845044493675232 0
1633970002580 0.21851998567581177 0
1633970012179 0.5115830898284912 0
1633970020770 0.8093398809432983 0
1633970029377 0.4291107654571533 0
1633970037884 0.3205372095108032 0
1633970046416 0.3575264811515808 0
1633970054953 0.32051917910575867 0
1633970063503 0.23533739149570465 0
1633970072073 0.27243074774742126 0
1633970080603 0.20732155442237854 0
1633970089090 0.14643129706382751 0
1633970099190 0.15719398856163025 0
1633970107728 0.45772477984428406 0
1633970116244 0.20968139171600342 0
1633970124822 0.16214317083358765 0
1633970133390 0.12223772704601288 0
1633970141936 0.12789158523082733 0
1633970150507 0.24522735178470612 0
1633970159066 0.332305371761322 0
1633970167647 0.16502982378005981 0
1633970176231 0.4284611940383911 0
1633970185807 0.1091136783361435 0
1633970194391 0.16563931107521057 0
1633970202913 0.18985570967197418 0
1633970211445 0.2670319974422455 0
1633970220036 0.24728983640670776 0
1633970228587 0.22328457236289978 0
1633970237117 0.4050782322883606 0
1633970245697 0.597652018070221 0
1633970254328 0.3808507025241852 0
1633970262875 0.12020628154277802 0
1633970272546 0.305669367313385 0
1633970281046 0.34095317125320435 0
1633970289580 0.19958408176898956 0
1633970298149 0.3902245759963989 0
1633970306645 0.2254064977169037 0
1633970315194 0.19557538628578186 0
1633970323765 0.23438748717308044 0
1633970332379 0.21103841066360474 0
1633970340966 0.5447617173194885 0
1633970349570 0.21768319606781006 0
1633970359134 0.3795318007469177 0
1633970367698 0.1802913248538971 0
1633970376240 0.12157492339611053 0
1633970384767 0.17869433760643005 0
1633970393287 0.16338136792182922 0
1633970401825 0.27397146821022034 0
1633970410340 0.15386435389518738 0
1633970418963 0.16708898544311523 0
1633970427490 0.2469092309474945 0
1633970436097 0.926592230796814 0
1633970445737 0.18140488862991333 0
1633970454278 0.18552303314208984 0
1633970462872 0.15114238858222961 0
1633970471447 0.19349360466003418 0
1633970480038 1.023520827293396 0
1633970488621 0.37210792303085327 0
1633970497139 0.24815194308757782 0
1633970505728 0.26630672812461853 0
1633970514279 0.17444050312042236 0
1633970522896 0.3419458270072937 0
1633970532386 0.16706374287605286 0
1633970540959 0.21983098983764648 0
1633970549534 0.18338897824287415 0
1633970558061 0.23182335495948792 0
1633970566596 0.10520320385694504 0
1633970575187 0.3992554545402527 0
1633970583769 0.20606458187103271 0
1633970592420 0.3102785348892212 0
1633970600913 0.3730153739452362 0
1633970609390 0.28097543120384216 0
1633970618955 0.2800309360027313 0
1633970627466 0.1493714600801468 0
1633970636038 0.3314608335494995 0
1633970644574 0.3247426450252533 0
1633970653058 0.10958090424537659 0
1633970661644 0.17530611157417297 0
1633970670142 0.26824262738227844 0
1633970678633 0.23344820737838745 0
1633970687213 0.29847458004951477 0
1633970695785 0.23800505697727203 0
1633970705363 0.32126501202583313 0
1633970713904 0.2525044083595276 0
1633970722457 0.5364730358123779 0
1633970731008 0.697765052318573 0
1633970739599 0.2132992148399353 0
1633970748242 0.16139738261699677 0
1633970756776 0.604016125202179 0
1633970765313 0.3341790437698364 0
1633970773919 0.2689836919307709 0
1633970782482 0.3435516059398651 0
1633970792044 0.32661914825439453 0
1633970800596 0.14694438874721527 0
1633970809168 0.2202686369419098 0
1633970817740 0.4587843716144562 0
1633970826237 0.3983321487903595 0
1633970834725 0.1481592357158661 0
1633970843304 0.3547765612602234 0
1633970851803 0.2587345242500305 0
1633970860375 0.2907375693321228 0
1633970868978 0.23381245136260986 0
1633970878469 0.15882231295108795 0
1633970887040 0.2938019931316376 0
1633970895531 0.2868237793445587 0
1633970904061 0.1843780279159546 0
1633970912617 0.20330694317817688 0
1633970921133 0.2072119414806366 0
1633970929680 0.39757397770881653 0
1633970938302 0.3966097831726074 0
1633970946899 0.20369619131088257 0
1633970955527 0.24706445634365082 0
1633970965078 0.3041505813598633 0
1633970973601 0.2402450144290924 0
1633970982099 0.2465340793132782 0
1633970990533 0.20579800009727478 0
1633970999043 0.2713990807533264 0
1633971007520 0.18316759169101715 0
1633971016042 0.44009771943092346 0
1633971024539 0.2116197943687439 0
1633971033064 0.3127593398094177 0
1633971041567 0.17704419791698456 0
1633971051018 0.24581250548362732 0
1633971059574 0.1493997871875763 0
1633971068136 0.19949573278427124 0
1633971076693 0.23711207509040833 0
1633971085252 0.31441330909729004 0
1633971093844 0.2924441993236542 0
1633971102331 0.19543728232383728 0
1633971110936 0.1836901605129242 0
1633971119519 0.21681320667266846 0
1633971127993 0.2304547280073166 0
1633971137585 0.23970645666122437 0
1633971146147 0.630162239074707 0
1633971154711 0.2960108816623688 0
1633971163298 0.30406391620635986 0
1633971171829 0.2012719213962555 0
1633971180390 1.21857750415802 0
1633971188939 0.14037324488162994 0
1633971197566 0.17353162169456482 0
1633971206098 0.16513049602508545 0
1633971214624 0.2449335753917694 0
1633971224200 0.23953944444656372 0
1633971232728 0.26534250378608704 0
1633971241235 0.26535338163375854 0
1633971249763 0.33691078424453735 0
1633971258267 0.33450764417648315 0
1633971266840 0.21967902779579163 0
1633971275390 0.4751579463481903 0
1633971284027 0.27891767024993896 0
1633971292630 0.22528645396232605 0
1633971301144 0.224071204662323 0
1633971310698 0.23700296878814697 0
1633971319297 0.12731264531612396 0
1633971327880 0.1358482837677002 0
1633971336386 0.2099645733833313 0
1633971344950 0.1699848175048828 0
1633971353571 0.1752040982246399 0
1633971362208 0.2742522954940796 0
1633971370761 0.15247496962547302 0
1633971379300 0.4950828552246094 0
1633971387847 0.15724457800388336 0
1633971397328 0.2703564167022705 0
1633971405877 0.6921254992485046 0
1633971414475 0.8326793909072876 0
1633971423132 0.11196017265319824 0
1633971431735 0.16548633575439453 0
1633971440276 0.14538346230983734 0
1633971448806 0.16567248106002808 0
1633971457379 0.23247450590133667 0
1633971465984 0.309764564037323 0
1633971474526 0.37647292017936707 0
1633971484340 0.1415812075138092 0
1633971492912 0.3396880030632019 0
1633971501444 0.17061187326908112 0
1633971509989 0.34678488969802856 0
1633971518531 0.20647886395454407 0
1633971527124 0.2522420287132263 0
1633971535633 0.16667775809764862 0
1633971544201 0.21031904220581055 0
1633971552762 0.2524429261684418 0
1633971561370 0.2436983287334442 0
1633971571887 0.11466853320598602 0
1633971580425 0.24228587746620178 0
1633971588961 0.14154991507530212 0
1633971597507 1.3277933597564697 0
1633971606068 0.37109658122062683 0
1633971614595 0.17111074924468994 0
1633971623197 0.2505882978439331 0
1633971631750 0.2601977288722992 0
1633971640331 0.1745896339416504 0
1633971648856 0.16674798727035522 0
1633971658409 0.2564026117324829 0
1633971666949 0.26934829354286194 0
1633971675451 0.19209681451320648 0
1633971684024 0.21834534406661987 0
1633971692594 0.365695595741272 0
1633971701185 0.25273269414901733 0
1633971709791 0.11039140820503235 0
1633971718380 0.6191961169242859 0
1633971726985 0.25266972184181213 0
1633971735608 0.4941672682762146 0
1633971745154 0.19333533942699432 0
1633971753753 0.15802955627441406 0
1633971762292 0.23159343004226685 0
1633971770818 0.17160244286060333 0
1633971779369 0.11589109897613525 0
1633971787976 0.3083100914955139 0
1633971796591 0.18988937139511108 0
1633971805155 0.2548339366912842 0
1633971813710 0.3249332904815674 0
1633971822230 0.416332483291626 0
1633971831831 0.19460943341255188 0
1633971840394 0.21792563796043396 0
1633971848963 0.348268985748291 0
1633971857516 0.5605531930923462 0
1633971866045 0.28199297189712524 0
1633971874628 0.2006138563156128 0
1633971883092 0.17469894886016846 0
1633971891641 0.2351614534854889 0
1633971900146 0.17999792098999023 0
1633971908735 0.32028618454933167 0
1633971918144 0.29304295778274536 0
1633971926691 0.17485776543617249 0
1633971935259 0.1974586844444275 0
1633971943825 0.15259458124637604 0
1633971952382 0.21758303046226501 0
1633971960974 0.15308208763599396 0
1633971969565 0.20736563205718994 0
1633971978089 0.14403706789016724 0
1633971986722 0.20134711265563965 0
1633971995279 0.18733574450016022 0
1633972004818 0.18692441284656525 0
1633972013407 0.6695333123207092 0
1633972021998 0.21083998680114746 0
1633972030580 0.17331667244434357 0
1633972039186 0.17160125076770782 0
1633972047750 0.15614545345306396 0
1633972056280 0.12543126940727234 0
1633972064857 0.2123354971408844 0
1633972073441 0.1650857925415039 0
1633972082008 0.16364262998104095 0
1633972091684 0.18136261403560638 0
1633972100197 0.36957618594169617 0
1633972108762 0.16554006934165955 0
1633972117244 0.2711305618286133 0
1633972125770 0.21607816219329834 0
1633972134307 0.31241944432258606 0
1633972142762 0.18577516078948975 0
1633972151343 0.24868875741958618 0
1633972160056 0.23037783801555634 0
1633972168641 0.152987539768219 0
1633972178322 0.10905562341213226 0
1633972186836 0.18596631288528442 0
1633972195435 0.3259510397911072 0
1633972203929 0.4297041893005371 0
1633972212421 0.3971323072910309 0
1633972220962 0.20365020632743835 0
1633972229499 0.1708856225013733 0
1633972238075 0.12861905992031097 0
1633972246653 0.1847691535949707 0
1633972255188 0.15983840823173523 0
1633972264710 0.19096627831459045 0
1633972273224 0.10647819936275482 0
1633972281755 0.13918034732341766 0
1633972290401 0.19210614264011383 0
1633972299024 0.1509471833705902 0
1633972307627 0.15421162545681 0
1633972316141 0.25149738788604736 0
1633972324713 0.15066497027873993 0
1633972333276 0.1749543994665146 0
1633972341809 0.28272396326065063 0
1633972351636 0.14995859563350677 0
1633972360227 0.22596803307533264 0
1633972368867 0.1312267929315567 0
1633972377476 0.17097604274749756 0
1633972386008 0.14165081083774567 0
1633972394630 0.1744709014892578 0
1633972403339 0.11902473121881485 0
1633972411820 0.1648413985967636 0
1633972420364 0.1894531399011612 0
1633972428901 0.24617373943328857 0
1633972438610 0.13390430808067322 0
1633972447249 0.16674566268920898 0
1633972455866 0.15895918011665344 0
1633972464466 0.19969114661216736 0
1633972472999 0.265859991312027 0
1633972481612 0.22338740527629852 0
1633972490154 0.24984955787658691 0
1633972498733 0.18677815794944763 0
1633972507316 0.21375738084316254 0
1633972515963 0.2019033133983612 0
1633972525552 0.2731831967830658 0
1633972534102 0.1320158839225769 0
1633972542626 0.27662959694862366 0
1633972551168 0.46437501907348633 0
1633972559758 0.1486607939004898 0
1633972568261 0.20824727416038513 0
1633972576781 0.1261458396911621 0
1633972585380 0.13595673441886902 0
1633972593938 0.11219604313373566 0
1633972602441 0.23337027430534363 0
1633972612033 0.13347628712654114 0
1633972620570 0.16551008820533752 0
1633972629135 0.17274576425552368 0
1633972637667 0.16782274842262268 0
1633972646209 0.33355116844177246 0
1633972654788 0.21285560727119446 0
1633972663322 0.19092418253421783 0
1633972671931 0.21363061666488647 0
1633972680592 0.24553465843200684 0
1633972689134 0.18716973066329956 0
1633972698692 0.2974250018596649 0
1633972707242 0.16688160598278046 0
1633972715782 0.11262142658233643 0
1633972724316 0.3056226670742035 0
1633972732887 0.14169080555438995 0
1633972741376 0.10231874883174896 0
1633972749991 0.5433477163314819 0
1633972758563 0.15141505002975464 0
1633972767154 0.15437889099121094 0
1633972775685 0.1584823727607727 0
1633972785113 0.1750912070274353 0
1633972793761 0.2503903806209564 0
1633972802323 0.16806888580322266 0
1633972810903 0.2068103700876236 0
1633972819468 0.2023499459028244 0
1633972828090 0.28237059712409973 0
1633972836687 0.16320425271987915 0
1633972845304 0.2567247152328491 0
1633972853852 0.27309268712997437 0
1633972862403 0.20367614924907684 0
1633972872124 0.1637624055147171 0
1633972880650 0.15096227824687958 0
1633972889200 0.1578308343887329 0
1633972897762 0.17623236775398254 0
1633972906336 0.19437894225120544 0
1633972914897 0.15421824157238007 0
1633972923479 0.16151073575019836 0
1633972932051 0.19875067472457886 0
1633972940654 0.2933439612388611 0
1633972949292 0.2952459454536438 0
1633972958821 0.19968953728675842 0
1633972967372 0.17282001674175262 0
1633972976391 0.3238549530506134 0
1633972984886 0.2731402814388275 0
1633972993437 0.16490280628204346 0
1633973001960 0.3034222424030304 0
1633973010475 0.16340437531471252 0
1633973019006 0.21537965536117554 0
1633973027559 0.2152915894985199 0
1633973036135 0.3214573264122009 0
1633973045684 0.19866424798965454 0
1633973054186 0.2233884334564209 0
1633973062669 0.22641196846961975 0
1633973071270 0.1468220055103302 0
1633973079802 0.49634838104248047 0
1633973088321 0.16333287954330444 0
1633973096943 0.16325122117996216 0
1633973105451 0.18917106091976166 0
1633973114104 0.19264377653598785 0
1633973122654 0.14890159666538239 0
1633973132244 0.2433566451072693 0
1633973140822 0.13528749346733093 0
1633973149366 0.21713462471961975 0
1633973157870 0.1694396734237671 0
1633973166449 0.20027978718280792 0
1633973175019 0.18215356767177582 0
1633973183562 0.1479789912700653 0
1633973192166 0.3010949194431305 0
1633973200722 0.23417142033576965 0
1633973209336 0.2480858564376831 0
1633973219001 0.13222716748714447 0
1633973227602 0.267280638217926 0
1633973236205 0.30629512667655945 0
1633973244747 0.34458643198013306 0
1633973253261 0.1623382568359375 0
1633973261819 0.1912773847579956 0
1633973270340 0.16264460980892181 0
1633973278905 0.35509583353996277 0
1633973287425 0.18359991908073425 0
1633973295969 0.14746271073818207 0
1633973305703 0.24730917811393738 0
1633973314246 0.6327596306800842 0
1633973322779 0.21260392665863037 0
1633973331381 0.1266017109155655 0
1633973339939 0.14573971927165985 0
1633973348510 0.11945068091154099 0
1633973357081 0.16592426598072052 0
1633973365647 0.14508019387722015 0
1633973374254 0.15927843749523163 0
1633973382824 0.15047046542167664 0
1633973393542 0.31340473890304565 0
1633973402061 0.19869816303253174 0
1633973410656 0.24034075438976288 0
1633973419242 0.1720348298549652 0
1633973427732 0.2304764688014984 0
1633973436276 0.14396002888679504 0
1633973444807 0.23226094245910645 0
1633973453383 0.20125530660152435 0
1633973461998 0.11198967695236206 0
1633973470521 0.25452643632888794 0
1633973480082 0.17301587760448456 0
1633973488659 0.2551516592502594 0
1633973497238 0.16291193664073944 0
1633973505794 0.28386086225509644 0
1633973514383 0.161043182015419 0
1633973522906 0.12300736457109451 0
1633973531443 0.1670365333557129 0
1633973540011 0.15613138675689697 0
1633973548534 0.1605757176876068 0
1633973557078 0.13187585771083832 0
1633973566675 0.26890021562576294 0
1633973575233 0.19826439023017883 0
1633973583720 0.10050258785486221 0
1633973592298 0.2369813323020935 0
1633973600824 0.17188625037670135 0
1633973609362 0.1453409343957901 0
1633973617964 0.29084575176239014 0
1633973626594 0.16014835238456726 0
1633973635170 0.12542644143104553 0
1633973643774 0.20718833804130554 0
1633973653275 0.16766607761383057 0
1633973661840 0.1306966245174408 0
1633973670371 0.11156201362609863 0
1633973678906 0.12136734277009964 0
1633973687369 0.18000009655952454 0
1633973695838 0.12953518331050873 0
1633973704299 0.1748058795928955 0
1633973712808 0.19514945149421692 0
1633973721306 0.15665745735168457 0
1633973729785 0.2411995828151703 0
1633973739236 0.1818724125623703 0
1633973747812 0.1516934335231781 0
1633973756368 0.15518544614315033 0
1633973765008 0.15428225696086884 0
1633973773484 0.19294454157352448 0
1633973782094 0.19336290657520294 0
1633973790712 0.16977164149284363 0
1633973799278 0.18495410680770874 0
1633973807796 0.18129922449588776 0
1633973816363 0.22584116458892822 0
1633973825948 0.21244078874588013 0
1633973834561 0.16664910316467285 0
1633973843124 0.22941075265407562 0
1633973851606 0.11975187063217163 0
1633973860204 0.18427440524101257 0
1633973868787 0.3111489713191986 0
1633973877362 0.17711175978183746 0
1633973885961 0.13301870226860046 0
1633973894586 0.43255847692489624 0
1633973903196 0.1131773591041565 0
1633973912839 0.26055029034614563 0
1633973921379 0.14524954557418823 0
1633973929971 0.12769290804862976 0
1633973938497 0.13982057571411133 0
1633973947049 0.1404314786195755 0
1633973955601 0.15941449999809265 0
1633973964129 0.13721971213817596 0
1633973972689 0.18602289259433746 0
1633973981266 0.5420107245445251 0
1633973989837 0.21614056825637817 0
1633973999406 0.1464417427778244 0
1633974007976 0.13185377418994904 0
1633974016574 0.23559215664863586 0
1633974025160 0.09727563709020615 0
1633974033707 0.13474830985069275 0
1633974042182 0.09413059055805206 0
1633974050764 0.10063380002975464 0
1633974059317 0.13868851959705353 0
1633974068005 0.22323137521743774 0
1633974076621 0.2509903013706207 0
1633974086233 0.22741100192070007 0
1633974094789 0.21292072534561157 0
1633974103315 0.35815632343292236 0
1633974111888 0.16066759824752808 0
1633974120405 0.2631016671657562 0
1633974129028 0.12336626648902893 0
1633974137560 0.14657147228717804 0
1633974146089 0.19795092940330505 0
1633974154651 0.11509023606777191 0
1633974163243 0.13242188096046448 0
1633974173017 0.3325009346008301 0
1633974181624 0.1323860138654709 0
1633974190152 0.20170706510543823 0
1633974198637 0.15935289859771729 0
1633974207240 0.1211867481470108 0
1633974215859 0.2410988211631775 0
1633974224513 0.1191149652004242 0
1633974233102 0.15959519147872925 0
1633974241707 0.14677384495735168 0
1633974250303 0.21414993703365326 0
1633974259885 0.2170446515083313 0
1633974268536 0.13171984255313873 0
1633974277121 0.14226871728897095 0
1633974285598 0.1132478415966034 0
1633974294149 0.18132472038269043 0
1633974302811 0.15791325271129608 0
1633974311339 0.24439789354801178 0
1633974319925 0.1333424299955368 0
1633974328534 0.11964630335569382 0
1633974337140 0.21807044744491577 0
1633974346720 0.14484085142612457 0
1633974355342 0.17846561968326569 0
1633974363864 0.10936635732650757 0
1633974372505 0.9285255670547485 0
1633974381024 0.12618286907672882 0
1633974389628 0.13676664233207703 0
1633974398229 0.08562441915273666 0
1633974406817 0.5506113171577454 0
1633974415426 0.27377811074256897 0
1633974424072 0.2095453292131424 0
1633974433716 0.22733299434185028 0
1633974442269 0.14869338274002075 0
1633974450834 0.20454424619674683 0
1633974459369 0.12255291640758514 0
1633974467896 0.19762158393859863 0
1633974476520 0.22896967828273773 0
1633974485124 0.19803103804588318 0
1633974493657 0.3064521849155426 0
1633974502234 0.1510753482580185 0
1633974510756 0.5363082885742188 0
1633974520274 0.21277852356433868 0
1633974528904 0.1784081608057022 0
1633974537464 0.15375259518623352 0
1633974546043 0.15582184493541718 0
1633974554571 0.1830582320690155 0
1633974563119 0.13114653527736664 0
1633974571684 0.13061337172985077 0
1633974580320 0.13649708032608032 0
1633974588792 0.24670538306236267 0
1633974597336 0.2407386600971222 0
1633974606830 0.27052509784698486 0
1633974615398 0.15979352593421936 0
1633974623961 0.09917581081390381 0
1633974632461 0.0873849168419838 0
1633974641054 0.25608351826667786 0
1633974649597 0.1573331505060196 0
1633974658229 0.19633826613426208 0
1633974666849 0.18278077244758606 0
1633974675418 0.21023429930210114 0
1633974683963 0.13322019577026367 0
1633974693500 0.09876048564910889 0
1633974702075 0.16773509979248047 0
1633974710699 0.23445016145706177 0
1633974719303 0.10220120847225189 0
1633974727906 0.2869521379470825 0
1633974736529 0.11764544248580933 0
1633974745214 0.13588708639144897 0
1633974753711 0.15792085230350494 0
1633974762255 0.11813018471002579 0
1633974770786 0.15493828058242798 0
1633974780588 0.11125463247299194 0
1633974789150 1.2497715950012207 0
1633974797758 0.1402023732662201 0
1633974806323 0.27170878648757935 0
1633974814821 0.3974524736404419 0
1633974823449 0.2503921687602997 0
1633974832048 0.16974452137947083 0
1633974840638 0.15789540112018585 0
1633974849221 0.23642989993095398 0
1633974857859 0.20699426531791687 0
1633974867690 0.2315625548362732 0
1633974876296 0.15382246673107147 0
1633974884911 0.14345882833003998 0
1633974893454 0.2075589895248413 0
1633974902015 0.19003598392009735 0
1633974910583 0.15885195136070251 0
1633974919188 0.12248139828443527 0
1633974927720 0.09106400609016418 0
1633974936276 0.08880582451820374 0
1633974944878 0.19168215990066528 0
1633974954380 0.12821300327777863 0
1633974962942 0.12727969884872437 0
1633974971502 0.11575667560100555 0
1633974980007 0.11262907832860947 0
1633974988587 0.21165457367897034 0
1633974997113 0.1682569831609726 0
1633975005697 0.10080154985189438 0
1633975014255 0.07742031663656235 0
1633975022890 0.11394745856523514 0
1633975031442 0.16928927600383759 0
1633975041015 0.14908653497695923 0
1633975049630 0.1920073926448822 0
1633975058164 0.21448737382888794 0
1633975066768 0.13147255778312683 0
1633975075430 0.1333450824022293 0
1633975083960 0.09069185703992844 0
1633975092544 0.16487731039524078 0
1633975101066 0.14671333134174347 0
1633975109742 0.11557461321353912 0
1633975118376 0.130830317735672 0
1633975127911 0.25468534231185913 0
1633975136473 0.10418277233839035 0
1633975145089 0.12174840271472931 0
1633975153626 0.49418532848358154 0
1633975162200 0.4062787890434265 0
1633975170737 0.12599749863147736 0
1633975179292 0.31860560178756714 0
1633975187890 0.20364388823509216 0
1633975196429 0.21576888859272003 0
1633975205040 0.09771823137998581 0
1633975214665 0.12891799211502075 0
1633975223254 0.2187608927488327 0
1633975231810 0.20426851511001587 0
1633975240329 0.12848280370235443 0
1633975248899 0.23231148719787598 0
1633975257477 0.12933439016342163 0
1633975266058 0.1381358504295349 0
1633975274608 0.17556555569171906 0
1633975283143 0.11226750910282135 0
1633975291749 0.1460725963115692 0
1633975301290 0.15220637619495392 0
1633975309879 0.11922477185726166 0
1633975318437 0.12359514087438583 0
1633975326957 0.2409159243106842 0
1633975335499 0.11652260273694992 0
1633975344072 0.09349177777767181 0
1633975352621 0.35071250796318054 0
1633975361116 0.11238556355237961 0
1633975369655 0.14250333607196808 0
1633975378269 0.11592918634414673 0
1633975387848 0.23427513241767883 0
1633975396419 0.2592160999774933 0
1633975405001 0.1912177950143814 0
1633975413529 0.15498709678649902 0
1633975422068 0.15078692138195038 0
1633975430569 0.1604512333869934 0
1633975439171 0.13607017695903778 0
1633975447733 0.1575264036655426 0
1633975456334 0.38224637508392334 0
1633975464894 0.1296776384115219 0
1633975474460 0.15040086209774017 0
1633975482992 0.24148491024971008 0
1633975491516 0.1448032557964325 0
1633975500115 0.12151116132736206 0
1633975508646 0.19024208188056946 0
1633975517189 0.13590557873249054 0
1633975525771 0.10396197438240051 0
1633975534253 0.0919850766658783 0
1633975542862 0.1780056208372116 0
1633975551431 0.10582562536001205 0
1633975561006 0.5733801126480103 0
1633975569571 0.09085666388273239 0
1633975578158 0.24331241846084595 0
1633975586761 0.11319352686405182 0
1633975595388 0.15295664966106415 0
1633975603957 0.1030614972114563 0
1633975612471 0.11403772234916687 0
1633975621027 0.1549847275018692 0
1633975629609 0.08657073974609375 0
1633975638176 0.17161497473716736 0
1633975649163 0.07338567823171616 0
1633975657739 0.16851918399333954 0
1633975666298 0.11217626929283142 0
1633975674872 0.30947163701057434 0
1633975683384 0.12522093951702118 0
1633975691883 0.21099454164505005 0
1633975700445 0.10293476283550262 0
1633975709010 0.12464913725852966 0
1633975717616 0.06703275442123413 0
1633975726168 0.11790710687637329 0
1633975735786 0.09828776121139526 0
1633975744363 0.07219409942626953 0
1633975752996 0.11743268370628357 0
1633975761489 0.08541446924209595 0
1633975770061 0.1593557745218277 0
1633975778593 0.0962703749537468 0
1633975787133 0.0779513418674469 0
1633975795725 0.10102859884500504 0
1633975804262 0.07183197885751724 0
1633975812845 0.13396254181861877 0
1633975822361 0.085238516330719 0
1633975830916 0.10750429332256317 0
1633975839400 0.21181561052799225 0
1633975847978 0.1018027514219284 0
1633975856488 0.0921478420495987 0
1633975865011 0.1359570324420929 0
1633975873591 0.09913986921310425 0
1633975882206 0.11525383591651917 0
1633975890817 0.08619903028011322 0
1633975899400 0.10202658176422119 0
1633975909073 0.12932944297790527 0
1633975917687 0.10437887161970139 0
1633975926262 0.14173239469528198 0
1633975934804 0.22423404455184937 0
1633975943349 0.1827833354473114 0
1633975951934 0.17731544375419617 0
1633975960499 0.09486783295869827 0
1633975969037 0.23630467057228088 0
1633975977585 0.14460331201553345 0
1633975986137 0.08540958166122437 0
1633975995720 0.14058448374271393 0
1633976004237 0.11335396766662598 0
1633976012758 0.10352180898189545 0
1633976021388 0.2641124725341797 0
1633976029977 0.12017544358968735 0
1633976038587 0.07034004479646683 0
1633976047210 0.32003161311149597 0
1633976055802 0.14645415544509888 0
1633976064418 0.21993723511695862 0
1633976072973 0.0971425473690033 0
1633976082455 0.1743946671485901 0
1633976091036 0.11044175922870636 0
1633976099561 0.10341163724660873 0
1633976108056 0.190865159034729 0
1633976116639 0.0646117776632309 0
1633976125182 0.18183225393295288 0
1633976133792 0.11165815591812134 0
1633976142402 0.12732888758182526 0
1633976151032 0.11146879196166992 0
1633976159614 0.07536935806274414 0
1633976169185 0.2136307954788208 0
1633976177778 0.161193385720253 0
1633976186383 0.10813004523515701 0
1633976194976 0.12434445321559906 0
1633976203497 0.1785358488559723 0
1633976212113 0.10734803974628448 0
1633976220621 0.08580747991800308 0
1633976229217 0.519064724445343 0
1633976237739 0.179486945271492 0
1633976246314 0.10053951293230057 0
1633976255905 0.15274134278297424 0
1633976264468 0.09998594224452972 0
1633976273005 0.13345080614089966 0
1633976281635 0.11568423360586166 0
1633976290193 0.13827142119407654 0
1633976298757 0.1987188756465912 0
1633976307322 0.10607074201107025 0
1633976315874 0.24224144220352173 0
1633976324433 0.1890208125114441 0
1633976332956 0.1732867956161499 0
1633976342520 0.25146469473838806 0
1633976351101 0.15767639875411987 0
1633976359680 0.08504116535186768 0
1633976368224 0.14469921588897705 0
1633976376794 0.11415592581033707 0
1633976385251 0.10040000081062317 0
1633976393746 0.09429831057786942 0
1633976402224 0.11908414959907532 0
1633976410770 0.1720777153968811 0
1633976419309 0.07809390872716904 0
1633976428760 0.17062388360500336 0
1633976437399 0.17343056201934814 0
1633976445968 0.18290898203849792 0
1633976454502 0.1456274390220642 0
1633976463073 0.09150737524032593 0
1633976471596 0.1313772350549698 0
1633976480129 0.13179101049900055 0
1633976488706 0.09980421513319016 0
1633976497261 0.10573021322488785 0
1633976505792 0.2994460463523865 0
1633976515359 0.13412591814994812 0
1633976523941 0.0807894766330719 0
1633976532574 0.1500573605298996 0
1633976541180 0.21218422055244446 0
1633976549769 0.07824186235666275 0
1633976558341 0.14996065199375153 0
1633976566942 0.2189117670059204 0
1633976575515 0.11398608982563019 0
1633976584146 0.12442646920681 0
1633976592720 0.10350756347179413 0
1633976602435 0.09123861789703369 0
1633976610981 0.10988372564315796 0
1633976619531 0.090565524995327 0
1633976628034 0.2002539485692978 0
1633976636605 0.1353120654821396 0
1633976645123 0.11444942653179169 0
1633976653683 0.25324633717536926 0
1633976662236 0.10707369446754456 0
1633976670831 0.18102335929870605 0
1633976679380 0.14691758155822754 0
1633976688942 0.13777412474155426 0
1633976697489 0.8602019548416138 0
1633976706095 0.07038803398609161 0
1633976714736 0.07136014848947525 0
1633976723296 0.14624635875225067 0
1633976731843 0.1162317767739296 0
1633976740443 0.07240671664476395 0
1633976749005 0.39815640449523926 0
1633976757637 0.10784529149532318 0
1633976766178 0.19414159655570984 0
1633976775750 0.17424605786800385 0
1633976784285 0.10315946489572525 0
1633976792794 0.19281022250652313 0
1633976801405 0.11837808787822723 0
1633976809982 0.11768046021461487 0
1633976818539 0.2447599172592163 0
1633976827135 0.1064896211028099 0
1633976835710 0.1310669481754303 0
1633976844289 0.07957074046134949 0
1633976852893 0.12825968861579895 0
1633976862389 0.07802478969097137 0
1633976871007 0.08879303932189941 0
1633976879634 0.0827004685997963 0
1633976888189 0.09115814417600632 0
1633976896805 0.1185118556022644 0
1633976905391 0.09397812187671661 0
1633976913963 0.16786757111549377 0
1633976922511 0.1009252741932869 0
1633976931078 0.07611232995986938 0
1633976939579 0.13015343248844147 0
1633976949240 0.11189340054988861 0
1633976957867 0.08382540196180344 0
1633976966445 0.07460439205169678 0
1633976975072 0.16518893837928772 0
1633976983649 0.11932693421840668 0
1633976992235 0.1600712388753891 0
1633977000820 0.3954177796840668 0
1633977009460 0.35152047872543335 0
1633977017987 0.08559084683656693 0
1633977026559 0.11538168787956238 0
1633977036088 0.18290072679519653 0
1633977044636 0.21274833381175995 0
1633977053166 0.12171612679958344 0
1633977061780 0.13422466814517975 0
1633977070357 0.30593183636665344 0
1633977078843 0.1299387812614441 0
1633977087384 0.07294973731040955 0
1633977095961 0.14998039603233337 0
1633977104561 0.16004014015197754 0
1633977113136 0.0818929672241211 0
1633977122733 0.07829098403453827 0
1633977131330 0.08148318529129028 0
1633977139860 0.10823234170675278 0
1633977148450 0.08277422189712524 0
1633977157036 0.1267813891172409 0
1633977165586 0.09200434386730194 0
1633977174178 0.0926792174577713 0
1633977182763 0.09208246320486069 0
1633977191400 0.08641950786113739 0
1633977200010 0.23766830563545227 0
1633977209685 0.0970136821269989 0
1633977218254 0.2563781142234802 0
1633977226809 0.09073665738105774 0
1633977235415 0.22148497402668 0
1633977244025 0.07517963647842407 0
1633977252587 0.591924250125885 0
1633977261171 0.08620161563158035 0
1633977269804 0.09375894069671631 0
1633977278383 0.14296188950538635 0
1633977286853 0.0711783915758133 0
1633977296324 0.09063530713319778 0
1633977304873 0.09005372226238251 0
1633977313525 0.09182615578174591 0
1633977322118 0.07863245904445648 0
1633977330697 0.07062995433807373 0
1633977339299 0.06850951164960861 0
1633977347883 0.17941877245903015 0
1633977356457 0.14138934016227722 0
1633977365099 0.11854025721549988 0
1633977373677 0.09010091423988342 0
1633977383289 0.06927967816591263 0
1633977391857 0.09875662624835968 0
1633977400446 0.35336172580718994 0
1633977409061 0.09168440103530884 0
1633977417720 0.11127753555774689 0
1633977426306 0.08647877722978592 0
1633977434856 0.13853749632835388 0
1633977443509 0.14936517179012299 0
1633977452097 0.08697382360696793 0
1633977460709 0.5379170179367065 0
1633977470286 0.07910985499620438 0
1633977478901 0.1821792870759964 0
1633977487504 0.18606387078762054 0
1633977496139 0.07582113146781921 0
1633977504714 0.06771277636289597 0
1633977513261 0.15104961395263672 0
1633977521827 0.2914488911628723 0
1633977530419 0.11561548709869385 0
1633977539099 0.11705423891544342 0
1633977547670 0.07804247736930847 0
1633977557217 0.08991978317499161 0
1633977565824 0.06926748901605606 0
1633977574347 0.06050087511539459 0
1633977582931 0.17836196720600128 0
1633977591482 0.0957864373922348 0
1633977600021 0.07332943379878998 0
1633977608557 0.06002157926559448 0
1633977617115 0.19347921013832092 0
1633977625675 0.16040804982185364 0
1633977634300 0.07941833883523941 0
1633977643901 0.1628802865743637 0
1633977652445 0.08902445435523987 0
1633977661262 0.12479981780052185 0
1633977669770 0.07375013083219528 0
1633977678338 0.1235530823469162 0
1633977686925 0.08917554467916489 0
1633977695509 0.32504141330718994 0
1633977704128 0.12764988839626312 0
1633977712655 0.11796154081821442 0
1633977721268 0.10902240872383118 0
1633977730841 0.10717037320137024 0
1633977739451 0.1910170316696167 0
1633977748018 0.0893012136220932 0
1633977756620 0.10049967467784882 0
1633977765198 0.0983927994966507 0
1633977773719 0.12597598135471344 0
1633977782283 0.1720486432313919 0
1633977790899 0.0905737653374672 0
1633977799436 0.07999943196773529 0
1633977808061 0.10642413049936295 0
1633977817689 0.09202732145786285 0
1633977826291 0.11429618299007416 0
1633977834875 0.20330193638801575 0
1633977843470 0.19532960653305054 0
1633977852019 0.13361826539039612 0
1633977860657 0.13475820422172546 0
1633977869280 0.14063940942287445 0
1633977877939 0.07937787473201752 0
1633977886486 0.1321258693933487 0
1633977895138 0.07902313023805618 0
1633977904832 0.16433915495872498 0
1633977913422 0.07919618487358093 0
1633977922000 0.060745060443878174 0
1633977930606 0.11334764957427979 0
1633977939181 0.08991874009370804 0
1633977947787 0.06281130015850067 0
1633977956403 0.2258777916431427 0
1633977964902 0.06958865374326706 0
1633977973509 0.06752173602581024 0
1633977982081 0.06928044557571411 0
1633977991661 0.09135178476572037 0
1633978000187 0.12416596710681915 0
1633978008712 0.21527132391929626 0
1633978017296 0.2333592176437378 0
1633978025867 0.13285014033317566 0
1633978034435 0.07781581580638885 0
1633978043117 0.07404191046953201 0
1633978051674 0.06676296889781952 0
1633978060260 0.07312612235546112 0
1633978068825 0.08059470355510712 0
1633978078378 0.07305479049682617 0
1633978086946 0.2464805245399475 0
1633978095464 0.1423107087612152 0
1633978104011 0.10668817907571793 0
1633978112555 0.10365571826696396 0
1633978121169 0.11585244536399841 0
1633978129733 0.11968813836574554 0
1633978138366 0.06842992454767227 0
1633978146950 0.09094645082950592 0
1633978155528 0.1357591152191162 0
1633978165177 0.09498365223407745 0
1633978173831 0.07634858787059784 0
1633978182608 0.09978586435317993 0
1633978191070 0.1173795759677887 0
1633978199698 0.11881116777658463 0
1633978208246 0.28817540407180786 0
1633978216802 0.17038854956626892 0
1633978225402 0.12564513087272644 0
1633978233891 0.09726710617542267 0
1633978242497 0.15263137221336365 0
1633978252117 0.13315525650978088 0
1633978260710 0.0904947891831398 0
1633978269291 0.0738348662853241 0
1633978277904 0.28313806653022766 0
1633978286475 0.10470498353242874 0
1633978295118 0.17758628726005554 0
1633978303704 0.05846390500664711 0
1633978312306 0.260087251663208 0
1633978320855 0.08454717695713043 0
1633978329417 0.08730751276016235 0
1633978338983 0.13870632648468018 0
1633978348014 0.0873212143778801 0
1633978356603 0.10381878167390823 0
1633978365168 0.1301252841949463 0
1633978373749 0.052396275103092194 0
1633978382350 0.10911546647548676 0
1633978391030 0.107271209359169 0
1633978399574 0.06043216213583946 0
1633978408139 0.21494776010513306 0
1633978416707 0.0988469272851944 0
1633978427975 0.40367788076400757 0
1633978436601 0.09481649845838547 0
1633978445194 0.08152496069669724 0
1633978453717 0.10831600427627563 0
1633978462255 0.16390128433704376 0
1633978470839 0.09275209158658981 0
1633978479467 0.0756380632519722 0
1633978488087 0.08891638368368149 0
1633978496650 0.16755956411361694 0
1633978505201 0.13169609010219574 0
1633978514744 0.061496227979660034 0
1633978523263 0.06212971359491348 0
1633978531874 0.08098350465297699 0
1633978540387 0.10057443380355835 0
1633978548974 0.5191289782524109 0
1633978557639 0.12034236639738083 0
1633978566178 0.06428895145654678 0
1633978574800 0.08558674156665802 0
1633978583375 0.39790648221969604 0
1633978591951 0.09042567014694214 0
1633978601512 0.07878533005714417 0
1633978610145 0.06847020238637924 0
1633978618776 0.08235142379999161 0
1633978627314 0.06323176622390747 0
1633978635894 0.10407976806163788 0
1633978644504 0.09230173379182816 0
1633978653091 0.09116214513778687 0
1633978661628 0.06614045798778534 0
1633978670183 0.06650373339653015 0
1633978678771 0.08725042641162872 0
1633978688414 0.0774499922990799 0
1633978696965 0.06527414172887802 0
1633978705508 0.06302472203969955 0
1633978714038 0.062642902135849 0
1633978722564 0.08323214948177338 0
1633978731102 0.11174644529819489 0
1633978739717 0.07882173359394073 0
1633978748369 0.10369829833507538 0
1633978757039 0.25104159116744995 0
1633978765663 0.12167628109455109 0
1633978775545 0.07734593003988266 0
1633978784173 0.06109724938869476 0
1633978792800 0.09670477360486984 0
1633978801347 0.18758153915405273 0
1633978809908 0.15500091016292572 0
1633978818486 0.10558158159255981 0
1633978827100 0.07676579803228378 0
1633978835718 0.17860478162765503 0
1633978844266 0.13493114709854126 0
1633978852882 0.09383662045001984 0
1633978862400 0.09522388875484467 0
1633978870943 0.056130990386009216 0
1633978879486 0.44717127084732056 0
1633978888030 0.1306024044752121 0
1633978896599 0.058088093996047974 0
1633978905130 0.08680877089500427 0
1633978913669 0.22217115759849548 0
1633978922246 0.10022685676813126 0
1633978930797 0.07129208743572235 0
1633978939434 0.07172039896249771 0
1633978949026 0.08446261286735535 0
1633978957593 0.06153905391693115 0
1633978966311 0.06369383633136749 0
1633978974922 0.19158035516738892 0
1633978983530 0.12478555738925934 0
1633978992126 0.13615714013576508 0
1633979000755 0.06309133023023605 0
1633979009352 0.11898019909858704 0
1633979017907 0.09434550255537033 0
1633979026439 0.13998953998088837 0
1633979036014 0.0718487948179245 0
1633979044632 0.12492606043815613 0
1633979053220 0.058676816523075104 0
1633979061782 0.06074773147702217 0
1633979070335 0.3354601263999939 0
1633979078952 0.06752954423427582 0
1633979087580 0.09154440462589264 0
1633979096205 0.05306476354598999 0
1633979104735 0.08428167551755905 0
1633979113228 0.06142866611480713 0
1633979122721 0.056892313063144684 0
1633979131315 0.07166208326816559 0
1633979139865 0.08478288352489471 0
1633979148502 0.39829307794570923 0
1633979157099 0.06514120101928711 0
1633979165764 0.09551092982292175 0
1633979174343 0.11633484065532684 0
1633979182998 0.060441140085458755 0
1633979191644 0.2419811189174652 0
1633979200171 0.06380367279052734 0
1633979209690 0.172142893075943 0
1633979218270 0.08768200874328613 0
1633979226898 0.0781073048710823 0
1633979235423 0.07072871178388596 0
1633979244014 0.052278727293014526 0
1633979252643 0.1902124136686325 0
1633979261162 0.4468535780906677 0
1633979269732 0.07799604535102844 0
1633979278354 0.1061750203371048 0
1633979286935 0.09366787225008011 0
1633979296677 0.08105406165122986 0
1633979305278 0.07608062773942947 0
1633979313875 0.07357576489448547 0
1633979322462 0.07312673330307007 0
1633979331012 0.08680181205272675 0
1633979339605 0.06942295283079147 0
1633979348198 0.06315156072378159 0
1633979356787 0.05613311752676964 0
1633979365359 0.0751955509185791 0
1633979373980 0.07200047373771667 0
1633979383641 0.059294216334819794 0
1633979392231 0.12955810129642487 0
1633979400868 0.0940898060798645 0
1633979409421 0.05911294370889664 0
1633979417991 0.0662446916103363 0
1633979426552 0.08147571235895157 0
1633979435120 0.06333201378583908 0
1633979443654 0.09004860371351242 0
1633979452286 0.062827467918396 0
1633979460936 0.10129666328430176 0
1633979470705 0.11612947285175323 0
1633979479294 0.06679806113243103 0
1633979487864 0.06715430319309235 0
1633979496451 0.05393318086862564 0
1633979505062 0.08851052820682526 0
1633979513655 0.1124631017446518 0
1633979522268 0.10973136126995087 0
1633979530804 0.13050015270709991 0
1633979539427 0.1580883264541626 0
1633979547955 0.12974518537521362 0
1633979557514 0.06694483757019043 0
1633979566108 0.07081203162670135 0
1633979574693 0.06714833527803421 0
1633979583270 0.07330677658319473 0
1633979591877 0.2794818580150604 0
1633979600497 0.09780439734458923 0
1633979609091 0.08811193704605103 0
1633979617679 0.09819953143596649 0
1633979626290 0.0552704855799675 0
1633979634917 0.11852718889713287 0
1633979644547 0.099712073802948 0
1633979653199 0.12553489208221436 0
1633979661813 0.07420027256011963 0
1633979670365 0.06159358471632004 0
1633979678951 0.10493449866771698 0
1633979687588 0.11712490022182465 0
1633979696314 0.10134442895650864 0
1633979704880 0.12768827378749847 0
1633979713477 0.15575698018074036 0
1633979722082 0.06931564956903458 0
1633979731640 0.07663603127002716 0
1633979740212 0.0666809156537056 0
1633979748746 0.07599406689405441 0
1633979757347 0.16073530912399292 0
1633979765936 0.12978464365005493 0
1633979774548 0.058251507580280304 0
1633979783193 0.05846209451556206 0
1633979791766 0.10165928304195404 0
1633979800341 0.060641225427389145 0
1633979808926 0.06657543778419495 0
1633979818561 0.07959960401058197 0
1633979827076 0.06013898178935051 0
1633979835685 0.31428611278533936 0
1633979844248 0.14099210500717163 0
1633979852834 0.07703422755002975 0
1633979861382 0.3855237662792206 0
1633979869953 0.08718404918909073 0
1633979878534 0.09490776807069778 0
1633979887124 0.07788406312465668 0
1633979895677 0.10685467720031738 0
1633979905244 0.1043655276298523 0
1633979913851 0.3430705964565277 0
1633979922438 0.07516451925039291 0
1633979930986 0.19369471073150635 0
1633979939528 0.08183906972408295 0
1633979948133 0.33443182706832886 0
1633979956711 0.0627979040145874 0
1633979965328 0.04316985607147217 0
1633979973847 0.0638236254453659 0
1633979982358 0.11347155272960663 0
1633979991875 0.07070119678974152 0
1633980000451 0.06193273514509201 0
1633980009073 0.10271342098712921 0
1633980017685 0.056451648473739624 0
1633980026256 0.1259276121854782 0
1633980034906 0.07195146381855011 0
1633980043486 0.05186785012483597 0
1633980052049 0.08591260015964508 0
1633980060666 0.07771056890487671 0
1633980069283 0.05320076644420624 0
1633980078887 0.24812176823616028 0
1633980087514 0.10484524071216583 0
1633980096107 0.12789948284626007 0
1633980104707 0.11396470665931702 0
1633980113266 0.08667971938848495 0
1633980121922 0.11812660843133926 0
1633980130531 0.09325763583183289 0
1633980139148 0.10111832618713379 0
1633980147808 0.08846677839756012 0
1633980156423 0.0629703477025032 0
1633980165982 0.08736073225736618 0
1633980174541 0.05403469502925873 0
1633980183129 0.07106108218431473 0
1633980191806 0.044142670929431915 0
1633980200380 0.08812254667282104 0
1633980208924 0.06695946305990219 0
1633980217519 0.10994566977024078 0
1633980226133 0.0651441439986229 0
1633980234753 0.05354641005396843 0
1633980243354 0.06064470112323761 0
1633980252970 0.08405056595802307 0
1633980261549 0.15096893906593323 0
1633980270080 0.06116480380296707 0
1633980278649 0.0495576448738575 0
1633980287240 0.07877353578805923 0
1633980295833 0.10789646208286285 0
1633980304405 0.05042681097984314 0
1633980312979 0.09523576498031616 0
1633980321638 0.10303199291229248 0
1633980330313 0.0790448933839798 0
1633980339843 0.06952260434627533 0
1633980348427 0.0730130523443222 0
1633980356965 0.07682143896818161 0
1633980365543 0.19952066242694855 0
1633980374132 0.07323043048381805 0
1633980382771 0.0686904713511467 0
1633980391451 0.1834043562412262 0
1633980400046 0.12706249952316284 0
1633980408748 0.05914485082030296 0
1633980417392 0.07293408364057541 0
1633980426959 0.06696677953004837 0
1633980435585 0.11118485033512115 0
1633980444115 0.0815742164850235 0
1633980452708 0.0497930683195591 0
1633980461292 0.10167329013347626 0
1633980469859 0.06756813824176788 0
1633980478478 0.0788734033703804 0
1633980487043 0.0769408643245697 0
1633980495631 0.05760294944047928 0
1633980504248 0.06747545301914215 0
1633980513749 0.08161089569330215 0
1633980522273 0.1572715938091278 0
1633980530846 0.051991045475006104 0
1633980539423 0.05318170413374901 0
1633980548021 0.07121393084526062 0
1633980556640 0.10498015582561493 0
1633980565239 0.07407654076814651 0
1633980573841 0.09388422966003418 0
1633980582441 0.042427219450473785 0
1633980591062 0.06405726075172424 0
1633980600744 0.07889950275421143 0
1633980609320 0.12203335016965866 0
1633980617878 0.054109834134578705 0
1633980626476 0.1149635761976242 0
1633980635043 0.07916642725467682 0
1633980643665 0.05451112985610962 0
1633980652277 0.06311902403831482 0
1633980660843 0.07641445100307465 0
1633980669440 0.051651481539011 0
1633980678024 0.10241646319627762 0
1633980687636 0.05741894245147705 0
1633980696161 0.11183992028236389 0
1633980704739 0.05471128597855568 0
1633980713327 0.09968540072441101 0
1633980721908 0.10739694535732269 0
1633980730525 0.2936181426048279 0
1633980739055 0.06830696016550064 0
1633980747642 0.0500660166144371 0
1633980756194 0.05370736122131348 0
1633980764717 0.050334490835666656 0
1633980774320 0.060549572110176086 0
1633980782906 0.15767253935337067 0
1633980791502 0.047630950808525085 0
1633980800102 0.09762569516897202 0
1633980808663 0.07716335356235504 0
1633980817263 0.06840094923973083 0
1633980825843 0.08212348818778992 0
1633980834431 0.06685570627450943 0
1633980843022 0.055517807602882385 0
1633980851663 0.17103123664855957 0
1633980861324 0.26767677068710327 0
1633980869893 0.06842900067567825 0
1633980878544 0.07442371547222137 0
1633980887170 0.05990806221961975 0
1633980895760 0.05583544820547104 0
1633980904311 0.07313866168260574 0
1633980912864 0.06351257860660553 0
1633980921381 0.06892546266317368 0
1633980929923 0.055457718670368195 0
1633980938466 0.09889010339975357 0
1633980947952 0.0658344030380249 0
1633980956546 0.11112521588802338 0
1633980965067 0.060449834913015366 0
1633980973698 0.06041449308395386 0
1633980982298 0.09410405158996582 0
1633980990872 0.18701262772083282 0
1633980999433 0.0726216658949852 0
1633981008016 0.10897121578454971 0
1633981016610 0.07533479481935501 0
1633981025221 0.15626204013824463 0
1633981034763 0.06597388535737991 0
1633981043359 0.09007743746042252 0
1633981051920 0.07380067557096481 0
1633981060550 0.060351110994815826 0
1633981069117 0.16808119416236877 0
1633981077769 0.16004440188407898 0
1633981086450 0.20188257098197937 0
1633981095053 0.14932161569595337 0
1633981103651 0.21608424186706543 0
1633981112245 0.054986514151096344 0
1633981121937 0.057715751230716705 0
1633981130534 0.17196892201900482 0
1633981139103 0.08240274339914322 0
1633981147704 0.323592871427536 0
1633981156293 0.04517044126987457 0
1633981164875 0.05371963232755661 0
1633981173453 0.07497747987508774 0
1633981182024 0.06917323917150497 0
1633981190635 0.07217089831829071 0
1633981199184 0.06985557824373245 0
1633981208739 0.061548031866550446 0
1633981217398 0.079446941614151 0
1633981225985 0.07981300354003906 0
1633981234558 0.09925161302089691 0
1633981243114 0.08474838733673096 0
1633981251725 0.07398873567581177 0
1633981260293 0.05173884332180023 0
1633981268873 0.1907452642917633 0
1633981277462 0.09064056724309921 0
1633981286006 0.1279158890247345 0
1633981295555 0.06171687692403793 0
1633981304104 0.06482017785310745 0
1633981312704 0.18480971455574036 0
1633981321307 0.10584208369255066 0
1633981329882 0.08011836558580399 0
1633981338482 0.12316657602787018 0
1633981347117 0.18518999218940735 0
1633981355663 0.07383409142494202 0
1633981364298 0.05516494810581207 0
1633981372898 0.05857815593481064 0
1633981382390 0.060360319912433624 0
1633981390982 0.07663790136575699 0
1633981399573 0.053223080933094025 0
1633981408232 0.0601501390337944 0
1633981416875 0.052871592342853546 0
1633981425502 0.06394115090370178 0
1633981434128 0.14320029318332672 0
1633981442697 0.45283323526382446 0
1633981451259 0.08939224481582642 0
1633981459825 0.06335406750440598 0
1633981469509 0.054878249764442444 0
1633981478104 0.05555545911192894 0
1633981486697 0.060795858502388 0
1633981495250 0.080913245677948 0
1633981503857 0.06109412759542465 0
1633981512562 0.1288810670375824 0
1633981521091 0.08078287541866302 0
1633981529725 0.04696958512067795 0
1633981538341 0.06589231640100479 0
1633981546870 0.062251657247543335 0
1633981556531 0.04444711655378342 0
1633981565168 0.05111450329422951 0
1633981573793 0.07118444889783859 0
1633981582332 0.06835361570119858 0
1633981590916 0.08078569173812866 0
1633981599499 0.0699167251586914 0
1633981608087 0.05517834424972534 0
1633981616654 0.07505755126476288 0
1633981625258 0.06861352175474167 0
