1624724257913 0 0
1624724260645 1 0
1624724263233 2 0
1624724266010 3 0
1624724268866 4 0
1624724271493 5 0
1624724274068 6 0
1624724276751 7 0
1624724279338 8 0
1624724281909 9 0
1624724284748 10 0
1624724287449 11 0
1624724290055 12 0
1624724292728 13 0
1624724295353 14 0
1624724297961 15 0
1624724300645 16 0
1624724303182 17 0
1624724305726 18 0
1624724308257 19 0
1624724310811 20 0
1624724313294 21 0
1624724315717 22 0
1624724318203 23 0
1624724320720 24 0
1624724323625 25 0
1624724326246 26 0
1624724328718 27 0
1624724331209 28 0
1624724333690 29 0
1624724336201 30 0
1624724338687 31 0
1624724341257 32 0
1624724343874 33 0
1624724346357 34 0
1624724348864 35 0
1624724351401 36 0
1624724353793 37 0
1624724356260 38 0
1624724358696 39 0
1624724361172 40 0
1624724363643 41 0
1624724366059 42 0
1624724368577 43 0
1624724371033 44 0
1624724373511 45 0
1624724375969 46 0
1624724378388 47 0
1624724380870 48 0
1624724383303 49 0
1624724385764 50 0
1624724388249 51 0
1624724390702 52 0
1624724393167 53 0
1624724395697 54 0
1624724398166 55 0
1624724400606 56 0
1624724403032 57 0
1624724405385 58 0
1624724407773 59 0
1624724410225 60 0
1624724412706 61 0
1624724415168 62 0
1624724417630 63 0
1624724420097 64 0
1624724422484 65 0
1624724424939 66 0
1624724427449 67 0
1624724429973 68 0
1624724432453 69 0
1624724434906 70 0
1624724437381 71 0
1624724439846 72 0
1624724442434 73 0
1624724444919 74 0
1624724447387 75 0
1624724449914 76 0
1624724452383 77 0
1624724454906 78 0
1624724457483 79 0
1624724459975 80 0
1624724462453 81 0
1624724464907 82 0
1624724467399 83 0
1624724469862 84 0
1624724472391 85 0
1624724474879 86 0
1624724477341 87 0
1624724479843 88 0
1624724482297 89 0
1624724484681 90 0
1624724487087 91 0
1624724489514 92 0
1624724491965 93 0
1624724494393 94 0
1624724496834 95 0
1624724499209 96 0
1624724501701 97 0
1624724504176 98 0
1624724506635 99 0
1624724509095 100 0
1624724511564 101 0
1624724514065 102 0
1624724516467 103 0
1624724518822 104 0
1624724521253 105 0
1624724523698 106 0
1624724526050 107 0
1624724528407 108 0
1624724530762 109 0
1624724533134 110 0
1624724535566 111 0
1624724537922 112 0
1624724540482 113 0
1624724544512 114 0
1624724548133 115 0
1624724550477 116 0
1624724552859 117 0
1624724555285 118 0
1624724557650 119 0
1624724560075 120 0
1624724562460 121 0
1624724564954 122 0
1624724567326 123 0
1624724569704 124 0
1624724572130 125 0
1624724574754 126 0
1624724577216 127 0
1624724579709 128 0
1624724582283 129 0
1624724584812 130 0
1624724587355 131 0
1624724589770 132 0
1624724592165 133 0
1624724594565 134 0
1624724596927 135 0
1624724599257 136 0
1624724601608 137 0
1624724603948 138 0
1624724606305 139 0
1624724608655 140 0
1624724610998 141 0
1624724613428 142 0
1624724615885 143 0
1624724618279 144 0
1624724620653 145 0
1624724623142 146 0
1624724625485 147 0
1624724627783 148 0
1624724630115 149 0
1624724632484 150 0
1624724634880 151 0
1624724637222 152 0
1624724639584 153 0
1624724642032 154 0
1624724644341 155 0
1624724646677 156 0
1624724648988 157 0
1624724651371 158 0
1624724653698 159 0
1624724656062 160 0
1624724658400 161 0
1624724660826 162 0
1624724663288 163 0
1624724665742 164 0
1624724668200 165 0
1624724670723 166 0
1624724673180 167 0
1624724675548 168 0
1624724677904 169 0
1624724680230 170 0
1624724682600 171 0
1624724685037 172 0
1624724687509 173 0
1624724689969 174 0
1624724692436 175 0
1624724694894 176 0
1624724697315 177 0
1624724699827 178 0
1624724702195 179 0
1624724704562 180 0
1624724706998 181 0
1624724709343 182 0
1624724711690 183 0
1624724714029 184 0
1624724716363 185 0
1624724718758 186 0
1624724721118 187 0
1624724723475 188 0
1624724725826 189 0
1624724728193 190 0
1624724730626 191 0
1624724733105 192 0
1624724735563 193 0
1624724737985 194 0
1624724740413 195 0
1624724742819 196 0
1624724745265 197 0
1624724747734 198 0
1624724750195 199 0
1624724752673 200 0
1624724755119 201 0
1624724757465 202 0
1624724759814 203 0
1624724762214 204 0
1624724764568 205 0
1624724766915 206 0
1624724769258 207 0
1624724771602 208 0
1624724773940 209 0
1624724776357 210 0
1624724778790 211 0
1624724781124 212 0
1624724783488 213 0
1624724785847 214 0
1624724788207 215 0
1624724790599 216 0
1624724792953 217 0
1624724795321 218 0
1624724797663 219 0
1624724800329 220 0
1624724802679 221 0
1624724805083 222 0
1624724807417 223 0
1624724809770 224 0
1624724812168 225 0
1624724814619 226 0
1624724817047 227 0
1624724819425 228 0
1624724821807 229 0
1624724824203 230 0
1624724826524 231 0
1624724828850 232 0
1624724831199 233 0
1624724833649 234 0
1624724836098 235 0
1624724838548 236 0
1624724840903 237 0
1624724843305 238 0
1624724845646 239 0
1624724848011 240 0
1624724850425 241 0
1624724852785 242 0
1624724855140 243 0
1624724857511 244 0
1624724859939 245 0
1624724862273 246 0
1624724864711 247 0
1624724867056 248 0
1624724869404 249 0
1624724871765 250 0
1624724874126 251 0
1624724876497 252 0
1624724878868 253 0
1624724881235 254 0
1624724883575 255 0
1624724886014 256 0
1624724888347 257 0
1624724890758 258 0
1624724893137 259 0
1624724895560 260 0
1624724897932 261 0
1624724900290 262 0
1624724902739 263 0
1624724905080 264 0
1624724907466 265 0
1624724909790 266 0
1624724912122 267 0
1624724914522 268 0
1624724916885 269 0
1624724919253 270 0
1624724921668 271 0
1624724924067 272 0
1624724926479 273 0
1624724928889 274 0
1624724931295 275 0
1624724933932 276 0
1624724936410 277 0
1624724938896 278 0
1624724941348 279 0
1624724943834 280 0
1624724946396 281 0
1624724948828 282 0
1624724951205 283 0
1624724953632 284 0
1624724956095 285 0
1624724958537 286 0
1624724961004 287 0
1624724963446 288 0
1624724965866 289 0
1624724968311 290 0
1624724970773 291 0
1624724973223 292 0
1624724975668 293 0
1624724978134 294 0
1624724980529 295 0
1624724982988 296 0
1624724985449 297 0
1624724987885 298 0
1624724990396 299 0
1624724992845 300 0
1624724995320 301 0
1624724997819 302 0
1624725000257 303 0
1624725002785 304 0
1624725005276 305 0
1624725007674 306 0
1624725010016 307 0
1624725012353 308 0
1624725014696 309 0
1624725017099 310 0
1624725019444 311 0
1624725021823 312 0
1624725024185 313 0
1624725026570 314 0
1624725028939 315 0
1624725031302 316 0
1624725033643 317 0
1624725036074 318 0
1624725038416 319 0
1624725040860 320 0
1624725043331 321 0
1624725045785 322 0
1624725048242 323 0
1624725050709 324 0
1624725053141 325 0
1624725055588 326 0
1624725058046 327 0
1624725060506 328 0
1624725062898 329 0
1624725065281 330 0
1624725067669 331 0
1624725070029 332 0
1624725072493 333 0
1624725074928 334 0
1624725077405 335 0
1624725079872 336 0
1624725082361 337 0
1624725084861 338 0
1624725087321 339 0
1624725089702 340 0
1624725092078 341 0
1624725094537 342 0
1624725096969 343 0
1624725099334 344 0
1624725101707 345 0
1624725104127 346 0
1624725106540 347 0
1624725108984 348 0
1624725111380 349 0
1624725113795 350 0
1624725116236 351 0
1624725118670 352 0
1624725121100 353 0
1624725123515 354 0
1624725125956 355 0
1624725128329 356 0
1624725130676 357 0
1624725133050 358 0
1624725135399 359 0
1624725137780 360 0
1624725140230 361 0
1624725142760 362 0
1624725145257 363 0
1624725147741 364 0
1624725150115 365 0
1624725152464 366 0
1624725154853 367 0
1624725157217 368 0
1624725159556 369 0
1624725162001 370 0
1624725164433 371 0
1624725167004 372 0
1624725169400 373 0
1624725171793 374 0
1624725174135 375 0
1624725176474 376 0
1624725178829 377 0
1624725181235 378 0
1624725184522 379 0
1624725187229 380 0
1624725189651 381 0
1624725192075 382 0
1624725194479 383 0
1624725196839 384 0
1624725199217 385 0
1624725201567 386 0
1624725203907 387 0
1624725206264 388 0
1624725208684 389 0
1624725211046 390 0
1624725213544 391 0
1624725215977 392 0
1624725218370 393 0
1624725220822 394 0
1624725223281 395 0
1624725225797 396 0
1624725228388 397 0
1624725230849 398 0
1624725233294 399 0
1624725235731 400 0
1624725238201 401 0
1624725240613 402 0
1624725243022 403 0
1624725245435 404 0
1624725247843 405 0
1624725250294 406 0
1624725252656 407 0
1624725255068 408 0
1624725257428 409 0
1624725259847 410 0
1624725262206 411 0
1624725264546 412 0
1624725266893 413 0
1624725269282 414 0
1624725271744 415 0
1624725274124 416 0
1624725276491 417 0
1624725278885 418 0
1624725281279 419 0
1624725283709 420 0
1624725286168 421 0
1624725288578 422 0
1624725290979 423 0
1624725293369 424 0
1624725295854 425 0
1624725298298 426 0
1624725300729 427 0
1624725303158 428 0
1624725305569 429 0
1624725307952 430 0
1624725310383 431 0
1624725312848 432 0
1624725315324 433 0
1624725317783 434 0
1624725320244 435 0
1624725322698 436 0
1624725325115 437 0
1624725327538 438 0
1624725329950 439 0
1624725332396 440 0
1624725334851 441 0
1624725337390 442 0
1624725339835 443 0
1624725342290 444 0
1624725344714 445 0
1624725347151 446 0
1624725349590 447 0
1624725352024 448 0
1624725354494 449 0
1624725356942 450 0
1624725359372 451 0
1624725361807 452 0
1624725364329 453 0
1624725366776 454 0
1624725369200 455 0
1624725371615 456 0
1624725374048 457 0
1624725376455 458 0
1624725378865 459 0
1624725381312 460 0
1624725383760 461 0
1624725386197 462 0
1624725388591 463 0
1624725391100 464 0
1624725393522 465 0
1624725395956 466 0
1624725398400 467 0
1624725400827 468 0
1624725403237 469 0
1624725405738 470 0
1624725408139 471 0
1624725410569 472 0
1624725413009 473 0
1624725415442 474 0
1624725417890 475 0
1624725420326 476 0
1624725422774 477 0
1624725425200 478 0
1624725427656 479 0
1624725430018 480 0
1624725432492 481 0
1624725434931 482 0
1624725437302 483 0
1624725439749 484 0
1624725442209 485 0
1624725444664 486 0
1624725447117 487 0
1624725449569 488 0
1624725452007 489 0
1624725454464 490 0
1624725456852 491 0
1624725459313 492 0
1624725461788 493 0
1624725464271 494 0
1624725466743 495 0
1624725469154 496 0
1624725471581 497 0
1624725474080 498 0
1624725476586 499 0
1624725479064 500 0
1624725481566 501 0
1624725484040 502 0
1624725486540 503 0
1624725488994 504 0
1624725491455 505 0
1624725493896 506 0
1624725496364 507 0
1624725498786 508 0
1624725501253 509 0
1624725503768 510 0
1624725506206 511 0
1624725508731 512 0
1624725511224 513 0
1624725513755 514 0
1624725516204 515 0
1624725518673 516 0
1624725521113 517 0
1624725523542 518 0
1624725525958 519 0
1624725528363 520 0
1624725530781 521 0
1624725533233 522 0
1624725535675 523 0
1624725538095 524 0
1624725540515 525 0
1624725542964 526 0
1624725545398 527 0
1624725547838 528 0
1624725550321 529 0
1624725552786 530 0
1624725555222 531 0
1624725557702 532 0
1624725560192 533 0
1624725562714 534 0
1624725565145 535 0
1624725567596 536 0
1624725570031 537 0
1624725572490 538 0
1624725574945 539 0
1624725577396 540 0
1624725579848 541 0
1624725582312 542 0
1624725584751 543 0
1624725587207 544 0
1624725589668 545 0
1624725592117 546 0
1624725594582 547 0
1624725597032 548 0
1624725599473 549 0
1624725601942 550 0
1624725604391 551 0
1624725606807 552 0
1624725609212 553 0
