1624724257884 0 0
1624724260620 0 0
1624724263207 0 0
1624724265978 0 0
1624724268841 0 0
1624724271419 0 0
1624724274043 0 0
1624724276726 0 0
1624724279312 0 0
1624724281880 0 0
1624724284711 0 0
1624724287422 0 0
1624724290032 0 0
1624724292704 0 0
1624724295323 0 0
1624724297935 0 0
1624724300622 0 0
1624724303156 0 0
1624724305701 0 0
1624724308230 0 0
1624724310786 0 0
1624724313269 0 0
1624724315695 0 0
1624724318175 0 0
1624724320693 0 0
1624724323601 0 0
1624724326221 0 0
1624724328694 0 0
1624724331182 0 0
1624724333664 0 0
1624724336173 0 0
1624724338661 0 0
1624724341232 0 0
1624724343850 0 0
1624724346332 0 0
1624724348839 0 0
1624724351377 0 0
1624724353773 0 0
1624724356240 0 0
1624724358670 0 0
1624724361143 0 0
1624724363618 0 0
1624724366033 0 0
1624724368552 0 0
1624724371006 0 0
1624724373486 0 0
1624724375942 0 0
1624724378364 0 0
1624724380844 0 0
1624724383277 0 0
1624724385738 0 0
1624724388223 0 0
1624724390679 0 0
1624724393143 0 0
1624724395672 0 0
1624724398142 0 0
1624724400585 0 0
1624724403011 0 0
1624724405363 0 0
1624724407747 0 0
1624724410197 0 0
1624724412682 0 0
1624724415144 0 0
1624724417605 0 0
1624724420075 0 0
1624724422458 0 0
1624724424915 0 0
1624724427424 0 0
1624724429948 0 0
1624724432428 0 0
1624724434881 0 0
1624724437354 0 0
1624724439821 0 0
1624724442409 0 0
1624724444893 0 0
1624724447363 0 0
1624724449890 0 0
1624724452360 0 0
1624724454879 0 0
1624724457455 0 0
1624724459949 0 0
1624724462428 0 0
1624724464883 0 0
1624724467374 0 0
1624724469836 0 0
1624724472366 0 0
1624724474853 0 0
1624724477317 0 0
1624724479819 0 0
1624724482272 0 0
1624724484652 0 0
1624724487061 0 0
1624724489489 0 0
1624724491939 0 0
1624724494367 0 0
1624724496813 0 0
1624724499180 0 0
1624724501676 0 0
1624724504151 0 0
1624724506609 0 0
1624724509073 0 0
1624724511540 0 0
1624724514040 0 0
1624724516446 0 0
1624724518802 0 0
1624724521228 0 0
1624724523673 0 0
1624724526030 0 0
1624724528386 0 0
1624724530740 0 0
1624724533113 0 0
1624724535541 0 0
1624724537900 0 0
1624724540458 0 0
1624724544473 0 0
1624724548112 0 0
1624724550455 0 0
1624724552837 0 0
1624724555263 0 0
1624724557626 0 0
1624724560052 0 0
1624724562438 0 0
1624724564932 0 0
1624724567304 0 0
1624724569680 0 0
1624724572107 0 0
1624724574730 0 0
1624724577193 0 0
1624724579681 0 0
1624724582253 0 0
1624724584789 0 0
1624724587334 0 0
1624724589748 0 0
1624724592142 0 0
1624724594539 0 0
1624724596905 0 0
1624724599235 0 0
1624724601586 0 0
1624724603927 0 0
1624724606281 0 0
1624724608634 0 0
1624724610977 0 0
1624724613403 0 0
1624724615860 0 0
1624724618257 0 0
1624724620628 0 0
1624724623121 0 0
1624724625465 0 0
1624724627763 0 0
1624724630095 0 0
1624724632462 0 0
1624724634859 0 0
1624724637202 0 0
1624724639561 0 0
1624724642010 0 0
1624724644320 0 0
1624724646654 0 0
1624724648966 0 0
1624724651350 0 0
1624724653675 0 0
1624724656040 0 0
1624724658376 0 0
1624724660803 0 0
1624724663261 0 0
1624724665717 0 0
1624724668172 0 0
1624724670699 0 0
1624724673156 0 0
1624724675522 0 0
1624724677884 0 0
1624724680209 0 0
1624724682578 0 0
1624724685011 0 0
1624724687483 0 0
1624724689943 0 0
1624724692411 0 0
1624724694870 0 0
1624724697290 0 0
1624724699803 0 0
1624724702172 0 0
1624724704540 0 0
1624724706976 0 0
1624724709321 0 0
1624724711667 0 0
1624724714006 0 0
1624724716342 0 0
1624724718736 0 0
1624724721097 0 0
1624724723453 0 0
1624724725805 0 0
1624724728172 0 0
1624724730599 0 0
1624724733079 0 0
1624724735541 0 0
1624724737958 0 0
1624724740388 0 0
1624724742794 0 0
1624724745241 0 0
1624724747707 0 0
1624724750167 0 0
1624724752647 0 0
1624724755098 0 0
1624724757444 0 0
1624724759793 0 0
1624724762189 0 0
1624724764546 0 0
1624724766892 0 0
1624724769237 0 0
1624724771580 0 0
1624724773919 0 0
1624724776332 0 0
1624724778767 0 0
1624724781103 0 0
1624724783467 0 0
1624724785824 0 0
1624724788186 0 0
1624724790577 0 0
1624724792932 0 0
1624724795298 0 0
1624724797641 0 0
1624724800307 0 0
1624724802650 0 0
1624724805062 0 0
1624724807395 0 0
1624724809745 0 0
1624724812142 0 0
1624724814594 0 0
1624724817024 0 0
1624724819404 0 0
1624724821782 0 0
1624724824181 0 0
1624724826503 0 0
1624724828828 0 0
1624724831177 0 0
1624724833623 0 0
1624724836075 0 0
1624724838521 0 0
1624724840881 0 0
1624724843284 0 0
1624724845621 0 0
1624724847988 0 0
1624724850398 0 0
1624724852764 0 0
1624724855116 0 0
1624724857489 0 0
1624724859918 0 0
1624724862251 0 0
1624724864688 0 0
1624724867032 0 0
1624724869382 0 0
1624724871745 0 0
1624724874101 0 0
1624724876476 0 0
1624724878846 0 0
1624724881212 0 0
1624724883553 0 0
1624724885992 0 0
1624724888324 0 0
1624724890736 0 0
1624724893115 0 0
1624724895536 0 0
1624724897910 0 0
1624724900268 0 0
1624724902716 0 0
1624724905057 0 0
1624724907445 0 0
1624724909769 0 0
1624724912099 0 0
1624724914498 0 0
1624724916863 0 0
1624724919228 0 0
1624724921643 0 0
1624724924042 0 0
1624724926453 0 0
1624724928865 0 0
1624724931268 0 0
1624724933906 0 0
1624724936385 0 0
1624724938869 0 0
1624724941324 0 0
1624724943807 0 0
1624724946372 0 0
1624724948804 0 0
1624724951180 0 0
1624724953606 0 0
1624724956071 0 0
1624724958513 0 0
1624724960978 0 0
1624724963421 0 0
1624724965840 0 0
1624724968284 0 0
1624724970746 0 0
1624724973198 0 0
1624724975644 0 0
1624724978107 0 0
1624724980505 0 0
1624724982963 0 0
1624724985425 0 0
1624724987861 0 0
1624724990370 0 0
1624724992820 0 0
1624724995295 0 0
1624724997795 0 0
1624725000233 0 0
1624725002760 0 0
1624725005250 0 0
1624725007653 0 0
1624725009995 0 0
1624725012331 0 0
1624725014675 0 0
1624725017076 0 0
1624725019422 0 0
1624725021800 0 0
1624725024162 0 0
1624725026548 0 0
1624725028917 0 0
1624725031280 0 0
1624725033621 0 0
1624725036052 0 0
1624725038395 0 0
1624725040836 0 0
1624725043305 0 0
1624725045760 0 0
1624725048219 0 0
1624725050685 0 0
1624725053115 0 0
1624725055563 0 0
1624725058020 0 0
1624725060481 0 0
1624725062877 0 0
1624725065259 0 0
1624725067648 0 0
1624725070008 0 0
1624725072468 0 0
1624725074904 0 0
1624725077379 0 0
1624725079847 0 0
1624725082337 0 0
1624725084834 0 0
1624725087300 0 0
1624725089680 0 0
1624725092052 0 0
1624725094513 0 0
1624725096949 0 0
1624725099314 0 0
1624725101683 0 0
1624725104106 0 0
1624725106515 0 0
1624725108959 0 0
1624725111355 0 0
1624725113769 0 0
1624725116212 0 0
1624725118645 0 0
1624725121076 0 0
1624725123489 0 0
1624725125930 0 0
1624725128307 0 0
1624725130653 0 0
1624725133029 0 0
1624725135377 0 0
1624725137756 0 0
1624725140203 0 0
1624725142732 0 0
1624725145231 0 0
1624725147716 0 0
1624725150095 0 0
1624725152438 0 0
1624725154830 0 0
1624725157197 0 0
1624725159533 0 0
1624725161975 0 0
1624725164409 0 0
1624725166979 0 0
1624725169379 0 0
1624725171772 0 0
1624725174113 0 0
1624725176453 0 0
1624725178807 0 0
1624725181203 0 0
1624725184488 0 0
1624725187203 0 0
1624725189625 0 0
1624725192055 0 0
1624725194455 0 0
1624725196816 0 0
1624725199195 0 0
1624725201545 0 0
1624725203887 0 0
1624725206243 0 0
1624725208663 0 0
1624725211023 0 0
1624725213520 0 0
1624725215952 0 0
1624725218345 0 0
1624725220798 0 0
1624725223253 0 0
1624725225770 0 0
1624725228363 0 0
1624725230825 0 0
1624725233268 0 0
1624725235705 0 0
1624725238176 0 0
1624725240589 0 0
1624725242996 0 0
1624725245409 0 0
1624725247818 0 0
1624725250269 0 0
1624725252635 0 0
1624725255047 0 0
1624725257407 0 0
1624725259826 0 0
1624725262184 0 0
1624725264525 0 0
1624725266872 0 0
1624725269254 0 0
1624725271723 0 0
1624725274102 0 0
1624725276467 0 0
1624725278861 0 0
1624725281256 0 0
1624725283684 0 0
1624725286142 0 0
1624725288553 0 0
1624725290953 0 0
1624725293342 0 0
1624725295829 0 0
1624725298273 0 0
1624725300705 0 0
1624725303135 0 0
1624725305544 0 0
1624725307931 0 0
1624725310358 0 0
1624725312822 0 0
1624725315299 0 0
1624725317757 0 0
1624725320218 0 0
1624725322674 0 0
1624725325087 0 0
1624725327513 0 0
1624725329925 0 0
1624725332372 0 0
1624725334825 0 0
1624725337366 0 0
1624725339812 0 0
1624725342265 0 0
1624725344690 0 0
1624725347126 0 0
1624725349564 0 0
1624725351998 0 0
1624725354470 0 0
1624725356917 0 0
1624725359345 0 0
1624725361783 0 0
1624725364303 0 0
1624725366750 0 0
1624725369175 0 0
1624725371589 0 0
1624725374024 0 0
1624725376431 0 0
1624725378840 0 0
1624725381287 0 0
1624725383735 0 0
1624725386174 0 0
1624725388567 0 0
1624725391076 0 0
1624725393497 0 0
1624725395930 0 0
1624725398374 0 0
1624725400802 0 0
1624725403210 0 0
1624725405713 0 0
1624725408113 0 0
1624725410544 0 0
1624725412985 0 0
1624725415415 0 0
1624725417864 0 0
1624725420301 0 0
1624725422750 0 0
1624725425175 0 0
1624725427632 0 0
1624725429991 0 0
1624725432467 0 0
1624725434904 0 0
1624725437277 0 0
1624725439724 0 0
1624725442184 0 0
1624725444640 0 0
1624725447093 0 0
1624725449545 0 0
1624725451982 0 0
1624725454438 0 0
1624725456828 0 0
1624725459285 0 0
1624725461764 0 0
1624725464246 0 0
1624725466722 0 0
1624725469127 0 0
1624725471558 0 0
1624725474055 0 0
1624725476559 0 0
1624725479038 0 0
1624725481539 0 0
1624725484015 0 0
1624725486515 0 0
1624725488967 0 0
1624725491431 0 0
1624725493869 0 0
1624725496341 0 0
1624725498764 0 0
1624725501228 0 0
1624725503745 0 0
1624725506180 0 0
1624725508706 0 0
1624725511198 0 0
1624725513732 0 0
1624725516179 0 0
1624725518649 0 0
1624725521088 0 0
1624725523517 0 0
1624725525930 0 0
1624725528338 0 0
1624725530756 0 0
1624725533207 0 0
1624725535649 0 0
1624725538071 0 0
1624725540488 0 0
1624725542933 0 0
1624725545371 0 0
1624725547814 0 0
1624725550295 0 0
1624725552760 0 0
1624725555197 0 0
1624725557677 0 0
1624725560168 0 0
1624725562690 0 0
1624725565121 0 0
1624725567572 0 0
1624725570004 0 0
1624725572465 0 0
1624725574920 0 0
1624725577374 0 0
1624725579822 0 0
1624725582287 0 0
1624725584727 0 0
1624725587184 0 0
1624725589643 0 0
1624725592093 0 0
1624725594557 0 0
1624725597006 0 0
1624725599446 0 0
1624725601917 0 0
1624725604364 0 0
1624725606787 0 0
1624725609191 0 0
