1624724257995 1.4911843836307526 0
1624724260718 0.20892012445256114 0
1624724263306 0.43362340331077576 0
1624724266098 0.997743234038353 0
1624724268947 1.3445568978786469 0
1624724271566 1.546583354473114 0
1624724274141 1.008970320224762 0
1624724276825 1.0164851546287537 0
1624724279413 0.9666953682899475 0
1624724281994 1.7229226753115654 0
1624724284872 0.07123023644089699 0
1624724287519 2.6889362186193466 0
1624724290124 3.066142626106739 0
1624724292803 1.0060813128948212 0
1624724295429 0.4319748729467392 0
1624724298035 0.43440981209278107 0
1624724300716 1.6818602681159973 0
1624724303257 1.5143031254410744 0
1624724305798 1.5599344968795776 0
1624724308328 1.2999975085258484 0
1624724310885 1.036155954003334 0
1624724313367 1.4127393662929535 0
1624724315781 1.2335674166679382 0
1624724318276 0.5718032121658325 0
1624724320798 1.1240656971931458 0
1624724323698 1.723548173904419 0
1624724326321 0.4375513792037964 0
1624724328790 1.5331640243530273 0
1624724331284 1.398347556591034 0
1624724333762 1.8359982036054134 0
1624724336276 0.1818750352540519 0
1624724338762 0.775432447437197 0
1624724341335 2.6373581886291504 0
1624724343947 0.4108187109231949 0
1624724346429 1.3893018625676632 0
1624724348936 1.4893039464950562 0
1624724351462 0.5890758037567139 0
1624724353855 1.0827285647392273 0
1624724356322 2.6555599570274353 0
1624724358768 2.077036499977112 0
1624724361247 0.8769541680812836 0
1624724363717 0.4485277436906472 0
1624724366136 0.7447703927755356 0
1624724368651 2.0165221095085144 0
1624724371107 0.7752537131309509 0
1624724373582 0.5998483225703239 0
1624724376036 1.1518422365188599 0
1624724378463 1.695937991142273 0
1624724380946 1.3984835743904114 0
1624724383378 1.6266340725123882 0
1624724385838 0.7800572961568832 0
1624724388324 1.3083511590957642 0
1624724390781 0.9062298685312271 0
1624724393243 0.3146707369014621 0
1624724395771 2.034500628709793 0
1624724398240 1.5803630873560905 0
1624724400666 2.0490344911813736 0
1624724403092 1.4388508200645447 0
1624724405448 0.4532030373811722 0
1624724407847 1.4597532209008932 0
1624724410303 0.015015533659607172 0
1624724412783 0.03210372702233144 0
1624724415239 0.2818465977907181 0
1624724417703 0.9645377695560455 0
1624724420157 1.2591539919376373 0
1624724422560 0.7239477634429932 0
1624724425012 0.23510604724287987 0
1624724427526 0.9200142696499825 0
1624724430046 1.8321002125740051 0
1624724432525 0.4562288341112435 0
1624724434979 0.5934740751981735 0
1624724437460 1.3818323612213135 0
1624724439920 0.46596919000148773 0
1624724442508 0.5466914474964142 0
1624724444991 0.8757484257221222 0
1624724447460 1.201137512922287 0
1624724449984 0.06320496648550034 0
1624724452458 0.44850455719279125 0
1624724454977 0.22810803167521954 0
1624724457555 0.33370471373200417 0
1624724460050 1.1665398180484772 0
1624724462527 0.39334824681282043 0
1624724464987 0.30570001527667046 0
1624724467475 0.6786053478717804 0
1624724469937 0.7768248915672302 0
1624724472469 0.31416942179203033 0
1624724474951 0.5075205862522125 0
1624724477415 1.3086068034172058 0
1624724479916 0.6297156512737274 0
1624724482371 1.210608959197998 0
1624724484759 0.026561466278508306 0
1624724487161 0.5792416036128998 0
1624724489587 0.8129655569791794 0
1624724492039 1.4360449761152267 0
1624724494467 0.856820285320282 0
1624724496897 0.7882436998188496 0
1624724499283 0.807582437992096 0
1624724501774 1.015064388513565 0
1624724504256 1.7276050746440887 0
1624724506709 1.4144403338432312 0
1624724509173 0.7148997783660889 0
1624724511633 1.5782403349876404 0
1624724514129 1.102171242237091 0
1624724516527 0.7492151185870171 0
1624724518882 1.963418424129486 0
1624724521326 2.1977654695510864 0
1624724523759 0.5951418280601501 0
1624724526111 0.4579266756772995 0
1624724528471 1.422574520111084 0
1624724530822 1.0431193932890892 0
1624724533197 0.8044224381446838 0
1624724535632 1.600677251815796 0
1624724537984 0.8632805347442627 0
1624724540555 1.5070111155509949 0
1624724544628 2.8094371557235718 0
1624724548199 0.9452494829893112 0
1624724550542 0.7739238516078331 0
1624724552931 0.6700182287022471 0
1624724555347 1.2101895213127136 0
1624724557717 1.8331103920936584 0
1624724560144 0.7067097574472427 0
1624724562523 0.8762257993221283 0
1624724565020 1.1575961410999298 0
1624724567394 1.2262176275253296 0
1624724569771 0.7500486820936203 0
1624724572198 1.1583836078643799 0
1624724574825 1.0899249017238617 0
1624724577282 0.7861589411040768 0
1624724579785 0.7500526905059814 0
1624724582366 1.3161257039755583 0
1624724584879 1.8402448445558548 0
1624724587418 1.0072824773742468 0
1624724589832 1.0590963959693909 0
1624724592230 0.3008137093856931 0
1624724594644 0.5140705704689026 0
1624724596994 0.5142988115549088 0
1624724599321 0.5887614786624908 0
1624724601677 1.2286391258239746 0
1624724604011 0.6241677403450012 0
1624724606370 1.2047162055969238 0
1624724608719 0.80146081186831 0
1624724611064 0.6792973875999451 0
1624724613501 0.6023544259369373 0
1624724615962 0.21280428767204285 0
1624724618346 0.5233559459447861 0
1624724620719 1.0038469731807709 0
1624724623204 0.5014650374650955 0
1624724625546 1.3799112439155579 0
1624724627844 1.0289077460765839 0
1624724630175 0.5859304517507553 0
1624724632548 0.5544475317001343 0
1624724634943 0.18024487607181072 0
1624724637290 1.2373706698417664 0
1624724639648 0.5478818118572235 0
1624724642094 1.0987497419118881 0
1624724644404 1.5954198837280273 0
1624724646745 1.0763683319091797 0
1624724649052 0.7618602067232132 0
1624724651435 0.9738091826438904 0
1624724653761 0.658459173515439 0
1624724656129 0.6417264118790627 0
1624724658472 1.6887783408164978 0
1624724660897 1.7674933075904846 0
1624724663360 0.688125267624855 0
1624724665814 0.8193950057029724 0
1624724668274 1.148650275543332 0
1624724670796 0.48021411150693893 0
1624724673251 1.2327401638031006 0
1624724675614 1.2893679440021515 0
1624724677968 1.3507177829742432 0
1624724680294 1.4053388833999634 0
1624724682661 0.2863796651363373 0
1624724685113 0.16559525555931032 0
1624724687583 0.33367939107120037 0
1624724690042 2.0461613535881042 0
1624724692512 1.1938010305166245 0
1624724694972 1.2258959263563156 0
1624724697389 0.5423215255141258 0
1624724699893 1.1256881952285767 0
1624724702261 0.49222464859485626 0
1624724704625 1.1085065603256226 0
1624724707064 0.2981424927711487 0
1624724709406 0.7223126888275146 0
1624724711756 1.1124533116817474 0
1624724714092 1.3484558463096619 0
1624724716426 1.423431634902954 0
1624724718822 1.1121087074279785 0
1624724721182 0.9567908048629761 0
1624724723538 1.6140828430652618 0
1624724725889 1.0299427285790443 0
1624724728261 0.09242370910942554 0
1624724730700 1.1791326864622533 0
1624724733179 0.8690586872398853 0
1624724735629 1.3887467086315155 0
1624724738057 1.0508964825421572 0
1624724740477 0.34466124325990677 0
1624724742892 0.5216756463050842 0
1624724745340 0.8184493184089661 0
1624724747808 1.1277419924736023 0
1624724750269 1.4092488288879395 0
1624724752740 0.6718646115623415 0
1624724755182 0.7993692010641098 0
1624724757528 1.715003536613949 0
1624724759885 1.4599106907844543 0
1624724762276 1.3321704268455505 0
1624724764633 1.419435292482376 0
1624724766978 0.7562602683901787 0
1624724769325 2.509284943342209 0
1624724771665 0.5842779874801636 0
1624724774004 0.30145764257758856 0
1624724776428 1.4074063301086426 0
1624724778855 1.2267425656318665 0
1624724781186 0.8736685216426849 0
1624724783551 1.4743936657905579 0
1624724785914 0.090670021250844 0
1624724788273 0.48279955983161926 0
1624724790658 0.7489235401153564 0
1624724793015 0.3262118473649025 0
1624724795382 1.169345498085022 0
1624724797728 0.8590137362480164 0
1624724800391 0.5070094577968121 0
1624724802755 1.1699102371931076 0
1624724805148 1.6584177017211914 0
1624724807481 0.958847165107727 0
1624724809835 0.22910436242818832 0
1624724812241 1.3052196875214577 0
1624724814698 0.9781379699707031 0
1624724817119 1.2413720488548279 0
1624724819490 0.16993479360826313 0
1624724821885 0.7294291959842667 0
1624724824265 0.703427255153656 0
1624724826588 1.2618528306484222 0
1624724828912 1.041367381811142 0
1624724831267 0.6105853617191315 0
1624724833724 0.5476665198802948 0
1624724836171 0.5372796356678009 0
1624724838613 1.0655259191989899 0
1624724840964 0.7855530381202698 0
1624724843369 1.1841809153556824 0
1624724845722 0.7192554175853729 0
1624724848077 0.9302648305892944 0
1624724850488 1.9466103911399841 0
1624724852852 1.7200680673122406 0
1624724855205 1.0840648756711744 0
1624724857575 0.48596223443746567 0
1624724860004 0.5664898827672005 0
1624724862342 1.1106370091438293 0
1624724864778 1.144546002149582 0
1624724867120 0.8436772227287292 0
1624724869466 1.0016853958368301 0
1624724871827 1.4045865535736084 0
1624724874195 0.7244453276507556 0
1624724876562 0.680987536907196 0
1624724878936 0.6090910248458385 0
1624724881298 0.8817805349826813 0
1624724883640 0.7792105481494218 0
1624724886077 0.30904488638043404 0
1624724888411 1.8409292995929718 0
1624724890824 1.7466120719909668 0
1624724893199 1.9387423992156982 0
1624724895626 0.7313642650842667 0
1624724897994 1.059115245938301 0
1624724900433 0.9092714563012123 0
1624724902805 0.7110746502876282 0
1624724905145 0.7895938456058502 0
1624724907530 1.6523587703704834 0
1624724909856 0.5128709077835083 0
1624724912184 0.8951654620468616 0
1624724914596 1.4698343575000763 0
1624724916952 0.8276360258460045 0
1624724919329 1.5003988146781921 0
1624724921743 0.854478657245636 0
1624724924139 0.12380798533558846 0
1624724926551 0.4742148034274578 0
1624724928961 1.4271674752235413 0
1624724931386 0.7113924622535706 0
1624724934005 0.5447242856025696 0
1624724936485 0.5719705745577812 0
1624724938969 1.0140417218208313 0
1624724941418 1.4165568351745605 0
1624724943905 2.3151479363441467 0
1624724946461 1.122277021408081 0
1624724948901 0.9813265353441238 0
1624724951281 0.3715711161494255 0
1624724953706 1.278131127357483 0
1624724956167 1.228017896413803 0
1624724958611 2.4146672040224075 0
1624724961082 0.9121979176998138 0
1624724963526 0.544071838259697 0
1624724965940 1.2180474698543549 0
1624724968390 0.6410170048475266 0
1624724970846 2.053216874599457 0
1624724973294 1.2415606379508972 0
1624724975739 1.3942524790763855 0
1624724978200 0.9336451888084412 0
1624724980601 0.6973791271448135 0
1624724983063 0.39639103412628174 0
1624724985523 0.936022087931633 0
1624724987957 0.7136005759239197 0
1624724990469 0.4743018075823784 0
1624724992918 2.1946970224380493 0
1624724995395 1.2912123203277588 0
1624724997894 1.5227952599525452 0
1624725000330 0.5667819380760193 0
1624725002859 0.9358780086040497 0
1624725005350 1.2638099491596222 0
1624725007735 1.8946861177682877 0
1624725010077 0.3646681532263756 0
1624725012418 0.40913642942905426 0
1624725014765 0.9226498156785965 0
1624725017161 0.5976989269256592 0
1624725019510 0.7512173429131508 0
1624725021885 0.9505826830863953 0
1624725024251 0.389952577650547 0
1624725026634 1.0716482102870941 0
1624725029001 1.6781274676322937 0
1624725031362 0.9247113764286041 0
1624725033707 1.6442111134529114 0
1624725036137 0.6174777299165726 0
1624725038480 1.6660116836428642 0
1624725040933 0.02131023700349033 0
1624725043406 0.6890431102365255 0
1624725045857 1.8467092663049698 0
1624725048316 1.3221030831336975 0
1624725050783 1.5007655322551727 0
1624725053217 1.1127512156963348 0
1624725055664 0.9108298108913004 0
1624725058121 1.8321174383163452 0
1624725060582 0.7389165759086609 0
1624725062962 1.8336738348007202 0
1624725065342 0.48446668684482574 0
1624725067731 0.44141445122659206 0
1624725070094 0.27612917497754097 0
1624725072568 1.3648762106895447 0
1624725075004 0.9728633165359497 0
1624725077480 0.524210087954998 0
1624725079947 1.3369561433792114 0
1624725082437 2.991429328918457 0
1624725084936 1.0498349070549011 0
1624725087384 0.674859194085002 0
1624725089766 0.5347507447004318 0
1624725092154 0.7525340765714645 0
1624725094610 0.3286001980304718 0
1624725097030 0.6007668375968933 0
1624725099400 2.3476928025484085 0
1624725101770 0.8205238282680511 0
1624725104188 0.5276544876396656 0
1624725106611 0.7734513878822327 0
1624725109061 1.009708970785141 0
1624725111457 0.9036114662885666 0
1624725113871 1.9132504537701607 0
1624725116312 1.5093974843621254 0
1624725118746 0.9684520065784454 0
1624725121174 2.1331475377082825 0
1624725123589 0.7644899263978004 0
1624725126030 1.5007452964782715 0
1624725128393 1.5076028108596802 0
1624725130743 0.8122792392969131 0
1624725133112 1.353311538696289 0
1624725135465 1.2156086415052414 0
1624725137848 2.0354210138320923 0
1624725140303 0.7643179446458817 0
1624725142838 1.1634117662906647 0
1624725145328 2.269487142562866 0
1624725147816 0.6523999720811844 0
1624725150176 1.6221950054168701 0
1624725152538 1.7985233962535858 0
1624725154919 0.5129362642765045 0
1624725157278 0.3243516683578491 0
1624725159631 1.4376617074012756 0
1624725162072 0.6003616750240326 0
1624725164505 1.6642358899116516 0
1624725167079 1.6005766242742538 0
1624725169463 1.6742976307868958 0
1624725171860 0.7938485443592072 0
1624725174195 0.5513737350702286 0
1624725176536 1.3515324592590332 0
1624725178892 0.5503031611442566 0
1624725181332 0.9574296027421951 0
1624725184618 0.8007025122642517 0
1624725187300 0.7061120271682739 0
1624725189724 0.7475912123918533 0
1624725192137 1.6072640419006348 0
1624725194545 0.9466019794344902 0
1624725196903 0.6172387525439262 0
1624725199286 0.3274691253900528 0
1624725201631 0.7651821076869965 0
1624725203966 0.27938346564769745 0
1624725206325 0.991591140627861 0
1624725208749 1.1669781357049942 0
1624725211110 0.7582709938287735 0
1624725213617 1.6589764952659607 0
1624725216054 1.1031945943832397 0
1624725218433 0.3826293535530567 0
1624725220895 0.830637663602829 0
1624725223350 0.8415439277887344 0
1624725225868 1.3285341560840607 0
1624725228464 0.7869666218757629 0
1624725230926 0.39252469688653946 0
1624725233371 0.6125719351693988 0
1624725235804 1.3677498753677355 0
1624725238272 1.0413145422935486 0
1624725240691 1.2150876075029373 0
1624725243095 1.1722670793533325 0
1624725245508 0.22904346883296967 0
1624725247920 0.6199614759534597 0
1624725250367 1.5408864095807076 0
1624725252719 1.2668765485286713 0
1624725255130 0.631505697965622 0
1624725257489 0.8042658865451813 0
1624725259909 2.5469919443130493 0
1624725262268 0.562484860420227 0
1624725264609 1.5031102895736694 0
1624725266955 1.56195118278265 0
1624725269356 1.414254367351532 0
1624725271816 1.7107312977313995 0
1624725274188 2.5959725379943848 0
1624725276558 2.364580988883972 0
1624725278950 3.6075276136398315 0
1624725281343 1.4544571042060852 0
1624725283784 0.39618888848053757 0
1624725286244 1.174324854859151 0
1624725288653 1.7558355927467346 0
1624725291050 1.5144715458154678 0
1624725293444 2.513003706932068 0
1624725295927 2.137454569339752 0
1624725298370 0.9874752163887024 0
1624725300801 1.2626888453960419 0
1624725303233 1.9863231182098389 0
1624725305636 1.0351093709468842 0
1624725308015 1.4680899232625961 0
1624725310455 1.639269582927227 0
1624725312919 0.6396351307630539 0
1624725315396 1.1185585856437683 0
1624725317859 1.0846417844295502 0
1624725320316 1.4703823924064636 0
1624725322774 1.0796639993786812 0
1624725325191 0.45544226467609406 0
1624725327611 0.31507777435217577 0
1624725330026 0.5402097553014755 0
1624725332471 1.471783459186554 0
1624725334924 1.0145705193281174 0
1624725337462 0.2774404138326645 0
1624725339910 1.6948480606079102 0
1624725342364 0.7864228561520576 0
1624725344790 0.789469838142395 0
1624725347222 0.9620704650878906 0
1624725349663 1.3034369945526123 0
1624725352094 2.0004270672798157 0
1624725354570 1.454384446144104 0
1624725357014 1.105397254228592 0
1624725359443 0.5112887024879456 0
1624725361881 0.4326162487268448 0
1624725364401 0.9234772914787754 0
1624725366844 1.6173510551452637 0
1624725369272 1.30992741137743 0
1624725371690 1.3149816393852234 0
1624725374119 1.3177355974912643 0
1624725376525 0.48165930807590485 0
1624725378937 0.9397447258234024 0
1624725381384 0.7907212376594543 0
1624725383833 1.2239348888397217 0
1624725386269 1.2197091281414032 0
1624725388663 0.7222829163074493 0
1624725391170 0.8079693615436554 0
1624725393593 0.5052606612443924 0
1624725396027 0.41717398166656494 0
1624725398477 0.5174838416278362 0
1624725400900 0.24168359860777855 0
1624725403315 1.9114838391542435 0
1624725405812 1.2575682401657104 0
1624725408219 1.5464783310890198 0
1624725410642 2.6210756301879883 0
1624725413081 0.5924927443265915 0
1624725415521 1.300911396741867 0
1624725417962 1.2186911702156067 0
1624725420407 0.8807065114378929 0
1624725422846 1.1763951480388641 0
1624725425272 1.5529728531837463 0
1624725427731 1.1258732676506042 0
1624725430094 0.21929140016436577 0
1624725432564 0.9473439157009125 0
1624725435002 0.3907167464494705 0
1624725437374 0.7289389818906784 0
1624725439823 2.7696422338485718 0
1624725442282 1.114693284034729 0
1624725444739 0.4071611613035202 0
1624725447188 0.46895707026124 0
1624725449643 2.0771389603614807 0
1624725452081 0.8459178507328033 0
1624725454538 1.5723453611135483 0
1624725456922 0.5867715775966644 0
1624725459386 1.1620740443468094 0
1624725461860 0.8596750199794769 0
1624725464342 0.7467643618583679 0
1624725466807 0.4622036963701248 0
1624725469227 1.1171348839998245 0
1624725471653 0.5879386365413666 0
1624725474151 1.342928797006607 0
1624725476659 1.0474627017974854 0
1624725479134 0.8118211030960083 0
1624725481639 0.3896423801779747 0
1624725484112 1.4519977569580078 0
1624725486610 1.524731993675232 0
1624725489067 1.2205897122621536 0
1624725491528 1.680968701839447 0
1624725493968 0.5279709845781326 0
1624725496434 0.7684929668903351 0
1624725498850 0.597660094499588 0
1624725501326 0.19182344153523445 0
1624725503842 0.0976482518017292 0
1624725506279 0.5687771849879937 0
1624725508802 0.4223347492516041 0
1624725511296 1.5767983794212341 0
1624725513830 0.6614011526107788 0
1624725516279 1.022413194179535 0
1624725518746 0.37721268832683563 0
1624725521184 1.5036209225654602 0
1624725523614 0.7688648365437984 0
1624725526032 0.33884409070014954 0
1624725528432 1.1685462091118097 0
1624725530852 0.6190232932567596 0
1624725533306 1.2834467887878418 0
1624725535747 0.8613732159137726 0
1624725538169 1.1036575734615326 0
1624725540593 0.48858456313610077 0
1624725543037 1.609408512711525 0
1624725545475 0.5195097997784615 0
1624725547911 0.6621962115168571 0
1624725550393 0.16326147690415382 0
1624725552860 0.18857387639582157 0
1624725555293 2.013545513153076 0
1624725557784 0.7857474684715271 0
1624725560263 0.799388661980629 0
1624725562787 0.3619716763496399 0
1624725565219 0.6828592792153358 0
1624725567672 1.0039046853780746 0
1624725570103 0.3834653925150633 0
1624725572562 1.5935436487197876 0
1624725575018 0.4179311627522111 0
1624725577461 1.0649681985378265 0
1624725579922 0.2513320669531822 0
1624725582384 0.6531685590744019 0
1624725584824 0.7119582146406174 0
1624725587280 1.0701689720153809 0
1624725589741 1.42671737074852 0
1624725592195 0.9587706848978996 0
1624725594655 1.1182116866111755 0
1624725597105 1.946649819612503 0
1624725599549 1.009599506855011 0
1624725602014 0.5824640691280365 0
1624725604467 0.0938883712515235 0
1624725606871 0.11457394063472748 0
1624725609274 1.6603518724441528 0
