1624724257967 7.836121082305908 0
1624724260693 6.247629404067993 0
1624724263281 4.737060070037842 0
1624724266068 4.010694742202759 0
1624724268919 3.810213088989258 0
1624724271541 2.8206955194473267 0
1624724274116 3.8642220497131348 0
1624724276800 4.984313726425171 0
1624724279388 3.0678948760032654 0
1624724281966 2.8022263050079346 0
1624724284836 4.826318621635437 0
1624724287495 2.474776029586792 0
1624724290101 5.510310649871826 0
1624724292777 2.7538557052612305 0
1624724295405 2.6059746742248535 0
1624724298009 3.779749631881714 0
1624724300691 2.044422209262848 0
1624724303233 2.93573260307312 0
1624724305775 1.692684531211853 0
1624724308304 2.0414464473724365 0
1624724310861 3.345402240753174 0
1624724313341 3.212464690208435 0
1624724315760 1.6688398122787476 0
1624724318250 3.0252473950386047 0
1624724320773 1.9789265394210815 0
1624724323673 4.373530149459839 0
1624724326298 2.3705875873565674 0
1624724328767 2.850663423538208 0
1624724331259 2.8086435794830322 0
1624724333738 1.9090651869773865 0
1624724336251 1.947521984577179 0
1624724338736 2.5552374124526978 0
1624724341310 1.9673664271831512 0
1624724343923 2.753993034362793 0
1624724346406 1.850498616695404 0
1624724348911 1.8381264805793762 0
1624724351442 2.051199197769165 0
1624724353834 3.6462507247924805 0
1624724356302 1.9048207998275757 0
1624724358743 1.7486660778522491 0
1624724361222 2.289554715156555 0
1624724363692 1.6742950081825256 0
1624724366110 1.443503350019455 0
1624724368624 1.6222395300865173 0
1624724371083 2.699523240327835 0
1624724373558 1.7010011076927185 0
1624724376012 1.6060097515583038 0
1624724378440 1.2416594326496124 0
1624724380920 1.8885828256607056 0
1624724383355 1.2121930122375488 0
1624724385812 2.003429412841797 0
1624724388298 1.7314876317977905 0
1624724390756 3.830801010131836 0
1624724393215 2.2543519735336304 0
1624724395747 3.0489595383405685 0
1624724398216 2.346415787935257 0
1624724400646 1.981624186038971 0
1624724403073 3.118852734565735 0
1624724405426 1.5493281483650208 0
1624724407822 1.5557925403118134 0
1624724410277 1.5956901162862778 0
1624724412757 1.6673533022403717 0
1624724415215 2.99543035030365 0
1624724417677 3.2878390550613403 0
1624724420137 2.2550122141838074 0
1624724422532 1.1574439108371735 0
1624724424988 2.4902052879333496 0
1624724427501 2.0706182718276978 0
1624724430022 2.2744498550891876 0
1624724432502 1.2947593927383423 0
1624724434953 2.6573782861232758 0
1624724437434 1.099294275045395 0
1624724439896 2.3651857376098633 0
1624724442485 2.464289426803589 0
1624724444967 1.2320582270622253 0
1624724447435 1.9101186096668243 0
1624724449960 1.3889898359775543 0
1624724452433 1.6075593829154968 0
1624724454953 2.1420260071754456 0
1624724457531 1.3687726557254791 0
1624724460025 2.2915414571762085 0
1624724462502 1.4018724858760834 0
1624724464961 3.372732013463974 0
1624724467449 5.536985635757446 0
1624724469912 1.4721062183380127 0
1624724472442 1.5073465704917908 0
1624724474927 2.256010055541992 0
1624724477388 3.7457363605499268 0
1624724479891 2.436223804950714 0
1624724482348 3.841221183538437 0
1624724484735 1.9284675121307373 0
1624724487135 2.475772887468338 0
1624724489562 2.293103814125061 0
1624724492014 1.3325956463813782 0
1624724494442 1.3105664253234863 0
1624724496875 2.718726873397827 0
1624724499259 1.9950388073921204 0
1624724501750 1.5368319749832153 0
1624724504227 2.071772277355194 0
1624724506685 1.6890318393707275 0
1624724509148 1.6368443071842194 0
1624724511610 1.6752436757087708 0
1624724514107 1.2478879392147064 0
1624724516506 1.590483158826828 0
1624724518863 2.2106205224990845 0
1624724521302 1.399448722600937 0
1624724523739 1.3862643837928772 0
1624724526090 2.023521840572357 0
1624724528448 1.6349462866783142 0
1624724530802 1.6244691014289856 0
1624724533176 3.261663317680359 0
1624724535612 2.4799658060073853 0
1624724537963 1.7014671564102173 0
1624724540531 1.1956220269203186 0
1624724544590 1.0658774971961975 0
1624724548178 1.3578669130802155 0
1624724550521 2.194265842437744 0
1624724552907 1.3564165830612183 0
1624724555326 1.7546237707138062 0
1624724557695 1.439159631729126 0
1624724560120 1.6593211889266968 0
1624724562502 1.5042248964309692 0
1624724564999 1.1123363673686981 0
1624724567372 2.280064195394516 0
1624724569748 2.199125051498413 0
1624724572174 0.9230826497077942 0
1624724574802 1.029667317867279 0
1624724577260 1.4587648510932922 0
1624724579760 1.0018490701913834 0
1624724582341 1.9365490674972534 0
1624724584857 2.0330407917499542 0
1624724587395 2.8636362552642822 0
1624724589811 1.120373785495758 0
1624724592208 2.8522186279296875 0
1624724594617 1.8143627643585205 0
1624724596973 1.7875113487243652 0
1624724599300 0.9543628692626953 0
1624724601652 1.4781978130340576 0
1624724603989 1.5821691155433655 0
1624724606347 1.4928135871887207 0
1624724608699 1.4923549890518188 0
1624724611041 1.534166544675827 0
1624724613477 2.316925048828125 0
1624724615936 2.87800332903862 0
1624724618323 1.6972249746322632 0
1624724620698 1.5584417283535004 0
1624724623183 2.461108222603798 0
1624724625526 2.323068380355835 0
1624724627824 1.1409300714731216 0
1624724630155 1.8447681367397308 0
1624724632526 1.9447842836380005 0
1624724634923 2.5290929973125458 0
1624724637268 1.4234696328639984 0
1624724639627 1.307358980178833 0
1624724642074 1.047633022069931 0
1624724644383 2.4976299107074738 0
1624724646723 1.7211112976074219 0
1624724649029 1.6271145939826965 0
1624724651414 1.78192338347435 0
1624724653740 1.5548612475395203 0
1624724656106 1.2813870310783386 0
1624724658448 1.22956383228302 0
1624724660873 1.1041779965162277 0
1624724663336 1.6013489961624146 0
1624724665789 1.4513753652572632 0
1624724668250 1.3529096096754074 0
1624724670771 2.3473352193832397 0
1624724673227 2.7681614458560944 0
1624724675593 0.9640853852033615 0
1624724677946 1.4371053874492645 0
1624724680272 2.735810726881027 0
1624724682640 2.25162273645401 0
1624724685086 2.122875988483429 0
1624724687559 1.5717187225818634 0
1624724690018 2.2942000031471252 0
1624724692487 1.5388687551021576 0
1624724694943 1.188424825668335 0
1624724697364 2.6167802810668945 0
1624724699870 2.3881646394729614 0
1624724702238 1.967396080493927 0
1624724704605 1.7440863847732544 0
1624724707042 1.8502806425094604 0
1624724709385 2.8129501938819885 0
1624724711734 1.5747909843921661 0
1624724714072 1.674507975578308 0
1624724716405 1.1364244222640991 0
1624724718800 1.0493806898593903 0
1624724721162 1.2617999613285065 0
1624724723515 2.8175919204950333 0
1624724725867 1.9799696207046509 0
1624724728236 2.5194458961486816 0
1624724730675 1.7762696146965027 0
1624724733155 1.2040240913629532 0
1624724735608 1.2173690050840378 0
1624724738033 2.7480121850967407 0
1624724740456 1.2709007859230042 0
1624724742867 1.5598367899656296 0
1624724745316 1.3555515706539154 0
1624724747784 1.0797565877437592 0
1624724750243 4.188134253025055 0
1624724752719 1.429034799337387 0
1624724755160 1.6617068499326706 0
1624724757507 1.4076485633850098 0
1624724759860 1.2358905673027039 0
1624724762256 1.1378271877765656 0
1624724764611 1.5801123678684235 0
1624724766958 1.9162038266658783 0
1624724769304 1.797255128622055 0
1624724771644 1.8464358448982239 0
1624724773985 2.477984309196472 0
1624724776404 1.9337247759103775 0
1624724778832 1.3278363794088364 0
1624724781166 1.5161418914794922 0
1624724783529 2.1112183928489685 0
1624724785892 1.4440684020519257 0
1624724788252 1.3641531765460968 0
1624724790639 1.4984971582889557 0
1624724792994 1.1879559755325317 0
1624724795362 1.5393736362457275 0
1624724797706 1.3019241094589233 0
1624724800371 2.1237603425979614 0
1624724802730 1.5345885157585144 0
1624724805128 1.367772787809372 0
1624724807461 1.3971163034439087 0
1624724809813 2.152984321117401 0
1624724812218 1.6922090649604797 0
1624724814672 1.5107865035533905 0
1624724817095 1.925677239894867 0
1624724819466 4.149444416165352 0
1624724821859 2.035162389278412 0
1624724824245 1.4055129885673523 0
1624724826567 1.0925130248069763 0
1624724828891 1.2860999405384064 0
1624724831244 1.3086227178573608 0
1624724833699 1.527539610862732 0
1624724836147 1.4314433634281158 0
1624724838591 1.2068991363048553 0
1624724840943 1.3266944587230682 0
1624724843347 3.3314976692199707 0
1624724845696 2.4247058033943176 0
1624724848053 1.424315482378006 0
1624724850467 0.9696960151195526 0
1624724852830 2.264208972454071 0
1624724855183 2.0436916947364807 0
1624724857553 2.2692214250564575 0
1624724859983 1.6985445320606232 0
1624724862318 2.1660088896751404 0
1624724864755 1.334511250257492 0
1624724867099 1.6607987731695175 0
1624724869446 0.9639211595058441 0
1624724871806 0.9121065586805344 0
1624724874171 1.3738183230161667 0
1624724876540 2.7032404094934464 0
1624724878912 1.2638883888721466 0
1624724881276 1.713700294494629 0
1624724883619 1.4245890080928802 0
1624724886056 1.5348442494869232 0
1624724888391 1.1872601211071014 0
1624724890802 1.7009530067443848 0
1624724893177 1.5475513935089111 0
1624724895604 2.300129234790802 0
1624724897974 2.4532184302806854 0
1624724900410 1.1333637237548828 0
1624724902784 2.302046835422516 0
1624724905122 1.8511268347501755 0
1624724907508 1.2835673540830612 0
1624724909833 1.3133615255355835 0
1624724912164 1.142998844385147 0
1624724914571 1.6908517479896545 0
1624724916931 1.0503024458885193 0
1624724919304 1.4888153374195099 0
1624724921719 2.574692592024803 0
1624724924116 1.7883257567882538 0
1624724926528 2.0980467796325684 0
1624724928937 1.1958168670535088 0
1624724931359 1.3451985716819763 0
1624724933980 1.142968088388443 0
1624724936459 1.0820049345493317 0
1624724938945 1.1363508254289627 0
1624724941394 0.9546858966350555 0
1624724943882 1.1633334159851074 0
1624724946440 1.0126925259828568 0
1624724948878 2.53878615796566 0
1624724951258 2.1639441549777985 0
1624724953681 2.348763093352318 0
1624724956144 1.3988218307495117 0
1624724958586 2.1878678053617477 0
1624724961054 1.044609010219574 0
1624724963501 1.7501407265663147 0
1624724965914 1.5468824654817581 0
1624724968363 2.2962740063667297 0
1624724970820 1.5107703804969788 0
1624724973270 0.7570762485265732 0
1624724975715 1.1079955101013184 0
1624724978179 0.8945862650871277 0
1624724980577 2.4796485900878906 0
1624724983037 1.3836107850074768 0
1624724985498 2.3129220008850098 0
1624724987933 1.0454195737838745 0
1624724990444 1.659650295972824 0
1624724992894 1.7814155369997025 0
1624724995368 2.7499969005584717 0
1624724997870 2.8234576284885406 0
1624725000307 1.4123470485210419 0
1624725002834 2.3873953819274902 0
1624725005324 2.5400686860084534 0
1624725007714 2.160477042198181 0
1624725010056 1.2408578842878342 0
1624725012396 2.763764262199402 0
1624725014742 2.78808856010437 0
1624725017139 1.593671403825283 0
1624725019488 2.406912699341774 0
1624725021864 1.0630492568016052 0
1624725024230 1.5431640893220901 0
1624725026612 1.7642085552215576 0
1624725028980 1.2850348055362701 0
1624725031342 1.8529410362243652 0
1624725033685 1.2232807651162148 0
1624725036116 1.715087205171585 0
1624725038459 1.1177834123373032 0
1624725040907 2.9862648248672485 0
1624725043380 1.5794782638549805 0
1624725045833 1.8428367376327515 0
1624725048290 1.530776023864746 0
1624725050758 2.6251007318496704 0
1624725053191 1.53294837474823 0
1624725055640 1.2471532225608826 0
1624725058095 1.2668756544589996 0
1624725060555 1.0127264857292175 0
1624725062940 1.1782857775688171 0
1624725065322 4.342480778694153 0
1624725067710 1.3489065766334534 0
1624725070070 1.1709868907928467 0
1624725072544 1.4267748594284058 0
1624725074978 2.0104010105133057 0
1624725077455 1.3378413915634155 0
1624725079923 1.0825108140707016 0
1624725082411 1.250547856092453 0
1624725084909 1.5753926932811737 0
1624725087362 0.9802329540252686 0
1624725089745 2.3040791898965836 0
1624725092129 2.076070189476013 0
1624725094585 2.930149719119072 0
1624725097010 1.5832086205482483 0
1624725099378 1.367109276354313 0
1624725101750 1.7583549618721008 0
1624725104168 2.900605857372284 0
1624725106587 1.6515297889709473 0
1624725109035 1.7039563059806824 0
1624725111432 1.6804170906543732 0
1624725113845 1.4661346822977066 0
1624725116286 1.3878825902938843 0
1624725118722 2.728762224316597 0
1624725121150 0.7229005247354507 0
1624725123562 1.91239033639431 0
1624725126007 3.460698127746582 0
1624725128371 1.714698702096939 0
1624725130721 1.7927981466054916 0
1624725133091 1.4386042952537537 0
1624725135443 0.9923317134380341 0
1624725137826 1.4791171848773956 0
1624725140278 0.9905600547790527 0
1624725142813 0.7118255868554115 0
1624725145305 1.1988555788993835 0
1624725147792 1.381514072418213 0
1624725150155 1.6211410164833069 0
1624725152513 0.9693784713745117 0
1624725154896 1.7256805151700974 0
1624725157257 2.089221775531769 0
1624725159604 1.5142731815576553 0
1624725162048 2.269209563732147 0
1624725164480 1.2188793867826462 0
1624725167053 1.4666996598243713 0
1624725169443 1.6200642883777618 0
1624725171837 2.4034827947616577 0
1624725174176 1.2190603613853455 0
1624725176515 2.5444074869155884 0
1624725178872 1.0141598284244537 0
1624725181299 2.0735968351364136 0
1624725184586 2.228779673576355 0
1624725187276 1.3641815781593323 0
1624725189700 1.3998910784721375 0
1624725192116 2.431496411561966 0
1624725194523 1.7622951865196228 0
1624725196883 1.3673896789550781 0
1624725199264 1.702290266752243 0
1624725201609 0.930653378367424 0
1624725203947 1.8478989005088806 0
1624725206305 1.8248509168624878 0
1624725208727 1.9495028257369995 0
1624725211089 0.6710362583398819 0
1624725213593 1.6761498153209686 0
1624725216028 0.8480052351951599 0
1624725218413 1.73052179813385 0
1624725220871 0.893499568104744 0
1624725223327 1.7682463079690933 0
1624725225845 0.9440263360738754 0
1624725228441 1.417141079902649 0
1624725230901 2.24373222887516 0
1624725233344 1.3588358014822006 0
1624725235781 1.3486819565296173 0
1624725238249 1.566672995686531 0
1624725240666 1.7974002957344055 0
1624725243072 2.4896177649497986 0
1624725245484 2.4915711581707 0
1624725247894 2.8279425501823425 0
1624725250343 2.1364864110946655 0
1624725252698 2.6757806539535522 0
1624725255109 2.226428896188736 0
1624725257469 3.2500701248645782 0
1624725259889 2.4825665950775146 0
1624725262248 2.46881303191185 0
1624725264587 1.548576682806015 0
1624725266934 1.834399238228798 0
1624725269331 1.7126417458057404 0
1624725271791 1.3242300599813461 0
1624725274166 1.9472237676382065 0
1624725276538 1.3765759319067001 0
1624725278929 1.4754684269428253 0
1624725281322 2.432633638381958 0
1624725283759 2.4384791553020477 0
1624725286219 2.163026362657547 0
1624725288629 1.5044987797737122 0
1624725291026 1.802483782172203 0
1624725293419 1.4448851644992828 0
1624725295902 1.3408151268959045 0
1624725298346 1.4113643914461136 0
1624725300777 2.24875345826149 0
1624725303209 1.3517221957445145 0
1624725305615 1.3127069771289825 0
1624725307994 2.1832382678985596 0
1624725310430 2.241340398788452 0
1624725312895 2.099989414215088 0
1624725315372 1.4419531226158142 0
1624725317835 3.7625670731067657 0
1624725320292 3.2671379148960114 0
1624725322749 2.835758626461029 0
1624725325165 1.9163368046283722 0
1624725327587 1.7935367226600647 0
1624725330000 2.414135202765465 0
1624725332447 1.3023697137832642 0
1624725334900 1.6317697763442993 0
1624725337438 1.4180931448936462 0
1624725339886 2.081212170422077 0
1624725342339 1.8298787474632263 0
1624725344764 0.8336458541452885 0
1624725347199 1.311475694179535 0
1624725349639 1.4848128408193588 0
1624725352070 1.3887725323438644 0
1624725354546 2.8892744183540344 0
1624725356990 1.8671618700027466 0
1624725359419 1.4344725012779236 0
1624725361857 1.6396936178207397 0
1624725364377 2.274227023124695 0
1624725366823 1.3120355308055878 0
1624725369248 1.9530906677246094 0
1624725371667 1.5510912537574768 0
1624725374095 2.5237318873405457 0
1624725376502 1.7855501174926758 0
1624725378914 1.226599097251892 0
1624725381360 1.2821919620037079 0
1624725383809 2.7743502259254456 0
1624725386245 1.1584066450595856 0
1624725388638 1.3773968666791916 0
1624725391147 2.5357019901275635 0
1624725393569 2.8353680074214935 0
1624725396002 1.2421487867832184 0
1624725398452 2.1946259289979935 0
1624725400876 1.3626322448253632 0
1624725403288 1.8054375648498535 0
1624725405788 1.0921769887208939 0
1624725408194 1.9256783723831177 0
1624725410617 1.240248680114746 0
1624725413057 1.7452576458454132 0
1624725415496 1.792091965675354 0
1624725417938 1.3986617028713226 0
1624725420383 1.6084598153829575 0
1624725422823 2.538485750555992 0
1624725425248 2.0775144696235657 0
1624725427707 2.1269553303718567 0
1624725430069 1.8569216430187225 0
1624725432539 2.0431248545646667 0
1624725434976 1.580563634634018 0
1624725437350 2.1445865780115128 0
1624725439799 2.100817918777466 0
1624725442258 2.7464969903230667 0
1624725444713 1.9019410610198975 0
1624725447165 1.670336753129959 0
1624725449618 1.960362546145916 0
1624725452056 1.3160770684480667 0
1624725454515 1.2741311192512512 0
1624725456899 2.1820366978645325 0
1624725459362 1.5654267817735672 0
1624725461836 3.1667503118515015 0
1624725464319 2.6502407640218735 0
1624725466785 1.3351996392011642 0
1624725469202 1.8987635970115662 0
1624725471629 2.2849667072296143 0
1624725474128 1.911559373140335 0
1624725476634 1.616035133600235 0
1624725479111 1.3824694156646729 0
1624725481615 1.8495007753372192 0
1624725484089 1.705961138010025 0
1624725486589 1.5948839485645294 0
1624725489044 1.6169100999832153 0
1624725491503 3.464973509311676 0
1624725493945 1.226490318775177 0
1624725496411 1.206109955906868 0
1624725498828 3.077170342206955 0
1624725501301 1.3778520077466965 0
1624725503817 1.483723670244217 0
1624725506254 1.4060706198215485 0
1624725508778 1.8756381496787071 0
1624725511272 1.35857093334198 0
1624725513805 1.225967139005661 0
1624725516254 1.2773000597953796 0
1624725518722 1.6584668457508087 0
1624725521159 1.3117605447769165 0
1624725523589 2.01760795712471 0
1624725526006 1.4492778182029724 0
1624725528409 1.4915605187416077 0
1624725530829 1.249407410621643 0
1624725533281 1.3854579627513885 0
1624725535723 1.7260416746139526 0
1624725538145 1.4912196397781372 0
1624725540569 1.5900847911834717 0
1624725543013 1.9892795085906982 0
1624725545448 1.3274927139282227 0
1624725547886 2.464212119579315 0
1624725550369 2.5521863847970963 0
1624725552835 1.8226759806275368 0
1624725555269 0.8324566334486008 0
1624725557756 1.1395512968301773 0
1624725560239 1.5775628685951233 0
1624725562763 2.0683248192071915 0
1624725565193 1.736445613205433 0
1624725567648 1.8499326705932617 0
1624725570079 1.3800469636917114 0
1624725572538 1.5382249653339386 0
1624725574994 1.6639776229858398 0
1624725577439 2.0190416425466537 0
1624725579897 1.6216722130775452 0
1624725582360 1.491336740553379 0
1624725584799 1.510230913758278 0
1624725587255 1.2439591437578201 0
1624725589716 1.7497305423021317 0
1624725592170 2.2664129436016083 0
1624725594630 1.030887171626091 0
1624725597081 1.0369224846363068 0
1624725599525 1.0671093463897705 0
1624725601991 1.608326405286789 0
1624725604442 1.472001999616623 0
1624725606850 1.688736468553543 0
1624725609254 1.2817881852388382 0
