1634265508961 0 0
1634265511056 1 0
1634265511775 2 0
1634265512463 3 0
1634265513166 4 0
1634265513870 5 0
1634265514558 6 0
1634265515262 7 0
1634265515965 8 0
1634265516653 9 0
1634265517357 10 0
1634265518046 11 0
1634265518765 12 0
1634265519461 13 0
1634265520148 14 0
1634265520852 15 0
1634265521556 16 0
1634265522245 17 0
1634265522953 18 0
1634265523656 19 0
1634265524344 20 0
1634265526544 21 0
1634265527254 22 0
1634265527979 23 0
1634265528714 24 0
1634265529429 25 0
1634265530161 26 0
1634265530901 27 0
1634265531649 28 0
1634265532354 29 0
1634265533073 30 0
1634265533779 31 0
1634265534483 32 0
1634265535186 33 0
1634265535905 34 0
1634265536613 35 0
1634265537304 36 0
1634265538003 37 0
1634265538715 38 0
1634265539414 39 0
1634265540125 40 0
1634265542309 41 0
1634265543022 42 0
1634265543756 43 0
1634265544476 44 0
1634265545182 45 0
1634265545887 46 0
1634265546586 47 0
1634265547309 48 0
1634265548041 49 0
1634265548767 50 0
1634265549487 51 0
1634265550226 52 0
1634265550951 53 0
1634265551668 54 0
1634265552391 55 0
1634265553117 56 0
1634265553830 57 0
1634265554555 58 0
1634265555284 59 0
1634265555988 60 0
1634265558162 61 0
1634265558893 62 0
1634265559602 63 0
1634265560329 64 0
1634265561030 65 0
1634265561759 66 0
1634265562466 67 0
1634265563177 68 0
1634265563887 69 0
1634265564600 70 0
1634265565318 71 0
1634265566040 72 0
1634265566739 73 0
1634265567456 74 0
1634265568148 75 0
1634265568875 76 0
1634265569600 77 0
1634265570331 78 0
1634265571050 79 0
1634265571779 80 0
1634265573960 81 0
1634265574683 82 0
1634265575392 83 0
1634265576118 84 0
1634265576849 85 0
1634265577567 86 0
1634265578282 87 0
1634265578982 88 0
1634265579729 89 0
1634265580478 90 0
1634265581179 91 0
1634265581880 92 0
1634265582592 93 0
1634265583289 94 0
1634265583993 95 0
1634265584713 96 0
1634265585400 97 0
1634265586136 98 0
1634265586839 99 0
1634265587543 100 0
1634265589703 101 0
1634265590408 102 0
1634265591102 103 0
1634265591805 104 0
1634265592510 105 0
1634265593230 106 0
1634265593934 107 0
1634265594653 108 0
1634265595357 109 0
1634265596060 110 0
1634265596780 111 0
1634265597484 112 0
1634265598194 113 0
1634265598901 114 0
1634265599602 115 0
1634265600305 116 0
1634265601025 117 0
1634265601728 118 0
1634265602432 119 0
1634265603135 120 0
1634265605335 121 0
1634265606052 122 0
1634265606792 123 0
1634265607556 124 0
1634265608283 125 0
1634265609030 126 0
1634265609761 127 0
1634265610480 128 0
1634265611205 129 0
1634265611917 130 0
1634265612619 131 0
1634265613351 132 0
1634265614068 133 0
1634265614785 134 0
1634265615499 135 0
1634265616214 136 0
1634265616924 137 0
1634265617651 138 0
1634265618359 139 0
1634265619081 140 0
1634265621253 141 0
1634265621959 142 0
1634265622663 143 0
1634265623390 144 0
1634265624113 145 0
1634265624845 146 0
1634265625579 147 0
1634265626299 148 0
1634265627014 149 0
1634265627726 150 0
1634265628454 151 0
1634265629186 152 0
1634265629939 153 0
1634265630680 154 0
1634265631390 155 0
1634265632108 156 0
1634265632841 157 0
1634265633593 158 0
1634265634301 159 0
1634265635008 160 0
1634265637195 161 0
1634265637929 162 0
1634265638645 163 0
1634265639365 164 0
1634265640085 165 0
1634265640802 166 0
1634265641559 167 0
1634265642301 168 0
1634265643005 169 0
1634265643736 170 0
1634265644446 171 0
1634265645150 172 0
1634265645863 173 0
1634265646577 174 0
1634265647281 175 0
1634265647999 176 0
1634265648709 177 0
1634265649416 178 0
1634265650136 179 0
1634265650850 180 0
1634265653109 181 0
1634265653839 182 0
1634265654547 183 0
1634265655282 184 0
1634265656014 185 0
1634265656727 186 0
1634265657461 187 0
1634265658181 188 0
1634265658899 189 0
1634265659661 190 0
1634265660388 191 0
1634265661101 192 0
1634265661835 193 0
1634265662568 194 0
1634265663278 195 0
1634265663987 196 0
1634265664696 197 0
1634265665424 198 0
1634265666132 199 0
1634265666851 200 0
1634265669023 201 0
1634265669748 202 0
1634265670461 203 0
1634265671200 204 0
1634265671936 205 0
1634265672689 206 0
1634265673424 207 0
1634265674132 208 0
1634265674852 209 0
1634265675572 210 0
1634265676276 211 0
1634265676981 212 0
1634265677700 213 0
1634265678404 214 0
1634265679128 215 0
1634265679836 216 0
1634265680554 217 0
1634265681273 218 0
1634265682004 219 0
1634265682734 220 0
1634265684919 221 0
1634265685670 222 0
1634265686406 223 0
1634265687132 224 0
1634265687843 225 0
1634265688576 226 0
1634265689287 227 0
1634265689997 228 0
1634265690721 229 0
1634265691443 230 0
1634265692159 231 0
1634265692853 232 0
1634265693570 233 0
1634265694289 234 0
1634265694996 235 0
1634265695706 236 0
1634265696420 237 0
1634265697121 238 0
1634265697820 239 0
1634265698534 240 0
1634265700666 241 0
1634265701369 242 0
1634265702070 243 0
1634265702774 244 0
1634265703478 245 0
1634265704181 246 0
1634265704901 247 0
1634265705605 248 0
1634265706308 249 0
1634265707013 250 0
1634265707733 251 0
1634265708421 252 0
1634265709124 253 0
1634265709830 254 0
1634265710546 255 0
1634265711257 256 0
1634265711971 257 0
1634265712686 258 0
1634265713417 259 0
1634265714116 260 0
1634265716524 261 0
1634265717232 262 0
1634265717940 263 0
1634265718667 264 0
1634265719373 265 0
1634265720091 266 0
1634265720869 267 0
1634265721643 268 0
1634265722357 269 0
1634265723086 270 0
1634265723799 271 0
1634265724535 272 0
1634265725257 273 0
1634265725977 274 0
1634265726708 275 0
1634265727445 276 0
1634265728163 277 0
1634265728863 278 0
1634265729585 279 0
1634265730290 280 0
1634265732451 281 0
1634265733148 282 0
1634265733866 283 0
1634265734589 284 0
1634265735308 285 0
1634265736012 286 0
1634265736725 287 0
1634265737455 288 0
1634265738182 289 0
1634265738905 290 0
1634265739662 291 0
1634265740443 292 0
1634265741176 293 0
1634265741913 294 0
1634265742709 295 0
1634265743465 296 0
1634265744185 297 0
1634265744926 298 0
1634265745678 299 0
1634265746382 300 0
1634265748586 301 0
1634265749301 302 0
1634265750026 303 0
1634265750803 304 0
1634265751557 305 0
1634265752282 306 0
1634265753009 307 0
1634265753737 308 0
1634265754473 309 0
1634265755191 310 0
1634265755964 311 0
1634265756763 312 0
1634265757517 313 0
1634265758286 314 0
1634265759032 315 0
1634265759742 316 0
1634265760478 317 0
1634265761200 318 0
1634265761933 319 0
1634265762668 320 0
1634265764883 321 0
1634265765618 322 0
1634265766327 323 0
1634265766998 324 0
1634265767676 325 0
1634265768364 326 0
1634265769037 327 0
1634265769779 328 0
1634265770454 329 0
1634265771146 330 0
1634265771850 331 0
1634265772530 332 0
1634265773216 333 0
1634265773900 334 0
1634265774602 335 0
1634265775278 336 0
1634265775960 337 0
1634265776680 338 0
1634265777426 339 0
1634265778119 340 0
1634265780276 341 0
1634265780943 342 0
1634265781622 343 0
1634265782310 344 0
1634265783021 345 0
1634265783721 346 0
1634265784455 347 0
1634265785197 348 0
1634265785943 349 0
1634265786647 350 0
1634265787370 351 0
1634265788070 352 0
1634265788786 353 0
1634265789498 354 0
1634265790229 355 0
1634265790982 356 0
1634265791705 357 0
1634265792423 358 0
1634265793139 359 0
1634265793855 360 0
1634265796197 361 0
1634265796864 362 0
1634265797545 363 0
1634265798251 364 0
1634265798949 365 0
1634265799652 366 0
1634265800364 367 0
1634265801152 368 0
1634265801907 369 0
1634265802645 370 0
1634265803366 371 0
1634265804063 372 0
1634265804796 373 0
1634265805504 374 0
1634265806213 375 0
1634265806928 376 0
1634265807649 377 0
1634265808368 378 0
1634265809091 379 0
1634265809803 380 0
1634265811983 381 0
1634265812693 382 0
1634265813402 383 0
1634265814122 384 0
1634265814832 385 0
1634265815556 386 0
1634265816280 387 0
1634265816990 388 0
1634265817703 389 0
1634265818428 390 0
1634265819154 391 0
1634265819872 392 0
1634265820585 393 0
1634265821321 394 0
1634265822052 395 0
1634265822787 396 0
1634265823524 397 0
1634265824286 398 0
1634265824998 399 0
1634265825696 400 0
1634265827838 401 0
1634265828541 402 0
1634265829259 403 0
1634265829978 404 0
1634265830697 405 0
1634265831417 406 0
1634265832135 407 0
1634265832839 408 0
1634265833559 409 0
1634265834297 410 0
1634265835009 411 0
1634265835728 412 0
1634265836461 413 0
1634265837179 414 0
1634265837909 415 0
1634265838640 416 0
1634265839352 417 0
1634265840068 418 0
1634265840791 419 0
1634265841507 420 0
1634265843673 421 0
1634265844407 422 0
1634265845121 423 0
1634265845837 424 0
1634265846531 425 0
1634265847258 426 0
1634265847985 427 0
1634265848699 428 0
1634265849419 429 0
1634265850136 430 0
1634265850851 431 0
1634265851570 432 0
1634265852299 433 0
1634265853013 434 0
1634265853726 435 0
1634265854435 436 0
1634265855149 437 0
1634265855867 438 0
1634265856584 439 0
1634265857294 440 0
1634265859438 441 0
1634265860163 442 0
1634265860876 443 0
1634265861596 444 0
1634265862314 445 0
1634265863026 446 0
1634265863741 447 0
1634265864447 448 0
1634265865161 449 0
1634265865871 450 0
1634265866602 451 0
1634265867328 452 0
1634265868050 453 0
1634265868766 454 0
1634265869482 455 0
1634265870197 456 0
1634265870909 457 0
1634265871631 458 0
1634265872341 459 0
1634265873050 460 0
1634265875227 461 0
1634265875934 462 0
1634265876643 463 0
1634265877384 464 0
1634265878121 465 0
1634265878840 466 0
1634265879571 467 0
1634265880290 468 0
1634265881011 469 0
1634265881753 470 0
1634265882475 471 0
1634265883186 472 0
1634265883899 473 0
1634265884598 474 0
1634265885326 475 0
1634265886035 476 0
1634265886755 477 0
1634265887469 478 0
1634265888182 479 0
1634265888890 480 0
1634265891201 481 0
1634265891905 482 0
1634265892608 483 0
1634265893326 484 0
1634265894032 485 0
1634265894752 486 0
1634265895452 487 0
1634265896150 488 0
1634265896875 489 0
1634265897588 490 0
1634265898290 491 0
1634265899016 492 0
1634265899735 493 0
1634265900449 494 0
1634265901166 495 0
1634265901876 496 0
1634265902588 497 0
1634265903298 498 0
1634265904016 499 0
1634265904731 500 0
1634265906885 501 0
1634265907595 502 0
1634265908307 503 0
1634265909033 504 0
1634265909743 505 0
1634265910454 506 0
1634265911167 507 0
1634265911883 508 0
1634265912589 509 0
1634265913308 510 0
1634265914019 511 0
1634265914737 512 0
1634265915491 513 0
1634265916230 514 0
1634265916961 515 0
1634265917681 516 0
1634265918395 517 0
1634265919114 518 0
1634265919842 519 0
1634265920556 520 0
1634265922732 521 0
1634265923454 522 0
1634265924176 523 0
1634265924923 524 0
1634265925656 525 0
1634265926378 526 0
1634265927092 527 0
1634265927806 528 0
1634265928526 529 0
1634265929228 530 0
1634265929935 531 0
1634265930651 532 0
1634265931368 533 0
1634265932062 534 0
1634265932768 535 0
1634265933482 536 0
1634265934201 537 0
1634265934904 538 0
1634265935609 539 0
1634265936328 540 0
1634265938452 541 0
1634265939151 542 0
1634265939865 543 0
1634265940570 544 0
1634265941267 545 0
1634265941984 546 0
1634265942685 547 0
1634265943388 548 0
1634265944107 549 0
1634265944829 550 0
1634265945534 551 0
1634265946246 552 0
1634265946951 553 0
1634265947666 554 0
1634265948375 555 0
1634265949078 556 0
1634265949782 557 0
1634265950499 558 0
1634265951207 559 0
1634265951928 560 0
1634265954048 561 0
1634265954757 562 0
1634265955451 563 0
1634265956179 564 0
1634265956888 565 0
1634265957601 566 0
1634265958297 567 0
1634265959016 568 0
1634265959733 569 0
1634265960436 570 0
1634265961155 571 0
1634265961911 572 0
1634265962592 573 0
1634265963272 574 0
1634265963969 575 0
1634265964666 576 0
1634265965349 577 0
1634265966056 578 0
1634265966739 579 0
1634265967417 580 0
1634265969466 581 0
1634265970134 582 0
1634265970792 583 0
1634265971465 584 0
1634265972158 585 0
1634265972852 586 0
1634265973542 587 0
1634265974244 588 0
1634265974940 589 0
1634265975630 590 0
1634265976298 591 0
1634265976992 592 0
1634265977686 593 0
1634265978384 594 0
1634265979043 595 0
1634265979751 596 0
1634265980428 597 0
1634265981103 598 0
1634265981797 599 0
1634265982468 600 0
1634265984553 601 0
1634265985213 602 0
1634265985885 603 0
1634265986568 604 0
1634265987250 605 0
1634265987923 606 0
1634265988606 607 0
1634265989307 608 0
1634265990007 609 0
1634265990731 610 0
1634265991431 611 0
1634265992120 612 0
1634265992822 613 0
1634265993520 614 0
1634265994212 615 0
1634265994896 616 0
1634265995580 617 0
1634265996267 618 0
1634265996971 619 0
1634265997656 620 0
1634266000064 621 0
1634266000732 622 0
1634266001412 623 0
1634266002086 624 0
1634266002773 625 0
1634266003474 626 0
1634266004160 627 0
1634266004845 628 0
1634266005533 629 0
1634266006236 630 0
1634266006926 631 0
1634266007592 632 0
1634266008278 633 0
1634266008958 634 0
1634266009652 635 0
1634266010337 636 0
1634266011034 637 0
1634266011729 638 0
1634266012407 639 0
1634266013110 640 0
1634266015257 641 0
1634266015942 642 0
1634266016641 643 0
1634266017307 644 0
1634266018002 645 0
1634266018732 646 0
1634266019418 647 0
1634266020099 648 0
1634266020784 649 0
1634266021489 650 0
1634266022181 651 0
1634266022896 652 0
1634266023579 653 0
1634266024262 654 0
1634266024960 655 0
1634266025639 656 0
1634266026325 657 0
1634266027006 658 0
1634266027703 659 0
1634266028388 660 0
1634266030533 661 0
1634266031201 662 0
1634266031897 663 0
1634266032573 664 0
1634266033302 665 0
1634266033979 666 0
1634266034673 667 0
1634266035356 668 0
1634266036046 669 0
1634266036740 670 0
1634266037425 671 0
1634266038120 672 0
1634266038812 673 0
1634266039495 674 0
1634266040177 675 0
1634266040862 676 0
1634266041552 677 0
1634266042240 678 0
1634266042916 679 0
1634266043596 680 0
1634266045704 681 0
1634266046362 682 0
1634266047041 683 0
1634266047722 684 0
1634266048403 685 0
1634266049083 686 0
1634266049754 687 0
1634266050432 688 0
1634266051116 689 0
1634266051795 690 0
1634266052484 691 0
1634266053163 692 0
1634266053851 693 0
1634266054559 694 0
1634266055237 695 0
1634266055936 696 0
1634266056603 697 0
1634266057301 698 0
1634266057976 699 0
1634266058651 700 0
1634266060800 701 0
1634266061462 702 0
1634266062119 703 0
1634266062792 704 0
1634266063488 705 0
1634266064169 706 0
1634266064862 707 0
1634266065574 708 0
1634266066279 709 0
1634266067011 710 0
1634266067703 711 0
1634266068400 712 0
1634266069100 713 0
1634266069801 714 0
1634266070510 715 0
1634266071185 716 0
1634266071863 717 0
1634266072554 718 0
1634266073266 719 0
1634266073980 720 0
1634266076118 721 0
1634266076818 722 0
1634266077523 723 0
1634266078246 724 0
1634266078963 725 0
1634266079676 726 0
1634266080390 727 0
1634266081115 728 0
1634266081822 729 0
1634266082539 730 0
1634266083260 731 0
1634266083974 732 0
1634266084692 733 0
1634266085399 734 0
1634266086117 735 0
1634266086836 736 0
1634266087547 737 0
1634266088261 738 0
1634266088972 739 0
1634266089674 740 0
1634266091830 741 0
1634266092538 742 0
1634266093258 743 0
1634266093989 744 0
1634266094701 745 0
1634266095444 746 0
1634266096169 747 0
1634266096915 748 0
1634266097647 749 0
1634266098405 750 0
1634266099154 751 0
1634266099909 752 0
1634266100627 753 0
1634266101355 754 0
1634266102050 755 0
1634266102737 756 0
1634266103417 757 0
1634266104127 758 0
1634266104811 759 0
1634266105549 760 0
1634266107874 761 0
1634266108590 762 0
1634266109334 763 0
1634266110041 764 0
1634266110750 765 0
1634266111454 766 0
1634266112195 767 0
1634266112947 768 0
1634266113672 769 0
1634266114379 770 0
1634266115117 771 0
1634266115844 772 0
1634266116550 773 0
1634266117294 774 0
1634266118005 775 0
1634266118717 776 0
1634266119435 777 0
1634266120155 778 0
1634266120858 779 0
1634266121570 780 0
1634266123772 781 0
1634266124472 782 0
1634266125190 783 0
1634266125910 784 0
1634266126618 785 0
1634266127348 786 0
1634266128065 787 0
1634266128775 788 0
1634266129499 789 0
1634266130240 790 0
1634266130954 791 0
1634266131662 792 0
1634266132387 793 0
1634266133114 794 0
1634266133830 795 0
1634266134544 796 0
1634266135250 797 0
1634266135957 798 0
1634266136674 799 0
1634266137393 800 0
1634266139886 801 0
1634266140593 802 0
1634266141300 803 0
1634266142012 804 0
1634266142723 805 0
1634266143445 806 0
1634266144158 807 0
1634266144872 808 0
1634266145588 809 0
1634266146295 810 0
1634266147012 811 0
1634266147728 812 0
1634266148443 813 0
1634266149153 814 0
1634266149858 815 0
1634266150587 816 0
1634266151306 817 0
1634266152021 818 0
1634266152724 819 0
1634266153442 820 0
1634266155608 821 0
1634266156337 822 0
1634266157056 823 0
1634266157781 824 0
1634266158490 825 0
1634266159208 826 0
1634266159927 827 0
1634266160654 828 0
1634266161412 829 0
1634266162120 830 0
1634266162834 831 0
1634266163543 832 0
1634266164265 833 0
1634266164991 834 0
1634266165725 835 0
1634266166441 836 0
1634266167154 837 0
1634266167865 838 0
1634266168593 839 0
1634266169342 840 0
1634266171562 841 0
1634266172299 842 0
1634266173010 843 0
1634266173761 844 0
1634266174500 845 0
1634266175235 846 0
1634266175945 847 0
1634266176681 848 0
1634266177428 849 0
1634266178148 850 0
1634266178855 851 0
1634266179605 852 0
1634266180324 853 0
1634266181036 854 0
1634266181756 855 0
1634266182468 856 0
1634266183207 857 0
1634266183942 858 0
1634266184703 859 0
1634266185428 860 0
1634266187718 861 0
