1634265508971 0.6982415318489075 0
1634265511072 0.47092923521995544 0
1634265511775 0.5200856924057007 0
1634265512479 0.45125705003738403 0
1634265513182 0.4142223596572876 0
1634265513870 0.40807482600212097 0
1634265514573 0.4908677041530609 0
1634265515277 0.3283691704273224 0
1634265515965 0.40107062458992004 0
1634265516669 0.32364246249198914 0
1634265517357 0.33371222019195557 0
1634265518062 0.3159427344799042 0
1634265518765 0.36777788400650024 0
1634265519469 0.32006126642227173 0
1634265520165 0.3431521952152252 0
1634265520852 0.29062420129776 0
1634265521556 0.37725892663002014 0
1634265522264 0.28829699754714966 0
1634265522953 0.3046494722366333 0
1634265523656 0.3023339807987213 0
1634265524360 0.3182612955570221 0
1634265526553 0.26608675718307495 0
1634265527263 0.28896957635879517 0
1634265527987 0.2893732488155365 0
1634265528723 0.30603742599487305 0
1634265529437 0.3005918562412262 0
1634265530169 0.3104700446128845 0
1634265530910 0.2880306839942932 0
1634265531657 0.2576196789741516 0
1634265532369 0.24221578240394592 0
1634265533073 0.3264870345592499 0
1634265533779 0.24929240345954895 0
1634265534497 0.26853564381599426 0
1634265535201 0.30754348635673523 0
1634265535905 0.29911163449287415 0
1634265536621 0.23860043287277222 0
1634265537319 0.2481379359960556 0
1634265538019 0.2488044649362564 0
1634265538725 0.2872459888458252 0
1634265539429 0.35818612575531006 0
1634265540133 0.25893691182136536 0
1634265542324 0.2788344919681549 0
1634265543038 0.24782665073871613 0
1634265543765 0.2709781229496002 0
1634265544476 0.2916680872440338 0
1634265545191 0.2613365650177002 0
1634265545897 0.25232264399528503 0
1634265546602 0.22184383869171143 0
1634265547318 0.20588801801204681 0
1634265548050 0.21370606124401093 0
1634265548777 0.19486504793167114 0
1634265549496 0.20688800513744354 0
1634265550235 0.2452416718006134 0
1634265550960 0.245364248752594 0
1634265551668 0.20876429975032806 0
1634265552400 0.20507504045963287 0
1634265553117 0.20507386326789856 0
1634265553839 0.22427847981452942 0
1634265554564 0.20059533417224884 0
1634265555293 0.18618342280387878 0
1634265556004 0.25332486629486084 0
1634265558174 0.19154712557792664 0
1634265558903 0.18442890048027039 0
1634265559611 0.22115501761436462 0
1634265560338 0.20260825753211975 0
1634265561045 0.1953275054693222 0
1634265561769 0.2077437788248062 0
1634265562476 0.186957448720932 0
1634265563187 0.1802951842546463 0
1634265563896 0.23009902238845825 0
1634265564609 0.20419888198375702 0
1634265565333 0.2092767357826233 0
1634265566040 0.1692781001329422 0
1634265566755 0.23912940919399261 0
1634265567465 0.19170860946178436 0
1634265568163 0.17829285562038422 0
1634265568885 0.23783352971076965 0
1634265569609 0.19576230645179749 0
1634265570341 0.19614194333553314 0
1634265571065 0.20359507203102112 0
1634265571788 0.194364532828331 0
1634265573968 0.1748458594083786 0
1634265574683 0.16301721334457397 0
1634265575401 0.24046465754508972 0
1634265576132 0.18787038326263428 0
1634265576857 0.2263864427804947 0
1634265577576 0.201879620552063 0
1634265578292 0.1677299439907074 0
1634265578998 0.17684303224086761 0
1634265579738 0.20395925641059875 0
1634265580487 0.24428382515907288 0
1634265581195 0.26331862807273865 0
1634265581896 0.24333925545215607 0
1634265582601 0.21479655802249908 0
1634265583305 0.21397478878498077 0
1634265584009 0.22730326652526855 0
1634265584713 0.21674232184886932 0
1634265585416 0.21956950426101685 0
1634265586136 0.1542569398880005 0
1634265586839 0.167683944106102 0
1634265587543 0.19643260538578033 0
1634265589703 0.16514140367507935 0
1634265590416 0.19675692915916443 0
1634265591118 0.16233918070793152 0
1634265591821 0.15251515805721283 0
1634265592526 0.1539379209280014 0
1634265593230 0.17041778564453125 0
1634265593950 0.1862604022026062 0
1634265594653 0.18505188822746277 0
1634265595357 0.19182702898979187 0
1634265596060 0.2008829116821289 0
1634265596780 0.15136905014514923 0
1634265597484 0.17668762803077698 0
1634265598203 0.1746494621038437 0
1634265598910 0.18896877765655518 0
1634265599602 0.21370212733745575 0
1634265600320 0.20937779545783997 0
1634265601025 0.19644302129745483 0
1634265601743 0.18790459632873535 0
1634265602448 0.2751343250274658 0
1634265603151 0.2875169515609741 0
1634265605335 0.2900836169719696 0
1634265606060 0.18093712627887726 0
1634265606801 0.20966528356075287 0
1634265607566 0.2031123787164688 0
1634265608293 0.21015481650829315 0
1634265609042 0.23820163309574127 0
1634265609771 0.2095886617898941 0
1634265610490 0.2191181778907776 0
1634265611215 0.1944669783115387 0
1634265611926 0.2745862305164337 0
1634265612635 0.26198363304138184 0
1634265613360 0.17976310849189758 0
1634265614078 0.21770113706588745 0
1634265614795 0.20049495995044708 0
1634265615499 0.219448521733284 0
1634265616223 0.31311845779418945 0
1634265616935 0.22981342673301697 0
1634265617660 0.22047282755374908 0
1634265618368 0.18975305557250977 0
1634265619090 0.18179918825626373 0
1634265621263 0.15978161990642548 0
1634265621967 0.18406328558921814 0
1634265622672 0.21535630524158478 0
1634265623399 0.23769500851631165 0
1634265624122 0.1879473477602005 0
1634265624855 0.20840437710285187 0
1634265625579 0.2218235284090042 0
1634265626309 0.18097513914108276 0
1634265627023 0.17222212255001068 0
1634265627735 0.15901650488376617 0
1634265628464 0.18642130494117737 0
1634265629196 0.1510011851787567 0
1634265629948 0.18342439830303192 0
1634265630680 0.1741735190153122 0
1634265631399 0.1685103178024292 0
1634265632118 0.18541765213012695 0
1634265632848 0.1630045473575592 0
1634265633602 0.17377597093582153 0
1634265634310 0.15126989781856537 0
1634265635018 0.14824683964252472 0
1634265637211 0.17605412006378174 0
1634265637938 0.1726599633693695 0
1634265638654 0.148637592792511 0
1634265639374 0.188526451587677 0
1634265640094 0.1572631150484085 0
1634265640812 0.20499677956104279 0
1634265641568 0.14767256379127502 0
1634265642316 0.15174110233783722 0
1634265643021 0.14533668756484985 0
1634265643745 0.1437949687242508 0
1634265644446 0.1652289479970932 0
1634265645150 0.2034703642129898 0
1634265645863 0.15530624985694885 0
1634265646577 0.1652763932943344 0
1634265647296 0.17788374423980713 0
1634265647999 0.17357459664344788 0
1634265648709 0.16970624029636383 0
1634265649432 0.14070068299770355 0
1634265650136 0.1678701490163803 0
1634265650866 0.1708436757326126 0
1634265653119 0.1563751995563507 0
1634265653848 0.1397567242383957 0
1634265654547 0.17955705523490906 0
1634265655291 0.14692535996437073 0
1634265656024 0.13577590882778168 0
1634265656743 0.15949507057666779 0
1634265657477 0.16525235772132874 0
1634265658197 0.13654957711696625 0
1634265658899 0.16692215204238892 0
1634265659677 0.14627139270305634 0
1634265660398 0.18258868157863617 0
1634265661117 0.19615191221237183 0
1634265661851 0.17601513862609863 0
1634265662568 0.1951058954000473 0
1634265663287 0.16409488022327423 0
1634265663996 0.18780365586280823 0
1634265664696 0.1704733669757843 0
1634265665433 0.181297168135643 0
1634265666132 0.15421336889266968 0
1634265666851 0.14846578240394592 0
1634265669023 0.15994799137115479 0
1634265669757 0.1413995325565338 0
1634265670477 0.1212010383605957 0
1634265671200 0.14547912776470184 0
1634265671936 0.14541226625442505 0
1634265672699 0.178325355052948 0
1634265673433 0.15040023624897003 0
1634265674148 0.15560245513916016 0
1634265674852 0.13729992508888245 0
1634265675572 0.17048628628253937 0
1634265676292 0.17013661563396454 0
1634265676997 0.22094933688640594 0
1634265677700 0.15726381540298462 0
1634265678404 0.13697980344295502 0
1634265679137 0.16512435674667358 0
1634265679846 0.15336892008781433 0
1634265680570 0.16842621564865112 0
1634265681273 0.1488499939441681 0
1634265682020 0.13805118203163147 0
1634265682743 0.1341692954301834 0
1634265684935 0.12210109829902649 0
1634265685686 0.14872249960899353 0
1634265686421 0.13987533748149872 0
1634265687148 0.14577999711036682 0
1634265687859 0.17339371144771576 0
1634265688588 0.152918741106987 0
1634265689298 0.15654779970645905 0
1634265690012 0.12382469326257706 0
1634265690731 0.12430030107498169 0
1634265691453 0.13429735600948334 0
1634265692169 0.1361839324235916 0
1634265692869 0.1418488621711731 0
1634265693580 0.12254403531551361 0
1634265694298 0.12352228909730911 0
1634265695005 0.14543461799621582 0
1634265695715 0.1295085996389389 0
1634265696420 0.21938280761241913 0
1634265697137 0.20685015618801117 0
1634265697835 0.18080894649028778 0
1634265698549 0.15044377744197845 0
1634265700666 0.14731918275356293 0
1634265701378 0.14540383219718933 0
1634265702070 0.128934845328331 0
1634265702774 0.14593340456485748 0
1634265703478 0.11635188013315201 0
1634265704197 0.15541578829288483 0
1634265704917 0.14457476139068604 0
1634265705621 0.14452582597732544 0
1634265706324 0.1481807827949524 0
1634265707029 0.15615727007389069 0
1634265707733 0.13460904359817505 0
1634265708437 0.11917217820882797 0
1634265709140 0.1336837112903595 0
1634265709845 0.1304718405008316 0
1634265710555 0.16379688680171967 0
1634265711266 0.14425091445446014 0
1634265711980 0.11770051717758179 0
1634265712686 0.1387786865234375 0
1634265713427 0.12475767731666565 0
1634265714132 0.13442634046077728 0
1634265716533 0.13258005678653717 0
1634265717241 0.12597963213920593 0
1634265717950 0.15147188305854797 0
1634265718668 0.13129191100597382 0
1634265719388 0.13496136665344238 0
1634265720107 0.13459175825119019 0
1634265720884 0.1522316187620163 0
1634265721655 0.12226194888353348 0
1634265722357 0.13219645619392395 0
1634265723095 0.12628427147865295 0
1634265723815 0.11488012969493866 0
1634265724545 0.12924174964427948 0
1634265725257 0.1353733241558075 0
1634265725977 0.1461735963821411 0
1634265726708 0.11407285928726196 0
1634265727455 0.12802723050117493 0
1634265728163 0.11719410866498947 0
1634265728879 0.14829103648662567 0
1634265729594 0.13849063217639923 0
1634265730290 0.1507158726453781 0
1634265732461 0.1355447918176651 0
1634265733164 0.13514196872711182 0
1634265733886 0.13709105551242828 0
1634265734589 0.13549335300922394 0
1634265735323 0.13051842153072357 0
1634265736028 0.1650954931974411 0
1634265736741 0.1371813714504242 0
1634265737471 0.10875158756971359 0
1634265738191 0.13628627359867096 0
1634265738915 0.14211316406726837 0
1634265739674 0.14919903874397278 0
1634265740458 0.15648502111434937 0
1634265741186 0.1271544098854065 0
1634265741924 0.12907160818576813 0
1634265742721 0.11772806942462921 0
1634265743475 0.12245859950780869 0
1634265744201 0.15075868368148804 0
1634265744941 0.1366329789161682 0
1634265745688 0.11055686324834824 0
1634265746398 0.10855600237846375 0
1634265748586 0.12617480754852295 0
1634265749310 0.14506486058235168 0
1634265750040 0.1415627896785736 0
1634265750815 0.12370634824037552 0
1634265751568 0.13990920782089233 0
1634265752291 0.13164521753787994 0
1634265753019 0.11287301033735275 0
1634265753747 0.11524180322885513 0
1634265754483 0.11275826394557953 0
1634265755200 0.13672754168510437 0
1634265755977 0.12568454444408417 0
1634265756777 0.10507658123970032 0
1634265757533 0.11607159674167633 0
1634265758296 0.1309160739183426 0
1634265759042 0.12739725410938263 0
1634265759742 0.1365593522787094 0
1634265760488 0.09715677797794342 0
1634265761209 0.10882386565208435 0
1634265761943 0.1522715985774994 0
1634265762678 0.10245516151189804 0
1634265764898 0.12893131375312805 0
1634265765634 0.12958799302577972 0
1634265766337 0.13031886518001556 0
1634265767010 0.10027315467596054 0
1634265767687 0.12756823003292084 0
1634265768371 0.0996582880616188 0
1634265769047 0.09735910594463348 0
1634265769789 0.11836331337690353 0
1634265770470 0.13237857818603516 0
1634265771158 0.13254092633724213 0
1634265771861 0.12918402254581451 0
1634265772541 0.10839966684579849 0
1634265773228 0.09646579623222351 0
1634265773911 0.12898539006710052 0
1634265774612 0.10459330677986145 0
1634265775288 0.12954232096672058 0
1634265775972 0.1052083671092987 0
1634265776690 0.100777268409729 0
1634265777436 0.09314749389886856 0
1634265778124 0.10334144532680511 0
1634265780285 0.12484137713909149 0
1634265780956 0.127245232462883 0
1634265781633 0.1061677411198616 0
1634265782321 0.09534347057342529 0
1634265783036 0.12367436289787292 0
1634265783733 0.09100418537855148 0
1634265784466 0.12839341163635254 0
1634265785208 0.10423391312360764 0
1634265785953 0.09804680943489075 0
1634265786662 0.13043983280658722 0
1634265787380 0.1324230134487152 0
1634265788085 0.12804774940013885 0
1634265788786 0.10099765658378601 0
1634265789509 0.12542234361171722 0
1634265790243 0.12535902857780457 0
1634265790996 0.13817274570465088 0
1634265791715 0.1294587254524231 0
1634265792433 0.10971563309431076 0
1634265793149 0.11330956965684891 0
1634265793865 0.11527740210294724 0
1634265796208 0.12267276644706726 0
1634265796875 0.09686794877052307 0
1634265797557 0.13384585082530975 0
1634265798260 0.11113976687192917 0
1634265798961 0.12635429203510284 0
1634265799654 0.09833278506994247 0
1634265800374 0.09607087820768356 0
1634265801165 0.09264402091503143 0
1634265801919 0.13044734299182892 0
1634265802656 0.0921056866645813 0
1634265803376 0.08902784436941147 0
1634265804087 0.12287338823080063 0
1634265804806 0.1273629069328308 0
1634265805504 0.10451341420412064 0
1634265806223 0.12482064217329025 0
1634265806938 0.09505391865968704 0
1634265807659 0.13125081360340118 0
1634265808379 0.14576970040798187 0
1634265809101 0.15792956948280334 0
1634265809813 0.1933620572090149 0
1634265811995 0.14840912818908691 0
1634265812702 0.1485290229320526 0
1634265813412 0.14850187301635742 0
1634265814134 0.1445818394422531 0
1634265814848 0.14848582446575165 0
1634265815571 0.1480301320552826 0
1634265816290 0.14036503434181213 0
1634265817000 0.13308946788311005 0
1634265817719 0.11906802654266357 0
1634265818438 0.1386781483888626 0
1634265819164 0.12185267359018326 0
1634265819882 0.12022633850574493 0
1634265820595 0.14449220895767212 0
1634265821331 0.12359274923801422 0
1634265822068 0.12311135977506638 0
1634265822798 0.10498840361833572 0
1634265823534 0.13352730870246887 0
1634265824296 0.10957133024930954 0
1634265825008 0.14373661577701569 0
1634265825711 0.1163329929113388 0
1634265827838 0.12896589934825897 0
1634265828556 0.1265781968832016 0
1634265829259 0.142823725938797 0
1634265829994 0.13432471454143524 0
1634265830712 0.13987742364406586 0
1634265831432 0.12523725628852844 0
1634265832151 0.15019617974758148 0
1634265832855 0.14587895572185516 0
1634265833575 0.12558266520500183 0
1634265834307 0.1521805226802826 0
1634265835019 0.1162879467010498 0
1634265835728 0.1437513530254364 0
1634265836471 0.1220628023147583 0
1634265837195 0.12450269609689713 0
1634265837925 0.13770899176597595 0
1634265838650 0.11814238131046295 0
1634265839352 0.12506400048732758 0
1634265840068 0.13168464601039886 0
1634265840801 0.10485461354255676 0
1634265841507 0.11409740895032883 0
1634265843685 0.11113636195659637 0
1634265844417 0.14741326868534088 0
1634265845132 0.13690590858459473 0
1634265845847 0.10929833352565765 0
1634265846547 0.10931909829378128 0
1634265847268 0.11266230046749115 0
1634265847996 0.11189499497413635 0
1634265848706 0.11133544892072678 0
1634265849429 0.13077813386917114 0
1634265850146 0.10338988155126572 0
1634265850861 0.10433230549097061 0
1634265851581 0.09776773303747177 0
1634265852309 0.10701005905866623 0
1634265853023 0.11381392925977707 0
1634265853736 0.14966584742069244 0
1634265854445 0.12194321304559708 0
1634265855155 0.10295233130455017 0
1634265855876 0.1296710968017578 0
1634265856588 0.10346084088087082 0
1634265857304 0.11500034481287003 0
1634265859458 0.10877633839845657 0
1634265860172 0.09872724115848541 0
1634265860886 0.13683240115642548 0
1634265861607 0.10587972402572632 0
1634265862322 0.13612113893032074 0
1634265863036 0.11678921431303024 0
1634265863750 0.11007335782051086 0
1634265864457 0.10634996742010117 0
1634265865171 0.1374167501926422 0
1634265865886 0.13973771035671234 0
1634265866613 0.14385969936847687 0
1634265867338 0.14104819297790527 0
1634265868060 0.11964897811412811 0
1634265868776 0.10414984822273254 0
1634265869492 0.1436624526977539 0
1634265870207 0.12769843637943268 0
1634265870919 0.11279422789812088 0
1634265871641 0.10565049946308136 0
1634265872351 0.10283935815095901 0
1634265873061 0.13752660155296326 0
1634265875238 0.1126573458313942 0
1634265875943 0.1004878506064415 0
1634265876653 0.14286579191684723 0
1634265877394 0.10764565318822861 0
1634265878121 0.11591774970293045 0
1634265878850 0.11798363924026489 0
1634265879581 0.1266671121120453 0
1634265880300 0.13445375859737396 0
1634265881021 0.10574518889188766 0
1634265881763 0.09868476539850235 0
1634265882486 0.14065833389759064 0
1634265883196 0.13676126301288605 0
1634265883909 0.11315350979566574 0
1634265884613 0.11204249411821365 0
1634265885336 0.12257814407348633 0
1634265886051 0.09655889123678207 0
1634265886765 0.1374540627002716 0
1634265887479 0.12349764257669449 0
1634265888192 0.105565644800663 0
1634265888900 0.10179892927408218 0
1634265891217 0.13289958238601685 0
1634265891920 0.13300855457782745 0
1634265892624 0.10016808658838272 0
1634265893344 0.12437712401151657 0
1634265894048 0.09762441366910934 0
1634265894762 0.13717883825302124 0
1634265895467 0.14108426868915558 0
1634265896166 0.13389571011066437 0
1634265896887 0.12629848718643188 0
1634265897598 0.1240948960185051 0
1634265898306 0.09889363497495651 0
1634265899026 0.1082213819026947 0
1634265899745 0.10269582271575928 0
1634265900459 0.10124030709266663 0
1634265901176 0.1290283054113388 0
1634265901885 0.10490293800830841 0
1634265902589 0.1369253545999527 0
1634265903308 0.1179564893245697 0
1634265904026 0.13217556476593018 0
1634265904741 0.1300666779279709 0
1634265906896 0.09497474879026413 0
1634265907604 0.10097967088222504 0
1634265908318 0.10777423530817032 0
1634265909043 0.12511689960956573 0
1634265909753 0.12711669504642487 0
1634265910464 0.133343905210495 0
1634265911177 0.153165802359581 0
1634265911893 0.1377791464328766 0
1634265912604 0.14924927055835724 0
1634265913318 0.1423129439353943 0
1634265914029 0.14105582237243652 0
1634265914747 0.13680198788642883 0
1634265915501 0.12051375210285187 0
1634265916240 0.13715684413909912 0
1634265916972 0.12795229256153107 0
1634265917691 0.13513141870498657 0
1634265918405 0.1229243353009224 0
1634265919123 0.13101182878017426 0
1634265919852 0.14447526633739471 0
1634265920566 0.11979445815086365 0
1634265922747 0.13757789134979248 0
1634265923469 0.1305932104587555 0
1634265924192 0.1402493268251419 0
1634265924936 0.12135343998670578 0
1634265925671 0.1177578866481781 0
1634265926388 0.10703590512275696 0
1634265927108 0.11384938657283783 0
1634265927821 0.13265202939510345 0
1634265928534 0.10312040895223618 0
1634265929228 0.13015609979629517 0
1634265929950 0.1344853639602661 0
1634265930667 0.13213741779327393 0
1634265931378 0.13377195596694946 0
1634265932078 0.13567408919334412 0
1634265932784 0.1297348290681839 0
1634265933482 0.12583380937576294 0
1634265934201 0.12857657670974731 0
1634265934904 0.12680810689926147 0
1634265935624 0.10814448446035385 0
1634265936328 0.10869263112545013 0
1634265938452 0.13874585926532745 0
1634265939166 0.11201499402523041 0
1634265939875 0.09117162227630615 0
1634265940580 0.12155649811029434 0
1634265941283 0.10394693911075592 0
1634265941984 0.13094794750213623 0
1634265942701 0.09961716830730438 0
1634265943404 0.12735040485858917 0
1634265944107 0.1294945627450943 0
1634265944829 0.0916222631931305 0
1634265945550 0.12702634930610657 0
1634265946255 0.12475619465112686 0
1634265946961 0.13443605601787567 0
1634265947666 0.09931027144193649 0
1634265948385 0.10509093105792999 0
1634265949078 0.12439904361963272 0
1634265949797 0.12378712743520737 0
1634265950499 0.12473418563604355 0
1634265951218 0.1286754459142685 0
1634265951937 0.10365765541791916 0
1634265954048 0.12401890754699707 0
1634265954765 0.12782569229602814 0
1634265955466 0.08934060484170914 0
1634265956194 0.10116218030452728 0
1634265956888 0.12266921252012253 0
1634265957611 0.08877545595169067 0
1634265958312 0.09933973848819733 0
1634265959031 0.12537778913974762 0
1634265959743 0.0938539132475853 0
1634265960436 0.1324380487203598 0
1634265961165 0.1269008368253708 0
1634265961921 0.10279956459999084 0
1634265962592 0.09269537776708603 0
1634265963285 0.09254582226276398 0
1634265963979 0.09315778315067291 0
1634265964677 0.1421772688627243 0
1634265965361 0.1309344619512558 0
1634265966056 0.09316226840019226 0
1634265966751 0.13011088967323303 0
1634265967427 0.10715721547603607 0
1634265969483 0.13062487542629242 0
1634265970150 0.09890066832304001 0
1634265970808 0.10283956676721573 0
1634265971481 0.122202068567276 0
1634265972173 0.11977160722017288 0
1634265972867 0.12384884804487228 0
1634265973553 0.10230787843465805 0
1634265974254 0.11717533320188522 0
1634265974956 0.12510418891906738 0
1634265975643 0.10354333370923996 0
1634265976314 0.12259196490049362 0
1634265977007 0.08913730084896088 0
1634265977686 0.12348867207765579 0
1634265978391 0.12194842100143433 0
1634265979059 0.09971827268600464 0
1634265979763 0.11823264509439468 0
1634265980444 0.10251695662736893 0
1634265981119 0.09658793359994888 0
1634265981810 0.1177942231297493 0
1634265982483 0.1158263310790062 0
1634265984569 0.09401311725378036 0
1634265985228 0.09895887970924377 0
1634265985901 0.09733405709266663 0
1634265986578 0.12270362675189972 0
1634265987250 0.124305360019207 0
1634265987936 0.1204385906457901 0
1634265988606 0.10085340589284897 0
1634265989318 0.07856254279613495 0
1634265990019 0.11687914282083511 0
1634265990745 0.12209741026163101 0
1634265991444 0.09968768805265427 0
1634265992135 0.12580454349517822 0
1634265992838 0.10764309763908386 0
1634265993536 0.09613893181085587 0
1634265994224 0.12604495882987976 0
1634265994909 0.08514170348644257 0
1634265995596 0.12737567722797394 0
1634265996278 0.09651783853769302 0
1634265996981 0.11503182351589203 0
1634265997672 0.08235938102006912 0
1634266000073 0.10167389363050461 0
1634266000742 0.11967772245407104 0
1634266001424 0.12571939826011658 0
1634266002102 0.08288387954235077 0
1634266002789 0.08160243928432465 0
1634266003489 0.11784683167934418 0
1634266004173 0.1158154085278511 0
1634266004858 0.10137190669775009 0
1634266005533 0.12138297408819199 0
1634266006246 0.11507964879274368 0
1634266006936 0.11933539807796478 0
1634266007608 0.16509976983070374 0
1634266008290 0.11633271723985672 0
1634266008969 0.09431615471839905 0
1634266009664 0.0801839828491211 0
1634266010349 0.0973578691482544 0
1634266011050 0.12894704937934875 0
1634266011739 0.1253068745136261 0
1634266012407 0.12059679627418518 0
1634266013122 0.09927407652139664 0
1634266015268 0.08397305011749268 0
1634266015950 0.09711115062236786 0
1634266016651 0.11423321813344955 0
1634266017322 0.09607506543397903 0
1634266018015 0.08289662003517151 0
1634266018744 0.07678519189357758 0
1634266019428 0.09379702806472778 0
1634266020110 0.11888005584478378 0
1634266020804 0.11792413145303726 0
1634266021489 0.11961924284696579 0
1634266022195 0.08419052511453629 0
1634266022909 0.12056680023670197 0
1634266023579 0.11866047978401184 0
1634266024278 0.08134682476520538 0
1634266024971 0.11798812448978424 0
1634266025651 0.11180876940488815 0
1634266026337 0.12246169149875641 0
1634266027018 0.1223643347620964 0
1634266027714 0.11647703498601913 0
1634266028399 0.12782348692417145 0
1634266030542 0.11635385453701019 0
1634266031210 0.1178303062915802 0
1634266031909 0.08079700171947479 0
1634266032589 0.12113378942012787 0
1634266033312 0.11627320945262909 0
1634266033991 0.11798376590013504 0
1634266034689 0.11307820677757263 0
1634266035371 0.10913269221782684 0
1634266036057 0.11815714836120605 0
1634266036752 0.1184062585234642 0
1634266037437 0.12269777059555054 0
1634266038120 0.08146891742944717 0
1634266038826 0.0801563709974289 0
1634266039508 0.12141818553209305 0
1634266040187 0.10224197804927826 0
1634266040876 0.11838051676750183 0
1634266041568 0.08042241632938385 0
1634266042250 0.12290944904088974 0
1634266042929 0.07997075468301773 0
1634266043608 0.11948037147521973 0
1634266045713 0.12171551585197449 0
1634266046371 0.11863559484481812 0
1634266047053 0.12078539282083511 0
1634266047733 0.10710354894399643 0
1634266048416 0.11734268814325333 0
1634266049093 0.10345698148012161 0
1634266049754 0.10174129903316498 0
1634266050444 0.13778436183929443 0
1634266051133 0.08827219903469086 0
1634266051807 0.11672428250312805 0
1634266052497 0.09984250366687775 0
1634266053176 0.10173409432172775 0
1634266053858 0.11728225648403168 0
1634266054575 0.12158412486314774 0
1634266055253 0.12325464934110641 0
1634266055951 0.11964153498411179 0
1634266056618 0.11985458433628082 0
1634266057307 0.0987602099776268 0
1634266057988 0.12798763811588287 0
1634266058662 0.1260760873556137 0
1634266060809 0.10460808873176575 0
1634266061462 0.12619277834892273 0
1634266062135 0.13470818102359772 0
1634266062808 0.1332462728023529 0
1634266063501 0.12377111613750458 0
1634266064181 0.12149278819561005 0
1634266064873 0.12029243260622025 0
1634266065595 0.11822843551635742 0
1634266066292 0.11763492226600647 0
1634266067021 0.13144242763519287 0
1634266067716 0.11784009635448456 0
1634266068413 0.12443041056394577 0
1634266069111 0.08398972451686859 0
1634266069812 0.08804278075695038 0
1634266070522 0.09432180225849152 0
1634266071198 0.08081187307834625 0
1634266071876 0.10067038238048553 0
1634266072554 0.11869730800390244 0
1634266073276 0.08763140439987183 0
1634266073990 0.09505047649145126 0
1634266076126 0.11930493265390396 0
1634266076826 0.11474519222974777 0
1634266077538 0.12688326835632324 0
1634266078256 0.09021701663732529 0
1634266078973 0.0788566917181015 0
1634266079686 0.12269178777933121 0
1634266080405 0.08488111197948456 0
1634266081125 0.11903650313615799 0
1634266081832 0.08609100431203842 0
1634266082548 0.09877075254917145 0
1634266083270 0.12057360261678696 0
1634266083974 0.1210012137889862 0
1634266084702 0.08109953254461288 0
1634266085409 0.11457742750644684 0
1634266086127 0.09472845494747162 0
1634266086840 0.09682653099298477 0
1634266087558 0.09992852061986923 0
1634266088271 0.08914078027009964 0
1634266088987 0.0801689475774765 0
1634266089689 0.11958170682191849 0
1634266091841 0.11967296153306961 0
1634266092546 0.12344465404748917 0
1634266093269 0.09497704356908798 0
1634266093999 0.1143103539943695 0
1634266094711 0.09121838212013245 0
1634266095454 0.09767215698957443 0
1634266096178 0.1256871074438095 0
1634266096930 0.11379271000623703 0
1634266097659 0.09291499108076096 0
1634266098416 0.12022469937801361 0
1634266099163 0.07460563629865646 0
1634266099920 0.11192340403795242 0
1634266100641 0.1124311313033104 0
1634266101367 0.11918646842241287 0
1634266102062 0.11320197582244873 0
1634266102748 0.09483614563941956 0
1634266103430 0.07764437794685364 0
1634266104139 0.09096779674291611 0
1634266104825 0.07777636498212814 0
1634266105559 0.09062431752681732 0
1634266107885 0.11325111985206604 0
1634266108601 0.11913000792264938 0
1634266109345 0.07536673545837402 0
1634266110051 0.11685878038406372 0
1634266110760 0.07266969978809357 0
1634266111469 0.11238230764865875 0
1634266112206 0.07268615812063217 0
1634266112966 0.11546261608600616 0
1634266113672 0.07324401289224625 0
1634266114389 0.0742550641298294 0
1634266115127 0.07327522337436676 0
1634266115854 0.08898025751113892 0
1634266116568 0.11594659090042114 0
1634266117304 0.09390940517187119 0
1634266118015 0.08035633713006973 0
1634266118726 0.11799085885286331 0
1634266119445 0.11205578595399857 0
1634266120158 0.11625897884368896 0
1634266120873 0.09126253426074982 0
1634266121586 0.11272144317626953 0
1634266123781 0.12269311398267746 0
1634266124472 0.0915571078658104 0
1634266125201 0.0733226016163826 0
1634266125920 0.1106393113732338 0
1634266126633 0.11657608300447464 0
1634266127358 0.12056973576545715 0
1634266128075 0.0911797285079956 0
1634266128785 0.11414705216884613 0
1634266129509 0.07704389840364456 0
1634266130251 0.11256184428930283 0
1634266130958 0.11537765711545944 0
1634266131672 0.12018316239118576 0
1634266132396 0.11150942742824554 0
1634266133123 0.09036721289157867 0
1634266133840 0.11593892425298691 0
1634266134554 0.0895167738199234 0
1634266135250 0.11198516935110092 0
1634266135973 0.07660426199436188 0
1634266136684 0.07185545563697815 0
1634266137403 0.0763750746846199 0
1634266139891 0.08208653330802917 0
1634266140602 0.11710268259048462 0
1634266141310 0.08952631056308746 0
1634266142022 0.09952215105295181 0
1634266142733 0.11356142163276672 0
1634266143455 0.11731661856174469 0
1634266144168 0.07359812408685684 0
1634266144882 0.12064796686172485 0
1634266145598 0.11156751960515976 0
1634266146304 0.08926603943109512 0
1634266147022 0.11739397048950195 0
1634266147738 0.11365148425102234 0
1634266148453 0.08870434761047363 0
1634266149167 0.0931093767285347 0
1634266149877 0.11625254899263382 0
1634266150598 0.11268466711044312 0
1634266151316 0.07641962915658951 0
1634266152031 0.12001320719718933 0
1634266152741 0.11691708862781525 0
1634266153452 0.11690913140773773 0
1634266155624 0.07463718205690384 0
1634266156350 0.07245662808418274 0
1634266157071 0.07292725145816803 0
1634266157791 0.09303515404462814 0
1634266158502 0.072742760181427 0
1634266159228 0.0731692686676979 0
1634266159938 0.09016337245702744 0
1634266160664 0.07376553863286972 0
1634266161422 0.07402459532022476 0
1634266162130 0.07470567524433136 0
1634266162844 0.11543901264667511 0
1634266163559 0.07384557276964188 0
1634266164275 0.07411345094442368 0
1634266165001 0.11161055415868759 0
1634266165735 0.07405275851488113 0
1634266166451 0.11682794988155365 0
1634266167164 0.11772958189249039 0
1634266167865 0.0906606912612915 0
1634266168603 0.0942307785153389 0
1634266169352 0.11589337140321732 0
1634266171573 0.08969609439373016 0
1634266172308 0.09048449993133545 0
1634266173020 0.0731695219874382 0
1634266173771 0.11487095803022385 0
1634266174516 0.0787646621465683 0
1634266175245 0.07359620183706284 0
1634266175954 0.07542158663272858 0
1634266176690 0.07381634414196014 0
1634266177438 0.1156516745686531 0
1634266178148 0.07311046868562698 0
1634266178871 0.07344775646924973 0
1634266179605 0.11053051799535751 0
1634266180339 0.07227578014135361 0
1634266181051 0.08939914405345917 0
1634266181766 0.09142155945301056 0
1634266182470 0.11579544097185135 0
1634266183217 0.08835771679878235 0
1634266183955 0.09150577336549759 0
1634266184718 0.09046607464551926 0
1634266185443 0.11533667147159576 0
1634266187718 0.1156877651810646 0
