1634265508961 1.533043622970581 0
1634265511072 0.7928809523582458 0
1634265511775 1.0866555571556091 0
1634265512479 1.0704329013824463 0
1634265513166 0.7212132811546326 0
1634265513870 0.9470392763614655 0
1634265514573 0.7994187772274017 0
1634265515262 0.6447265148162842 0
1634265515965 0.9656526744365692 0
1634265516669 0.7683230042457581 0
1634265517357 0.8945151567459106 0
1634265518062 0.776044636964798 0
1634265518765 0.6731996238231659 0
1634265519467 0.6161378920078278 0
1634265520164 0.8783768117427826 0
1634265520852 0.8255649209022522 0
1634265521556 0.6927286684513092 0
1634265522264 0.8438435792922974 0
1634265522953 0.8434199094772339 0
1634265523656 0.8313724100589752 0
1634265524360 0.8773602545261383 0
1634265526552 0.5458015203475952 0
1634265527261 0.8171480298042297 0
1634265527986 0.840891569852829 0
1634265528721 0.8590268492698669 0
1634265529436 0.8270973861217499 0
1634265530168 0.8593705892562866 0
1634265530908 0.5844480991363525 0
1634265531655 0.7801587581634521 0
1634265532369 0.7884177267551422 0
1634265533073 0.8758167922496796 0
1634265533779 0.7941036522388458 0
1634265534497 0.8009091317653656 0
1634265535201 0.8505173623561859 0
1634265535905 0.8162095248699188 0
1634265536620 0.8009002804756165 0
1634265537319 0.788672611117363 0
1634265538019 0.7990391403436661 0
1634265538723 0.8037989735603333 0
1634265539429 0.8964037299156189 0
1634265540131 0.8323997557163239 0
1634265542324 0.5953150987625122 0
1634265543038 0.7956494241952896 0
1634265543764 0.783408910036087 0
1634265544476 0.5672662556171417 0
1634265545189 0.7953230142593384 0
1634265545895 0.7868687808513641 0
1634265546586 0.5224188566207886 0
1634265547316 0.7376057356595993 0
1634265548049 0.7201008051633835 0
1634265548775 0.7253885269165039 0
1634265549494 0.45386089384555817 0
1634265550233 0.7739898860454559 0
1634265550959 0.7733485102653503 0
1634265551668 0.735906109213829 0
1634265552398 0.4450487047433853 0
1634265553117 0.4547571986913681 0
1634265553838 0.7494240701198578 0
1634265554563 0.7246958166360855 0
1634265555291 0.688235729932785 0
1634265556004 0.7777788043022156 0
1634265558172 0.7137245833873749 0
1634265558901 0.7059307396411896 0
1634265559610 0.7458536326885223 0
1634265560336 0.4375830143690109 0
1634265561030 0.7144260257482529 0
1634265561767 0.700902447104454 0
1634265562474 0.4382747411727905 0
1634265563185 0.6720448583364487 0
1634265563894 0.7459635734558105 0
1634265564608 0.7192699760198593 0
1634265565333 0.7236818075180054 0
1634265566040 0.6828598529100418 0
1634265566755 0.7508529275655746 0
1634265567464 0.4191925376653671 0
1634265568163 0.6892521232366562 0
1634265568883 0.7490108907222748 0
1634265569607 0.7065588533878326 0
1634265570339 0.7058438509702682 0
1634265571065 0.45371851325035095 0
1634265571787 0.7024497836828232 0
1634265573966 0.4011811167001724 0
1634265574683 0.6459452211856842 0
1634265575399 0.462712362408638 0
1634265576130 0.6708900034427643 0
1634265576856 0.7327110320329666 0
1634265577574 0.7084137201309204 0
1634265578290 0.6745063960552216 0
1634265578998 0.6831540912389755 0
1634265579737 0.7717697322368622 0
1634265580485 0.7475869953632355 0
1634265581179 0.5971274971961975 0
1634265581896 0.7220248728990555 0
1634265582599 0.6944344788789749 0
1634265583305 0.7262925058603287 0
1634265584009 0.7427253127098083 0
1634265584713 0.7193660587072372 0
1634265585416 0.5559397637844086 0
1634265586136 0.6552459597587585 0
1634265586839 0.667578712105751 0
1634265587543 0.6957609206438065 0
1634265589703 0.6655546426773071 0
1634265590415 0.6963783800601959 0
1634265591102 0.6623945534229279 0
1634265591821 0.6506128460168839 0
1634265592526 0.6256832331418991 0
1634265593230 0.6664676070213318 0
1634265593950 0.4006842374801636 0
1634265594653 0.6840111017227173 0
1634265595357 0.6873947083950043 0
1634265596060 0.6712045669555664 0
1634265596780 0.6455071419477463 0
1634265597484 0.669417679309845 0
1634265598201 0.3933855891227722 0
1634265598908 0.6807815730571747 0
1634265599602 0.7136248201131821 0
1634265600320 0.7001921832561493 0
1634265601025 0.6863949298858643 0
1634265601743 0.41809307038784027 0
1634265602448 0.5502606928348541 0
1634265603151 0.750000387430191 0
1634265605335 0.5444755852222443 0
1634265606059 0.6418870538473129 0
1634265606799 0.7001732140779495 0
1634265607564 0.6646149307489395 0
1634265608291 0.6755648404359818 0
1634265609040 0.6962201446294785 0
1634265609770 0.6697793155908585 0
1634265610488 0.7070005834102631 0
1634265611213 0.6771771013736725 0
1634265611924 0.7308864891529083 0
1634265612619 0.7178681492805481 0
1634265613359 0.6618071496486664 0
1634265614076 0.6985250115394592 0
1634265614793 0.6791494637727737 0
1634265615499 0.6721928268671036 0
1634265616221 0.7904022932052612 0
1634265616933 0.4735201448202133 0
1634265617658 0.6966464072465897 0
1634265618366 0.6644895076751709 0
1634265619089 0.6608788818120956 0
1634265621261 0.3765491545200348 0
1634265621965 0.6573205292224884 0
1634265622670 0.6671464890241623 0
1634265623397 0.6842024922370911 0
1634265624120 0.6340505629777908 0
1634265624853 0.6564541608095169 0
1634265625579 0.6675750464200974 0
1634265626307 0.6510100364685059 0
1634265627021 0.6422672420740128 0
1634265627734 0.6064146906137466 0
1634265628462 0.39223484694957733 0
1634265629194 0.5944339036941528 0
1634265629946 0.4197351783514023 0
1634265630680 0.6408930867910385 0
1634265631397 0.6093555688858032 0
1634265632116 0.3979279100894928 0
1634265632848 0.6277631223201752 0
1634265633600 0.6126786768436432 0
1634265634308 0.6149127930402756 0
1634265635016 0.6114084273576736 0
1634265637195 0.6398387551307678 0
1634265637936 0.6346725523471832 0
1634265638652 0.5850335657596588 0
1634265639373 0.6498328149318695 0
1634265640093 0.5929820686578751 0
1634265640810 0.6650393754243851 0
1634265641566 0.3542238473892212 0
1634265642316 0.5855305939912796 0
1634265643021 0.6038245558738708 0
1634265643743 0.6019108146429062 0
1634265644446 0.6220157593488693 0
1634265645150 0.3967534452676773 0
1634265645863 0.586310088634491 0
1634265646577 0.36020611226558685 0
1634265647296 0.6327539682388306 0
1634265647999 0.6029607355594635 0
1634265648709 0.6268650740385056 0
1634265649432 0.5938175469636917 0
1634265650136 0.6245430260896683 0
1634265650866 0.3583083152770996 0
1634265653118 0.6418646574020386 0
1634265653846 0.34695087373256683 0
1634265654547 0.6346513628959656 0
1634265655290 0.6019609868526459 0
1634265656022 0.563951388001442 0
1634265656743 0.5850752741098404 0
1634265657477 0.6153353154659271 0
1634265658197 0.33684012293815613 0
1634265658899 0.6623049080371857 0
1634265659677 0.6646870225667953 0
1634265660396 0.5434873253107071 0
1634265661117 0.7457664608955383 0
1634265661851 0.6605129837989807 0
1634265662568 0.4510456472635269 0
1634265663285 0.3586057722568512 0
1634265663995 0.43802815675735474 0
1634265664696 0.6194984912872314 0
1634265665431 0.6001759618520737 0
1634265666132 0.34397080540657043 0
1634265666851 0.5673091113567352 0
1634265669023 0.6061188578605652 0
1634265669755 0.3245805650949478 0
1634265670477 0.5636213421821594 0
1634265671200 0.5869006961584091 0
1634265671936 0.5620592534542084 0
1634265672697 0.34478113055229187 0
1634265673431 0.5919803529977798 0
1634265674148 0.5809614360332489 0
1634265674852 0.3279585689306259 0
1634265675572 0.6121024042367935 0
1634265676292 0.5865793079137802 0
1634265676997 0.45135441422462463 0
1634265677700 0.3285890817642212 0
1634265678404 0.5750941187143326 0
1634265679135 0.582068681716919 0
1634265679844 0.5914062559604645 0
1634265680554 0.35496853291988373 0
1634265681273 0.5866600573062897 0
1634265682004 0.5758388340473175 0
1634265682741 0.2886655479669571 0
1634265684935 0.5576453506946564 0
1634265685686 0.5864681899547577 0
1634265686421 0.3715818375349045 0
1634265687148 0.58008873462677 0
1634265687859 0.6057174354791641 0
1634265688586 0.5859367400407791 0
1634265689296 0.33265520632267 0
1634265690012 0.555659331381321 0
1634265690729 0.5314533710479736 0
1634265691451 0.28733332455158234 0
1634265692167 0.5679004043340683 0
1634265692869 0.5731211006641388 0
1634265693578 0.5535893887281418 0
1634265694297 0.5288489535450935 0
1634265695003 0.30603379011154175 0
1634265695713 0.5355286449193954 0
1634265696420 0.6244205981492996 0
1634265697137 0.40293774008750916 0
1634265697835 0.3617205321788788 0
1634265698534 0.5768754035234451 0
1634265700666 0.29854823648929596 0
1634265701376 0.5705025494098663 0
1634265702070 0.529501423239708 0
1634265702774 0.5710222274065018 0
1634265703478 0.2732269838452339 0
1634265704197 0.3044978976249695 0
1634265704917 0.5683154463768005 0
1634265705621 0.5678898096084595 0
1634265706324 0.5716609060764313 0
1634265707029 0.31935925781726837 0
1634265707733 0.2771919071674347 0
1634265708437 0.2689253017306328 0
1634265709140 0.530406653881073 0
1634265709845 0.5511936992406845 0
1634265710553 0.5850315243005753 0
1634265711265 0.31220652163028717 0
1634265711979 0.5137377381324768 0
1634265712686 0.5585956871509552 0
1634265713425 0.5445453226566315 0
1634265714132 0.2846289873123169 0
1634265716531 0.5269738286733627 0
1634265717239 0.5448614060878754 0
1634265717948 0.5698645710945129 0
1634265718668 0.5496915429830551 0
1634265719388 0.5519712269306183 0
1634265720091 0.5513350963592529 0
1634265720882 0.28516852855682373 0
1634265721653 0.5147233083844185 0
1634265722357 0.5242899656295776 0
1634265723093 0.5179682374000549 0
1634265723815 0.2471965253353119 0
1634265724543 0.52033631503582 0
1634265725257 0.5260853469371796 0
1634265725977 0.5608111619949341 0
1634265726708 0.5292397439479828 0
1634265727453 0.5426900088787079 0
1634265728163 0.5314861163496971 0
1634265728879 0.5618971437215805 0
1634265729592 0.5515505224466324 0
1634265730290 0.28149938583374023 0
1634265732459 0.5474618524312973 0
1634265733164 0.5461819171905518 0
1634265733884 0.5477263778448105 0
1634265734589 0.5459472984075546 0
1634265735323 0.515974149107933 0
1634265736028 0.5493451803922653 0
1634265736741 0.290822297334671 0
1634265737455 0.5173146650195122 0
1634265738190 0.5196173638105392 0
1634265738913 0.29169897735118866 0
1634265739672 0.2883499413728714 0
1634265740455 0.5611177384853363 0
1634265741184 0.5327907800674438 0
1634265741922 0.5094316154718399 0
1634265742719 0.25056831538677216 0
1634265743473 0.2905205264687538 0
1634265744201 0.5284134745597839 0
1634265744941 0.5382715165615082 0
1634265745686 0.5123320147395134 0
1634265746398 0.24006861448287964 0
1634265748586 0.2474619373679161 0
1634265749308 0.5212282240390778 0
1634265750037 0.26684170961380005 0
1634265750813 0.5237356498837471 0
1634265751566 0.539474606513977 0
1634265752289 0.5313800126314163 0
1634265753017 0.24009495228528976 0
1634265753745 0.5145093277096748 0
1634265754481 0.23869790136814117 0
1634265755199 0.2569630369544029 0
1634265755975 0.4991617649793625 0
1634265756774 0.5025603175163269 0
1634265757533 0.5138860791921616 0
1634265758295 0.5275500565767288 0
1634265759040 0.24918599426746368 0
1634265759742 0.532869502902031 0
1634265760486 0.49336670339107513 0
1634265761207 0.4802102744579315 0
1634265761941 0.5477469563484192 0
1634265762676 0.47346433252096176 0
1634265764896 0.24240437150001526 0
1634265765632 0.2411237135529518 0
1634265766335 0.5003975182771683 0
1634265767008 0.47015633434057236 0
1634265767686 0.4968617111444473 0
1634265768371 0.21360674500465393 0
1634265769045 0.4903656095266342 0
1634265769787 0.5108783170580864 0
1634265770470 0.24367117881774902 0
1634265771156 0.5257709175348282 0
1634265771859 0.4968833476305008 0
1634265772532 0.5007957294583321 0
1634265773226 0.23374468088150024 0
1634265773909 0.519637331366539 0
1634265774610 0.21312464028596878 0
1634265775286 0.23797962069511414 0
1634265775970 0.47069594264030457 0
1634265776688 0.4910784661769867 0
1634265777434 0.2033383846282959 0
1634265778124 0.46812428534030914 0
1634265780283 0.4894218295812607 0
1634265780953 0.491415873169899 0
1634265781631 0.49445516616106033 0
1634265782319 0.19942758232355118 0
1634265783036 0.5113453269004822 0
1634265783731 0.4793076738715172 0
1634265784464 0.5154755711555481 0
1634265785206 0.4909663423895836 0
1634265785951 0.46010372042655945 0
1634265786662 0.4921703487634659 0
1634265787378 0.519106537103653 0
1634265788085 0.5136868208646774 0
1634265788786 0.20585571229457855 0
1634265789507 0.22607854008674622 0
1634265790241 0.4861273169517517 0
1634265790993 0.5236667394638062 0
1634265791713 0.23411967605352402 0
1634265792431 0.46947749704122543 0
1634265793147 0.47271329909563065 0
1634265793863 0.22098039835691452 0
1634265796206 0.5066547989845276 0
1634265796873 0.47954049706459045 0
1634265797555 0.51639823615551 0
1634265798260 0.21574266999959946 0
1634265798959 0.5092109590768814 0
1634265799654 0.4809425100684166 0
1634265800372 0.1929040178656578 0
1634265801163 0.18880096822977066 0
1634265801916 0.5114358216524124 0
1634265802654 0.4482429027557373 0
1634265803374 0.46901386231184006 0
1634265804085 0.5026162192225456 0
1634265804804 0.5066978633403778 0
1634265805504 0.19979402422904968 0
1634265806221 0.5045867785811424 0
1634265806936 0.4744485691189766 0
1634265807657 0.5094011276960373 0
1634265808377 0.24745331704616547 0
1634265809099 0.5158929824829102 0
1634265809811 0.37955111265182495 0
1634265811993 0.5535970330238342 0
1634265812700 0.5574260652065277 0
1634265813411 0.5822167992591858 0
1634265814132 0.5509142726659775 0
1634265814848 0.5055011063814163 0
1634265815556 0.5001993477344513 0
1634265816288 0.4908190965652466 0
1634265816998 0.5081752389669418 0
1634265817719 0.495111346244812 0
1634265818436 0.50572569668293 0
1634265819162 0.2896028682589531 0
1634265819880 0.4752506762742996 0
1634265820593 0.519217312335968 0
1634265821329 0.27749279141426086 0
1634265822068 0.2584853395819664 0
1634265822796 0.4786152318120003 0
1634265823532 0.2552833557128906 0
1634265824294 0.46654628962278366 0
1634265825006 0.5383281856775284 0
1634265825711 0.2899186909198761 0
1634265827838 0.5196950286626816 0
1634265828556 0.2712510824203491 0
1634265829259 0.499100923538208 0
1634265829994 0.3055679351091385 0
1634265830712 0.5137532204389572 0
1634265831432 0.2832760512828827 0
1634265832151 0.2862475961446762 0
1634265832855 0.27373939752578735 0
1634265833575 0.4952569007873535 0
1634265834305 0.5211229920387268 0
1634265835017 0.2628367841243744 0
1634265835728 0.511984795331955 0
1634265836469 0.24754612147808075 0
1634265837195 0.263209231197834 0
1634265837925 0.2614806145429611 0
1634265838648 0.2326849102973938 0
1634265839352 0.4674729257822037 0
1634265840068 0.24577224999666214 0
1634265840799 0.24834221601486206 0
1634265841507 0.2625545784831047 0
1634265843682 0.4766776114702225 0
1634265844415 0.27616922557353973 0
1634265845130 0.5026626586914062 0
1634265845845 0.21970907598733902 0
1634265846547 0.21268460154533386 0
1634265847266 0.45290498435497284 0
1634265847994 0.4772447943687439 0
1634265848706 0.4764108285307884 0
1634265849427 0.4712795615196228 0
1634265850144 0.20190434157848358 0
1634265850859 0.20413818955421448 0
1634265851579 0.46279557794332504 0
1634265852307 0.4718308672308922 0
1634265853021 0.47813399881124496 0
1634265853734 0.5130239874124527 0
1634265854443 0.4849601462483406 0
1634265855155 0.44073736667633057 0
1634265855875 0.4912964105606079 0
1634265856588 0.4651976451277733 0
1634265857302 0.4767182245850563 0
1634265859455 0.4706020727753639 0
1634265860170 0.4599110335111618 0
1634265860884 0.4987787753343582 0
1634265861604 0.2286783680319786 0
1634265862321 0.49718810617923737 0
1634265863034 0.47678574174642563 0
1634265863748 0.4702107906341553 0
1634265864455 0.46627333015203476 0
1634265865169 0.4726771116256714 0
1634265865886 0.4994615763425827 0
1634265866611 0.5037460774183273 0
1634265867336 0.2848295718431473 0
1634265868058 0.23963990062475204 0
1634265868775 0.43869921565055847 0
1634265869490 0.5025823712348938 0
1634265870205 0.2469974234700203 0
1634265870917 0.23115253448486328 0
1634265871639 0.4647970348596573 0
1634265872349 0.22711477428674698 0
1634265873059 0.2512911856174469 0
1634265875236 0.21487978845834732 0
1634265875941 0.4565519317984581 0
1634265876651 0.4992104321718216 0
1634265877393 0.21251581609249115 0
1634265878121 0.4725734665989876 0
1634265878848 0.4731685221195221 0
1634265879579 0.481781005859375 0
1634265880298 0.4897819310426712 0
1634265881019 0.46141957491636276 0
1634265881761 0.1965533047914505 0
1634265882484 0.49631349742412567 0
1634265883194 0.492257222533226 0
1634265883907 0.46838315576314926 0
1634265884613 0.46736297756433487 0
1634265885334 0.217378132045269 0
1634265886035 0.4514116570353508 0
1634265886763 0.4912937879562378 0
1634265887477 0.4776308611035347 0
1634265888190 0.45845121890306473 0
1634265888898 0.19747517257928848 0
1634265891217 0.46099841594696045 0
1634265891920 0.48622848093509674 0
1634265892624 0.4526049271225929 0
1634265893342 0.4766762778162956 0
1634265894048 0.44927557557821274 0
1634265894760 0.4880770444869995 0
1634265895467 0.49141599237918854 0
1634265896166 0.48477958142757416 0
1634265896885 0.25034400075674057 0
1634265897596 0.47502680867910385 0
1634265898306 0.4258304461836815 0
1634265899024 0.20936885476112366 0
1634265899744 0.45646047592163086 0
1634265900457 0.45352980494499207 0
1634265901174 0.22628600150346756 0
1634265901884 0.20076507329940796 0
1634265902589 0.4639150947332382 0
1634265903306 0.44427478313446045 0
1634265904024 0.4577680230140686 0
1634265904739 0.4789178818464279 0
1634265906894 0.19099856168031693 0
1634265907602 0.45025478303432465 0
1634265908316 0.43233028799295425 0
1634265909041 0.4738859683275223 0
1634265909751 0.22558462619781494 0
1634265910462 0.24892890453338623 0
1634265911175 0.25757141411304474 0
1634265911891 0.4606921970844269 0
1634265912604 0.49704836308956146 0
1634265913316 0.48886844515800476 0
1634265914027 0.24730154126882553 0
1634265914745 0.45915091037750244 0
1634265915499 0.2144254371523857 0
1634265916238 0.23257098346948624 0
1634265916969 0.47490333020687103 0
1634265917689 0.22794727981090546 0
1634265918403 0.44465795904397964 0
1634265919123 0.47775037586688995 0
1634265919850 0.4900213032960892 0
1634265920565 0.47131097316741943 0
1634265922744 0.504193902015686 0
1634265923469 0.49247097969055176 0
1634265924192 0.5011684745550156 0
1634265924934 0.4880475029349327 0
1634265925671 0.4638664126396179 0
1634265926386 0.42798033356666565 0
1634265927092 0.23229441791772842 0
1634265927821 0.4756152480840683 0
1634265928532 0.4467196986079216 0
1634265929228 0.23771866410970688 0
1634265929950 0.23698340356349945 0
1634265930651 0.4748605489730835 0
1634265931376 0.24380173534154892 0
1634265932078 0.45233166217803955 0
1634265932784 0.471203550696373 0
1634265933482 0.4659867286682129 0
1634265934201 0.46916085481643677 0
1634265934904 0.4670114517211914 0
1634265935624 0.44804733246564865 0
1634265936328 0.2115614265203476 0
1634265938452 0.4780428260564804 0
1634265939166 0.426566407084465 0
1634265939873 0.42985865473747253 0
1634265940578 0.4607914760708809 0
1634265941283 0.20038221776485443 0
1634265941984 0.4696367084980011 0
1634265942685 0.43819235265254974 0
1634265943404 0.4685577005147934 0
1634265944107 0.468634232878685 0
1634265944829 0.4331725537776947 0
1634265945534 0.44061604142189026 0
1634265946253 0.4442334249615669 0
1634265946959 0.472326323390007 0
1634265947666 0.4477692171931267 0
1634265948383 0.4478375166654587 0
1634265949078 0.4816891923546791 0
1634265949797 0.46579837054014206 0
1634265950499 0.2465513050556183 0
1634265951216 0.48159928619861603 0
1634265951936 0.4271855875849724 0
1634265954048 0.23996133357286453 0
1634265954764 0.4467417746782303 0
1634265955466 0.42824751883745193 0
1634265956179 0.43878374993801117 0
1634265956888 0.4601453170180321 0
1634265957609 0.42611169815063477 0
1634265958312 0.41501690447330475 0
1634265959031 0.4401920884847641 0
1634265959741 0.4305323287844658 0
1634265960436 0.4701669365167618 0
1634265961163 0.46426163613796234 0
1634265961919 0.43965673446655273 0
1634265962592 0.4283485934138298 0
1634265963282 0.405142679810524 0
1634265963977 0.4045312851667404 0
1634265964675 0.47792769968509674 0
1634265965359 0.4718722850084305 0
1634265966056 0.4335643947124481 0
1634265966749 0.4778543710708618 0
1634265967425 0.22240151464939117 0
1634265969481 0.4660664349794388 0
1634265970134 0.41150983422994614 0
1634265970808 0.22068734467029572 0
1634265971481 0.45502448081970215 0
1634265972171 0.42798135429620743 0
1634265972864 0.43233975023031235 0
1634265973551 0.43466877192258835 0
1634265974252 0.449043832719326 0
1634265974956 0.4314653277397156 0
1634265975641 0.4346725568175316 0
1634265976314 0.4527100548148155 0
1634265977007 0.4196722060441971 0
1634265977686 0.4539058580994606 0
1634265978391 0.23752546310424805 0
1634265979059 0.40465348958969116 0
1634265979761 0.44808418303728104 0
1634265980444 0.20563875138759613 0
1634265981119 0.4013914540410042 0
1634265981807 0.4224824383854866 0
1634265982483 0.44448646157979965 0
1634265984553 0.4231412336230278 0
1634265985228 0.20003053545951843 0
1634265985901 0.4015277922153473 0
1634265986576 0.4511099010705948 0
1634265987250 0.42809509485960007 0
1634265987933 0.21739376336336136 0
1634265988606 0.19813232868909836 0
1634265989316 0.17409047484397888 0
1634265990016 0.4202207699418068 0
1634265990742 0.42532093077898026 0
1634265991442 0.42777156084775925 0
1634265992135 0.4539404511451721 0
1634265992822 0.43535351753234863 0
1634265993536 0.42471496015787125 0
1634265994222 0.23244890570640564 0
1634265994907 0.38788844645023346 0
1634265995596 0.4537118822336197 0
1634265996276 0.3983609154820442 0
1634265996979 0.4168410450220108 0
1634265997672 0.409258134663105 0
1634266000071 0.42753254622220993 0
1634266000740 0.44499140977859497 0
1634266001422 0.4508509039878845 0
1634266002102 0.18276231735944748 0
1634266002789 0.1809447854757309 0
1634266003489 0.41862212121486664 0
1634266004171 0.2166350856423378 0
1634266004855 0.42645206302404404 0
1634266005533 0.42177634686231613 0
1634266006244 0.41491807252168655 0
1634266006934 0.21773479878902435 0
1634266007608 0.49011924862861633 0
1634266008288 0.21957901865243912 0
1634266008967 0.19307728111743927 0
1634266009662 0.3806796371936798 0
1634266010347 0.39759352803230286 0
1634266011034 0.45328059792518616 0
1634266011737 0.22615155577659607 0
1634266012407 0.4445209503173828 0
1634266013120 0.4230651929974556 0
1634266015266 0.18053143471479416 0
1634266015949 0.3957451432943344 0
1634266016649 0.21047504246234894 0
1634266017322 0.4187207892537117 0
1634266018013 0.40542128682136536 0
1634266018742 0.17297350615262985 0
1634266019426 0.3918330669403076 0
1634266020108 0.4408907815814018 0
1634266020800 0.44007114320993423 0
1634266021489 0.21753767877817154 0
1634266022192 0.3816596046090126 0
1634266022906 0.41859667003154755 0
1634266023579 0.4399639964103699 0
1634266024278 0.3785025030374527 0
1634266024969 0.4396844655275345 0
1634266025649 0.4084656164050102 0
1634266026335 0.4438391178846359 0
1634266027016 0.22500845789909363 0
1634266027712 0.41317950934171677 0
1634266028397 0.23458071798086166 0
1634266030540 0.4364941865205765 0
1634266031208 0.43858471512794495 0
1634266031907 0.3762320727109909 0
1634266032589 0.4405587464570999 0
1634266033310 0.43548764288425446 0
1634266033989 0.4377473369240761 0
1634266034673 0.25294676423072815 0
1634266035356 0.4278893619775772 0
1634266036055 0.43672046065330505 0
1634266036750 0.2357509881258011 0
1634266037435 0.4404851496219635 0
1634266038120 0.3998740687966347 0
1634266038823 0.39757414162158966 0
1634266039506 0.22857354581356049 0
1634266040185 0.4202696830034256 0
1634266040873 0.23059386014938354 0
1634266041568 0.18931211531162262 0
1634266042248 0.41555681079626083 0
1634266042926 0.39681271463632584 0
1634266043607 0.4358232617378235 0
1634266045711 0.4136473536491394 0
1634266046369 0.4355209767818451 0
1634266047051 0.4365065172314644 0
1634266047731 0.21762802451848984 0
1634266048414 0.40877727419137955 0
1634266049091 0.21055692434310913 0
1634266049754 0.4181271642446518 0
1634266050442 0.45335376262664795 0
1634266051130 0.4041733294725418 0
1634266051805 0.22169625014066696 0
1634266052494 0.4155953973531723 0
1634266053174 0.41781606525182724 0
1634266053858 0.221033476293087 0
1634266054572 0.43731386214494705 0
1634266055253 0.41502147167921066 0
1634266055949 0.22665530443191528 0
1634266056618 0.2263849452137947 0
1634266057307 0.41412796825170517 0
1634266057986 0.4430267959833145 0
1634266058660 0.23791983723640442 0
1634266060807 0.39443543553352356 0
1634266061462 0.4397088289260864 0
1634266062135 0.4485389441251755 0
1634266062808 0.4464925229549408 0
1634266063498 0.43770645558834076 0
1634266064179 0.41013024747371674 0
1634266064871 0.4331385865807533 0
1634266065593 0.2266443446278572 0
1634266066289 0.22376732528209686 0
1634266067019 0.41966870427131653 0
1634266067713 0.4058949500322342 0
1634266068411 0.4366854056715965 0
1634266069109 0.19293664395809174 0
1634266069811 0.39976437389850616 0
1634266070520 0.20062748342752457 0
1634266071196 0.39351557195186615 0
1634266071873 0.41289888322353363 0
1634266072554 0.4298923835158348 0
1634266073274 0.3993900418281555 0
1634266073989 0.20475509762763977 0
1634266076125 0.405784972012043 0
1634266076825 0.4009386822581291 0
1634266077523 0.43718433380126953 0
1634266078254 0.40042056888341904 0
1634266078971 0.3897865563631058 0
1634266079684 0.43259597569704056 0
1634266080390 0.1997944936156273 0
1634266081123 0.4293375089764595 0
1634266081830 0.3955274149775505 0
1634266082547 0.40773071348667145 0
1634266083268 0.40537142008543015 0
1634266083974 0.4061468243598938 0
1634266084700 0.3896252438426018 0
1634266085407 0.2397463023662567 0
1634266086125 0.2131807580590248 0
1634266086840 0.40498036891222 0
1634266087556 0.3838775083422661 0
1634266088269 0.39760739356279373 0
1634266088972 0.3634461909532547 0
1634266089689 0.42670104652643204 0
1634266091839 0.40262455493211746 0
1634266092545 0.24254044890403748 0
1634266093267 0.40281807631254196 0
1634266093997 0.4220285415649414 0
1634266094709 0.37371230125427246 0
1634266095452 0.3798919841647148 0
1634266096176 0.2496195062994957 0
1634266096930 0.23528949916362762 0
1634266097657 0.37482213228940964 0
1634266098414 0.4262147694826126 0
1634266099162 0.3804592117667198 0
1634266099918 0.41845131665468216 0
1634266100638 0.41873376816511154 0
1634266101365 0.2382226660847664 0
1634266102060 0.23007124662399292 0
1634266102746 0.40094882249832153 0
1634266103427 0.38370174169540405 0
1634266104137 0.3967878147959709 0
1634266104822 0.38340096920728683 0
1634266105558 0.21015573292970657 0
1634266107883 0.39374250173568726 0
1634266108599 0.23552870750427246 0
1634266109343 0.19147907942533493 0
1634266110049 0.39730608463287354 0
1634266110758 0.3528967648744583 0
1634266111454 0.4175233691930771 0
1634266112204 0.35233255475759506 0
1634266112962 0.3950713723897934 0
1634266113672 0.3774605765938759 0
1634266114387 0.37825755774974823 0
1634266115125 0.3771723657846451 0
1634266115852 0.3918795585632324 0
1634266116568 0.41951775550842285 0
1634266117302 0.37218066304922104 0
1634266118013 0.2009260430932045 0
1634266118725 0.42108408361673355 0
1634266119443 0.4150468781590462 0
1634266120158 0.2357187196612358 0
1634266120873 0.39402802288532257 0
1634266121586 0.41446080803871155 0
1634266123780 0.4001084491610527 0
1634266124472 0.20858586579561234 0
1634266125199 0.3757409229874611 0
1634266125918 0.38794685155153275 0
1634266126631 0.4178718701004982 0
1634266127356 0.42179396748542786 0
1634266128073 0.2076239511370659 0
1634266128784 0.41625313460826874 0
1634266129507 0.37812767177820206 0
1634266130249 0.23078542202711105 0
1634266130958 0.4161856099963188 0
1634266131670 0.4207562729716301 0
1634266132394 0.4119880646467209 0
1634266133122 0.3915240317583084 0
1634266133838 0.23653320968151093 0
1634266134552 0.3651530593633652 0
1634266135250 0.23782307654619217 0
1634266135957 0.37620405852794647 0
1634266136683 0.37139469385147095 0
1634266137401 0.19816382974386215 0
1634266139891 0.35710933804512024 0
1634266140600 0.4167785048484802 0
1634266141308 0.3640104979276657 0
1634266142020 0.22080213576555252 0
1634266142731 0.2336224615573883 0
1634266143453 0.39196155965328217 0
1634266144166 0.3478839471936226 0
1634266144880 0.3947710692882538 0
1634266145596 0.4098079726099968 0
1634266146303 0.3631438985466957 0
1634266147020 0.4151201546192169 0
1634266147736 0.412214457988739 0
1634266148451 0.38707292079925537 0
1634266149165 0.39141813665628433 0
1634266149876 0.3893364742398262 0
1634266150596 0.38556796312332153 0
1634266151314 0.19908075034618378 0
1634266152029 0.416981965303421 0
1634266152740 0.41363121569156647 0
1634266153450 0.3889857083559036 0
1634266155624 0.34647882729768753 0
1634266156347 0.34412723779678345 0
1634266157056 0.34441961348056793 0
1634266157789 0.36425211280584335 0
1634266158500 0.3436495363712311 0
1634266159225 0.34414980560541153 0
1634266159936 0.21818018704652786 0
1634266160663 0.3687894865870476 0
1634266161420 0.3447204604744911 0
1634266162129 0.3454175442457199 0
1634266162843 0.3862805813550949 0
1634266163559 0.3695623055100441 0
1634266164274 0.3691444620490074 0
1634266164999 0.3820206746459007 0
1634266165733 0.20019643753767014 0
1634266166449 0.3872326463460922 0
1634266167163 0.41255445033311844 0
1634266167865 0.38619017601013184 0
1634266168601 0.3895959034562111 0
1634266169350 0.3859974220395088 0
1634266171571 0.38489823043346405 0
1634266172306 0.3849843740463257 0
1634266173018 0.36834394186735153 0
1634266173769 0.38480161875486374 0
1634266174516 0.34901829063892365 0
1634266175243 0.3439529165625572 0
1634266175952 0.3716980963945389 0
1634266176688 0.19766715914011002 0
1634266177436 0.23838023096323013 0
1634266178148 0.3441024497151375 0
1634266178871 0.3686934933066368 0
1634266179605 0.4055405482649803 0
1634266180324 0.36748116463422775 0
1634266181036 0.3850768059492111 0
1634266181764 0.38701410591602325 0
1634266182470 0.3886645510792732 0
1634266183215 0.3832353353500366 0
1634266183953 0.21543702483177185 0
1634266184718 0.3617676720023155 0
1634266185443 0.4099007695913315 0
1634266187718 0.4100562110543251 0
