1634105085683 0.8331680297851562 0
1634105097523 0.4882516860961914 0
1634105109316 0.54239821434021 0
1634105121095 0.437065452337265 0
1634105132977 0.4024367928504944 0
1634105144899 0.3925480246543884 0
1634105157067 0.47453466057777405 0
1634105169312 0.40401220321655273 0
1634105181167 0.3799532949924469 0
1634105192990 0.3724783658981323 0
1634105205145 0.33735111355781555 0
1634105217401 0.36160367727279663 0
1634105229364 0.38391029834747314 0
1634105241462 0.3132908344268799 0
1634105253258 0.30526599287986755 0
1634105265051 0.359389990568161 0
1634105276959 0.37748172879219055 0
1634105289048 0.3268992304801941 0
1634105301038 0.41907021403312683 0
1634105313055 0.34603965282440186 0
1634105325157 0.3459652364253998 0
1634105337205 0.340008020401001 0
1634105349385 0.2587602734565735 0
1634105361389 0.3833461403846741 0
1634105373544 0.35260096192359924 0
