1634105085666 1.5178875923156738 0
1634105097523 0.8001551330089569 0
1634105109316 0.9939050674438477 0
1634105121095 0.9213059842586517 0
1634105132977 0.7683275640010834 0
1634105144883 0.9429634809494019 0
1634105157067 0.9268022179603577 0
1634105169296 0.785912275314331 0
1634105181167 0.837176114320755 0
1634105192990 0.7247092723846436 0
1634105205145 0.5691365003585815 0
1634105217401 0.696380615234375 0
1634105229363 0.8019835352897644 0
1634105241461 0.6536205410957336 0
1634105253258 0.6477104723453522 0
1634105265051 0.7381787002086639 0
1634105276957 0.710209995508194 0
1634105289048 0.6605823636054993 0
1634105301037 0.8105421960353851 0
1634105313054 0.7817375361919403 0
1634105325155 0.7212769389152527 0
1634105337203 0.7615143358707428 0
1634105349385 0.4986049234867096 0
1634105361389 0.7154122292995453 0
1634105373544 0.615015983581543 0
