1634531762528 1.2077756524085999 0
1634531765636 1.0615297853946686 0
1634531767325 0.900272786617279 0
1634531769003 1.0114084780216217 0
1634531770699 1.1824568212032318 0
1634531772372 0.8577626943588257 0
1634531774030 0.9782408177852631 0
1634531775703 0.9076495468616486 0
1634531777377 0.956453263759613 0
1634531779049 0.8680749237537384 0
1634531780724 1.1528406739234924 0
1634531783811 0.8945004940032959 0
1634531785486 0.8110783994197845 0
1634531787200 0.9378478229045868 0
1634531788919 0.8100837171077728 0
1634531790671 0.8851805925369263 0
1634531792428 0.9270813763141632 0
1634531794213 0.9401071667671204 0
1634531795941 0.7988657057285309 0
1634531797640 0.7967801094055176 0
1634531799364 1.114607185125351 0
1634531802596 1.104469656944275 0
1634531804301 0.8308940529823303 0
1634531805998 0.9158277809619904 0
1634531807691 1.1094117760658264 0
1634531809384 1.0903502404689789 0
1634531811167 0.7645191252231598 0
