1634530867618 1.075893521308899 0
1634530870704 0.10831609554588795 0
1634530872409 0.049650123342871666 0
1634530874097 0.08856677263975143 0
1634530875792 0.26523277908563614 0
1634530877466 0.18210040032863617 0
1634530879140 0.05758617911487818 0
1634530880812 0.21301064640283585 0
1634530882488 0.2667206972837448 0
1634530884161 0.0991797000169754 0
1634530885891 0.26089793536812067 0
1634530888921 0.3773169293999672 0
1634530890484 0.12878592312335968 0
1634530892066 0.374525710940361 0
1634530893675 0.17867157608270645 0
1634530895285 0.244794100522995 0
1634530896898 0.1406334713101387 0
1634530898522 0.16782435774803162 0
1634530900148 0.3950388878583908 0
1634530901774 0.24826735258102417 0
1634530903390 0.19577337428927422 0
1634530906376 0.15627942979335785 0
1634530907937 0.2789020910859108 0
1634530909516 0.3845178782939911 0
1634530911116 0.3928670883178711 0
1634530912764 0.28811201453208923 0
1634530914391 0.481476753950119 0
1634530916018 0.21511629968881607 0
1634530917645 0.22767245396971703 0
1634530919238 0.2789839804172516 0
1634530920835 0.4225734770298004 0
1634530923946 0.40662670135498047 0
1634530925573 0.2967172712087631 0
1634530927152 0.4551113098859787 0
1634530928754 0.3332340270280838 0
1634530930334 0.33256152272224426 0
1634530931898 0.38683006167411804 0
1634530933468 0.3212451636791229 0
1634530935047 0.3194490224123001 0
1634530936643 0.3308355212211609 0
1634530938222 0.2484927847981453 0
1634530941210 0.29736314713954926 0
1634530942775 0.48652923107147217 0
1634530944356 0.3203881233930588 0
1634530945951 0.40930700302124023 0
1634530947515 0.3092382550239563 0
1634530949109 0.3341944068670273 0
1634530950673 0.4851500391960144 0
1634530952252 0.45252904295921326 0
1634530953846 0.3487059772014618 0
1634530955426 0.43859660625457764 0
1634530958375 0.4682990163564682 0
1634530960070 0.32503172755241394 0
1634530961786 0.4783311188220978 0
1634530963455 0.33795803785324097 0
1634530965097 0.27099424600601196 0
1634530966755 0.5039846748113632 0
1634530968396 0.3785319849848747 0
1634530970038 0.26838038861751556 0
1634530971666 0.41466543078422546 0
1634530973292 0.3027639463543892 0
1634530976300 0.3075266182422638 0
1634530977925 0.3712593764066696 0
1634530979568 0.4170711636543274 0
1634530981211 0.48392389714717865 0
1634530982852 0.44991132616996765 0
1634530984461 0.5705330669879913 0
1634530986067 0.2545008584856987 0
1634530987679 0.19408173114061356 0
1634530989300 0.16422602161765099 0
1634530990955 0.14570637047290802 0
1634530993977 0.314852736890316 0
1634530995556 0.4552890956401825 0
1634530997151 0.12630563415586948 0
1634530998745 0.25889482349157333 0
1634531000326 0.2510545998811722 0
1634531001921 0.3299195021390915 0
1634531003518 0.4591874033212662 0
1634531005112 0.19375884532928467 0
1634531006708 0.5042790174484253 0
1634531008303 0.4760625958442688 0
1634531011241 0.23231956362724304 0
1634531012816 0.23820770531892776 0
1634531014395 0.5273300558328629 0
1634531015990 0.35094405710697174 0
1634531017600 0.4451587647199631 0
1634531019179 0.43377795815467834 0
1634531020759 0.3817604333162308 0
1634531022358 0.29388168454170227 0
1634531024023 0.4314005374908447 0
1634531025703 0.3643472492694855 0
1634531028736 0.3088758513331413 0
1634531030328 0.3513724207878113 0
1634531031938 0.3433133363723755 0
1634531033581 0.3230748474597931 0
1634531035204 0.2624870166182518 0
1634531036861 0.6138310134410858 0
1634531038506 0.6498622596263885 0
1634531040123 0.2619907967746258 0
1634531041808 0.2982727698981762 0
1634531043434 0.6888352334499359 0
1634531046431 0.38223375380039215 0
1634531048042 0.21409068256616592 0
1634531049668 0.5350704789161682 0
1634531051325 0.44884634017944336 0
1634531052934 0.38768842816352844 0
1634531054596 0.6201463937759399 0
1634531056269 0.5100203603506088 0
1634531057941 0.36899372190237045 0
1634531059713 0.36221009492874146 0
1634531061486 0.20573665574193 0
1634531064524 0.5754567980766296 0
1634531066248 0.720861554145813 0
1634531067941 0.38640187680721283 0
1634531069629 0.49091704189777374 0
1634531071361 0.46433261036872864 0
1634531073117 0.48742377758026123 0
1634531074879 0.3477829396724701 0
1634531076588 0.4433669149875641 0
1634531078290 0.6153811812400818 0
1634531079987 0.3522886782884598 0
1634531083065 0.6015198528766632 0
1634531084770 0.48980289697647095 0
1634531086481 0.44476694613695145 0
1634531088193 0.38779519125819206 0
1634531089898 0.16243973281234503 0
1634531091630 0.417648121714592 0
1634531093396 0.4416753202676773 0
1634531095100 0.23903039284050465 0
1634531096824 0.2306283675134182 0
1634531098527 0.3113086074590683 0
1634531101722 0.2999650612473488 0
1634531103408 0.47924619913101196 0
1634531105113 0.5595285594463348 0
1634531106807 0.576526015996933 0
1634531108504 0.6840042173862457 0
1634531110194 0.6327851414680481 0
1634531111909 0.4956611692905426 0
1634531113614 0.5399979054927826 0
1634531115336 0.026864065206609666 0
1634531117051 0.24094194546341896 0
1634531120153 0.39500776678323746 0
1634531121879 0.14517848193645477 0
1634531123585 0.412569310516119 0
1634531125293 0.39798205345869064 0
1634531126988 0.38236353546380997 0
1634531128707 0.37537653744220734 0
1634531130394 0.2002655640244484 0
1634531132099 0.5846571028232574 0
1634531133808 0.2524220570921898 0
1634531135512 0.7132442891597748 0
1634531138652 0.08720413967967033 0
1634531140290 0.5427456200122833 0
1634531141897 0.05436469800770283 0
1634531143526 0.6790939569473267 0
1634531145105 0.4217839911580086 0
1634531146717 0.3552834242582321 0
1634531148313 0.29471813701093197 0
1634531149960 0.6158883273601532 0
1634531151618 0.1663185879588127 0
1634531153294 0.7567649781703949 0
1634531156284 0.5448463559150696 0
1634531157914 0.5383894443511963 0
1634531159621 0.4642610400915146 0
1634531161339 0.12820591777563095 0
1634531163037 0.5921942889690399 0
1634531164763 0.3809710778295994 0
1634531166468 0.5889645367860794 0
1634531168180 0.5502206832170486 0
1634531169962 0.6063970923423767 0
1634531171728 0.5897569358348846 0
1634531174883 0.26622531190514565 0
1634531176635 0.2910470017232001 0
1634531178403 0.6145072281360626 0
1634531180169 0.18411261588335037 0
1634531181923 0.25368238613009453 0
1634531183660 0.04560070298612118 0
1634531185428 0.04651929810643196 0
1634531187148 0.3300669500604272 0
1634531188947 0.29821255803108215 0
1634531190708 0.32364315539598465 0
1634531193970 0.543311208486557 0
1634531195752 0.3007971551269293 0
1634531197520 0.2425221912562847 0
1634531199255 0.6214123666286469 0
1634531201010 0.3079475611448288 0
1634531202762 0.7441677749156952 0
1634531204529 0.4701160714030266 0
1634531206266 0.6771849989891052 0
1634531208008 0.3594093409483321 0
1634531209804 0.6965964436531067 0
1634531212918 0.4542989507317543 0
1634531214683 0.747214674949646 0
1634531216420 0.1214105449616909 0
1634531218143 0.4675371050834656 0
1634531219853 0.30389391630887985 0
1634531221549 0.3691624142229557 0
1634531223256 0.1293681487441063 0
1634531224955 0.7056334316730499 0
1634531226678 0.6080092191696167 0
1634531228374 0.29788318648934364 0
1634531231410 0.42369499057531357 0
1634531233122 0.21823179721832275 0
1634531234863 0.3482628036290407 0
1634531236593 0.3873183522373438 0
1634531238305 0.1740264594554901 0
1634531240044 0.37062183395028114 0
1634531241750 0.6044365167617798 0
1634531243511 0.4040912166237831 0
1634531245241 0.18663139455020428 0
1634531246963 0.7134893536567688 0
1634531250028 0.4251558631658554 0
1634531251732 0.2667257860302925 0
1634531253469 0.40876151248812675 0
1634531255251 0.4543115720152855 0
1634531256985 0.47090641409158707 0
1634531258718 0.3758377581834793 0
1634531260408 0.48785583674907684 0
1634531262118 0.13907883316278458 0
1634531263836 0.7834856808185577 0
1634531265555 0.40613222122192383 0
1634531268622 0.16693535447120667 0
1634531270334 0.69631427526474 0
1634531272060 0.5607271790504456 0
1634531273772 0.3645458146929741 0
1634531275554 0.6517864763736725 0
1634531277265 0.5445460379123688 0
1634531279055 0.18752571381628513 0
1634531280852 0.6260101795196533 0
1634531282562 0.4735308736562729 0
1634531284342 0.6160876005887985 0
1634531287436 0.5648057609796524 0
1634531289148 0.30834138207137585 0
1634531290870 0.36678382754325867 0
1634531292584 0.39963484182953835 0
1634531294278 0.3703592773526907 0
1634531295995 0.6160864233970642 0
1634531297718 0.1456536091864109 0
1634531299442 0.7455127835273743 0
1634531301149 0.08201774954795837 0
1634531302899 0.6309604346752167 0
1634531306221 0.4511035084724426 0
1634531307904 0.4552568942308426 0
1634531309633 0.3956925570964813 0
1634531311330 0.6871782839298248 0
1634531313053 0.5894129872322083 0
1634531314776 0.18385399878025055 0
1634531316539 0.606524720788002 0
1634531318244 0.43053868412971497 0
1634531319962 0.4362223297357559 0
1634531321676 0.1354399472475052 0
1634531324790 0.5413146913051605 0
1634531326499 0.5470388829708099 0
1634531328239 0.1503966599702835 0
1634531329974 0.3227212727069855 0
1634531331703 0.6860524415969849 0
1634531333409 0.5126752257347107 0
1634531335150 0.723755419254303 0
1634531336859 0.8366832137107849 0
1634531338597 0.4472244456410408 0
1634531340303 0.524247832596302 0
1634531343425 0.6288796663284302 0
1634531345155 0.8227691054344177 0
1634531346873 0.1947644054889679 0
1634531348613 0.7704311907291412 0
1634531350318 0.02599710412323475 0
1634531352039 0.4550097808241844 0
1634531353820 0.25940854102373123 0
1634531355598 0.013451398815959692 0
1634531357324 0.4206557720899582 0
1634531359107 0.5797658413648605 0
1634531362205 0.02386755752377212 0
1634531363969 0.6164740324020386 0
1634531365710 0.2597114210948348 0
1634531367428 0.28352680802345276 0
1634531369198 0.39337602257728577 0
1634531371013 0.5149210318922997 0
1634531372713 0.36909791827201843 0
1634531374410 0.10646406188607216 0
1634531376060 0.5954623222351074 0
1634531377692 0.4428163766860962 0
1634531380733 0.49013134092092514 0
1634531382423 0.2652125358581543 0
1634531384061 0.8287282288074493 0
1634531385717 0.6411943137645721 0
1634531387401 0.3886299207806587 0
1634531389117 0.2543279491364956 0
1634531390812 0.8535063564777374 0
1634531392515 0.7305417656898499 0
1634531394212 0.5517573654651642 0
1634531395988 0.44525614380836487 0
