1630931640031 0.734777153256428 0
1630931893610 0.7350470315979186 0
1630932152951 0.733942986252796 0
1630932409203 0.7391418003174193 0
1630932665465 0.7381321493401586 0
1630932921291 0.7419935116566811 0
1630933175021 0.7424974165048945 0
1630933427385 0.7471605122807511 0
1630933680033 0.7477253449250418 0
1630933933425 0.7484473837427347 0
1630934202389 0.7494056196097869 0
1630934461446 0.7515517519899163 0
1630934719812 0.7524193683302546 0
1630934979577 0.7525648076132119 0
1630935238717 0.7531072511730421 0
1630935498916 0.7512560985892655 0
1630935759486 0.7528482190815796 0
1630936019201 0.7567834276032733 0
1630936278933 0.7595170966113904 0
1630936539836 0.759992777942175 0
1630936805411 0.7548672204994297 0
1630937066495 0.7584512671792363 0
1630937335925 0.7610067911894924 0
1630937589651 0.7568087940474586 0
1630937841042 0.7578402290861292 0
1630938098585 0.7552366447017859 0
1630938356989 0.7593548118350014 0
1630938614536 0.7617488198251608 0
1630938872881 0.7583408668098677 0
1630939130875 0.7596997995692565 0
1630939401708 0.7622181755232528 0
1630939657688 0.7658088343689242 0
1630939915406 0.767330351723246 0
1630940175204 0.7699746898857942 0
1630940432930 0.7696627719574659 0
1630940690169 0.7721546906304646 0
1630940948594 0.7732917393546506 0
1630941204811 0.7728905178696278 0
1630941465065 0.7700858906090976 0
1630941730897 0.7698231325092082 0
1630942001311 0.7657641865402822 0
1630942266895 0.7665345618523749 0
1630942530573 0.7706820594977184 0
1630942794074 0.7742592200457334 0
1630943060311 0.774529920644071 0
1630943324602 0.7758344512387931 0
1630943591618 0.7714364618422036 0
1630943858944 0.7747379081795015 0
1630944122258 0.7720962504306469 0
1630944381711 0.7738856001790745 0
1630944655157 0.7723736497293034 0
1630944913367 0.7776638287377645 0
1630945170519 0.7791175328823458 0
1630945427891 0.7805367151656785 0
1630945685445 0.7821718572852122 0
1630945944367 0.7830079546175804 0
1630946203278 0.7833976059792989 0
1630946460699 0.7841757579022142 0
1630946718817 0.7847315618790776 0
1630946976845 0.7852309349789677 0
1630947236881 0.7828139422169651 0
1630947494948 0.7855373204472552 0
1630947750893 0.7866461517581023 0
1630948009583 0.7870997563902156 0
1630948268565 0.7876289149364794 0
1630948525789 0.787956776748221 0
1630948783835 0.7885658956435789 0
1630949039946 0.7877137337822513 0
1630949295787 0.7888396163302727 0
1630949552901 0.7893722858055526 0
1630949824803 0.7895392455968511 0
1630950081909 0.7895411978284997 0
1630950342273 0.788674992969237 0
1630950603434 0.7881813253982958 0
1630950861845 0.789495452340827 0
1630951121880 0.790568167545709 0
1630951379488 0.7906590592430299 0
1630951638709 0.7921998515186542 0
1630951896608 0.7924796461340893 0
1630952157461 0.7928428804299918 0
1630952418703 0.7879253108817409 0
1630952681961 0.7903157339756748 0
1630952941834 0.7919231577810036 0
1630953201781 0.7923268316740019 0
1630953461381 0.79136448488178 0
1630953721619 0.7927235522902153 0
1630953982075 0.7938335265021725 0
1630954241249 0.794802275407745 0
1630954502037 0.7933394445712312 0
1630954764497 0.7938490456127258 0
1630955037409 0.7942062332687612 0
1630955296839 0.7944249424589686 0
1630955557440 0.7940485682114061 0
1630955816989 0.7956003819603518 0
1630956076080 0.7937150374952565 0
1630956336699 0.795573785003409 0
1630956597217 0.7954796628061548 0
1630956858528 0.7955082026590782 0
1630957119012 0.796189561665776 0
1630957381657 0.7970322234084803 0
1630957645424 0.7969615179372116 0
1630957906964 0.7970662666372499 0
1630958167505 0.796949762895883 0
1630958430545 0.796876694782671 0
1630958690252 0.7966578566884418 0
1630958953848 0.7969856046768552 0
1630959213851 0.798079593353961 0
1630959474247 0.7985071654779368 0
1630959734162 0.7979089495647383 0
1630959997704 0.7971651737230369 0
1630960278600 0.7987726208675343 0
1630960539740 0.794710362532053 0
1630960803552 0.7976640495191137 0
1630961066387 0.7985893161181942 0
1630961330112 0.7993588106459881 0
1630961592012 0.79932726829885 0
1630961857661 0.7996342153434292 0
1630962120641 0.7995519498026513 0
1630962384260 0.7993388836642343 0
1630962647787 0.7988427827157167 0
1630962913945 0.7994983512234975 0
1630963178157 0.7992063897201815 0
1630963443957 0.7991107702255247 0
1630963706548 0.800605283085122 0
1630963970687 0.8009227790746339 0
1630964236049 0.8016505122902884 0
1630964497208 0.8013641794761978 0
1630964760003 0.8015606248953256 0
1630965025170 0.8013545159833977 0
1630965287353 0.8008392449603023 0
1630965566088 0.8019871345485553 0
1630965829718 0.8007947716368251 0
1630966097648 0.8011067236762449 0
1630966364519 0.8017360467508614 0
1630966630484 0.8021905127778111 0
1630966893144 0.8024128768817487 0
1630967156221 0.8024433492177937 0
1630967420409 0.8024794563471552 0
1630967680283 0.7962496923394947 0
1630967940202 0.7986454931368309 0
1630968201791 0.8001198517270838 0
1630968460257 0.802702358688217 0
1630968714012 0.8016950703528989 0
1630968971362 0.8036765894257881 0
1630969228413 0.8038709343197833 0
1630969484537 0.8034335062446363 0
1630969738196 0.8036685040198179 0
1630969994693 0.8027891850615128 0
1630970249802 0.8041396309812383 0
1630970507832 0.8048099204000224 0
1630970779312 0.8026870981038332 0
1630971037169 0.8035079671675901 0
1630971295401 0.8045361031250782 0
1630971552643 0.8045034817902439 0
1630971810528 0.8047333959355409 0
1630972070969 0.804515850472163 0
1630972328089 0.8041326457477475 0
1630972587352 0.80455403837813 0
1630972848302 0.8051204878881753 0
1630973109713 0.8033624607396417 0
1630973690345 0.8050055532570346 0
1630973943359 0.8048196912529961 0
1630974191498 0.8053805709603322 0
1630974446340 0.8053110712263962 0
1630974706119 0.8053639872246475 0
1630974965170 0.8052540744643613 0
1630975226784 0.8058470580951275 0
1630975486743 0.8053354175694019 0
1630975749006 0.8056189471698667 0
1630977652490 0.8057652219950436 0
1630977918170 0.8057400110256239 0
1630978182079 0.8014006603913133 0
1630978441374 0.8040839053062072 0
1630978700760 0.803898998412741 0
1630978962377 0.8045139154755928 0
1630979221014 0.8054843803486192 0
1630979482114 0.8062511474253181 0
1630979744627 0.8047650474381729 0
1630988065735 0.8064471619674961 0
1630988604872 0.8069765571370181 0
1630988874667 0.8072214517966808 0
1630989135570 0.8064644469554164 0
1630989396712 0.8070432436035339 0
1630989657134 0.8066172998353656 0
1630989920836 0.8036949508879558 0
1630990175585 0.8056663443525154 0
1630990431429 0.8068890966564779 0
1630990680719 0.8070032496050183 0
1630990940252 0.8067627459405415 0
1630991203009 0.807390638503684 0
1630991520167 0.8077795792774982 0
1630991777621 0.807457539331482 0
1630992038709 0.8076215551560184 0
1630992298903 0.8057261163211731 0
1630992558150 0.8077493665448157 0
1630992822698 0.8076839418296353 0
1630993087832 0.8079614301761952 0
1630993347803 0.8066520231315889 0
1630993610072 0.807743400335312 0
1630993869207 0.8080355270081255 0
