1634528501584 0 0
1634528504707 0 0
1634528506426 0 0
1634528508164 0 0
1634528509901 0 0
1634528511713 0 0
1634528513498 0 0
1634528515219 0 0
1634528516982 0 0
1634528518754 0 0
1634528520553 0 0
1634528523722 0 0
1634528525464 0 0
1634528527229 0 0
1634528529043 0 0
1634528530810 0 0
1634528532563 0 0
1634528534299 0 0
1634528536142 0 0
1634528537943 0 0
1634528539686 0 0
1634528542906 0 0
1634528544648 0 0
1634528546385 0 0
1634528548121 0 0
1634528549858 0 0
1634528551619 0 0
1634528933241 0 0
1634528934879 0 0
1634528936534 0 0
1634528938144 0 0
1634528941114 0 0
1634528942725 0 0
1634528944335 0 0
1634528945931 0 0
1634528947597 0 0
1634528949325 0 0
1634528951670 0 0
1634528953268 0 0
1634528954879 0 0
1634528956489 0 0
1634528959573 0 0
1634528961187 0 0
1634528962798 0 0
1634528964406 0 0
1634528966000 0 0
1634528967597 0 0
1634528969207 0 0
1634528970834 0 0
1634528972461 0 0
1634528974087 0 0
1634528977156 0 0
1634528978792 0 0
1634528980451 0 0
1634528982143 0 0
1634528983785 0 0
1634528985443 0 0
1634528987115 0 0
1634528988771 0 0
1634528990497 0 0
1634528992161 0 0
1634528995274 0 0
1634528996912 0 0
1634528998602 0 0
1634529000248 0 0
1634529001899 0 0
1634529003549 0 0
1634529005317 0 0
1634529007266 0 0
1634529008997 0 0
1634529010724 0 0
1634529013921 0 0
1634529015631 0 0
1634529017417 0 0
1634529019126 0 0
1634529020899 0 0
1634529022949 0 0
1634529024702 0 0
1634529026432 0 0
1634529028102 0 0
1634529029753 0 0
1634529032869 0 0
1634529034572 0 0
1634529036275 0 0
1634529038002 0 0
1634529039722 0 0
1634529041425 0 0
1634529043118 0 0
1634529044801 0 0
1634529046547 0 0
1634529048224 0 0
1634529051336 0 0
1634529052991 0 0
1634529054651 0 0
1634529056314 0 0
1634529057968 0 0
1634529059631 0 0
1634529061301 0 0
1634529062977 0 0
1634529064616 0 0
1634529066283 0 0
1634529069421 0 0
1634529071203 0 0
1634529072974 0 0
1634529074754 0 0
1634529076502 0 0
1634529078270 0 0
1634529080009 0 0
1634529081745 0 0
1634529083519 0 0
1634529085333 0 0
1634529088524 0 0
1634529090301 0 0
1634529092114 0 0
1634529093871 0 0
1634529095749 0 0
1634529097524 0 0
1634529099288 0 0
1634529101055 0 0
1634529102828 0 0
1634529104589 0 0
1634529107763 0 0
1634529109498 0 0
1634529111275 0 0
1634529113083 0 0
1634529114845 0 0
1634529116602 0 0
1634529118566 0 0
1634529120389 0 0
1634529122134 0 0
1634529123888 0 0
1634529127122 0 0
1634529128906 0 0
1634529130707 0 0
1634529132494 0 0
1634529134255 0 0
1634529135996 0 0
1634529137811 0 0
1634529139583 0 0
1634529141345 0 0
1634529143154 0 0
1634529146366 0 0
1634529148110 0 0
1634529149871 0 0
1634529151642 0 0
1634529153402 0 0
1634529155150 0 0
1634529156944 0 0
1634529158735 0 0
1634529160518 0 0
1634529162298 0 0
1634529165658 0 0
1634529167478 0 0
1634529169224 0 0
1634529171009 0 0
1634529172780 0 0
1634529174493 0 0
1634529176227 0 0
1634529177928 0 0
1634529179586 0 0
1634529181260 0 0
1634529184437 0 0
1634529186089 0 0
1634529187863 0 0
1634529189641 0 0
1634529191395 0 0
1634529193212 0 0
1634529194958 0 0
1634529196753 0 0
1634529198519 0 0
1634529200275 0 0
1634529203473 0 0
1634529205245 0 0
1634529206989 0 0
1634529208776 0 0
1634529210515 0 0
1634529212263 0 0
1634529214081 0 0
1634529215923 0 0
1634529217675 0 0
1634529219452 0 0
1634529222776 0 0
1634529224583 0 0
1634529226371 0 0
1634529228099 0 0
1634529229852 0 0
1634529231618 0 0
1634529233368 0 0
1634529235134 0 0
1634529236896 0 0
1634529238760 0 0
1634529241929 0 0
1634529243684 0 0
1634529245461 0 0
1634529247225 0 0
1634529248965 0 0
1634529250700 0 0
1634529252467 0 0
1634529254233 0 0
1634529255986 0 0
1634529257772 0 0
1634529260956 0 0
1634529262709 0 0
1634529264478 0 0
1634529266225 0 0
1634529267991 0 0
1634529269737 0 0
1634529271500 0 0
1634529273267 0 0
1634529275008 0 0
1634529276754 0 0
1634529279918 0 0
1634529281682 0 0
1634529283450 0 0
1634529285193 0 0
1634529286961 0 0
1634529288737 0 0
1634529290476 0 0
1634529292242 0 0
1634529294025 0 0
1634529295777 0 0
1634529298953 0 0
1634529300680 0 0
1634529302448 0 0
1634529304190 0 0
1634529305948 0 0
1634529307693 0 0
1634529309471 0 0
1634529311230 0 0
1634529312970 0 0
1634529314739 0 0
1634529317858 0 0
1634529319627 0 0
1634529321360 0 0
1634529323176 0 0
1634529324969 0 0
1634529326681 0 0
1634529328380 0 0
1634529330099 0 0
1634529331738 0 0
1634529333402 0 0
1634529336611 0 0
1634529338270 0 0
1634529339944 0 0
1634529341613 0 0
1634529343308 0 0
1634529344986 0 0
1634529346657 0 0
1634529348346 0 0
1634529350083 0 0
1634529351869 0 0
1634529355011 0 0
1634529356785 0 0
1634529358536 0 0
1634529360318 0 0
1634529362066 0 0
1634529363850 0 0
1634529365650 0 0
1634529367407 0 0
1634529369166 0 0
1634529370912 0 0
1634529374081 0 0
1634529375823 0 0
1634529377668 0 0
1634529379373 0 0
1634529381028 0 0
1634529382702 0 0
1634529384352 0 0
1634529386093 0 0
1634529387876 0 0
1634529389632 0 0
1634529392858 0 0
1634529394607 0 0
1634529396371 0 0
1634529398161 0 0
1634529399944 0 0
1634529401691 0 0
1634529403414 0 0
1634529405162 0 0
1634529406899 0 0
1634529408655 0 0
1634529411826 0 0
1634529413591 0 0
1634529415340 0 0
1634529417077 0 0
1634529418820 0 0
1634529420572 0 0
1634529422309 0 0
1634529424046 0 0
1634529425783 0 0
1634529427533 0 0
1634529430654 0 0
1634529432453 0 0
1634529434211 0 0
1634529435990 0 0
1634529437757 0 0
1634529439531 0 0
1634529441295 0 0
1634529443059 0 0
1634529444795 0 0
1634529446578 0 0
1634529449699 0 0
1634529451490 0 0
1634529453273 0 0
1634529455030 0 0
1634529456817 0 0
1634529458590 0 0
1634529460439 0 0
1634529462228 0 0
1634529464076 0 0
1634529465858 0 0
1634529469024 0 0
1634529470800 0 0
1634529472564 0 0
1634529474311 0 0
1634529476077 0 0
1634529477860 0 0
1634529479611 0 0
1634529481383 0 0
1634529483148 0 0
1634529484927 0 0
1634529488311 0 0
1634529490120 0 0
1634529491903 0 0
1634529493676 0 0
1634529495468 0 0
1634529497300 0 0
1634529499162 0 0
1634529500967 0 0
1634529502797 0 0
1634529504590 0 0
1634529507743 0 0
1634529509487 0 0
1634529511242 0 0
1634529513027 0 0
1634529514853 0 0
1634529516635 0 0
1634529518409 0 0
1634529520184 0 0
1634529522023 0 0
1634529523831 0 0
1634529526992 0 0
1634529528757 0 0
1634529530505 0 0
1634529532260 0 0
1634529533999 0 0
1634529535749 0 0
1634529537492 0 0
1634529539233 0 0
1634529541016 0 0
1634529542818 0 0
1634529546057 0 0
1634529547811 0 0
1634529549563 0 0
1634529551382 0 0
1634529553164 0 0
1634529554935 0 0
1634529556726 0 0
1634529558477 0 0
1634529560218 0 0
1634529561955 0 0
1634529565089 0 0
1634529566834 0 0
1634529568646 0 0
1634529570393 0 0
1634529572195 0 0
1634529573993 0 0
1634529575872 0 0
1634529577683 0 0
1634529579491 0 0
1634529581322 0 0
1634529584486 0 0
1634529586299 0 0
1634529588073 0 0
1634529589853 0 0
1634529591628 0 0
1634529593473 0 0
1634529595247 0 0
1634529597046 0 0
1634529598897 0 0
1634529600646 0 0
1634529603828 0 0
1634529605644 0 0
1634529607459 0 0
1634529609286 0 0
1634529611075 0 0
1634529612881 0 0
1634529614647 0 0
1634529616422 0 0
1634529618211 0 0
1634529620002 0 0
1634529623221 0 0
1634529625003 0 0
1634529626812 0 0
1634529628584 0 0
1634529630382 0 0
1634529632140 0 0
1634529633909 0 0
1634529635696 0 0
1634529637508 0 0
1634529639254 0 0
1634529642495 0 0
1634529644243 0 0
1634529645999 0 0
1634529647903 0 0
1634529649701 0 0
1634529651493 0 0
1634529653324 0 0
1634529655088 0 0
1634529656849 0 0
1634529658695 0 0
1634529662198 0 0
1634529663948 0 0
1634529665795 0 0
1634529667491 0 0
1634529669253 0 0
1634529670995 0 0
1634529672685 0 0
1634529674389 0 0
1634529676064 0 0
