1634528501569 0 0
1634528504707 1 0
1634528506426 2 0
1634528508164 3 0
1634528509899 4 0
1634528511710 5 0
1634528513482 6 0
1634528515219 7 0
1634528516979 8 0
1634528518754 9 0
1634528520553 10 0
1634528523722 11 0
1634528525464 12 0
1634528527229 13 0
1634528529043 14 0
1634528530810 15 0
1634528532563 16 0
1634528534299 17 0
1634528536139 18 0
1634528537943 19 0
1634528539686 20 0
1634528542906 21 0
1634528544648 22 0
1634528546385 23 0
1634528548121 24 0
1634528549858 25 0
1634528551619 26 0
1634528933241 27 0
1634528934864 28 0
1634528936534 29 0
1634528938144 30 0
1634528941114 31 0
1634528942725 32 0
1634528944335 33 0
1634528945931 34 0
1634528947597 35 0
1634528949325 36 0
1634528951660 37 0
1634528953268 38 0
1634528954879 39 0
1634528956489 40 0
1634528959573 41 0
1634528961187 42 0
1634528962798 43 0
1634528964406 44 0
1634528966000 45 0
1634528967597 46 0
1634528969207 47 0
1634528970834 48 0
1634528972446 49 0
1634528974087 50 0
1634528977156 51 0
1634528978792 52 0
1634528980451 53 0
1634528982141 54 0
1634528983785 55 0
1634528985443 56 0
1634528987115 57 0
1634528988769 58 0
1634528990494 59 0
1634528992159 60 0
1634528995274 61 0
1634528996912 62 0
1634528998600 63 0
1634529000248 64 0
1634529001897 65 0
1634529003547 66 0
1634529005315 67 0
1634529007264 68 0
1634529008994 69 0
1634529010722 70 0
1634529013919 71 0
1634529015629 72 0
1634529017415 73 0
1634529019124 74 0
1634529020897 75 0
1634529022946 76 0
1634529024699 77 0
1634529026430 78 0
1634529028100 79 0
1634529029753 80 0
1634529032868 81 0
1634529034556 82 0
1634529036273 83 0
1634529038002 84 0
1634529039719 85 0
1634529041422 86 0
1634529043116 87 0
1634529044798 88 0
1634529046545 89 0
1634529048221 90 0
1634529051334 91 0
1634529052989 92 0
1634529054648 93 0
1634529056311 94 0
1634529057965 95 0
1634529059629 96 0
1634529061301 97 0
1634529062974 98 0
1634529064616 99 0
1634529066280 100 0
1634529069420 101 0
1634529071188 102 0
1634529072974 103 0
1634529074751 104 0
1634529076502 105 0
1634529078270 106 0
1634529080009 107 0
1634529081745 108 0
1634529083517 109 0
1634529085330 110 0
1634529088524 111 0
1634529090299 112 0
1634529092112 113 0
1634529093869 114 0
1634529095747 115 0
1634529097521 116 0
1634529099288 117 0
1634529101055 118 0
1634529102812 119 0
1634529104587 120 0
1634529107763 121 0
1634529109498 122 0
1634529111275 123 0
1634529113080 124 0
1634529114842 125 0
1634529116600 126 0
1634529118564 127 0
1634529120387 128 0
1634529122134 129 0
1634529123888 130 0
1634529127122 131 0
1634529128903 132 0
1634529130705 133 0
1634529132491 134 0
1634529134252 135 0
1634529135994 136 0
1634529137808 137 0
1634529139581 138 0
1634529141343 139 0
1634529143151 140 0
1634529146365 141 0
1634529148107 142 0
1634529149868 143 0
1634529151640 144 0
1634529153400 145 0
1634529155148 146 0
1634529156941 147 0
1634529158733 148 0
1634529160516 149 0
1634529162296 150 0
1634529165658 151 0
1634529167476 152 0
1634529169224 153 0
1634529171009 154 0
1634529172778 155 0
1634529174493 156 0
1634529176227 157 0
1634529177928 158 0
1634529179586 159 0
1634529181244 160 0
1634529184437 161 0
1634529186089 162 0
1634529187861 163 0
1634529189639 164 0
1634529191395 165 0
1634529193209 166 0
1634529194958 167 0
1634529196751 168 0
1634529198519 169 0
1634529200275 170 0
1634529203473 171 0
1634529205242 172 0
1634529206989 173 0
1634529208774 174 0
1634529210512 175 0
1634529212261 176 0
1634529214078 177 0
1634529215907 178 0
1634529217675 179 0
1634529219450 180 0
1634529222774 181 0
1634529224583 182 0
1634529226371 183 0
1634529228099 184 0
1634529229852 185 0
1634529231616 186 0
1634529233366 187 0
1634529235132 188 0
1634529236894 189 0
1634529238758 190 0
1634529241927 191 0
1634529243682 192 0
1634529245458 193 0
1634529247223 194 0
1634529248963 195 0
1634529250700 196 0
1634529252465 197 0
1634529254231 198 0
1634529255984 199 0
1634529257757 200 0
1634529260954 201 0
1634529262705 202 0
1634529264476 203 0
1634529266222 204 0
1634529267989 205 0
1634529269734 206 0
1634529271498 207 0
1634529273265 208 0
1634529275006 209 0
1634529276751 210 0
1634529279918 211 0
1634529281680 212 0
1634529283447 213 0
1634529285193 214 0
1634529286961 215 0
1634529288735 216 0
1634529290476 217 0
1634529292242 218 0
1634529294008 219 0
1634529295774 220 0
1634529298951 221 0
1634529300680 222 0
1634529302446 223 0
1634529304190 224 0
1634529305946 225 0
1634529307691 226 0
1634529309469 227 0
1634529311227 228 0
1634529312970 229 0
1634529314737 230 0
1634529317858 231 0
1634529319627 232 0
1634529321360 233 0
1634529323176 234 0
1634529324967 235 0
1634529326681 236 0
1634529328378 237 0
1634529330099 238 0
1634529331738 239 0
1634529333386 240 0
1634529336611 241 0
1634529338270 242 0
1634529339944 243 0
1634529341597 244 0
1634529343308 245 0
1634529344986 246 0
1634529346654 247 0
1634529348344 248 0
1634529350083 249 0
1634529351867 250 0
1634529355011 251 0
1634529356785 252 0
1634529358536 253 0
1634529360316 254 0
1634529362066 255 0
1634529363848 256 0
1634529365648 257 0
1634529367405 258 0
1634529369164 259 0
1634529370909 260 0
1634529374081 261 0
1634529375821 262 0
1634529377666 263 0
1634529379358 264 0
1634529381028 265 0
1634529382699 266 0
1634529384352 267 0
1634529386093 268 0
1634529387874 269 0
1634529389630 270 0
1634529392856 271 0
1634529394607 272 0
1634529396368 273 0
1634529398161 274 0
1634529399942 275 0
1634529401691 276 0
1634529403414 277 0
1634529405162 278 0
1634529406899 279 0
1634529408653 280 0
1634529411824 281 0
1634529413591 282 0
1634529415340 283 0
1634529417077 284 0
1634529418820 285 0
1634529420556 286 0
1634529422309 287 0
1634529424046 288 0
1634529425783 289 0
1634529427533 290 0
1634529430654 291 0
1634529432451 292 0
1634529434211 293 0
1634529435988 294 0
1634529437755 295 0
1634529439529 296 0
1634529441292 297 0
1634529443057 298 0
1634529444792 299 0
1634529446576 300 0
1634529449699 301 0
1634529451487 302 0
1634529453271 303 0
1634529455027 304 0
1634529456814 305 0
1634529458587 306 0
1634529460437 307 0
1634529462228 308 0
1634529464074 309 0
1634529465855 310 0
1634529469022 311 0
1634529470798 312 0
1634529472562 313 0
1634529474308 314 0
1634529476075 315 0
1634529477858 316 0
1634529479608 317 0
1634529481381 318 0
1634529483146 319 0
1634529484925 320 0
1634529488309 321 0
1634529490117 322 0
1634529491901 323 0
1634529493674 324 0
1634529495465 325 0
1634529497298 326 0
1634529499160 327 0
1634529500965 328 0
1634529502795 329 0
1634529504590 330 0
1634529507741 331 0
1634529509487 332 0
1634529511242 333 0
1634529513011 334 0
1634529514851 335 0
1634529516633 336 0
1634529518407 337 0
1634529520181 338 0
1634529522021 339 0
1634529523829 340 0
1634529526990 341 0
1634529528755 342 0
1634529530490 343 0
1634529532258 344 0
1634529533999 345 0
1634529535749 346 0
1634529537492 347 0
1634529539230 348 0
1634529541014 349 0
1634529542816 350 0
1634529546055 351 0
1634529547808 352 0
1634529549561 353 0
1634529551380 354 0
1634529553161 355 0
1634529554933 356 0
1634529556723 357 0
1634529558477 358 0
1634529560218 359 0
1634529561955 360 0
1634529565089 361 0
1634529566834 362 0
1634529568643 363 0
1634529570391 364 0
1634529572193 365 0
1634529573991 366 0
1634529575869 367 0
1634529577680 368 0
1634529579488 369 0
1634529581320 370 0
1634529584484 371 0
1634529586296 372 0
1634529588073 373 0
1634529589850 374 0
1634529591628 375 0
1634529593470 376 0
1634529595244 377 0
1634529597044 378 0
1634529598894 379 0
1634529600646 380 0
1634529603826 381 0
1634529605644 382 0
1634529607457 383 0
1634529609284 384 0
1634529611072 385 0
1634529612878 386 0
1634529614647 387 0
1634529616420 388 0
1634529618211 389 0
1634529620001 390 0
1634529623218 391 0
1634529625001 392 0
1634529626810 393 0
1634529628581 394 0
1634529630380 395 0
1634529632137 396 0
1634529633907 397 0
1634529635696 398 0
1634529637506 399 0
1634529639252 400 0
1634529642493 401 0
1634529644241 402 0
1634529645996 403 0
1634529647900 404 0
1634529649698 405 0
1634529651491 406 0
1634529653321 407 0
1634529655086 408 0
1634529656849 409 0
1634529658693 410 0
1634529662196 411 0
1634529663946 412 0
1634529665795 413 0
1634529667491 414 0
1634529669253 415 0
1634529670995 416 0
1634529672685 417 0
1634529674389 418 0
1634529676064 419 0
