1634528501584 13.771883964538574 0
1634528504707 11.785952091217041 0
1634528506442 10.154230117797852 0
1634528508180 7.384815454483032 0
1634528509907 7.577679634094238 0
1634528511718 7.86462926864624 0
1634528513498 6.823097109794617 0
1634528515219 5.692111968994141 0
1634528516985 6.9633097648620605 0
1634528518770 7.368770360946655 0
1634528520553 8.990660667419434 0
1634528523738 5.404904365539551 0
1634528525464 9.141363143920898 0
1634528527245 4.465533375740051 0
1634528529043 9.158642292022705 0
1634528530810 5.259788870811462 0
1634528532563 6.035525441169739 0
1634528534299 7.130805492401123 0
1634528536148 5.1413938999176025 0
1634528537943 5.391989469528198 0
1634528539702 5.435258746147156 0
1634528542913 6.628986120223999 0
1634528544648 7.920757293701172 0
1634528546400 3.992399215698242 0
1634528548137 8.379684448242188 0
1634528549873 6.4791576862335205 0
1634528551635 8.424431562423706 0
1634528933256 6.325058221817017 0
1634528934879 7.693628549575806 0
1634528936550 7.79556941986084 0
1634528938144 4.55463445186615 0
1634528941129 9.82137680053711 0
1634528942740 5.598580837249756 0
1634528944335 5.687066555023193 0
1634528945931 8.42019271850586 0
1634528947597 5.489593982696533 0
1634528949325 4.8444454073905945 0
1634528951670 5.233725190162659 0
1634528953283 7.019958019256592 0
1634528954879 8.294108390808105 0
1634528956505 6.79606032371521 0
1634528959588 6.7686591148376465 0
1634528961187 4.47756689786911 0
1634528962798 4.790747404098511 0
1634528964406 5.935979604721069 0
1634528966000 6.02600884437561 0
1634528967613 8.268363952636719 0
1634528969207 5.079170405864716 0
1634528970834 5.896460294723511 0
1634528972461 5.9036993980407715 0
1634528974087 6.345018148422241 0
1634528977156 4.453109502792358 0
1634528978792 3.8324398398399353 0
1634528980451 4.930715382099152 0
1634528982148 4.622498035430908 0
1634528983800 6.72508430480957 0
1634528985443 6.39417576789856 0
1634528987115 5.8255205154418945 0
1634528988777 6.417765378952026 0
1634528990502 4.6387194991111755 0
1634528992167 7.433993339538574 0
1634528995274 6.097012281417847 0
1634528996928 4.859821796417236 0
1634528998609 4.236935079097748 0
1634529000248 5.0556652545928955 0
1634529001904 5.366643190383911 0
1634529003554 4.236884117126465 0
1634529005324 7.374303102493286 0
1634529007271 4.6926796436309814 0
1634529009003 4.308405518531799 0
1634529010729 4.267055869102478 0
1634529013926 6.950564622879028 0
1634529015636 3.4063684940338135 0
1634529017422 5.91878342628479 0
1634529019131 3.680752992630005 0
1634529020905 5.0890538692474365 0
1634529022955 3.8937990069389343 0
1634529024709 3.798103988170624 0
1634529026439 4.7566282749176025 0
1634529028106 5.535991191864014 0
1634529029772 2.734190821647644 0
1634529032874 4.871292352676392 0
1634529034572 5.524494469165802 0
1634529036282 5.663027048110962 0
1634529038020 4.0980507135391235 0
1634529039728 5.466584205627441 0
1634529041431 5.592615127563477 0
1634529043124 3.375118374824524 0
1634529044807 4.27469265460968 0
1634529046552 6.739148139953613 0
1634529048229 4.027956247329712 0
1634529051342 6.64903450012207 0
1634529052997 5.35048246383667 0
1634529054657 4.40464174747467 0
1634529056320 3.73631489276886 0
1634529057974 3.599522829055786 0
1634529059637 6.715128421783447 0
1634529061317 6.395729303359985 0
1634529062983 5.123468399047852 0
1634529064632 2.3609009385108948 0
1634529066289 4.260653376579285 0
1634529069426 6.278311491012573 0
1634529071203 7.532771587371826 0
1634529072974 3.30268931388855 0
1634529074760 4.591471910476685 0
1634529076518 3.459676146507263 0
1634529078270 3.5872801542282104 0
1634529080009 4.282940149307251 0
1634529081761 4.230295419692993 0
1634529083526 4.219809651374817 0
1634529085339 3.839056968688965 0
1634529088524 3.3289918899536133 0
1634529090307 3.032273530960083 0
1634529092121 4.4377782344818115 0
1634529093876 6.958827495574951 0
1634529095756 3.91168749332428 0
1634529097530 3.4387362599372864 0
1634529099288 4.2456899881362915 0
1634529101075 4.684728503227234 0
1634529102828 3.5545437335968018 0
1634529104595 4.006282210350037 0
1634529107763 4.750126600265503 0
1634529109514 3.106519341468811 0
1634529111275 3.507129669189453 0
1634529113089 5.11529541015625 0
1634529114851 4.485996842384338 0
1634529116609 3.523364782333374 0
1634529118572 5.61712121963501 0
1634529120395 3.727179527282715 0
1634529122134 3.7096452713012695 0
1634529123888 2.424970805644989 0
1634529127138 3.2554702758789062 0
1634529128912 4.185168147087097 0
1634529130714 3.1253854036331177 0
1634529132500 3.4530261754989624 0
1634529134261 3.72331964969635 0
1634529136001 4.083832025527954 0
1634529137816 5.691075563430786 0
1634529139588 6.484700441360474 0
1634529141350 3.6869975328445435 0
1634529143160 3.3142446875572205 0
1634529146371 2.5980072021484375 0
1634529148116 3.5587306022644043 0
1634529149877 3.1155126094818115 0
1634529151647 3.3942129611968994 0
1634529153407 3.0611355304718018 0
1634529155155 2.6002672910690308 0
1634529156950 4.407660782337189 0
1634529158741 2.998883843421936 0
1634529160523 3.11984920501709 0
1634529162303 3.268912196159363 0
1634529165658 4.861832022666931 0
1634529167484 4.529276609420776 0
1634529169240 4.227007567882538 0
1634529171009 4.571391224861145 0
1634529172785 3.814666986465454 0
1634529174509 2.8193620443344116 0
1634529176242 3.135424256324768 0
1634529177928 4.074923753738403 0
1634529179601 2.1028074622154236 0
1634529181260 2.926359713077545 0
1634529184437 2.839965343475342 0
1634529186089 4.935899257659912 0
1634529187869 4.580323219299316 0
1634529189648 3.841097414493561 0
1634529191410 2.2356674671173096 0
1634529193218 4.176896333694458 0
1634529194958 4.943681955337524 0
1634529196759 2.550390601158142 0
1634529198535 2.8871185779571533 0
1634529200291 2.441894054412842 0
1634529203473 3.0334343314170837 0
1634529205251 2.8859328031539917 0
1634529206989 2.033405840396881 0
1634529208781 2.86635684967041 0
1634529210521 3.7675262689590454 0
1634529212268 2.47084903717041 0
1634529214087 2.1513563990592957 0
1634529215927 4.66649055480957 0
1634529217675 5.74964451789856 0
1634529219458 4.224828243255615 0
1634529222781 1.7510267496109009 0
1634529224599 2.232548773288727 0
1634529226371 1.941690981388092 0
1634529228114 2.6226519346237183 0
1634529229868 2.680844783782959 0
1634529231624 2.809612452983856 0
1634529233374 1.571006178855896 0
1634529235141 4.496338605880737 0
1634529236901 4.1280434131622314 0
1634529238767 3.2932751178741455 0
1634529241934 4.484146356582642 0
1634529243689 2.4444064497947693 0
1634529245467 3.8804956674575806 0
1634529247231 2.6035285592079163 0
1634529248970 2.8914568424224854 0
1634529250716 3.8219802379608154 0
1634529252474 1.9722760915756226 0
1634529254240 3.2496936321258545 0
1634529255993 2.6095588207244873 0
1634529257772 2.5188634395599365 0
1634529260961 2.162319779396057 0
1634529262709 3.975687265396118 0
1634529264484 4.206543684005737 0
1634529266231 2.9114244282245636 0
1634529267998 2.1102242171764374 0
1634529269743 2.7116600275039673 0
1634529271506 1.9392871856689453 0
1634529273272 2.013730764389038 0
1634529275010 3.5482730865478516 0
1634529276760 2.593953490257263 0
1634529279918 3.818575382232666 0
1634529281687 3.674928903579712 0
1634529283456 2.6091866493225098 0
1634529285193 2.816902279853821 0
1634529286972 2.5402331352233887 0
1634529288742 2.3204132318496704 0
1634529290492 1.947144865989685 0
1634529292242 3.1846436262130737 0
1634529294031 2.0571848154067993 0
1634529295782 3.8130743503570557 0
1634529298959 1.5534273386001587 0
1634529300696 3.853797197341919 0
1634529302453 1.2630994319915771 0
1634529304190 3.1935462951660156 0
1634529305953 1.9419156908988953 0
1634529307700 2.317993640899658 0
1634529309477 1.3944242894649506 0
1634529311231 2.5096921920776367 0
1634529312986 3.501051902770996 0
1634529314743 2.762645125389099 0
1634529317873 1.9043634533882141 0
1634529319627 1.7280818819999695 0
1634529321375 2.33130145072937 0
1634529323176 2.3582136631011963 0
1634529324976 3.6382776498794556 0
1634529326697 1.6312499940395355 0
1634529328386 1.282589614391327 0
1634529330099 1.576131671667099 0
1634529331738 2.3286805152893066 0
1634529333402 2.098913788795471 0
1634529336626 3.588997006416321 0
1634529338270 2.1536478996276855 0
1634529339944 2.5186527967453003 0
1634529341613 2.4715195894241333 0
1634529343323 2.2802549600601196 0
1634529344986 1.9185595512390137 0
1634529346663 2.131006360054016 0
1634529348351 1.9343695640563965 0
1634529350099 1.870307445526123 0
1634529351874 2.525163859128952 0
1634529355027 3.246078610420227 0
1634529356785 3.3369306325912476 0
1634529358536 2.135084331035614 0
1634529360324 3.205506920814514 0
1634529362082 2.495747923851013 0
1634529363856 1.310079276561737 0
1634529365655 1.9204349517822266 0
1634529367414 3.396829605102539 0
1634529369173 2.8364903330802917 0
1634529370918 1.9608210921287537 0
1634529374081 3.081314444541931 0
1634529375830 1.8807129859924316 0
1634529377675 1.3162355422973633 0
1634529379373 1.0762926638126373 0
1634529381028 3.237737476825714 0
1634529382708 2.760943293571472 0
1634529384352 0.9886645972728729 0
1634529386093 2.7802536487579346 0
1634529387877 0.9621090590953827 0
1634529389638 2.1568186283111572 0
1634529392865 1.510764479637146 0
1634529394622 1.3253237009048462 0
1634529396377 0.8748721182346344 0
1634529398161 1.1799857914447784 0
1634529399949 1.177577644586563 0
1634529401691 1.1454664468765259 0
1634529403414 0.863397479057312 0
1634529405162 1.432559847831726 0
1634529406914 1.4406195878982544 0
1634529408661 2.609470784664154 0
1634529411832 1.719939649105072 0
1634529413607 1.4613545536994934 0
1634529415340 3.333125114440918 0
1634529417077 2.3556867241859436 0
1634529418820 2.811452269554138 0
1634529420572 0.8662090450525284 0
1634529422309 1.96979159116745 0
1634529424046 2.0071988105773926 0
1634529425783 2.125842571258545 0
1634529427548 0.8604578971862793 0
1634529430670 0.9760499000549316 0
1634529432460 1.6025948524475098 0
1634529434226 2.8509103059768677 0
1634529435994 2.1224014163017273 0
1634529437761 1.7866142988204956 0
1634529439538 1.8059825897216797 0
1634529441301 2.3055394887924194 0
1634529443064 1.0906417965888977 0
1634529444801 1.8661574125289917 0
1634529446583 2.244676172733307 0
1634529449715 0.8688787221908569 0
1634529451496 1.7748178839683533 0
1634529453279 0.7711919546127319 0
1634529455036 0.9239732325077057 0
1634529456823 0.7708105891942978 0
1634529458596 1.7433769702911377 0
1634529460446 1.565417766571045 0
1634529462228 0.9317505061626434 0
1634529464080 1.3467594385147095 0
1634529465864 1.338865339756012 0
1634529469028 2.2662633657455444 0
1634529470805 1.0092643052339554 0
1634529472569 1.7650172710418701 0
1634529474317 1.0768995583057404 0
1634529476082 0.920128732919693 0
1634529477867 2.0073370933532715 0
1634529479617 1.8833099603652954 0
1634529481390 1.5347861647605896 0
1634529483154 0.8284463882446289 0
1634529484932 2.8766456842422485 0
1634529488317 1.48307466506958 0
1634529490128 0.9590771198272705 0
1634529491908 2.88376522064209 0
1634529493682 2.151185631752014 0
1634529495474 1.1545552611351013 0
1634529497306 1.466937780380249 0
1634529499168 0.9925853610038757 0
1634529500972 3.4851924180984497 0
1634529502803 2.265795409679413 0
1634529504590 3.280973196029663 0
1634529507747 1.1164169907569885 0
1634529509503 1.9969858527183533 0
1634529511242 1.4305596947669983 0
1634529513027 2.7994136810302734 0
1634529514860 2.6031183004379272 0
1634529516641 0.9281184077262878 0
1634529518416 2.0187907218933105 0
1634529520192 1.850957378745079 0
1634529522028 1.3868373036384583 0
1634529523837 1.9314115643501282 0
1634529526998 2.666440427303314 0
1634529528763 2.0387523770332336 0
1634529530505 2.5659908056259155 0
1634529532267 2.09708833694458 0
1634529534014 1.0731571018695831 0
1634529535749 1.2296527028083801 0
1634529537492 1.852783203125 0
1634529539239 1.8986101746559143 0
1634529541023 1.1450954377651215 0
1634529542823 3.136056900024414 0
1634529546062 2.3430241346359253 0
1634529547812 2.646738052368164 0
1634529549570 1.8505273461341858 0
1634529551388 1.8713497519493103 0
1634529553170 2.9532086849212646 0
1634529554940 1.5220919251441956 0
1634529556731 0.852556049823761 0
1634529558477 1.239665925502777 0
1634529560218 0.8709909468889236 0
1634529561955 2.065296709537506 0
1634529565105 1.8271563649177551 0
1634529566850 2.327922821044922 0
1634529568652 2.1509910821914673 0
1634529570398 2.6620349287986755 0
1634529572201 1.696851134300232 0
1634529574000 0.9813265204429626 0
1634529575878 0.8645511567592621 0
1634529577690 1.5511874556541443 0
1634529579497 1.22645503282547 0
1634529581329 1.437300205230713 0
1634529584491 2.4444383680820465 0
1634529586305 2.77385413646698 0
1634529588073 0.9889117181301117 0
1634529589860 2.734213888645172 0
1634529591628 2.6696505546569824 0
1634529593479 1.979658305644989 0
1634529595253 1.8146386444568634 0
1634529597046 3.2880483865737915 0
1634529598901 0.7788118422031403 0
1634529600646 2.5328322649002075 0
1634529603834 0.7847773134708405 0
1634529605661 2.7392940521240234 0
1634529607466 0.7164031118154526 0
1634529609293 1.9084567427635193 0
1634529611081 1.3212072849273682 0
1634529612887 1.2937449216842651 0
1634529614647 3.502301812171936 0
1634529616428 0.8879585564136505 0
1634529618211 0.7358676940202713 0
1634529620002 0.7893151044845581 0
1634529623228 1.9884710907936096 0
1634529625008 2.152292847633362 0
1634529626818 1.912153720855713 0
1634529628589 2.1134286522865295 0
1634529630387 1.6063734591007233 0
1634529632146 1.7646130919456482 0
1634529633915 1.2609431147575378 0
1634529635715 1.209158182144165 0
1634529637514 1.8373706340789795 0
1634529639261 1.826078712940216 0
1634529642497 1.8455700278282166 0
1634529644249 3.5656293630599976 0
1634529646006 2.7533090114593506 0
1634529647909 1.7781293392181396 0
1634529649707 1.882806122303009 0
1634529651499 1.0600091516971588 0
1634529653330 1.833324909210205 0
1634529655095 1.0392900109291077 0
1634529656865 2.2706156969070435 0
1634529658701 1.774962306022644 0
1634529662204 2.253446042537689 0
1634529663955 2.029152512550354 0
1634529665795 2.167586922645569 0
1634529667491 2.6560169458389282 0
1634529669268 1.7133351862430573 0
1634529671011 3.0485823154449463 0
1634529672701 2.5951268672943115 0
1634529674389 2.7581604719161987 0
1634529676064 2.8834547996520996 0
