1634269247630 0.6349585056304932 0
1634269250666 0.4387780725955963 0
1634269252323 0.582388699054718 0
1634269253966 0.28720611333847046 0
1634269255623 0.2619951069355011 0
1634269257280 0.29291144013404846 0
1634269258953 0.5964993238449097 0
1634269260608 0.39550450444221497 0
1634269262259 0.39473044872283936 0
1634269263916 0.2595928907394409 0
1634269265559 0.5462784767150879 0
1634269267216 0.18252480030059814 0
1634269268873 0.23166634142398834 0
1634269270532 0.2618177533149719 0
1634269272210 0.3772740662097931 0
1634269273883 0.21456418931484222 0
1634269275577 0.2609024941921234 0
