1634269247630 1.0737170577049255 0
1634269250666 0.5290689170360565 0
1634269252323 0.5191183239221573 0
1634269253981 0.43427395820617676 0
1634269255623 0.6492833495140076 0
1634269257296 0.4952370524406433 0
1634269258953 0.37548837065696716 0
1634269260610 0.4123544543981552 0
1634269262259 0.4304831624031067 0
1634269263916 0.5315801799297333 0
1634269265559 0.4323316961526871 0
1634269267216 0.6140289306640625 0
1634269268873 0.6143670678138733 0
1634269270532 0.6013043820858002 0
1634269272210 0.4816442131996155 0
1634269273883 0.5691461563110352 0
1634269275579 0.38661229610443115 0
