1634269247630 0.6982415318489075 0
1634269250651 0.38629332184791565 0
1634269252323 0.39483270049095154 0
1634269253966 0.21975040435791016 0
1634269255623 0.20719414949417114 0
1634269257280 0.26007556915283203 0
1634269258953 0.2269633412361145 0
1634269260607 0.3477371335029602 0
1634269262259 0.34513095021247864 0
1634269263900 0.2791985869407654 0
1634269265559 0.19551695883274078 0
1634269267216 0.24485406279563904 0
1634269268873 0.22612440586090088 0
1634269270532 0.21199192106723785 0
1634269272194 0.21752643585205078 0
1634269273867 0.23090526461601257 0
1634269275575 0.2332734763622284 0
