1634890017605 0 0
1634890144994 1000 0
1634890203688 0 0
1634890330285 1000 0
1634890387208 0 0
1634890513949 1000 0
1634890570862 0 0
1634890697593 1000 0
1634890754494 0 0
1634890881120 1000 0
1634890937977 0 0
1634891064709 1000 0
1634891121673 0 0
1634891248940 1000 0
1634891305856 0 0
1634891432685 1000 0
1634891489811 0 0
1634891616364 1000 0
1634891673203 0 0
1634891799575 1000 0
1634891856407 0 0
1634891983030 1000 0
1634892041670 0 0
1634892168305 1000 0
1634892225237 0 0
1634892351889 1000 0
1634892408810 0 0
1634892535610 1000 0
1634892592567 0 0
1634892719253 1000 0
1634892776118 0 0
1634892902667 1000 0
1634892959512 0 0
1634893086102 1000 0
1634893142998 0 0
1634893269729 1000 0
1634893326665 0 0
1634893453315 1000 0
1634893510190 0 0
1634893636810 1000 0
1634893693647 0 0
1634893819965 1000 0
1634893878517 0 0
1634894004924 1000 0
1634894061766 0 0
1634894188362 1000 0
1634894245241 0 0
1634894371790 1000 0
1634894428634 0 0
1634894555153 1000 0
1634894612066 0 0
1634894738783 1000 0
1634894795635 0 0
1634894922214 1000 0
1634894979125 0 0
1634895105750 1000 0
1634895162603 0 0
1634895289141 1000 0
1634895346011 0 0
1634895472646 1000 0
1634895529476 0 0
1634895655932 1000 0
1634895714405 0 0
1634895840852 1000 0
1634895897606 0 0
1634896024043 1000 0
1634896080960 0 0
1634896207485 1000 0
1634896264506 0 0
1634896391024 1000 0
1634896447805 0 0
1634896574453 1000 0
1634896631309 0 0
1634896757880 1000 0
1634896814776 0 0
1634896941416 1000 0
1634896998202 0 0
1634897124699 1000 0
1634897181561 0 0
1634897308281 1000 0
1634897365152 0 0
1634897491569 1000 0
1634897550179 0 0
1634897676810 1000 0
1634897733725 0 0
1634897860206 1000 0
1634897917018 0 0
1634898043527 1000 0
1634898100415 0 0
1634898226829 1000 0
1634898283619 0 0
1634898410054 1000 0
1634898466873 0 0
1634898593263 1000 0
1634898650130 0 0
1634898776758 1000 0
1634898833573 0 0
1634898960146 1000 0
1634899016982 0 0
1634899143602 1000 0
1634899200422 0 0
1634899326952 1000 0
1634899385399 0 0
1634899511882 1000 0
1634899568724 0 0
1634899695308 1000 0
1634899752122 0 0
1634899878594 1000 0
1634899935360 0 0
1634900061762 1000 0
1634900118482 0 0
1634900244874 1000 0
1634900301649 0 0
1634900428007 1000 0
1634900484813 0 0
1634900611200 1000 0
1634900668003 0 0
1634900794464 1000 0
1634900851357 0 0
1634900977836 1000 0
1634901034650 0 0
1634901161212 1000 0
1634901219728 0 0
1634901346076 1000 0
1634901402900 0 0
1634901529344 1000 0
1634901586098 0 0
1634901712423 1000 0
1634901769255 0 0
1634901895671 1000 0
1634901952409 0 0
1634902078815 1000 0
1634902135575 0 0
1634902261957 1000 0
1634902318711 0 0
1634902445142 1000 0
1634902501884 0 0
1634902628223 1000 0
1634902684994 0 0
1634902811332 1000 0
1634902868103 0 0
1634902994471 1000 0
1634903053035 0 0
1634903179516 1000 0
1634903236357 0 0
1634903362845 1000 0
1634903419634 0 0
1634903546049 1000 0
1634903602869 0 0
1634903729313 1000 0
1634903786066 0 0
1634903912525 1000 0
1634903969378 0 0
1634904095991 1000 0
1634904152776 0 0
1634904279264 1000 0
1634904336047 0 0
1634904462534 1000 0
1634904519272 0 0
1634904645693 1000 0
1634904702447 0 0
1634904828808 1000 0
1634904887177 0 0
1634905013665 1000 0
1634905070424 0 0
1634905196870 1000 0
1634905253722 0 0
1634905380212 1000 0
1634905437053 0 0
1634905563398 1000 0
1634905620179 0 0
1634905746635 1000 0
1634905803389 0 0
1634905929871 1000 0
1634905986664 0 0
1634906113146 1000 0
1634906169883 0 0
1634906296225 1000 0
1634906352970 0 0
1634906479376 1000 0
1634906536139 0 0
1634906662544 1000 0
1634906721079 0 0
1634906847562 1000 0
1634906904373 0 0
1634907030952 1000 0
1634907087742 0 0
1634907214020 1000 0
1634907270765 0 0
1634907397047 1000 0
1634907453775 0 0
1634907580173 1000 0
1634907636974 0 0
1634907763313 1000 0
1634907819995 0 0
1634907946249 1000 0
1634908002954 0 0
1634908129485 1000 0
1634908186331 0 0
1634908312616 1000 0
1634908369308 0 0
1634908495534 1000 0
1634908553994 0 0
1634908680428 1000 0
1634908737263 0 0
1634908863785 1000 0
1634908920645 0 0
1634909047127 1000 0
1634909103887 0 0
1634909230286 1000 0
1634909287138 0 0
1634909413548 1000 0
1634909470316 0 0
1634909596551 1000 0
1634909653264 0 0
1634909779447 1000 0
1634909836163 0 0
1634909962490 1000 0
1634910019201 0 0
1634910145635 1000 0
1634910202429 0 0
1634910328757 1000 0
1634910387133 0 0
1634910513597 1000 0
1634910570376 0 0
1634910696841 1000 0
1634910753580 0 0
1634910880092 1000 0
1634910936866 0 0
1634911063182 1000 0
1634911120013 0 0
1634911246321 1000 0
1634911303012 0 0
1634911429282 1000 0
1634911485962 0 0
1634911612246 1000 0
1634911669058 0 0
1634911795296 1000 0
1634911852020 0 0
1634911978243 1000 0
1634912034926 0 0
1634912161319 1000 0
1634912219845 0 0
1634912346308 1000 0
1634912403074 0 0
1634912529536 1000 0
1634912586340 0 0
1634912712628 1000 0
1634912769398 0 0
1634912895817 1000 0
1634912952572 0 0
1634913078932 1000 0
1634913135677 0 0
1634913262095 1000 0
1634913318887 0 0
1634913445116 1000 0
1634913501862 0 0
1634913628138 1000 0
1634913684863 0 0
1634913811121 1000 0
1634913867867 0 0
1634913994161 1000 0
1634914052581 0 0
1634914178909 1000 0
1634914235871 0 0
1634914362192 1000 0
1634914418912 0 0
1634914545194 1000 0
1634914601977 0 0
1634914728339 1000 0
1634914785095 0 0
1634914911426 1000 0
1634914968147 0 0
1634915094390 1000 0
1634915151040 0 0
1634915277383 1000 0
1634915334086 0 0
1634915460291 1000 0
1634915516974 0 0
1634915643267 1000 0
1634915700023 0 0
1634915826414 1000 0
1634915884746 0 0
1634916010963 1000 0
1634916067739 0 0
1634916194099 1000 0
1634916250858 0 0
1634916377109 1000 0
1634916433790 0 0
1634916560030 1000 0
1634916616728 0 0
1634916742828 1000 0
1634916799434 0 0
1634916925490 1000 0
1634916982151 0 0
1634917108309 1000 0
1634917164886 0 0
1634917290907 1000 0
1634917347638 0 0
1634917473984 1000 0
1634917530732 0 0
1634917657087 1000 0
1634917715489 0 0
1634917841694 1000 0
1634917898460 0 0
1634918024701 1000 0
1634918081377 0 0
1634918207599 1000 0
1634918264261 0 0
1634918390433 1000 0
1634918447222 0 0
1634918573428 1000 0
1634918630143 0 0
1634918756374 1000 0
1634918813116 0 0
1634918939374 1000 0
1634918996059 0 0
1634919122161 1000 0
1634919178740 0 0
1634919305034 1000 0
1634919361732 0 0
1634919487960 1000 0
1634919546475 0 0
1634919672603 1000 0
1634919729313 0 0
1634919855486 1000 0
1634919912239 0 0
1634920038540 1000 0
1634920095267 0 0
1634920221657 1000 0
1634920278446 0 0
1634920404733 1000 0
1634920461444 0 0
1634920587478 1000 0
1634920644028 0 0
1634920770132 1000 0
1634920826854 0 0
1634920953163 1000 0
1634921009960 0 0
1634921136224 1000 0
1634921192936 0 0
1634921319120 1000 0
1634921377344 0 0
1634921503553 1000 0
1634921560304 0 0
1634921686488 1000 0
1634921743101 0 0
1634921869063 1000 0
1634921925747 0 0
1634922052011 1000 0
1634922108691 0 0
1634922235037 1000 0
1634922291751 0 0
1634922418032 1000 0
1634922474777 0 0
1634922601064 1000 0
1634922657741 0 0
1634922784022 1000 0
1634922840738 0 0
1634922967044 1000 0
1634923023806 0 0
1634923150155 1000 0
1634923208466 0 0
1634923334616 1000 0
1634923391293 0 0
1634923517469 1000 0
1634923574152 0 0
1634923700333 1000 0
1634923756971 0 0
1634923883159 1000 0
1634923939780 0 0
1634924065909 1000 0
1634924122543 0 0
1634924248727 1000 0
1634924305378 0 0
1634924431514 1000 0
1634924488181 0 0
1634924614356 1000 0
1634924671032 0 0
1634924797131 1000 0
1634924853818 0 0
1634924979829 1000 0
1634925038155 0 0
1634925164296 1000 0
1634925220964 0 0
1634925347291 1000 0
1634925403999 0 0
1634925530247 1000 0
1634925586929 0 0
1634925713246 1000 0
1634925769941 0 0
1634925896094 1000 0
1634925952794 0 0
1634926079151 1000 0
1634926135863 0 0
1634926262237 1000 0
1634926318934 0 0
1634926445174 1000 0
1634926501846 0 0
1634926628046 1000 0
1634926684688 0 0
1634926810651 1000 0
1634926869475 0 0
1634926995421 1000 0
1634927052062 0 0
1634927178253 1000 0
1634927234983 0 0
1634927361130 1000 0
1634927417779 0 0
1634927544051 1000 0
1634927600643 0 0
1634927726853 1000 0
1634927783517 0 0
1634927909766 1000 0
1634927966440 0 0
1634928092488 1000 0
1634928149145 0 0
1634928275077 1000 0
1634928331664 0 0
1634928457887 1000 0
1634928514491 0 0
1634928640597 1000 0
1634928699112 0 0
1634928825324 1000 0
1634928882004 0 0
1634929008068 1000 0
1634929064716 0 0
1634929190864 1000 0
1634929247567 0 0
1634929373675 1000 0
1634929430325 0 0
1634929556457 1000 0
1634929613063 0 0
1634929739150 1000 0
1634929795686 0 0
1634929921714 1000 0
1634929978305 0 0
1634930104378 1000 0
1634930161033 0 0
1634930287078 1000 0
1634930343727 0 0
1634930469904 1000 0
1634930528259 0 0
1634930654510 1000 0
1634930711220 0 0
1634930837520 1000 0
1634930894292 0 0
1634931020574 1000 0
1634931077299 0 0
1634931203513 1000 0
1634931260175 0 0
1634931386303 1000 0
1634931442919 0 0
1634931569051 1000 0
1634931625673 0 0
1634931751756 1000 0
1634931808389 0 0
1634931936433 1000 0
1634931993127 0 0
1634932119353 1000 0
1634932176028 0 0
1634932302168 1000 0
1634932360491 0 0
1634932486705 1000 0
1634932543405 0 0
1634932669589 1000 0
1634932726201 0 0
1634932852420 1000 0
1634932909039 0 0
1634933035215 1000 0
1634933091904 0 0
1634933218010 1000 0
1634933274708 0 0
1634933400736 1000 0
1634933457404 0 0
1634933583390 1000 0
1634933640013 0 0
1634933765999 1000 0
1634933822626 0 0
1634933948699 1000 0
1634934005408 0 0
1634934131550 1000 0
1634934189793 0 0
1634934315805 1000 0
1634934372409 0 0
1634934498536 1000 0
1634934555131 0 0
1634934681117 1000 0
1634934737721 0 0
1634934863914 1000 0
1634934920562 0 0
1634935046755 1000 0
1634935103460 0 0
1634935229532 1000 0
1634935286226 0 0
1634935412186 1000 0
1634935468777 0 0
1634935594933 1000 0
1634935651675 0 0
1634935777797 1000 0
1634935834352 0 0
1634935960563 1000 0
1634936018761 0 0
1634936144662 1000 0
1634936201250 0 0
1634936327377 1000 0
1634936383941 0 0
1634936510048 1000 0
1634936566650 0 0
1634936692790 1000 0
1634936749424 0 0
1634936875561 1000 0
1634936932199 0 0
1634937058204 1000 0
1634937114848 0 0
1634937241115 1000 0
1634937297855 0 0
1634937424075 1000 0
1634937480656 0 0
1634937606744 1000 0
1634937663332 0 0
1634937789354 1000 0
1634937847587 0 0
1634937973641 1000 0
1634938030259 0 0
1634938156405 1000 0
1634938213083 0 0
1634938339113 1000 0
1634938395741 0 0
1634938521690 1000 0
1634938578340 0 0
1634938704396 1000 0
1634938761037 0 0
1634938887140 1000 0
1634938943801 0 0
1634939069997 1000 0
1634939126629 0 0
1634939252595 1000 0
1634939309247 0 0
1634939435222 1000 0
1634939491876 0 0
1634939618026 1000 0
1634939676255 0 0
1634939802272 1000 0
1634939858959 0 0
1634939984987 1000 0
1634940041590 0 0
1634940167607 1000 0
1634940224177 0 0
1634940350186 1000 0
1634940406773 0 0
1634940532868 1000 0
1634940589437 0 0
1634940715596 1000 0
1634940772283 0 0
1634940898316 1000 0
1634940954933 0 0
1634941080867 1000 0
1634941137432 0 0
1634941263549 1000 0
1634941320240 0 0
1634941446368 1000 0
1634941504859 0 0
1634941630883 1000 0
1634941687523 0 0
1634941813519 1000 0
1634941870111 0 0
1634941996147 1000 0
1634942052781 0 0
1634942178847 1000 0
1634942235486 0 0
1634942361580 1000 0
1634942418210 0 0
1634942544253 1000 0
1634942600914 0 0
1634942727157 1000 0
1634942783830 0 0
1634942909763 1000 0
1634942966459 0 0
1634943092684 1000 0
1634943149332 0 0
1634943275447 1000 0
1634943333716 0 0
1634943459894 1000 0
1634943516545 0 0
1634943642699 1000 0
1634943699277 0 0
1634943825236 1000 0
1634943881940 0 0
1634944008099 1000 0
1634944064851 0 0
1634944190990 1000 0
1634944247646 0 0
1634944373792 1000 0
1634944430432 0 0
1634944556587 1000 0
1634944613269 0 0
1634944739304 1000 0
1634944795987 0 0
1634944922254 1000 0
1634944978843 0 0
1634945105102 1000 0
1634945163414 0 0
1634945289575 1000 0
1634945346210 0 0
1634945472403 1000 0
1634945529015 0 0
1634945655047 1000 0
1634945711640 0 0
1634945837760 1000 0
1634945894414 0 0
1634946020604 1000 0
1634946077298 0 0
1634946203387 1000 0
1634946260039 0 0
1634946386160 1000 0
1634946442880 0 0
1634946568958 1000 0
1634946625530 0 0
1634946751552 1000 0
1634946808256 0 0
1634946934419 1000 0
1634946992751 0 0
1634947119037 1000 0
1634947175690 0 0
1634947301857 1000 0
1634947358485 0 0
1634947484760 1000 0
1634947541425 0 0
1634947667759 1000 0
1634947724423 0 0
1634947850551 1000 0
1634947907287 0 0
1634948033545 1000 0
1634948090234 0 0
1634948216436 1000 0
1634948273118 0 0
1634948399360 1000 0
1634948456011 0 0
1634948582307 1000 0
1634948639001 0 0
1634948765197 1000 0
1634948823524 0 0
1634948949916 1000 0
1634949006591 0 0
1634949132842 1000 0
1634949189512 0 0
1634949315804 1000 0
1634949372513 0 0
1634949498899 1000 0
1634949555618 0 0
1634949681862 1000 0
1634949738536 0 0
1634949864819 1000 0
1634949921514 0 0
1634950047766 1000 0
1634950104542 0 0
1634950230705 1000 0
1634950287410 0 0
1634950413554 1000 0
1634950470314 0 0
1634950596529 1000 0
1634950654894 0 0
1634950781214 1000 0
1634950838002 0 0
1634950964348 1000 0
1634951021047 0 0
1634951147399 1000 0
1634951204135 0 0
1634951330489 1000 0
1634951387244 0 0
1634951513471 1000 0
1634951570196 0 0
1634951696547 1000 0
1634951753318 0 0
1634951879677 1000 0
1634951936379 0 0
1634952062645 1000 0
1634952119376 0 0
1634952245635 1000 0
1634952302464 0 0
1634952428781 1000 0
1634952487229 0 0
1634952613627 1000 0
1634952670461 0 0
1634952796825 1000 0
1634952853605 0 0
1634952979941 1000 0
1634953036600 0 0
1634953162933 1000 0
1634953219634 0 0
1634953345925 1000 0
1634953402690 0 0
1634953529110 1000 0
1634953585842 0 0
1634953712198 1000 0
1634953768766 0 0
1634953895054 1000 0
1634953951821 0 0
1634954078220 1000 0
1634954134955 0 0
1634954261262 1000 0
1634954319653 0 0
1634954445943 1000 0
1634954502609 0 0
1634954628833 1000 0
1634954685502 0 0
1634954811707 1000 0
1634954868357 0 0
1634954994479 1000 0
1634955051150 0 0
1634955177343 1000 0
1634955233970 0 0
1634955360282 1000 0
1634955416930 0 0
1634955543054 1000 0
1634955599709 0 0
1634955725849 1000 0
1634955782461 0 0
1634955908544 1000 0
1634955965188 0 0
1634956091448 1000 0
1634956150134 0 0
1634956276370 1000 0
1634956333057 0 0
1634956459319 1000 0
1634956516094 0 0
1634956642397 1000 0
1634956699089 0 0
1634956825329 1000 0
1634956882014 0 0
1634957008276 1000 0
1634957065031 0 0
1634957191289 1000 0
1634957248072 0 0
1634957374358 1000 0
1634957431064 0 0
1634957557210 1000 0
1634957613828 0 0
1634957740022 1000 0
1634957796735 0 0
1634957922991 1000 0
1634957981376 0 0
1634958107680 1000 0
1634958164400 0 0
1634958290597 1000 0
1634958347194 0 0
1634958473696 1000 0
1634958530480 0 0
1634958656662 1000 0
1634958713304 0 0
1634958839942 1000 0
1634958897499 0 0
1634959023846 1000 0
1634959080593 0 0
1634959206951 1000 0
1634959263685 0 0
1634959389920 1000 0
1634959446630 0 0
1634959573006 1000 0
1634959629799 0 0
1634959756209 1000 0
1634959814651 0 0
1634959941050 1000 0
1634959997842 0 0
1634960124211 1000 0
1634960180952 0 0
1634960307346 1000 0
1634960364152 0 0
1634960490478 1000 0
1634960547173 0 0
1634960673500 1000 0
1634960730279 0 0
1634960856628 1000 0
1634960913367 0 0
1634961039709 1000 0
1634961096478 0 0
1634961222650 1000 0
1634961279312 0 0
1634961405595 1000 0
1634961462313 0 0
1634961588613 1000 0
1634961646977 0 0
1634961773223 1000 0
1634961829932 0 0
1634961956208 1000 0
1634962012910 0 0
1634962139250 1000 0
1634962196004 0 0
1634962322202 1000 0
1634962378917 0 0
1634962505193 1000 0
1634962561979 0 0
1634962688392 1000 0
1634962745156 0 0
1634962871580 1000 0
1634962928360 0 0
1634963054564 1000 0
1634963111192 0 0
1634963237490 1000 0
1634963294327 0 0
1634963420727 1000 0
1634963479185 0 0
1634963605536 1000 0
1634963662276 0 0
1634963788566 1000 0
1634963845297 0 0
1634963971572 1000 0
1634964028294 0 0
1634964154553 1000 0
1634964211373 0 0
1634964337784 1000 0
1634964394554 0 0
1634964520938 1000 0
1634964577616 0 0
1634964703908 1000 0
1634964760561 0 0
1634964886754 1000 0
1634964943503 0 0
1634965069672 1000 0
1634965126377 0 0
1634965252572 1000 0
1634965310918 0 0
1634965437169 1000 0
1634965493902 0 0
1634965620249 1000 0
1634965676937 0 0
1634965803078 1000 0
1634965859748 0 0
1634965985988 1000 0
1634966042718 0 0
1634966168799 1000 0
1634966225464 0 0
1634966351705 1000 0
1634966408471 0 0
1634966534786 1000 0
1634966591489 0 0
1634966717626 1000 0
1634966774310 0 0
1634966900509 1000 0
1634966957164 0 0
1634967083482 1000 0
1634967141804 0 0
1634967268225 1000 0
1634967325014 0 0
1634967451331 1000 0
1634967508103 0 0
1634967634460 1000 0
1634967691146 0 0
1634967817309 1000 0
1634967874048 0 0
1634968000368 1000 0
1634968057220 0 0
1634968183500 1000 0
1634968240254 0 0
1634968366586 1000 0
1634968423309 0 0
1634968549633 1000 0
1634968606411 0 0
1634968732776 1000 0
1634968789489 0 0
1634968915881 1000 0
1634968974312 0 0
1634969100676 1000 0
1634969157410 0 0
1634969283683 1000 0
1634969340446 0 0
1634969466736 1000 0
1634969523541 0 0
1634969649838 1000 0
1634969706592 0 0
1634969832994 1000 0
1634969889805 0 0
1634970016167 1000 0
1634970072850 0 0
1634970199301 1000 0
1634970256023 0 0
1634970382384 1000 0
1634970439138 0 0
1634970565423 1000 0
1634970622234 0 0
1634970748515 1000 0
1634970806950 0 0
1634970933157 1000 0
1634970989809 0 0
1634971116007 1000 0
1634971172709 0 0
1634971298856 1000 0
1634971355549 0 0
1634971481807 1000 0
1634971538556 0 0
1634971664869 1000 0
1634971721575 0 0
1634971847974 1000 0
1634971904651 0 0
1634972030821 1000 0
1634972087539 0 0
1634972213950 1000 0
1634972270699 0 0
1634972397041 1000 0
1634972453842 0 0
1634972580154 1000 0
1634972639090 0 0
1634972765310 1000 0
1634972822085 0 0
1634972948408 1000 0
1634973005160 0 0
1634973131427 1000 0
1634973188117 0 0
1634973314418 1000 0
1634973371151 0 0
1634973497440 1000 0
1634973554105 0 0
1634973680314 1000 0
1634973737041 0 0
1634973863348 1000 0
1634973920025 0 0
1634974046380 1000 0
1634974103138 0 0
1634974229492 1000 0
1634974286211 0 0
1634974412525 1000 0
1634974470890 0 0
1634974597323 1000 0
1634974654071 0 0
1634974780497 1000 0
1634974837262 0 0
1634974963644 1000 0
1634975020423 0 0
1634975146746 1000 0
1634975203560 0 0
1634975329949 1000 0
1634975386756 0 0
1634975513295 1000 0
1634975570088 0 0
1634975696437 1000 0
1634975753189 0 0
1634975879556 1000 0
1634975936309 0 0
1634976062780 1000 0
1634976119533 0 0
1634976246039 1000 0
1634976304414 0 0
1634976430751 1000 0
1634976487546 0 0
1634976614032 1000 0
1634976670890 0 0
1634976797371 1000 0
1634976854159 0 0
1634976980673 1000 0
1634977037426 0 0
1634977163817 1000 0
1634977220644 0 0
1634977347146 1000 0
1634977403990 0 0
1634977530572 1000 0
1634977587405 0 0
1634977713971 1000 0
1634977770740 0 0
1634977897286 1000 0
1634977954126 0 0
1634978080568 1000 0
1634978139021 0 0
1634978265214 1000 0
1634978321920 0 0
1634978448106 1000 0
1634978504780 0 0
1634978630994 1000 0
1634978687753 0 0
1634978814075 1000 0
1634978870748 0 0
1634978996979 1000 0
1634979053639 0 0
1634979179886 1000 0
1634979236619 0 0
1634979362788 1000 0
1634979419452 0 0
1634979545702 1000 0
1634979602387 0 0
1634979728655 1000 0
1634979785369 0 0
1634979911598 1000 0
1634979969975 0 0
1634980096208 1000 0
1634980152859 0 0
1634980279099 1000 0
1634980335877 0 0
1634980462262 1000 0
1634980519064 0 0
1634980645399 1000 0
1634980702142 0 0
1634980828416 1000 0
1634980885110 0 0
1634981011326 1000 0
1634981068008 0 0
1634981194274 1000 0
1634981250963 0 0
1634981377325 1000 0
1634981434067 0 0
1634981560298 1000 0
1634981616998 0 0
1634981743347 1000 0
1634981801704 0 0
1634981927877 1000 0
1634981984610 0 0
1634982110854 1000 0
1634982167566 0 0
1634982293737 1000 0
1634982350411 0 0
1634982476731 1000 0
1634982533451 0 0
1634982659687 1000 0
1634982716351 0 0
1634982842497 1000 0
1634982899168 0 0
1634983025326 1000 0
1634983081982 0 0
1634983208250 1000 0
1634983265005 0 0
1634983391281 1000 0
1634983447967 0 0
1634983574202 1000 0
1634983632588 0 0
1634983758942 1000 0
1634983815664 0 0
1634983941796 1000 0
1634983998505 0 0
1634984124780 1000 0
1634984181529 0 0
1634984307757 1000 0
1634984364428 0 0
1634984490730 1000 0
1634984547470 0 0
1634984673674 1000 0
1634984730400 0 0
1634984856660 1000 0
1634984913439 0 0
1634985039812 1000 0
1634985096584 0 0
1634985222957 1000 0
1634985279674 0 0
1634985405993 1000 0
1634985464322 0 0
1634985590414 1000 0
1634985647124 0 0
1634985773318 1000 0
1634985830030 0 0
1634985956274 1000 0
1634986013009 0 0
1634986139257 1000 0
1634986195941 0 0
1634986322119 1000 0
1634986378811 0 0
1634986505059 1000 0
1634986561796 0 0
1634986688088 1000 0
1634986744760 0 0
1634986871015 1000 0
1634986927704 0 0
1634987054046 1000 0
1634987110791 0 0
1634987237005 1000 0
1634987295434 0 0
1634987421730 1000 0
1634987478477 0 0
1634987604873 1000 0
1634987661697 0 0
1634987788018 1000 0
1634987844795 0 0
1634987971139 1000 0
1634988027905 0 0
1634988154126 1000 0
1634988210820 0 0
1634988337028 1000 0
1634988393729 0 0
1634988520003 1000 0
1634988576702 0 0
1634988702898 1000 0
1634988759533 0 0
1634988885729 1000 0
1634988942352 0 0
1634989068640 1000 0
1634989127058 0 0
1634989253367 1000 0
1634989310090 0 0
1634989436198 1000 0
1634989492903 0 0
1634989619233 1000 0
1634989675971 0 0
1634989802264 1000 0
1634989859178 0 0
1634989985441 1000 0
1634990042158 0 0
1634990168479 1000 0
1634990225256 0 0
1634990351677 1000 0
1634990408448 0 0
1634990534802 1000 0
1634990591604 0 0
1634990718061 1000 0
1634990774804 0 0
1634990901126 1000 0
1634990959530 0 0
1634991085827 1000 0
1634991142553 0 0
1634991268927 1000 0
1634991325625 0 0
1634991451995 1000 0
1634991508688 0 0
1634991635004 1000 0
1634991691770 0 0
1634991818136 1000 0
1634991874852 0 0
1634992001155 1000 0
1634992057886 0 0
1634992184352 1000 0
1634992241125 0 0
1634992367401 1000 0
1634992424129 0 0
1634992550439 1000 0
1634992607141 0 0
1634992733442 1000 0
1634992791909 0 0
1634992918206 1000 0
1634992974894 0 0
1634993101160 1000 0
1634993157885 0 0
1634993284149 1000 0
1634993340860 0 0
1634993467151 1000 0
1634993523835 0 0
1634993650044 1000 0
1634993706756 0 0
1634993833055 1000 0
1634993889782 0 0
1634994016018 1000 0
1634994072808 0 0
1634994199019 1000 0
1634994255648 0 0
1634994381723 1000 0
1634994438330 0 0
1634994564520 1000 0
1634994623527 0 0
1634994749640 1000 0
1634994806270 0 0
1634994932401 1000 0
1634994989090 0 0
1634995115311 1000 0
1634995172048 0 0
1634995298197 1000 0
1634995354900 0 0
1634995481016 1000 0
1634995537666 0 0
1634995663678 1000 0
1634995720295 0 0
1634995846467 1000 0
1634995903137 0 0
1634996029333 1000 0
1634996085998 0 0
1634996212116 1000 0
1634996268790 0 0
1634996394949 1000 0
1634996453241 0 0
1634996579538 1000 0
1634996636285 0 0
1634996762614 1000 0
1634996819377 0 0
1634996945710 1000 0
1634997002401 0 0
1634997128676 1000 0
1634997185317 0 0
1634997311496 1000 0
1634997368124 0 0
1634997494350 1000 0
1634997551054 0 0
1634997677322 1000 0
1634997734100 0 0
1634997860375 1000 0
1634997917503 0 0
1634998043835 1000 0
1634998100494 0 0
1634998226634 1000 0
1634998285007 0 0
1634998411240 1000 0
1634998467966 0 0
1634998594234 1000 0
1634998650965 0 0
1634998777215 1000 0
1634998833920 0 0
1634998960073 1000 0
1634999016773 0 0
1634999143053 1000 0
1634999199749 0 0
1634999325899 1000 0
1634999382567 0 0
1634999508900 1000 0
1634999565561 0 0
1634999691789 1000 0
1634999748423 0 0
1634999874505 1000 0
1634999931159 0 0
1635000057319 1000 0
1635000115690 0 0
1635000241906 1000 0
1635000298569 0 0
1635000424715 1000 0
1635000481379 0 0
1635000607413 1000 0
1635000664034 0 0
1635000790082 1000 0
1635000846650 0 0
1635000972578 1000 0
1635001029186 0 0
1635001155316 1000 0
1635001212028 0 0
1635001338233 1000 0
1635001394852 0 0
1635001520909 1000 0
1635001577553 0 0
1635001703730 1000 0
1635001760368 0 0
1635001886463 1000 0
1635001944768 0 0
1635002070813 1000 0
1635002127464 0 0
1635002253612 1000 0
1635002310182 0 0
1635002436085 1000 0
1635002492778 0 0
1635002618953 1000 0
1635002675605 0 0
1635002801814 1000 0
1635002858485 0 0
1635002984803 1000 0
1635003041589 0 0
1635003167794 1000 0
1635003224557 0 0
1635003350690 1000 0
1635003407394 0 0
1635003533565 1000 0
1635003590199 0 0
1635003716417 1000 0
1635003774716 0 0
1635003900829 1000 0
1635003957480 0 0
1635004083525 1000 0
1635004140097 0 0
1635004266384 1000 0
1635004323056 0 0
1635004449261 1000 0
1635004505917 0 0
1635004631948 1000 0
1635004688558 0 0
1635004814602 1000 0
1635004871288 0 0
1635004997317 1000 0
1635005053868 0 0
1635005180072 1000 0
1635005236778 0 0
1635005362970 1000 0
1635005419562 0 0
1635005545595 1000 0
1635005603885 0 0
1635005729870 1000 0
1635005786523 0 0
1635005912552 1000 0
1635005969240 0 0
1635006095330 1000 0
1635006151874 0 0
1635006277906 1000 0
1635006334616 0 0
1635006460815 1000 0
1635006517555 0 0
1635006643698 1000 0
1635006700402 0 0
1635006826463 1000 0
1635006883108 0 0
1635007009186 1000 0
1635007065795 0 0
1635007191865 1000 0
1635007248551 0 0
1635007374670 1000 0
1635007432997 0 0
1635007559146 1000 0
1635007615823 0 0
1635007742083 1000 0
1635007798807 0 0
1635007924948 1000 0
1635007981664 0 0
1635008107619 1000 0
1635008164283 0 0
1635008290458 1000 0
1635008347097 0 0
1635008473387 1000 0
1635008530107 0 0
1635008656428 1000 0
1635008713203 0 0
1635008839534 1000 0
1635008896345 0 0
1635009022559 1000 0
1635009079259 0 0
1635009205532 1000 0
1635009263871 0 0
1635009389947 1000 0
1635009446545 0 0
1635009572611 1000 0
1635009629167 0 0
1635009755257 1000 0
1635009811839 0 0
1635009937882 1000 0
1635009994505 0 0
1635010120734 1000 0
1635010177383 0 0
1635010303574 1000 0
1635010360214 0 0
1635010486268 1000 0
1635010542955 0 0
1635010669013 1000 0
1635010725677 0 0
1635010851755 1000 0
1635010908414 0 0
1635011034507 1000 0
1635011092793 0 0
1635011218957 1000 0
1635011275678 0 0
1635011401854 1000 0
1635011458513 0 0
1635011584635 1000 0
1635011641275 0 0
1635011767374 1000 0
1635011824014 0 0
1635011950168 1000 0
1635012006805 0 0
1635012133045 1000 0
1635012189744 0 0
1635012316009 1000 0
1635012372701 0 0
1635012499031 1000 0
1635012555758 0 0
1635012681975 1000 0
1635012738658 0 0
1635012864790 1000 0
1635012923153 0 0
1635013049248 1000 0
1635013105879 0 0
1635013232040 1000 0
1635013288712 0 0
1635013414980 1000 0
1635013471709 0 0
1635013597992 1000 0
1635013654700 0 0
1635013780890 1000 0
1635013837605 0 0
1635013963964 1000 0
1635014020645 0 0
1635014146853 1000 0
1635014203565 0 0
1635014329860 1000 0
1635014386523 0 0
1635014512770 1000 0
1635014569412 0 0
1635014695521 1000 0
1635014753777 0 0
1635014879896 1000 0
1635014936524 0 0
1635015062631 1000 0
1635015119250 0 0
1635015245398 1000 0
1635015301952 0 0
1635015428022 1000 0
1635015484733 0 0
1635015610813 1000 0
1635015667490 0 0
1635015793483 1000 0
1635015850121 0 0
1635015976299 1000 0
1635016032917 0 0
1635016158988 1000 0
1635016215641 0 0
1635016341727 1000 0
1635016398340 0 0
1635016524397 1000 0
1635016582795 0 0
1635016708955 1000 0
1635016765640 0 0
1635016891753 1000 0
1635016948422 0 0
1635017074582 1000 0
1635017131272 0 0
1635017257374 1000 0
1635017314079 0 0
1635017440301 1000 0
1635017496969 0 0
1635017623173 1000 0
1635017679785 0 0
1635017805899 1000 0
1635017862576 0 0
1635017988741 1000 0
1635018047576 0 0
1635018173698 1000 0
1635018230378 0 0
1635018356545 1000 0
1635018414826 0 0
1635018541056 1000 0
1635018597682 0 0
1635018723857 1000 0
1635018780504 0 0
1635018906665 1000 0
1635018963318 0 0
1635019089411 1000 0
1635019146095 0 0
1635019272374 1000 0
1635019329056 0 0
1635019455217 1000 0
1635019511900 0 0
1635019638118 1000 0
1635019694875 0 0
1635019821067 1000 0
1635019877726 0 0
1635020003856 1000 0
1635020060493 0 0
1635020186707 1000 0
1635020245002 0 0
1635020371136 1000 0
1635020427779 0 0
1635020553885 1000 0
1635020610500 0 0
1635020736566 1000 0
1635020793158 0 0
1635020919178 1000 0
1635020975809 0 0
1635021101966 1000 0
1635021158598 0 0
1635021284784 1000 0
1635021341431 0 0
1635021467383 1000 0
1635021524060 0 0
1635021650249 1000 0
1635021706882 0 0
1635021832954 1000 0
1635021889547 0 0
1635022015559 1000 0
1635022074780 0 0
1635022200711 1000 0
1635022257262 0 0
1635022383231 1000 0
1635022439758 0 0
1635022565755 1000 0
1635022622331 0 0
1635022748416 1000 0
1635022805051 0 0
1635022931260 1000 0
1635022987920 0 0
1635023113969 1000 0
1635023170632 0 0
1635023296752 1000 0
1635023353409 0 0
1635023479608 1000 0
1635023536280 0 0
1635023662341 1000 0
1635023719002 0 0
1635023845169 1000 0
1635023903486 0 0
1635024029534 1000 0
1635024086167 0 0
1635024212148 1000 0
1635024268767 0 0
1635024395014 1000 0
1635024451664 0 0
1635024577696 1000 0
1635024634337 0 0
1635024760410 1000 0
1635024817009 0 0
1635024942927 1000 0
1635024999448 0 0
1635025125361 1000 0
1635025181930 0 0
1635025307830 1000 0
1635025364448 0 0
1635025490559 1000 0
1635025547161 0 0
1635025673205 1000 0
1635025731471 0 0
1635025857667 1000 0
1635025914242 0 0
1635026040205 1000 0
1635026096790 0 0
1635026222888 1000 0
1635026279540 0 0
1635026405746 1000 0
1635026462497 0 0
1635026588605 1000 0
1635026645272 0 0
1635026771232 1000 0
1635026827799 0 0
1635026953937 1000 0
1635027010587 0 0
1635027136659 1000 0
1635027193319 0 0
1635027319312 1000 0
1635027375906 0 0
1635027501840 1000 0
1635027560028 0 0
1635027686045 1000 0
1635027742652 0 0
1635027868684 1000 0
1635027925236 0 0
1635028051215 1000 0
1635028107826 0 0
1635028233881 1000 0
1635028290473 0 0
1635028416537 1000 0
1635028473138 0 0
1635028599122 1000 0
1635028655734 0 0
1635028781779 1000 0
1635028838321 0 0
1635028964397 1000 0
1635029021022 0 0
1635029147017 1000 0
1635029203637 0 0
1635029329746 1000 0
1635029388045 0 0
1635029513961 1000 0
1635029570557 0 0
1635029696494 1000 0
1635029753098 0 0
1635029879070 1000 0
1635029935675 0 0
1635030061772 1000 0
1635030118367 0 0
1635030244412 1000 0
1635030301002 0 0
1635030427083 1000 0
1635030483679 0 0
1635030609644 1000 0
1635030666252 0 0
1635030792298 1000 0
1635030848949 0 0
1635030974967 1000 0
1635031031651 0 0
1635031157680 1000 0
1635031215914 0 0
1635031341947 1000 0
1635031398582 0 0
1635031524633 1000 0
1635031581274 0 0
1635031707456 1000 0
1635031764052 0 0
1635031890107 1000 0
1635031946706 0 0
1635032072885 1000 0
1635032129538 0 0
1635032255595 1000 0
1635032312265 0 0
1635032438352 1000 0
1635032495048 0 0
1635032621167 1000 0
1635032677845 0 0
1635032803980 1000 0
1635032860598 0 0
1635032986753 1000 0
1635033045065 0 0
1635033171153 1000 0
1635033227823 0 0
1635033354117 1000 0
1635033410883 0 0
1635033537144 1000 0
1635033593825 0 0
1635033720192 1000 0
1635033776934 0 0
1635033903189 1000 0
1635033959943 0 0
1635034086212 1000 0
1635034142948 0 0
1635034269196 1000 0
1635034325852 0 0
1635034451913 1000 0
1635034508550 0 0
1635034634715 1000 0
1635034691372 0 0
1635034817434 1000 0
1635034875693 0 0
1635035001905 1000 0
1635035058598 0 0
1635035184922 1000 0
1635035241616 0 0
1635035367848 1000 0
1635035424635 0 0
1635035551008 1000 0
1635035607698 0 0
1635035733954 1000 0
1635035790628 0 0
1635035916789 1000 0
1635035973477 0 0
1635036099703 1000 0
1635036156372 0 0
1635036282589 1000 0
1635036339268 0 0
1635036465412 1000 0
1635036522112 0 0
1635036648307 1000 0
1635036706685 0 0
1635036832832 1000 0
1635036889445 0 0
1635037015651 1000 0
1635037072326 0 0
1635037198460 1000 0
1635037255117 0 0
1635037381222 1000 0
1635037437901 0 0
1635037564006 1000 0
1635037620647 0 0
1635037746747 1000 0
1635037803382 0 0
1635037929440 1000 0
1635037986114 0 0
1635038112320 1000 0
1635038168940 0 0
1635038295065 1000 0
1635038351694 0 0
1635038477740 1000 0
1635038536082 0 0
1635038662364 1000 0
1635038719034 0 0
1635038845161 1000 0
1635038901912 0 0
1635039028132 1000 0
1635039084789 0 0
1635039211033 1000 0
1635039267731 0 0
1635039394061 1000 0
1635039450759 0 0
1635039576955 1000 0
1635039633659 0 0
1635039759912 1000 0
1635039816585 0 0
1635039942795 1000 0
1635039999493 0 0
1635040125805 1000 0
1635040182541 0 0
1635040308765 1000 0
1635040367160 0 0
1635040493346 1000 0
1635040550082 0 0
1635040676228 1000 0
1635040732903 0 0
1635040859154 1000 0
1635040915821 0 0
1635041042026 1000 0
1635041098713 0 0
1635041224838 1000 0
1635041281636 0 0
1635041407738 1000 0
1635041464453 0 0
1635041590653 1000 0
1635041647340 0 0
1635041773507 1000 0
1635041830173 0 0
1635041956357 1000 0
1635042013061 0 0
1635042139294 1000 0
1635042197580 0 0
1635042323712 1000 0
1635042380431 0 0
1635042506688 1000 0
1635042563355 0 0
1635042689619 1000 0
1635042746318 0 0
1635042872510 1000 0
1635042929186 0 0
1635043055399 1000 0
1635043112086 0 0
1635043238256 1000 0
1635043294918 0 0
1635043420992 1000 0
1635043477655 0 0
1635043603787 1000 0
1635043660409 0 0
1635043786586 1000 0
1635043843306 0 0
1635043969491 1000 0
1635044027842 0 0
1635044153979 1000 0
1635044210712 0 0
1635044337037 1000 0
1635044393810 0 0
1635044520164 1000 0
1635044576915 0 0
1635044703160 1000 0
1635044759796 0 0
1635044886269 1000 0
1635044943189 0 0
1635045069419 1000 0
1635045126100 0 0
1635045252278 1000 0
1635045308962 0 0
1635045435151 1000 0
1635045491818 0 0
1635045618107 1000 0
1635045674813 0 0
1635045801099 1000 0
1635045859510 0 0
1635045985757 1000 0
1635046042454 0 0
1635046168632 1000 0
1635046225293 0 0
1635046351478 1000 0
1635046408184 0 0
1635046534429 1000 0
1635046591151 0 0
1635046717492 1000 0
1635046774183 0 0
1635046900430 1000 0
1635046957123 0 0
1635047083214 1000 0
1635047139871 0 0
1635047266031 1000 0
1635047322720 0 0
1635047448926 1000 0
1635047505609 0 0
1635047631825 1000 0
1635047690115 0 0
1635047816262 1000 0
1635047872922 0 0
1635047998957 1000 0
1635048055589 0 0
1635048181805 1000 0
1635048238502 0 0
1635048364631 1000 0
1635048421320 0 0
1635048547589 1000 0
1635048604296 0 0
1635048730433 1000 0
1635048787085 0 0
1635048913188 1000 0
1635048969860 0 0
1635049096153 1000 0
1635049152824 0 0
1635049278873 1000 0
1635049335438 0 0
1635049461659 1000 0
1635049520034 0 0
1635049646337 1000 0
1635049703190 0 0
1635049829603 1000 0
1635049886362 0 0
1635050012774 1000 0
1635050069558 0 0
1635050195896 1000 0
1635050252627 0 0
1635050378928 1000 0
1635050435615 0 0
1635050561778 1000 0
1635050618513 0 0
1635050744762 1000 0
1635050801477 0 0
1635050927765 1000 0
1635050984462 0 0
1635051110659 1000 0
1635051167440 0 0
1635051293674 1000 0
1635051352005 0 0
1635051478199 1000 0
1635051534893 0 0
1635051661160 1000 0
1635051717845 0 0
1635051843964 1000 0
1635051900599 0 0
1635052026835 1000 0
1635052083535 0 0
1635052209701 1000 0
1635052266324 0 0
1635052392550 1000 0
1635052449244 0 0
1635052575466 1000 0
1635052632085 0 0
1635052758080 1000 0
1635052814714 0 0
1635052940888 1000 0
1635052997484 0 0
1635053123574 1000 0
1635053181854 0 0
1635053308087 1000 0
1635053364693 0 0
1635053490926 1000 0
1635053547615 0 0
1635053673851 1000 0
1635053730510 0 0
1635053856695 1000 0
1635053913384 0 0
1635054039661 1000 0
1635054096363 0 0
1635054222578 1000 0
1635054279205 0 0
1635054405415 1000 0
1635054462084 0 0
1635054588246 1000 0
1635054644976 0 0
1635054771156 1000 0
1635054827843 0 0
1635054954076 1000 0
1635055012491 0 0
1635055138828 1000 0
1635055195455 0 0
1635055321749 1000 0
1635055378554 0 0
1635055504886 1000 0
1635055561695 0 0
1635055688099 1000 0
1635055744855 0 0
1635055871319 1000 0
1635055928043 0 0
1635056054387 1000 0
1635056111140 0 0
1635056237506 1000 0
1635056294225 0 0
1635056420647 1000 0
1635056477452 0 0
1635056603793 1000 0
1635056660433 0 0
1635056786666 1000 0
1635056846285 0 0
1635056972388 1000 0
1635057029155 0 0
1635057155264 1000 0
1635057211935 0 0
1635057338166 1000 0
1635057394797 0 0
1635057520963 1000 0
1635057577564 0 0
1635057703686 1000 0
1635057760332 0 0
1635057886567 1000 0
1635057943277 0 0
1635058069584 1000 0
1635058126414 0 0
1635058252688 1000 0
1635058309406 0 0
1635058435529 1000 0
1635058492229 0 0
1635058618375 1000 0
1635058676676 0 0
1635058802757 1000 0
1635058859310 0 0
1635058985287 1000 0
1635059041980 0 0
1635059168186 1000 0
1635059224919 0 0
1635059351256 1000 0
1635059407971 0 0
1635059534212 1000 0
1635059590937 0 0
1635059717143 1000 0
1635059773795 0 0
1635059899903 1000 0
1635059956606 0 0
1635060082815 1000 0
1635060139405 0 0
1635060265504 1000 0
1635060322245 0 0
1635060448474 1000 0
1635060506813 0 0
1635060633029 1000 0
1635060689685 0 0
1635060815904 1000 0
1635060872592 0 0
1635060998793 1000 0
1635061055538 0 0
1635061181824 1000 0
1635061238559 0 0
1635061364790 1000 0
1635061421479 0 0
1635061547710 1000 0
1635061604416 0 0
1635061730619 1000 0
1635061787320 0 0
1635061913689 1000 0
1635061970391 0 0
1635062096519 1000 0
1635062153236 0 0
1635062279474 1000 0
1635062337814 0 0
1635062464204 1000 0
1635062520991 0 0
1635062647243 1000 0
1635062703985 0 0
1635062830234 1000 0
1635062886979 0 0
1635063013196 1000 0
1635063069925 0 0
1635063196248 1000 0
1635063253002 0 0
1635063379360 1000 0
1635063436051 0 0
1635063562211 1000 0
1635063618908 0 0
1635063745203 1000 0
1635063801825 0 0
1635063928154 1000 0
1635063984944 0 0
1635064111272 1000 0
1635064169684 0 0
1635064296057 1000 0
1635064352862 0 0
1635064479165 1000 0
1635064535908 0 0
1635064662158 1000 0
1635064718931 0 0
1635064845236 1000 0
1635064901990 0 0
1635065028423 1000 0
1635065085197 0 0
1635065211477 1000 0
1635065268180 0 0
1635065394475 1000 0
1635065451228 0 0
1635065577589 1000 0
1635065634291 0 0
1635065760701 1000 0
1635065817503 0 0
1635065943865 1000 0
1635066002349 0 0
1635066128696 1000 0
1635066185392 0 0
1635066311519 1000 0
1635066368244 0 0
1635066494491 1000 0
1635066551209 0 0
1635066677459 1000 0
1635066734127 0 0
1635066860273 1000 0
1635066916941 0 0
1635067042984 1000 0
1635067099636 0 0
1635067225862 1000 0
1635067282569 0 0
1635067408777 1000 0
1635067465470 0 0
1635067591651 1000 0
1635067648278 0 0
1635067774384 1000 0
1635067832774 0 0
1635067958931 1000 0
1635068015605 0 0
1635068141851 1000 0
1635068198493 0 0
1635068324669 1000 0
1635068381276 0 0
1635068507413 1000 0
1635068564002 0 0
1635068690026 1000 0
1635068746724 0 0
1635068872835 1000 0
1635068929508 0 0
1635069055598 1000 0
1635069112291 0 0
1635069238459 1000 0
1635069295019 0 0
1635069421087 1000 0
1635069477763 0 0
1635069603909 1000 0
1635069662293 0 0
1635069788425 1000 0
1635069845073 0 0
1635069971325 1000 0
1635070027974 0 0
1635070154231 1000 0
1635070210897 0 0
1635070337083 1000 0
1635070393725 0 0
1635070519785 1000 0
1635070576518 0 0
1635070702644 1000 0
1635070759296 0 0
1635070885443 1000 0
1635070942140 0 0
1635071068376 1000 0
1635071125121 0 0
1635071251413 1000 0
1635071308148 0 0
1635071434496 1000 0
1635071492842 0 0
1635071619005 1000 0
1635071675725 0 0
1635071801907 1000 0
1635071858550 0 0
1635071984738 1000 0
1635072041434 0 0
1635072167560 1000 0
1635072224236 0 0
1635072350399 1000 0
1635072407045 0 0
1635072533251 1000 0
1635072589941 0 0
1635072716097 1000 0
1635072772747 0 0
1635072898781 1000 0
1635072955434 0 0
1635073081566 1000 0
1635073138248 0 0
1635073264562 1000 0
1635073322856 0 0
1635073449115 1000 0
1635073505840 0 0
1635073632059 1000 0
1635073688735 0 0
1635073814845 1000 0
1635073871484 0 0
1635073997502 1000 0
1635074054144 0 0
1635074180363 1000 0
1635074237033 0 0
1635074363237 1000 0
1635074419975 0 0
1635074546058 1000 0
1635074602672 0 0
1635074728764 1000 0
1635074785413 0 0
1635074911603 1000 0
1635074968254 0 0
1635075094421 1000 0
1635075152795 0 0
1635075279076 1000 0
1635075335729 0 0
1635075461844 1000 0
1635075518482 0 0
1635075644612 1000 0
1635075701297 0 0
1635075827438 1000 0
1635075884132 0 0
1635076010331 1000 0
1635076066953 0 0
1635076193184 1000 0
1635076249944 0 0
1635076376068 1000 0
1635076432772 0 0
1635076559014 1000 0
1635076615549 0 0
1635076741524 1000 0
1635076798153 0 0
1635076924282 1000 0
1635076982554 0 0
1635077108649 1000 0
1635077165278 0 0
1635077291448 1000 0
1635077347982 0 0
1635077474001 1000 0
1635077530667 0 0
1635077656727 1000 0
1635077713291 0 0
1635077839314 1000 0
1635077895899 0 0
1635078021991 1000 0
1635078078619 0 0
1635078204627 1000 0
1635078261208 0 0
1635078387353 1000 0
1635078444001 0 0
1635078570062 1000 0
1635078626723 0 0
1635078752733 1000 0
1635078810962 0 0
1635078937187 1000 0
1635078993906 0 0
1635079120148 1000 0
1635079176777 0 0
1635079303005 1000 0
1635079359656 0 0
1635079485849 1000 0
1635079542530 0 0
1635079668530 1000 0
1635079725287 0 0
1635079851394 1000 0
1635079908054 0 0
1635080034061 1000 0
1635080090642 0 0
1635080216788 1000 0
1635080273465 0 0
1635080399564 1000 0
1635080456181 0 0
1635080582265 1000 0
1635080640541 0 0
1635080766610 1000 0
1635080823205 0 0
1635080949160 1000 0
1635081005811 0 0
1635081131834 1000 0
1635081188462 0 0
1635081314472 1000 0
1635081371159 0 0
1635081497251 1000 0
1635081553822 0 0
1635081679827 1000 0
1635081736388 0 0
1635081862433 1000 0
1635081919058 0 0
1635082045156 1000 0
1635082101842 0 0
1635082227987 1000 0
1635082284656 0 0
1635082410806 1000 0
1635082469104 0 0
1635082595152 1000 0
1635082651788 0 0
1635082777827 1000 0
1635082834434 0 0
1635082960458 1000 0
1635083017120 0 0
1635083143079 1000 0
1635083199680 0 0
1635083325760 1000 0
1635083382354 0 0
1635083508263 1000 0
1635083564861 0 0
1635083690951 1000 0
1635083747581 0 0
1635083873711 1000 0
1635083930275 0 0
1635084056401 1000 0
1635084113024 0 0
1635084239036 1000 0
1635084297353 0 0
1635084423489 1000 0
1635084480199 0 0
1635084606424 1000 0
1635084663142 0 0
1635084789254 1000 0
1635084845867 0 0
1635084972015 1000 0
1635085028724 0 0
1635085154830 1000 0
1635085211439 0 0
1635085337515 1000 0
1635085394147 0 0
1635085520094 1000 0
1635085576697 0 0
1635085702674 1000 0
1635085759264 0 0
1635085885343 1000 0
1635085941888 0 0
1635086067944 1000 0
1635086126215 0 0
1635086252346 1000 0
1635086308983 0 0
1635086435046 1000 0
1635086491744 0 0
1635086617815 1000 0
1635086674472 0 0
1635086800614 1000 0
1635086857258 0 0
1635086983509 1000 0
1635087040121 0 0
1635087166118 1000 0
1635087222757 0 0
1635087348939 1000 0
1635087405532 0 0
1635087531583 1000 0
1635087588288 0 0
1635087714361 1000 0
1635087770953 0 0
1635087897145 1000 0
1635087955428 0 0
1635088081362 1000 0
1635088138056 0 0
1635088264175 1000 0
1635088320901 0 0
1635088447027 1000 0
1635088503636 0 0
1635088629690 1000 0
1635088686361 0 0
1635088812325 1000 0
1635088868981 0 0
1635088995120 1000 0
1635089051752 0 0
1635089177767 1000 0
1635089234391 0 0
1635089360592 1000 0
1635089417301 0 0
1635089543504 1000 0
1635089600190 0 0
1635089726391 1000 0
1635089784753 0 0
1635089910936 1000 0
1635089967655 0 0
1635090093779 1000 0
1635090150434 0 0
1635090276615 1000 0
1635090333258 0 0
1635090459413 1000 0
1635090516208 0 0
1635090642499 1000 0
1635090699143 0 0
1635090825139 1000 0
1635090881786 0 0
1635091007877 1000 0
1635091064468 0 0
1635091190458 1000 0
1635091247115 0 0
1635091373172 1000 0
1635091429859 0 0
1635091556046 1000 0
1635091614424 0 0
1635091740616 1000 0
1635091797274 0 0
1635091923295 1000 0
1635091979913 0 0
1635092105864 1000 0
1635092162486 0 0
1635092288492 1000 0
1635092345070 0 0
1635092471101 1000 0
1635092527685 0 0
1635092653613 1000 0
1635092710164 0 0
1635092836154 1000 0
1635092892801 0 0
1635093018935 1000 0
1635093075596 0 0
1635093201669 1000 0
1635093258246 0 0
1635093384239 1000 0
1635093442494 0 0
1635093568562 1000 0
1635093625185 0 0
1635093751203 1000 0
1635093807847 0 0
1635093933895 1000 0
1635093990532 0 0
1635094116696 1000 0
1635094173326 0 0
1635094299425 1000 0
1635094356031 0 0
1635094482156 1000 0
1635094538761 0 0
1635094664862 1000 0
1635094721538 0 0
1635094847734 1000 0
1635094904368 0 0
1635095030464 1000 0
1635095087076 0 0
1635095213371 1000 0
1635095271759 0 0
1635095397924 1000 0
1635095454592 0 0
1635095580625 1000 0
1635095637300 0 0
1635095763254 1000 0
1635095819896 0 0
1635095945965 1000 0
1635096002632 0 0
1635096128779 1000 0
1635096185440 0 0
1635096311546 1000 0
1635096368178 0 0
1635096494259 1000 0
1635096550868 0 0
1635096677163 1000 0
1635096733840 0 0
1635096860016 1000 0
1635096916685 0 0
1635097042906 1000 0
1635097101251 0 0
1635097227429 1000 0
1635097284082 0 0
1635097410290 1000 0
1635097466973 0 0
1635097593124 1000 0
1635097649740 0 0
1635097775849 1000 0
1635097832494 0 0
1635097958542 1000 0
1635098015179 0 0
1635098141273 1000 0
1635098197918 0 0
1635098324053 1000 0
1635098380691 0 0
1635098506694 1000 0
1635098563369 0 0
1635098689494 1000 0
1635098746127 0 0
1635098872262 1000 0
1635098930694 0 0
1635099056794 1000 0
1635099113429 0 0
1635099239449 1000 0
1635099296036 0 0
1635099422340 1000 0
1635099478999 0 0
1635099605053 1000 0
1635099661637 0 0
1635099787749 1000 0
1635099844458 0 0
1635099970531 1000 0
1635100027134 0 0
1635100153354 1000 0
1635100209940 0 0
1635100335955 1000 0
1635100392529 0 0
1635100518601 1000 0
1635100575276 0 0
1635100701457 1000 0
1635100761343 0 0
1635100887620 1000 0
1635100944308 0 0
1635101070546 1000 0
1635101127223 0 0
1635101253494 1000 0
1635101310258 0 0
1635101436461 1000 0
1635101493137 0 0
1635101619396 1000 0
1635101676144 0 0
1635101802355 1000 0
1635101858972 0 0
1635101985127 1000 0
1635102041960 0 0
1635102168175 1000 0
1635102224895 0 0
1635102351003 1000 0
1635102407561 0 0
1635102533704 1000 0
1635102591999 0 0
1635102718092 1000 0
1635102774733 0 0
1635102900804 1000 0
1635102957667 0 0
1635103085585 1000 0
1635103142172 0 0
1635103268299 1000 0
1635103324945 0 0
1635103451024 1000 0
1635103507661 0 0
1635103633777 1000 0
1635103690395 0 0
1635103816599 1000 0
1635103873295 0 0
1635103999535 1000 0
1635104056193 0 0
1635104182352 1000 0
1635104238987 0 0
1635104365133 1000 0
1635104423466 0 0
1635104549540 1000 0
1635104606170 0 0
1635104732284 1000 0
1635104788944 0 0
1635104915080 1000 0
1635104971662 0 0
1635105097767 1000 0
1635105154434 0 0
1635105280534 1000 0
1635105337137 0 0
1635105463098 1000 0
1635105519762 0 0
1635105645912 1000 0
1635105702569 0 0
1635105828651 1000 0
1635105885242 0 0
1635106011235 1000 0
1635106067866 0 0
1635106194029 1000 0
1635106252320 0 0
1635106378407 1000 0
1635106435074 0 0
1635106561261 1000 0
1635106617946 0 0
1635106744057 1000 0
1635106800710 0 0
1635106926812 1000 0
1635106983410 0 0
1635107109505 1000 0
1635107166125 0 0
1635107292206 1000 0
1635107348886 0 0
1635107475040 1000 0
1635107531658 0 0
1635107657722 1000 0
1635107714367 0 0
1635107840415 1000 0
1635107897014 0 0
1635108023014 1000 0
1635108081247 0 0
1635108207229 1000 0
1635108263865 0 0
1635108389979 1000 0
1635108446585 0 0
1635108572627 1000 0
1635108629403 0 0
1635108755365 1000 0
1635108811980 0 0
1635108937921 1000 0
1635108994508 0 0
1635109120593 1000 0
1635109177149 0 0
1635109303135 1000 0
1635109359706 0 0
1635109485639 1000 0
1635109542300 0 0
1635109668536 1000 0
1635109725251 0 0
1635109851475 1000 0
1635109909745 0 0
1635110035841 1000 0
1635110092512 0 0
1635110218735 1000 0
1635110275425 0 0
1635110401568 1000 0
1635110458157 0 0
1635110584249 1000 0
1635110640953 0 0
1635110767196 1000 0
1635110823827 0 0
1635110949930 1000 0
1635111006523 0 0
1635111132582 1000 0
1635111189142 0 0
1635111315069 1000 0
1635111371630 0 0
1635111497586 1000 0
1635111554122 0 0
1635111680055 1000 0
1635111738347 0 0
1635111864223 1000 0
1635111920823 0 0
1635112046921 1000 0
1635112103622 0 0
1635112229641 1000 0
1635112286321 0 0
1635112412318 1000 0
1635112468844 0 0
1635112594957 1000 0
1635112651594 0 0
1635112777638 1000 0
1635112834340 0 0
1635112960292 1000 0
1635113016874 0 0
1635113142977 1000 0
1635113199661 0 0
1635113325880 1000 0
1635113382472 0 0
1635113508488 1000 0
1635113566781 0 0
1635113692865 1000 0
1635113749515 0 0
1635113875574 1000 0
1635113932177 0 0
1635114058118 1000 0
1635114114741 0 0
1635114240691 1000 0
1635114297282 0 0
1635114423300 1000 0
1635114479944 0 0
1635114606066 1000 0
1635114662836 0 0
1635114788942 1000 0
1635114845557 0 0
1635114971661 1000 0
1635115028237 0 0
1635115154319 1000 0
1635115210949 0 0
1635115336877 1000 0
1635115395178 0 0
1635115521263 1000 0
1635115577918 0 0
1635115704115 1000 0
1635115760775 0 0
1635115887020 1000 0
1635115943662 0 0
1635116069760 1000 0
1635116126443 0 0
1635116252603 1000 0
1635116309325 0 0
1635116435549 1000 0
1635116492222 0 0
1635116618463 1000 0
1635116675199 0 0
1635116801358 1000 0
1635116858003 0 0
1635116984270 1000 0
1635117040899 0 0
1635117167044 1000 0
1635117225410 0 0
1635117351503 1000 0
1635117408179 0 0
1635117534409 1000 0
1635117591012 0 0
1635117717105 1000 0
1635117773744 0 0
1635117899840 1000 0
1635117956507 0 0
1635118082622 1000 0
1635118139227 0 0
1635118265372 1000 0
1635118322104 0 0
1635118448278 1000 0
1635118504915 0 0
1635118630996 1000 0
1635118687615 0 0
1635118813708 1000 0
1635118870336 0 0
1635118996448 1000 0
1635119054819 0 0
1635119180916 1000 0
1635119237641 0 0
1635119363842 1000 0
1635119420468 0 0
1635119546542 1000 0
1635119603183 0 0
1635119729326 1000 0
1635119786004 0 0
1635119912126 1000 0
1635119968760 0 0
1635120094958 1000 0
1635120151615 0 0
1635120277621 1000 0
1635120334240 0 0
1635120460262 1000 0
1635120516977 0 0
1635120643145 1000 0
1635120699795 0 0
1635120825974 1000 0
1635120884261 0 0
1635121010418 1000 0
1635121067069 0 0
1635121193255 1000 0
1635121249963 0 0
1635121376118 1000 0
1635121432836 0 0
1635121559019 1000 0
1635121615749 0 0
1635121741935 1000 0
1635121798600 0 0
1635121924877 1000 0
1635121981540 0 0
1635122107644 1000 0
1635122164348 0 0
1635122290521 1000 0
1635122347184 0 0
1635122473413 1000 0
1635122530028 0 0
1635122656142 1000 0
1635122714455 0 0
1635122840573 1000 0
1635122897264 0 0
1635123023591 1000 0
1635123080223 0 0
1635123206299 1000 0
1635123263010 0 0
1635123389167 1000 0
1635123445780 0 0
1635123571858 1000 0
1635123628575 0 0
1635123754679 1000 0
1635123811265 0 0
1635123937503 1000 0
1635123994168 0 0
1635124120378 1000 0
1635124177031 0 0
1635124303240 1000 0
1635124359973 0 0
1635124486229 1000 0
1635124544631 0 0
1635124670856 1000 0
1635124727527 0 0
1635124853751 1000 0
1635124910490 0 0
1635125036754 1000 0
1635125093514 0 0
1635125219788 1000 0
1635125276489 0 0
1635125402682 1000 0
1635125459377 0 0
1635125585608 1000 0
1635125642400 0 0
1635125768662 1000 0
1635125825379 0 0
1635125951576 1000 0
1635126008200 0 0
1635126134342 1000 0
1635126191012 0 0
1635126317238 1000 0
1635126375655 0 0
1635126501971 1000 0
1635126558675 0 0
1635126684859 1000 0
1635126741569 0 0
1635126867800 1000 0
1635126924444 0 0
1635127050570 1000 0
1635127107180 0 0
1635127233293 1000 0
1635127289989 0 0
1635127416238 1000 0
1635127472928 0 0
1635127599040 1000 0
1635127655675 0 0
1635127782053 1000 0
1635127838819 0 0
1635127965042 1000 0
1635128021739 0 0
1635128147907 1000 0
1635128206249 0 0
1635128332578 1000 0
1635128389271 0 0
1635128515586 1000 0
1635128572344 0 0
1635128698475 1000 0
1635128755199 0 0
1635128881400 1000 0
1635128938074 0 0
1635129064197 1000 0
1635129120924 0 0
1635129247109 1000 0
1635129303838 0 0
1635129430106 1000 0
1635129486796 0 0
1635129613054 1000 0
1635129669732 0 0
1635129795985 1000 0
1635129852699 0 0
1635129979077 1000 0
1635130037598 0 0
1635130163995 1000 0
1635130220723 0 0
1635130347067 1000 0
1635130403809 0 0
1635130530032 1000 0
1635130586732 0 0
1635130713009 1000 0
1635130769690 0 0
1635130896038 1000 0
1635130952795 0 0
1635131079065 1000 0
1635131135813 0 0
1635131262082 1000 0
1635131319046 0 0
1635131445494 1000 0
1635131502258 0 0
1635131628595 1000 0
1635131685325 0 0
1635131811689 1000 0
1635131870104 0 0
1635131996406 1000 0
1635132053032 0 0
1635132179244 1000 0
1635132235907 0 0
1635132362067 1000 0
1635132418782 0 0
1635132545105 1000 0
1635132601896 0 0
1635132728229 1000 0
1635132784936 0 0
1635132911243 1000 0
1635132967990 0 0
1635133094328 1000 0
1635133151009 0 0
1635133277188 1000 0
1635133333914 0 0
1635133460067 1000 0
1635133516664 0 0
1635133642788 1000 0
1635133701138 0 0
1635133827651 1000 0
1635133884348 0 0
1635134010654 1000 0
1635134067385 0 0
1635134193645 1000 0
1635134250332 0 0
1635134376433 1000 0
1635134433086 0 0
1635134559290 1000 0
1635134615936 0 0
1635134742115 1000 0
1635134798790 0 0
1635134925182 1000 0
1635134981937 0 0
1635135108310 1000 0
1635135165040 0 0
1635135291346 1000 0
1635135348039 0 0
1635135474351 1000 0
1635135532774 0 0
1635135659095 1000 0
1635135715897 0 0
1635135842196 1000 0
1635135898893 0 0
1635136025212 1000 0
1635136081963 0 0
1635136208358 1000 0
1635136265176 0 0
1635136391378 1000 0
1635136448091 0 0
1635136574295 1000 0
1635136631013 0 0
1635136757478 1000 0
1635136814270 0 0
1635136940451 1000 0
1635136997058 0 0
1635137123109 1000 0
1635137179835 0 0
1635137306152 1000 0
1635137364552 0 0
1635137490824 1000 0
1635137547524 0 0
1635137673789 1000 0
1635137730497 0 0
1635137856754 1000 0
1635137913481 0 0
1635138039790 1000 0
1635138096477 0 0
1635138222768 1000 0
1635138279522 0 0
1635138405849 1000 0
1635138462600 0 0
1635138589003 1000 0
1635138645725 0 0
1635138772039 1000 0
1635138828696 0 0
1635138955005 1000 0
1635139011728 0 0
1635139137987 1000 0
1635139196415 0 0
1635139322851 1000 0
1635139379670 0 0
1635139505906 1000 0
1635139562591 0 0
1635139688680 1000 0
1635139745359 0 0
1635139871804 1000 0
1635139928627 0 0
1635140054904 1000 0
1635140111603 0 0
1635140237734 1000 0
1635140294397 0 0
1635140420599 1000 0
1635140477305 0 0
1635140603623 1000 0
1635140660385 0 0
1635140786729 1000 0
1635140843524 0 0
1635140970046 1000 0
1635141028553 0 0
1635141154894 1000 0
1635141211686 0 0
1635141338048 1000 0
1635141394885 0 0
1635141521318 1000 0
1635141578117 0 0
1635141704528 1000 0
1635141761215 0 0
1635141887492 1000 0
1635141944196 0 0
1635142070419 1000 0
1635142127245 0 0
1635142253652 1000 0
1635142310433 0 0
1635142436812 1000 0
1635142493548 0 0
1635142619886 1000 0
1635142676651 0 0
1635142802998 1000 0
1635142861480 0 0
1635142987822 1000 0
1635143044507 0 0
1635143170871 1000 0
1635143227690 0 0
1635143354044 1000 0
1635143410804 0 0
1635143537155 1000 0
1635143593913 0 0
1635143720263 1000 0
1635143777046 0 0
1635143903345 1000 0
1635143960040 0 0
1635144086377 1000 0
1635144143088 0 0
1635144269237 1000 0
1635144325897 0 0
1635144452075 1000 0
1635144508864 0 0
1635144635200 1000 0
1635144693616 0 0
1635144820068 1000 0
1635144876883 0 0
1635145003280 1000 0
1635145060076 0 0
1635145186523 1000 0
1635145243385 0 0
1635145369737 1000 0
1635145426513 0 0
1635145552983 1000 0
1635145609762 0 0
1635145736139 1000 0
1635145792925 0 0
1635145919272 1000 0
1635145976011 0 0
1635146102379 1000 0
1635146159037 0 0
1635146285297 1000 0
1635146341999 0 0
1635146468377 1000 0
1635146526745 0 0
1635146653075 1000 0
1635146709821 0 0
1635146836199 1000 0
1635146892943 0 0
1635147019258 1000 0
1635147076009 0 0
1635147202365 1000 0
1635147259191 0 0
1635147385547 1000 0
1635147442336 0 0
1635147568722 1000 0
1635147625520 0 0
1635147752005 1000 0
1635147808747 0 0
1635147935071 1000 0
1635147991795 0 0
1635148118078 1000 0
1635148174855 0 0
1635148301081 1000 0
1635148359543 0 0
1635148485796 1000 0
1635148542487 0 0
1635148668669 1000 0
1635148725373 0 0
1635148851776 1000 0
1635148908494 0 0
1635149034848 1000 0
1635149091544 0 0
1635149217892 1000 0
1635149274641 0 0
1635149400876 1000 0
1635149457570 0 0
1635149584092 1000 0
1635149640783 0 0
1635149767039 1000 0
1635149823812 0 0
1635149950125 1000 0
1635150006901 0 0
1635150133131 1000 0
1635150191516 0 0
1635150318055 1000 0
1635150374808 0 0
1635150501177 1000 0
1635150557972 0 0
1635150684513 1000 0
1635150741288 0 0
1635150867599 1000 0
1635150924361 0 0
1635151050741 1000 0
1635151107561 0 0
1635151233918 1000 0
1635151290656 0 0
1635151417006 1000 0
1635151473733 0 0
1635151600069 1000 0
1635151656860 0 0
1635151783282 1000 0
1635151840128 0 0
1635151966644 1000 0
1635152025157 0 0
1635152151476 1000 0
1635152208264 0 0
1635152334624 1000 0
1635152391340 0 0
1635152517593 1000 0
1635152574345 0 0
1635152700680 1000 0
1635152757425 0 0
1635152883860 1000 0
1635152940661 0 0
1635153067016 1000 0
1635153123782 0 0
1635153250158 1000 0
1635153306924 0 0
1635153433438 1000 0
1635153490151 0 0
1635153616447 1000 0
1635153673167 0 0
1635153799470 1000 0
1635153859975 0 0
1635153986305 1000 0
1635154043098 0 0
1635154169494 1000 0
1635154226291 0 0
1635154352632 1000 0
1635154409330 0 0
1635154535509 1000 0
1635154592147 0 0
1635154718343 1000 0
1635154774985 0 0
1635154901181 1000 0
1635154957855 0 0
1635155084148 1000 0
1635155140895 0 0
1635155267134 1000 0
1635155323972 0 0
1635155450413 1000 0
1635155507132 0 0
1635155633424 1000 0
1635155691799 0 0
1635155818167 1000 0
1635155874940 0 0
1635156001307 1000 0
1635156058189 0 0
1635156184653 1000 0
1635156241376 0 0
1635156367737 1000 0
1635156424526 0 0
1635156550931 1000 0
1635156607650 0 0
1635156733902 1000 0
1635156790666 0 0
1635156916915 1000 0
1635156973670 0 0
1635157099803 1000 0
1635157156464 0 0
1635157282685 1000 0
1635157339340 0 0
1635157465536 1000 0
1635157523942 0 0
1635157650163 1000 0
1635157706937 0 0
1635157833297 1000 0
1635157889965 0 0
1635158016250 1000 0
1635158072960 0 0
1635158199281 1000 0
1635158255937 0 0
1635158382119 1000 0
1635158438786 0 0
1635158564952 1000 0
1635158621582 0 0
1635158747723 1000 0
1635158804420 0 0
1635158930757 1000 0
1635158987486 0 0
1635159113722 1000 0
1635159170454 0 0
1635159296505 1000 0
1635159354908 0 0
1635159481320 1000 0
1635159538133 0 0
1635159664549 1000 0
1635159721315 0 0
1635159847611 1000 0
1635159904385 0 0
1635160030699 1000 0
1635160087452 0 0
1635160213797 1000 0
1635160270524 0 0
1635160396831 1000 0
1635160453558 0 0
1635160579796 1000 0
1635160636562 0 0
1635160762900 1000 0
1635160819642 0 0
1635160945902 1000 0
1635161002599 0 0
1635161128876 1000 0
1635161187265 0 0
1635161313605 1000 0
1635161370377 0 0
1635161496692 1000 0
1635161553398 0 0
1635161679613 1000 0
1635161736318 0 0
1635161862608 1000 0
1635161919324 0 0
1635162045633 1000 0
1635162102365 0 0
1635162228515 1000 0
1635162285169 0 0
1635162411450 1000 0
1635162468151 0 0
1635162594408 1000 0
1635162651118 0 0
1635162777314 1000 0
1635162833994 0 0
1635162960262 1000 0
1635163018657 0 0
1635163144946 1000 0
1635163201631 0 0
1635163328020 1000 0
1635163384790 0 0
1635163510949 1000 0
1635163567655 0 0
1635163694061 1000 0
1635163750863 0 0
1635163877144 1000 0
1635163933858 0 0
1635164060033 1000 0
1635164116729 0 0
1635164242999 1000 0
1635164299702 0 0
1635164425920 1000 0
1635164482566 0 0
1635164608777 1000 0
1635164665504 0 0
1635164791788 1000 0
1635164850164 0 0
1635164976421 1000 0
1635165033261 0 0
1635165159550 1000 0
1635165216268 0 0
1635165342441 1000 0
1635165399148 0 0
1635165525420 1000 0
1635165582073 0 0
1635165708209 1000 0
1635165764888 0 0
1635165891173 1000 0
1635165947930 0 0
1635166074113 1000 0
1635166130892 0 0
1635166257263 1000 0
1635166313934 0 0
1635166440028 1000 0
1635166496702 0 0
1635166622849 1000 0
1635166681144 0 0
1635166807377 1000 0
1635166864171 0 0
1635166990396 1000 0
1635167047054 0 0
1635167173235 1000 0
1635167229917 0 0
1635167356203 1000 0
1635167412918 0 0
1635167539082 1000 0
1635167595786 0 0
1635167722060 1000 0
1635167778723 0 0
1635167904861 1000 0
1635167961566 0 0
1635168087726 1000 0
1635168144398 0 0
1635168270588 1000 0
1635168327288 0 0
1635168453425 1000 0
1635168511775 0 0
1635168638094 1000 0
1635168694708 0 0
1635168820866 1000 0
1635168877507 0 0
1635169003680 1000 0
1635169060351 0 0
1635169186510 1000 0
1635169243164 0 0
1635169369395 1000 0
1635169426071 0 0
1635169552368 1000 0
1635169609052 0 0
1635169735384 1000 0
1635169792145 0 0
1635169918421 1000 0
1635169975164 0 0
1635170101454 1000 0
1635170158134 0 0
1635170284428 1000 0
1635170342824 0 0
1635170469169 1000 0
1635170525888 0 0
1635170652238 1000 0
1635170708911 0 0
1635170835188 1000 0
1635170891903 0 0
1635171018214 1000 0
1635171074849 0 0
1635171201107 1000 0
1635171257779 0 0
1635171384054 1000 0
1635171440743 0 0
1635171567039 1000 0
1635171623784 0 0
1635171750016 1000 0
1635171806646 0 0
1635171932948 1000 0
1635171989586 0 0
1635172115766 1000 0
1635172174157 0 0
1635172300385 1000 0
1635172357111 0 0
1635172483297 1000 0
1635172539981 0 0
1635172666094 1000 0
1635172722763 0 0
1635172849136 1000 0
1635172905816 0 0
1635173032111 1000 0
1635173088839 0 0
1635173215101 1000 0
1635173271783 0 0
1635173398076 1000 0
1635173454761 0 0
1635173580883 1000 0
1635173637550 0 0
1635173763757 1000 0
1635173820456 0 0
1635173946756 1000 0
1635174005154 0 0
1635174131445 1000 0
1635174188139 0 0
1635174314485 1000 0
1635174371242 0 0
1635174497271 1000 0
1635174554074 0 0
1635174680249 1000 0
1635174736879 0 0
1635174862971 1000 0
1635174919657 0 0
1635175045969 1000 0
1635175102648 0 0
1635175228763 1000 0
1635175285469 0 0
1635175411515 1000 0
1635175468190 0 0
1635175594483 1000 0
1635175651194 0 0
1635175777518 1000 0
1635175835974 0 0
1635175962163 1000 0
1635176018820 0 0
1635176145173 1000 0
1635176201854 0 0
1635176328220 1000 0
1635176385023 0 0
1635176511319 1000 0
1635176567977 0 0
1635176694076 1000 0
1635176750755 0 0
1635176876981 1000 0
1635176933738 0 0
1635177059942 1000 0
1635177116630 0 0
1635177242970 1000 0
1635177299703 0 0
1635177426199 1000 0
1635177482943 0 0
1635177609273 1000 0
1635177667634 0 0
1635177793824 1000 0
1635177850481 0 0
1635177976689 1000 0
1635178033392 0 0
1635178159718 1000 0
1635178216379 0 0
1635178342626 1000 0
1635178399315 0 0
1635178525473 1000 0
1635178582216 0 0
1635178708292 1000 0
1635178764945 0 0
1635178891071 1000 0
1635178947789 0 0
1635179074081 1000 0
1635179130785 0 0
1635179256990 1000 0
1635179313692 0 0
1635179439968 1000 0
1635179498334 0 0
1635179624546 1000 0
1635179681270 0 0
1635179807500 1000 0
1635179864185 0 0
1635179990307 1000 0
1635180046962 0 0
1635180173103 1000 0
1635180229783 0 0
1635180355917 1000 0
1635180412576 0 0
1635180538757 1000 0
1635180595471 0 0
1635180721681 1000 0
1635180778408 0 0
1635180904616 1000 0
1635180961345 0 0
1635181087617 1000 0
1635181144325 0 0
1635181270539 1000 0
1635181328875 0 0
1635181455283 1000 0
1635181511971 0 0
1635181638060 1000 0
1635181694717 0 0
1635181820975 1000 0
1635181877660 0 0
1635182003903 1000 0
1635182060652 0 0
1635182186881 1000 0
1635182243609 0 0
1635182369802 1000 0
1635182426469 0 0
1635182552696 1000 0
1635182609394 0 0
1635182735564 1000 0
1635182792352 0 0
1635182918655 1000 0
1635182975374 0 0
1635183101693 1000 0
1635183159927 0 0
1635183286098 1000 0
1635183342695 0 0
1635183468782 1000 0
1635183525473 0 0
1635183651704 1000 0
1635183708368 0 0
1635183834543 1000 0
1635183891210 0 0
1635184017534 1000 0
1635184074263 0 0
1635184200498 1000 0
1635184257164 0 0
1635184383354 1000 0
1635184439997 0 0
1635184566210 1000 0
1635184622860 0 0
1635184748980 1000 0
1635184805661 0 0
1635184931793 1000 0
1635184990127 0 0
1635185116236 1000 0
1635185172906 0 0
1635185299075 1000 0
1635185355790 0 0
1635185481952 1000 0
1635185538557 0 0
1635185664705 1000 0
1635185721341 0 0
1635185847455 1000 0
1635185904127 0 0
1635186030278 1000 0
1635186086924 0 0
1635186213057 1000 0
1635186269710 0 0
1635186395858 1000 0
1635186452559 0 0
1635186578690 1000 0
1635186635497 0 0
1635186761607 1000 0
1635186819895 0 0
1635186946006 1000 0
1635187002642 0 0
1635187131035 1000 0
1635187187638 0 0
1635187313822 1000 0
1635187370517 0 0
1635187496680 1000 0
1635187553360 0 0
1635187679858 1000 0
1635187736640 0 0
1635187863183 1000 0
1635187919865 0 0
1635188046104 1000 0
1635188102702 0 0
1635188228832 1000 0
1635188285458 0 0
1635188411464 1000 0
1635188468147 0 0
1635188594169 1000 0
1635188652467 0 0
1635188778646 1000 0
1635188835280 0 0
1635188961434 1000 0
1635189018095 0 0
1635189144232 1000 0
1635189200934 0 0
1635189327077 1000 0
1635189383708 0 0
1635189509803 1000 0
1635189566438 0 0
1635189692553 1000 0
1635189749199 0 0
1635189875411 1000 0
1635189932023 0 0
1635190058246 1000 0
1635190114974 0 0
1635190241295 1000 0
1635190297924 0 0
1635190424143 1000 0
1635190482563 0 0
1635190608902 1000 0
1635190665642 0 0
1635190791994 1000 0
1635190848769 0 0
1635190975031 1000 0
1635191031731 0 0
1635191158018 1000 0
1635191214772 0 0
1635191341194 1000 0
1635191397958 0 0
1635191524205 1000 0
1635191580922 0 0
1635191707155 1000 0
1635191763810 0 0
1635191890070 1000 0
1635191946768 0 0
1635192073075 1000 0
1635192129779 0 0
1635192256116 1000 0
1635192314449 0 0
1635192440637 1000 0
1635192497294 0 0
1635192623588 1000 0
1635192680274 0 0
1635192806537 1000 0
1635192863245 0 0
1635192989442 1000 0
1635193046123 0 0
1635193172296 1000 0
1635193228976 0 0
1635193355086 1000 0
1635193411726 0 0
1635193537752 1000 0
1635193594417 0 0
1635193720490 1000 0
1635193777204 0 0
1635193903465 1000 0
1635193960106 0 0
1635194086284 1000 0
1635194144611 0 0
1635194270779 1000 0
1635194327474 0 0
1635194453755 1000 0
1635194510478 0 0
1635194636610 1000 0
1635194693273 0 0
1635194819412 1000 0
1635194876105 0 0
1635195002364 1000 0
1635195059033 0 0
1635195185249 1000 0
1635195241921 0 0
1635195368129 1000 0
1635195424860 0 0
1635195550991 1000 0
1635195607624 0 0
1635195733772 1000 0
1635195790450 0 0
1635195916636 1000 0
1635195974992 0 0
1635196101220 1000 0
1635196158056 0 0
1635196284465 1000 0
1635196341202 0 0
1635196467514 1000 0
1635196524202 0 0
1635196650548 1000 0
1635196707302 0 0
1635196833716 1000 0
1635196890422 0 0
1635197016725 1000 0
1635197073402 0 0
1635197199636 1000 0
1635197256321 0 0
1635197382650 1000 0
1635197439402 0 0
1635197565730 1000 0
1635197622476 0 0
1635197748792 1000 0
1635197807187 0 0
1635197933240 1000 0
1635197989856 0 0
1635198115790 1000 0
1635198172410 0 0
1635198298486 1000 0
1635198355124 0 0
1635198481309 1000 0
1635198537990 0 0
1635198664116 1000 0
1635198720738 0 0
1635198846919 1000 0
1635198903600 0 0
1635199029848 1000 0
1635199086513 0 0
1635199212685 1000 0
1635199269416 0 0
1635199395583 1000 0
1635199452240 0 0
1635199578349 1000 0
1635199636730 0 0
1635199762969 1000 0
1635199819606 0 0
1635199945715 1000 0
1635200002342 0 0
1635200128358 1000 0
1635200184962 0 0
1635200310972 1000 0
1635200367560 0 0
1635200493563 1000 0
1635200550124 0 0
1635200676086 1000 0
1635200732705 0 0
1635200858827 1000 0
1635200915434 0 0
1635201041552 1000 0
1635201098248 0 0
1635201224433 1000 0
1635201281082 0 0
1635201407198 1000 0
1635201465534 0 0
1635201591661 1000 0
1635201648338 0 0
1635201774553 1000 0
1635201831244 0 0
1635201957472 1000 0
1635202014189 0 0
1635202140531 1000 0
1635202197194 0 0
1635202323442 1000 0
1635202380166 0 0
1635202506297 1000 0
1635202563000 0 0
1635202689201 1000 0
1635202745844 0 0
1635202872065 1000 0
1635202928804 0 0
1635203054942 1000 0
1635203111653 0 0
1635203237821 1000 0
1635203296142 0 0
1635203422243 1000 0
1635203478890 0 0
1635203604988 1000 0
1635203661595 0 0
1635203787722 1000 0
1635203844422 0 0
1635203970624 1000 0
1635204027256 0 0
1635204153504 1000 0
1635204210241 0 0
1635204336401 1000 0
1635204393025 0 0
1635204519314 1000 0
1635204576092 0 0
1635204702377 1000 0
1635204759075 0 0
1635204885241 1000 0
1635204941978 0 0
1635205068234 1000 0
1635205126568 0 0
1635205252619 1000 0
1635205309253 0 0
1635205435351 1000 0
1635205491967 0 0
1635205618041 1000 0
1635205674668 0 0
1635205800828 1000 0
1635205857481 0 0
1635205983602 1000 0
1635206040285 0 0
1635206166398 1000 0
1635206223030 0 0
1635206349164 1000 0
1635206405856 0 0
1635206532032 1000 0
1635206588679 0 0
1635206714777 1000 0
1635206771426 0 0
1635206897557 1000 0
1635206955902 0 0
1635207082021 1000 0
1635207138636 0 0
1635207264777 1000 0
1635207321461 0 0
1635207447688 1000 0
1635207504324 0 0
1635207630682 1000 0
1635207687350 0 0
1635207813614 1000 0
1635207870303 0 0
1635207996551 1000 0
1635208053244 0 0
1635208179416 1000 0
1635208236112 0 0
1635208362293 1000 0
1635208418934 0 0
1635208545008 1000 0
1635208601600 0 0
1635208727854 1000 0
1635208786184 0 0
1635208912314 1000 0
1635208968975 0 0
1635209095165 1000 0
1635209151870 0 0
1635209277996 1000 0
1635209334661 0 0
1635209460801 1000 0
1635209517450 0 0
1635209643570 1000 0
1635209700232 0 0
1635209826396 1000 0
1635209882979 0 0
1635210009170 1000 0
1635210065887 0 0
1635210192107 1000 0
1635210248766 0 0
1635210374942 1000 0
1635210431632 0 0
1635210557859 1000 0
1635210616163 0 0
1635210742330 1000 0
1635210799042 0 0
1635210925225 1000 0
1635210982191 0 0
1635211108416 1000 0
1635211165101 0 0
1635211291221 1000 0
1635211347840 0 0
1635211474007 1000 0
1635211530646 0 0
1635211656854 1000 0
1635211713617 0 0
1635211839879 1000 0
1635211896605 0 0
1635212022816 1000 0
1635212079545 0 0
1635212205879 1000 0
1635212262587 0 0
1635212388810 1000 0
1635212447222 0 0
1635212573428 1000 0
1635212630108 0 0
1635212756251 1000 0
1635212812944 0 0
1635212939288 1000 0
1635212995960 0 0
1635213122105 1000 0
1635213178717 0 0
1635213304957 1000 0
1635213361667 0 0
1635213487942 1000 0
1635213544635 0 0
1635213671017 1000 0
1635213727801 0 0
1635213854161 1000 0
1635213910889 0 0
1635214037179 1000 0
1635214093830 0 0
1635214220207 1000 0
1635214278552 0 0
1635214404670 1000 0
1635214461286 0 0
1635214587601 1000 0
1635214644303 0 0
1635214770493 1000 0
1635214827205 0 0
1635214953497 1000 0
1635215010171 0 0
1635215136366 1000 0
1635215193121 0 0
1635215319387 1000 0
1635215376095 0 0
1635215502299 1000 0
1635215558964 0 0
1635215685263 1000 0
1635215741959 0 0
1635215868209 1000 0
1635215924835 0 0
1635216051006 1000 0
1635216109375 0 0
1635216235720 1000 0
1635216292491 0 0
1635216418887 1000 0
1635216475614 0 0
1635216602053 1000 0
1635216658767 0 0
1635216785160 1000 0
1635216841886 0 0
1635216968325 1000 0
1635217025043 0 0
1635217151417 1000 0
1635217208159 0 0
1635217334652 1000 0
1635217391441 0 0
1635217517857 1000 0
1635217574647 0 0
1635217701087 1000 0
1635217758222 0 0
1635217884503 1000 0
1635217942896 0 0
1635218069075 1000 0
1635218125717 0 0
1635218252081 1000 0
1635218308819 0 0
1635218435124 1000 0
1635218491844 0 0
1635218618170 1000 0
1635218674919 0 0
1635218801253 1000 0
1635218858037 0 0
1635218984439 1000 0
1635219041259 0 0
1635219167565 1000 0
1635219224237 0 0
1635219350514 1000 0
1635219407222 0 0
1635219533577 1000 0
1635219590313 0 0
1635219716596 1000 0
1635219777514 0 0
1635219903872 1000 0
1635219960642 0 0
1635220087059 1000 0
1635220143958 0 0
1635220270486 1000 0
1635220327270 0 0
1635220453645 1000 0
1635220510435 0 0
1635220636811 1000 0
1635220693577 0 0
1635220819917 1000 0
1635220876750 0 0
1635221003023 1000 0
1635221059706 0 0
1635221186073 1000 0
1635221242803 0 0
1635221369228 1000 0
1635221426040 0 0
1635221552392 1000 0
1635221610819 0 0
1635221737094 1000 0
1635221793776 0 0
1635221920078 1000 0
1635221976768 0 0
1635222103105 1000 0
1635222159777 0 0
1635222286070 1000 0
1635222342796 0 0
1635222469113 1000 0
1635222525857 0 0
1635222652270 1000 0
1635222709004 0 0
1635222835338 1000 0
1635222892032 0 0
1635223018383 1000 0
1635223075113 0 0
1635223201419 1000 0
1635223258150 0 0
1635223384424 1000 0
1635223442865 0 0
1635223569245 1000 0
1635223625989 0 0
1635223752462 1000 0
1635223809224 0 0
1635223935635 1000 0
1635223992482 0 0
1635224118998 1000 0
1635224175833 0 0
1635224302334 1000 0
1635224359153 0 0
1635224485619 1000 0
1635224542393 0 0
1635224668647 1000 0
1635224725353 0 0
1635224851716 1000 0
1635224908515 0 0
1635225035064 1000 0
1635225091812 0 0
1635225218270 1000 0
1635225276746 0 0
1635225403249 1000 0
1635225460055 0 0
1635225586421 1000 0
1635225643158 0 0
1635225769527 1000 0
1635225826321 0 0
1635225952684 1000 0
1635226009486 0 0
1635226135970 1000 0
1635226192696 0 0
1635226319237 1000 0
1635226375998 0 0
1635226502413 1000 0
1635226559185 0 0
1635226685457 1000 0
1635226742167 0 0
1635226868654 1000 0
1635226925442 0 0
1635227051887 1000 0
1635227110266 0 0
1635227236726 1000 0
1635227293600 0 0
1635227420032 1000 0
1635227476838 0 0
1635227603266 1000 0
1635227660057 0 0
1635227786584 1000 0
1635227843389 0 0
1635227969907 1000 0
1635228026731 0 0
1635228153362 1000 0
1635228210189 0 0
1635228336801 1000 0
1635228393604 0 0
1635228520064 1000 0
1635228576955 0 0
1635228703517 1000 0
1635228760270 0 0
1635228886667 1000 0
1635228945146 0 0
1635229071504 1000 0
1635229128253 0 0
1635229254699 1000 0
1635229311506 0 0
1635229437995 1000 0
1635229494738 0 0
1635229621160 1000 0
1635229677925 0 0
1635229804394 1000 0
1635229861213 0 0
1635229987664 1000 0
1635230044432 0 0
1635230170722 1000 0
1635230227460 0 0
1635230353837 1000 0
1635230410582 0 0
1635230537102 1000 0
1635230593902 0 0
1635230720380 1000 0
1635230778932 0 0
1635230905611 1000 0
1635230962518 0 0
1635231089238 1000 0
1635231146188 0 0
1635231272980 1000 0
1635231329946 0 0
1635231456706 1000 0
1635231513529 0 0
1635231640373 1000 0
1635231697279 0 0
1635231823957 1000 0
1635231880818 0 0
1635232007564 1000 0
1635232064479 0 0
1635232191301 1000 0
1635232248202 0 0
1635232374879 1000 0
1635232431864 0 0
1635232558480 1000 0
1635232617068 0 0
1635232743728 1000 0
1635232800577 0 0
1635232927191 1000 0
1635232984059 0 0
1635233110709 1000 0
1635233167542 0 0
1635233294319 1000 0
1635233351229 0 0
1635233477876 1000 0
1635233534761 0 0
1635233661305 1000 0
1635233718181 0 0
1635233844879 1000 0
1635233901698 0 0
1635234028264 1000 0
1635234085215 0 0
1635234211991 1000 0
1635234268820 0 0
1635234395363 1000 0
1635234453947 0 0
1635234580649 1000 0
1635234637505 0 0
1635234763978 1000 0
1635234820817 0 0
1635234947389 1000 0
1635235004329 0 0
1635235131009 1000 0
1635235187896 0 0
1635235314645 1000 0
1635235371569 0 0
1635235498111 1000 0
1635235554909 0 0
1635235681560 1000 0
1635235738531 0 0
1635235865281 1000 0
1635235922212 0 0
1635236048869 1000 0
1635236105767 0 0
1635236232479 1000 0
1635236291011 0 0
1635236417682 1000 0
1635236474576 0 0
1635236601359 1000 0
1635236658325 0 0
1635236785244 1000 0
1635236842235 0 0
1635236969149 1000 0
1635237026229 0 0
1635237153136 1000 0
1635237210098 0 0
1635237336927 1000 0
1635237393847 0 0
1635237520673 1000 0
1635237577655 0 0
1635237704362 1000 0
1635237761246 0 0
1635237887823 1000 0
1635237944717 0 0
1635238071405 1000 0
1635238129964 0 0
1635238256724 1000 0
1635238313578 0 0
1635238440293 1000 0
1635238497186 0 0
1635238623890 1000 0
1635238680808 0 0
1635238807605 1000 0
1635238864509 0 0
1635238991090 1000 0
1635239047910 0 0
1635239174588 1000 0
1635239231505 0 0
1635239358204 1000 0
1635239415023 0 0
1635239541656 1000 0
1635239598536 0 0
1635239725162 1000 0
1635239782038 0 0
1635239908597 1000 0
1635239967147 0 0
1635240093819 1000 0
1635240150700 0 0
1635240277288 1000 0
1635240334132 0 0
1635240460708 1000 0
1635240517577 0 0
1635240644284 1000 0
1635240701166 0 0
1635240827751 1000 0
1635240884637 0 0
1635241011305 1000 0
1635241068182 0 0
1635241194910 1000 0
1635241251780 0 0
1635241378315 1000 0
1635241435154 0 0
1635241561733 1000 0
1635241618618 0 0
1635241745196 1000 0
1635241803751 0 0
1635241930342 1000 0
1635241987204 0 0
1635242113889 1000 0
1635242170803 0 0
1635242297560 1000 0
1635242354442 0 0
1635242481091 1000 0
1635242538039 0 0
1635242664633 1000 0
1635242721526 0 0
1635242848152 1000 0
1635242905022 0 0
1635243031636 1000 0
1635243088503 0 0
1635243215121 1000 0
1635243271930 0 0
1635243398583 1000 0
1635243455472 0 0
1635243581976 1000 0
1635243640503 0 0
1635243766929 1000 0
1635243823762 0 0
1635243950294 1000 0
1635244007069 0 0
1635244133540 1000 0
1635244190429 0 0
1635244317051 1000 0
1635244373858 0 0
1635244500299 1000 0
1635244557113 0 0
1635244683569 1000 0
1635244740390 0 0
1635244866809 1000 0
1635244923632 0 0
1635245050035 1000 0
1635245106786 0 0
1635245233103 1000 0
1635245289853 0 0
1635245416354 1000 0
1635245474951 0 0
1635245601371 1000 0
1635245658126 0 0
1635245784511 1000 0
1635245841324 0 0
1635245967789 1000 0
1635246024659 0 0
1635246151202 1000 0
1635246208029 0 0
1635246334515 1000 0
1635246391310 0 0
1635246517709 1000 0
1635246574482 0 0
1635246700784 1000 0
1635246757514 0 0
1635246883906 1000 0
1635246940657 0 0
1635247066911 1000 0
1635247123612 0 0
1635247249916 1000 0
1635247308417 0 0
1635247434949 1000 0
1635247491748 0 0
1635247618286 1000 0
1635247675121 0 0
1635247802593 1000 0
1635247859460 0 0
1635247985911 1000 0
1635248042733 0 0
1635248169217 1000 0
1635248226064 0 0
1635248352633 1000 0
1635248409493 0 0
1635248535966 1000 0
1635248592775 0 0
1635248720343 1000 0
1635248777132 0 0
1635248903565 1000 0
1635248960497 0 0
1635249086985 1000 0
1635249145422 0 0
1635249271837 1000 0
1635249328661 0 0
1635249455148 1000 0
1635249511919 0 0
1635249638420 1000 0
1635249695280 0 0
1635249821768 1000 0
1635249878569 0 0
1635250005084 1000 0
1635250061865 0 0
1635250188438 1000 0
1635250245263 0 0
1635250371731 1000 0
1635250428492 0 0
1635250554982 1000 0
1635250611874 0 0
1635250738424 1000 0
1635250795211 0 0
1635250921673 1000 0
1635250980211 0 0
1635251106821 1000 0
1635251163728 0 0
1635251290217 1000 0
1635251347046 0 0
1635251473551 1000 0
1635251530356 0 0
1635251656880 1000 0
1635251713741 0 0
1635251840262 1000 0
1635251897104 0 0
1635252023697 1000 0
1635252080544 0 0
1635252207064 1000 0
1635252263859 0 0
1635252390394 1000 0
1635252447245 0 0
1635252573647 1000 0
1635252630618 0 0
1635252757120 1000 0
1635252815618 0 0
1635252942021 1000 0
1635252998784 0 0
1635253125296 1000 0
1635253182147 0 0
1635253308741 1000 0
1635253365597 0 0
1635253492070 1000 0
1635253548842 0 0
1635253675231 1000 0
1635253732005 0 0
1635253858527 1000 0
1635253915368 0 0
1635254041845 1000 0
1635254098620 0 0
1635254224912 1000 0
1635254281709 0 0
1635254408161 1000 0
1635254464943 0 0
1635254591405 1000 0
1635254649873 0 0
1635254776097 1000 0
1635254832861 0 0
1635254959276 1000 0
1635255015971 0 0
1635255142137 1000 0
1635255198810 0 0
1635255325162 1000 0
1635255381919 0 0
1635255508128 1000 0
1635255564802 0 0
1635255691026 1000 0
1635255747758 0 0
1635255873880 1000 0
1635255930536 0 0
1635256056689 1000 0
1635256113405 0 0
1635256239641 1000 0
