1634890017605 0 0
1634890144992 0 0
1634890203686 1 0
1634890330277 1 0
1634890387208 2 0
1634890513947 2 0
1634890570860 3 0
1634890697593 3 0
1634890754492 4 0
1634890881120 4 0
1634890937977 5 0
1634891064701 5 0
1634891121663 6 0
1634891248940 6 0
1634891305856 7 0
1634891432685 7 0
1634891489809 8 0
1634891616364 8 0
1634891673201 9 0
1634891799575 9 0
1634891856397 10 0
1634891983030 10 0
1634892041668 11 0
1634892168305 11 0
1634892225237 12 0
1634892351889 12 0
1634892408800 13 0
1634892535608 13 0
1634892592565 14 0
1634892719253 14 0
1634892776118 15 0
1634892902657 15 0
1634892959512 16 0
1634893086100 16 0
1634893142990 17 0
1634893269729 17 0
1634893326665 18 0
1634893453309 18 0
1634893510182 19 0
1634893636810 19 0
1634893693647 20 0
1634893819963 20 0
1634893878509 21 0
1634894004924 21 0
1634894061766 22 0
1634894188362 22 0
1634894245239 23 0
1634894371790 23 0
1634894428634 24 0
1634894555153 24 0
1634894612064 25 0
1634894738781 25 0
1634894795633 26 0
1634894922214 26 0
1634894979115 27 0
1634895105750 27 0
1634895162593 28 0
1634895289139 28 0
1634895346011 29 0
1634895472646 29 0
1634895529476 30 0
1634895655930 30 0
1634895714405 31 0
1634895840844 31 0
1634895897606 32 0
1634896024043 32 0
1634896080950 33 0
1634896207485 33 0
1634896264506 34 0
1634896391015 34 0
1634896447805 35 0
1634896574453 35 0
1634896631307 36 0
1634896757878 36 0
1634896814776 37 0
1634896941408 37 0
1634896998202 38 0
1634897124699 38 0
1634897181561 39 0
1634897308281 39 0
1634897365152 40 0
1634897491569 40 0
1634897550179 41 0
1634897676810 41 0
1634897733725 42 0
1634897860206 42 0
1634897917016 43 0
1634898043519 43 0
1634898100415 44 0
1634898226821 44 0
1634898283611 45 0
1634898410054 45 0
1634898466863 46 0
1634898593255 46 0
1634898650130 47 0
1634898776758 47 0
1634898833573 48 0
1634898960146 48 0
1634899016982 49 0
1634899143594 49 0
1634899200414 50 0
1634899326952 50 0
1634899385397 51 0
1634899511874 51 0
1634899568716 52 0
1634899695308 52 0
1634899752122 53 0
1634899878586 53 0
1634899935360 54 0
1634900061760 54 0
1634900118482 55 0
1634900244872 55 0
1634900301647 56 0
1634900428007 56 0
1634900484805 57 0
1634900611200 57 0
1634900667995 58 0
1634900794462 58 0
1634900851357 59 0
1634900977828 59 0
1634901034648 60 0
1634901161212 60 0
1634901219726 61 0
1634901346076 61 0
1634901402898 62 0
1634901529344 62 0
1634901586098 63 0
1634901712423 63 0
1634901769255 64 0
1634901895671 64 0
1634901952409 65 0
1634902078807 65 0
1634902135575 66 0
1634902261949 66 0
1634902318703 67 0
1634902445142 67 0
1634902501884 68 0
1634902628221 68 0
1634902684992 69 0
1634902811324 69 0
1634902868103 70 0
1634902994471 70 0
1634903053033 71 0
1634903179516 71 0
1634903236347 72 0
1634903362843 72 0
1634903419634 73 0
1634903546049 73 0
1634903602861 74 0
1634903729311 74 0
1634903786058 75 0
1634903912525 75 0
1634903969378 76 0
1634904095983 76 0
1634904152776 77 0
1634904279264 77 0
1634904336047 78 0
1634904462532 78 0
1634904519272 79 0
1634904645693 79 0
1634904702445 80 0
1634904828808 80 0
1634904887175 81 0
1634905013657 81 0
1634905070416 82 0
1634905196868 82 0
1634905253720 83 0
1634905380212 83 0
1634905437053 84 0
1634905563396 84 0
1634905620177 85 0
1634905746635 85 0
1634905803380 86 0
1634905929868 86 0
1634905986662 87 0
1634906113138 87 0
1634906169883 88 0
1634906296225 88 0
1634906352968 89 0
1634906479376 89 0
1634906536131 90 0
1634906662544 90 0
1634906721079 91 0
1634906847562 91 0
1634906904373 92 0
1634907030952 92 0
1634907087742 93 0
1634907214020 93 0
1634907270765 94 0
1634907397047 94 0
1634907453775 95 0
1634907580171 95 0
1634907636964 96 0
1634907763311 96 0
1634907819987 97 0
1634907946247 97 0
1634908002954 98 0
1634908129485 98 0
1634908186323 99 0
1634908312616 99 0
1634908369308 100 0
1634908495534 100 0
1634908553992 101 0
1634908680426 101 0
1634908737255 102 0
1634908863785 102 0
1634908920645 103 0
1634909047119 103 0
1634909103887 104 0
1634909230277 104 0
1634909287128 105 0
1634909413548 105 0
1634909470306 106 0
1634909596549 106 0
1634909653264 107 0
1634909779445 107 0
1634909836163 108 0
1634909962490 108 0
1634910019201 109 0
1634910145635 109 0
1634910202421 110 0
1634910328757 110 0
1634910387125 111 0
1634910513595 111 0
1634910570376 112 0
1634910696841 112 0
1634910753580 113 0
1634910880084 113 0
1634910936858 114 0
1634911063182 114 0
1634911120013 115 0
1634911246311 115 0
1634911303012 116 0
1634911429282 116 0
1634911485960 117 0
1634911612245 117 0
1634911669050 118 0
1634911795286 118 0
1634911852020 119 0
1634911978243 119 0
1634912034926 120 0
1634912161311 120 0
1634912219845 121 0
1634912346308 121 0
1634912403066 122 0
1634912529536 122 0
1634912586338 123 0
1634912712628 123 0
1634912769398 124 0
1634912895809 124 0
1634912952572 125 0
1634913078932 125 0
1634913135677 126 0
1634913262095 126 0
1634913318887 127 0
1634913445108 127 0
1634913501860 128 0
1634913628130 128 0
1634913684861 129 0
1634913811121 129 0
1634913867867 130 0
1634913994161 130 0
1634914052581 131 0
1634914178899 131 0
1634914235871 132 0
1634914362184 132 0
1634914418912 133 0
1634914545194 133 0
1634914601977 134 0
1634914728339 134 0
1634914785095 135 0
1634914911424 135 0
1634914968147 136 0
1634915094388 136 0
1634915151040 137 0
1634915277375 137 0
1634915334086 138 0
1634915460291 138 0
1634915516966 139 0
1634915643259 139 0
1634915700023 140 0
1634915826414 140 0
1634915884738 141 0
1634916010955 141 0
1634916067731 142 0
1634916194091 142 0
1634916250850 143 0
1634916377107 143 0
1634916433790 144 0
1634916560030 144 0
1634916616720 145 0
1634916742827 145 0
1634916799434 146 0
1634916925488 146 0
1634916982151 147 0
1634917108299 147 0
1634917164878 148 0
1634917290907 148 0
1634917347638 149 0
1634917473976 149 0
1634917530732 150 0
1634917657079 150 0
1634917715481 151 0
1634917841694 151 0
1634917898458 152 0
1634918024699 152 0
1634918081377 153 0
1634918207599 153 0
1634918264253 154 0
1634918390433 154 0
1634918447220 155 0
1634918573420 155 0
1634918630143 156 0
1634918756372 156 0
1634918813108 157 0
1634918939364 157 0
1634918996051 158 0
1634919122152 158 0
1634919178740 159 0
1634919305026 159 0
1634919361730 160 0
1634919487960 160 0
1634919546475 161 0
1634919672595 161 0
1634919729313 162 0
1634919855484 162 0
1634919912239 163 0
1634920038538 163 0
1634920095267 164 0
1634920221657 164 0
1634920278438 165 0
1634920404733 165 0
1634920461444 166 0
1634920587476 166 0
1634920644028 167 0
1634920770124 167 0
1634920826854 168 0
1634920953163 168 0
1634921009958 169 0
1634921136216 169 0
1634921192934 170 0
1634921319120 170 0
1634921377344 171 0
1634921503553 171 0
1634921560304 172 0
1634921686488 172 0
1634921743101 173 0
1634921869063 173 0
1634921925747 174 0
1634922052011 174 0
1634922108691 175 0
1634922235035 175 0
1634922291749 176 0
1634922418024 176 0
1634922474769 177 0
1634922601056 177 0
1634922657741 178 0
1634922784022 178 0
1634922840736 179 0
1634922967044 179 0
1634923023806 180 0
1634923150155 180 0
1634923208466 181 0
1634923334616 181 0
1634923391293 182 0
1634923517467 182 0
1634923574152 183 0
1634923700333 183 0
1634923756971 184 0
1634923883151 184 0
1634923939780 185 0
1634924065909 185 0
1634924122541 186 0
1634924248727 186 0
1634924305368 187 0
1634924431514 187 0
1634924488181 188 0
1634924614356 188 0
1634924671032 189 0
1634924797123 189 0
1634924853816 190 0
1634924979829 190 0
1634925038147 191 0
1634925164296 191 0
1634925220964 192 0
1634925347291 192 0
1634925403997 193 0
1634925530239 193 0
1634925586929 194 0
1634925713246 194 0
1634925769939 195 0
1634925896084 195 0
1634925952794 196 0
1634926079151 196 0
1634926135863 197 0
1634926262237 197 0
1634926318934 198 0
1634926445166 198 0
1634926501844 199 0
1634926628036 199 0
1634926684686 200 0
1634926810643 200 0
1634926869475 201 0
1634926995413 201 0
1634927052062 202 0
1634927178251 202 0
1634927234981 203 0
1634927361130 203 0
1634927417777 204 0
1634927544043 204 0
1634927600643 205 0
1634927726853 205 0
1634927783517 206 0
1634927909764 206 0
1634927966440 207 0
1634928092488 207 0
1634928149145 208 0
1634928275067 208 0
1634928331662 209 0
1634928457887 209 0
1634928514489 210 0
1634928640597 210 0
1634928699112 211 0
1634928825324 211 0
1634928882004 212 0
1634929008068 212 0
1634929064716 213 0
1634929190864 213 0
1634929247559 214 0
1634929373675 214 0
1634929430325 215 0
1634929556455 215 0
1634929613061 216 0
1634929739148 216 0
1634929795686 217 0
1634929921714 217 0
1634929978305 218 0
1634930104378 218 0
1634930161033 219 0
1634930287078 219 0
1634930343727 220 0
1634930469904 220 0
1634930528259 221 0
1634930654510 221 0
1634930711218 222 0
1634930837520 222 0
1634930894292 223 0
1634931020574 223 0
1634931077291 224 0
1634931203505 224 0
1634931260173 225 0
1634931386301 225 0
1634931442919 226 0
1634931569049 226 0
1634931625673 227 0
1634931751756 227 0
1634931808389 228 0
1634931936433 228 0
1634931993127 229 0
1634932119351 229 0
1634932176018 230 0
1634932302168 230 0
1634932360491 231 0
1634932486703 231 0
1634932543405 232 0
1634932669579 232 0
1634932726201 233 0
1634932852418 233 0
1634932909037 234 0
1634933035215 234 0
1634933091896 235 0
1634933218010 235 0
1634933274708 236 0
1634933400726 236 0
1634933457404 237 0
1634933583382 237 0
1634933640013 238 0
1634933765999 238 0
1634933822618 239 0
1634933948699 239 0
1634934005400 240 0
1634934131548 240 0
1634934189793 241 0
1634934315803 241 0
1634934372409 242 0
1634934498528 242 0
1634934555123 243 0
1634934681117 243 0
1634934737721 244 0
1634934863912 244 0
1634934920562 245 0
1634935046755 245 0
1634935103458 246 0
1634935229532 246 0
1634935286218 247 0
1634935412178 247 0
1634935468777 248 0
1634935594933 248 0
1634935651667 249 0
1634935777795 249 0
1634935834352 250 0
1634935960563 250 0
1634936018761 251 0
1634936144660 251 0
1634936201250 252 0
1634936327369 252 0
1634936383941 253 0
1634936510048 253 0
1634936566650 254 0
1634936692782 254 0
1634936749424 255 0
1634936875561 255 0
1634936932197 256 0
1634937058204 256 0
1634937114845 257 0
1634937241113 257 0
1634937297845 258 0
1634937424075 258 0
1634937480648 259 0
1634937606744 259 0
1634937663330 260 0
1634937789352 260 0
1634937847587 261 0
1634937973641 261 0
1634938030257 262 0
1634938156405 262 0
1634938213075 263 0
1634938339111 263 0
1634938395733 264 0
1634938521680 264 0
1634938578338 265 0
1634938704394 265 0
1634938761037 266 0
1634938887140 266 0
1634938943801 267 0
1634939069987 267 0
1634939126629 268 0
1634939252595 268 0
1634939309245 269 0
1634939435214 269 0
1634939491874 270 0
1634939618026 270 0
1634939676247 271 0
1634939802272 271 0
1634939858957 272 0
1634939984979 272 0
1634940041590 273 0
1634940167599 273 0
1634940224177 274 0
1634940350186 274 0
1634940406762 275 0
1634940532868 275 0
1634940589429 276 0
1634940715596 276 0
1634940772283 277 0
1634940898314 277 0
1634940954933 278 0
1634941080867 278 0
1634941137424 279 0
1634941263541 279 0
1634941320230 280 0
1634941446368 280 0
1634941504857 281 0
1634941630881 281 0
1634941687523 282 0
1634941813519 282 0
1634941870103 283 0
1634941996138 283 0
1634942052773 284 0
1634942178845 284 0
1634942235486 285 0
1634942361580 285 0
1634942418210 286 0
1634942544251 286 0
1634942600914 287 0
1634942727157 287 0
1634942783828 288 0
1634942909753 288 0
1634942966449 289 0
1634943092674 289 0
1634943149324 290 0
1634943275447 290 0
1634943333716 291 0
1634943459894 291 0
1634943516545 292 0
1634943642691 292 0
1634943699277 293 0
1634943825226 293 0
1634943881940 294 0
1634944008099 294 0
1634944064849 295 0
1634944190990 295 0
1634944247646 296 0
1634944373792 296 0
1634944430422 297 0
1634944556587 297 0
1634944613269 298 0
1634944739304 298 0
1634944795987 299 0
1634944922254 299 0
1634944978843 300 0
1634945105102 300 0
1634945163414 301 0
1634945289567 301 0
1634945346210 302 0
1634945472401 302 0
1634945529015 303 0
1634945655047 303 0
1634945711640 304 0
1634945837760 304 0
1634945894412 305 0
1634946020604 305 0
1634946077298 306 0
1634946203387 306 0
1634946260039 307 0
1634946386160 307 0
1634946442872 308 0
1634946568958 308 0
1634946625520 309 0
1634946751544 309 0
1634946808256 310 0
1634946934419 310 0
1634946992749 311 0
1634947119035 311 0
1634947175681 312 0
1634947301855 312 0
1634947358485 313 0
1634947484758 313 0
1634947541425 314 0
1634947667751 314 0
1634947724423 315 0
1634947850549 315 0
1634947907285 316 0
1634948033535 316 0
1634948090234 317 0
1634948216426 317 0
1634948273118 318 0
1634948399360 318 0
1634948456002 319 0
1634948582299 319 0
1634948638993 320 0
1634948765197 320 0
1634948823524 321 0
1634948949916 321 0
1634949006583 322 0
1634949132842 322 0
1634949189510 323 0
1634949315804 323 0
1634949372513 324 0
1634949498889 324 0
1634949555618 325 0
1634949681860 325 0
1634949738528 326 0
1634949864819 326 0
1634949921514 327 0
1634950047764 327 0
1634950104540 328 0
1634950230697 328 0
1634950287410 329 0
1634950413554 329 0
1634950470314 330 0
1634950596529 330 0
1634950654894 331 0
1634950781206 331 0
1634950838002 332 0
1634950964338 332 0
1634951021047 333 0
1634951147399 333 0
1634951204127 334 0
1634951330489 334 0
1634951387244 335 0
1634951513471 335 0
1634951570194 336 0
1634951696547 336 0
1634951753318 337 0
1634951879677 337 0
1634951936379 338 0
1634952062645 338 0
1634952119368 339 0
1634952245633 339 0
1634952302462 340 0
1634952428771 340 0
1634952487227 341 0
1634952613627 341 0
1634952670461 342 0
1634952796823 342 0
1634952853597 343 0
1634952979939 343 0
1634953036598 344 0
1634953162925 344 0
1634953219634 345 0
1634953345923 345 0
1634953402680 346 0
1634953529110 346 0
1634953585840 347 0
1634953712198 347 0
1634953768764 348 0
1634953895044 348 0
1634953951821 349 0
1634954078212 349 0
1634954134953 350 0
1634954261254 350 0
1634954319653 351 0
1634954445943 351 0
1634954502599 352 0
1634954628833 352 0
1634954685494 353 0
1634954811699 353 0
1634954868357 354 0
1634954994479 354 0
1634955051150 355 0
1634955177341 355 0
1634955233968 356 0
1634955360274 356 0
1634955416930 357 0
1634955543054 357 0
1634955599699 358 0
1634955725849 358 0
1634955782461 359 0
1634955908544 359 0
1634955965186 360 0
1634956091440 360 0
1634956150124 361 0
1634956276370 361 0
1634956333057 362 0
1634956459311 362 0
1634956516094 363 0
1634956642395 363 0
1634956699081 364 0
1634956825329 364 0
1634956882014 365 0
1634957008276 365 0
1634957065031 366 0
1634957191289 366 0
1634957248072 367 0
1634957374356 367 0
1634957431062 368 0
1634957557200 368 0
1634957613828 369 0
1634957740022 369 0
1634957796735 370 0
1634957922991 370 0
1634957981376 371 0
1634958107678 371 0
1634958164398 372 0
1634958290595 372 0
1634958347194 373 0
1634958473694 373 0
1634958530472 374 0
1634958656662 374 0
1634958713302 375 0
1634958839934 375 0
1634958897499 376 0
1634959023844 376 0
1634959080593 377 0
1634959206951 377 0
1634959263677 378 0
1634959389918 378 0
1634959446628 379 0
1634959572998 379 0
1634959629799 380 0
1634959756209 380 0
1634959814651 381 0
1634959941050 381 0
1634959997842 382 0
1634960124201 382 0
1634960180952 383 0
1634960307344 383 0
1634960364152 384 0
1634960490478 384 0
1634960547171 385 0
1634960673492 385 0
1634960730277 386 0
1634960856620 386 0
1634960913359 387 0
1634961039707 387 0
1634961096478 388 0
1634961222650 388 0
1634961279302 389 0
1634961405587 389 0
1634961462311 390 0
1634961588605 390 0
1634961646977 391 0
1634961773223 391 0
1634961829930 392 0
1634961956208 392 0
1634962012902 393 0
1634962139250 393 0
1634962196004 394 0
1634962322202 394 0
1634962378909 395 0
1634962505185 395 0
1634962561977 396 0
1634962688390 396 0
1634962745148 397 0
1634962871580 397 0
1634962928360 398 0
1634963054564 398 0
1634963111184 399 0
1634963237482 399 0
1634963294325 400 0
1634963420727 400 0
1634963479183 401 0
1634963605534 401 0
1634963662276 402 0
1634963788566 402 0
1634963845297 403 0
1634963971572 403 0
1634964028294 404 0
1634964154553 404 0
1634964211373 405 0
1634964337784 405 0
1634964394554 406 0
1634964520938 406 0
1634964577616 407 0
1634964703908 407 0
1634964760561 408 0
1634964886754 408 0
1634964943501 409 0
1634965069664 409 0
1634965126375 410 0
1634965252572 410 0
1634965310910 411 0
1634965437169 411 0
1634965493902 412 0
1634965620249 412 0
1634965676937 413 0
1634965803078 413 0
1634965859748 414 0
1634965985980 414 0
1634966042716 415 0
1634966168797 415 0
1634966225464 416 0
1634966351705 416 0
1634966408471 417 0
1634966534786 417 0
1634966591489 418 0
1634966717626 418 0
1634966774302 419 0
1634966900509 419 0
1634966957162 420 0
1634967083472 420 0
1634967141804 421 0
1634967268225 421 0
1634967325004 422 0
1634967451323 422 0
1634967508103 423 0
1634967634450 423 0
1634967691146 424 0
1634967817307 424 0
1634967874048 425 0
1634968000368 425 0
1634968057210 426 0
1634968183500 426 0
1634968240254 427 0
1634968366586 427 0
1634968423309 428 0
1634968549633 428 0
1634968606409 429 0
1634968732768 429 0
1634968789487 430 0
1634968915873 430 0
1634968974310 431 0
1634969100676 431 0
1634969157410 432 0
1634969283675 432 0
1634969340438 433 0
1634969466736 433 0
1634969523531 434 0
1634969649828 434 0
1634969706592 435 0
1634969832994 435 0
1634969889805 436 0
1634970016167 436 0
1634970072850 437 0
1634970199291 437 0
1634970256023 438 0
1634970382384 438 0
1634970439130 439 0
1634970565421 439 0
1634970622232 440 0
1634970748515 440 0
1634970806950 441 0
1634970933149 441 0
1634970989800 442 0
1634971115999 442 0
1634971172709 443 0
1634971298854 443 0
1634971355549 444 0
1634971481805 444 0
1634971538548 445 0
1634971664869 445 0
1634971721575 446 0
1634971847964 446 0
1634971904643 447 0
1634972030821 447 0
1634972087539 448 0
1634972213948 448 0
1634972270699 449 0
1634972397041 449 0
1634972453842 450 0
1634972580154 450 0
1634972639090 451 0
1634972765308 451 0
1634972822085 452 0
1634972948408 452 0
1634973005160 453 0
1634973131425 453 0
1634973188109 454 0
1634973314416 454 0
1634973371143 455 0
1634973497438 455 0
1634973554103 456 0
1634973680306 456 0
1634973737041 457 0
1634973863348 457 0
1634973920023 458 0
1634974046380 458 0
1634974103138 459 0
1634974229492 459 0
1634974286211 460 0
1634974412517 460 0
1634974470890 461 0
1634974597323 461 0
1634974654069 462 0
1634974780497 462 0
1634974837260 463 0
1634974963644 463 0
1634975020415 464 0
1634975146746 464 0
1634975203558 465 0
1634975329949 465 0
1634975386748 466 0
1634975513295 466 0
1634975570086 467 0
1634975696437 467 0
1634975753181 468 0
1634975879556 468 0
1634975936309 469 0
1634976062778 469 0
1634976119533 470 0
1634976246037 470 0
1634976304414 471 0
1634976430751 471 0
1634976487546 472 0
1634976614032 472 0
1634976670890 473 0
1634976797371 473 0
1634976854159 474 0
1634976980665 474 0
1634977037426 475 0
1634977163817 475 0
1634977220644 476 0
1634977347146 476 0
1634977403988 477 0
1634977530572 477 0
1634977587405 478 0
1634977713963 478 0
1634977770730 479 0
1634977897278 479 0
1634977954126 480 0
1634978080568 480 0
1634978139013 481 0
1634978265212 481 0
1634978321912 482 0
1634978448106 482 0
1634978504780 483 0
1634978630994 483 0
1634978687753 484 0
1634978814073 484 0
1634978870746 485 0
1634978996979 485 0
1634979053637 486 0
1634979179884 486 0
1634979236611 487 0
1634979362788 487 0
1634979419444 488 0
1634979545694 488 0
1634979602387 489 0
1634979728654 489 0
1634979785361 490 0
1634979911598 490 0
1634979969975 491 0
1634980096208 491 0
1634980152857 492 0
1634980279099 492 0
1634980335875 493 0
1634980462252 493 0
1634980519056 494 0
1634980645391 494 0
1634980702142 495 0
1634980828416 495 0
1634980885110 496 0
1634981011326 496 0
1634981068006 497 0
1634981194274 497 0
1634981250961 498 0
1634981377323 498 0
1634981434067 499 0
1634981560290 499 0
1634981616998 500 0
1634981743337 500 0
1634981801704 501 0
1634981927875 501 0
1634981984602 502 0
1634982110854 502 0
1634982167566 503 0
1634982293728 503 0
1634982350411 504 0
1634982476731 504 0
1634982533443 505 0
1634982659679 505 0
1634982716351 506 0
1634982842487 506 0
1634982899168 507 0
1634983025318 507 0
1634983081982 508 0
1634983208250 508 0
1634983265003 509 0
1634983391279 509 0
1634983447965 510 0
1634983574194 510 0
1634983632588 511 0
1634983758942 511 0
1634983815656 512 0
1634983941786 512 0
1634983998505 513 0
1634984124778 513 0
1634984181521 514 0
1634984307755 514 0
1634984364428 515 0
1634984490730 515 0
1634984547460 516 0
1634984673674 516 0
1634984730392 517 0
1634984856660 517 0
1634984913439 518 0
1634985039804 518 0
1634985096574 519 0
1634985222957 519 0
1634985279674 520 0
1634985405993 520 0
1634985464320 521 0
1634985590412 521 0
1634985647116 522 0
1634985773318 522 0
1634985830030 523 0
1634985956274 523 0
1634986013001 524 0
1634986139249 524 0
1634986195939 525 0
1634986322119 525 0
1634986378809 526 0
1634986505051 526 0
1634986561786 527 0
1634986688086 527 0
1634986744752 528 0
1634986871005 528 0
1634986927696 529 0
1634987054044 529 0
1634987110783 530 0
1634987237005 530 0
1634987295434 531 0
1634987421730 531 0
1634987478475 532 0
1634987604873 532 0
1634987661697 533 0
1634987788018 533 0
1634987844795 534 0
1634987971137 534 0
1634988027895 535 0
1634988154118 535 0
1634988210818 536 0
1634988337020 536 0
1634988393729 537 0
1634988520003 537 0
1634988576700 538 0
1634988702896 538 0
1634988759533 539 0
1634988885721 539 0
1634988942350 540 0
1634989068640 540 0
1634989127058 541 0
1634989253367 541 0
1634989310090 542 0
1634989436198 542 0
1634989492903 543 0
1634989619231 543 0
1634989675969 544 0
1634989802264 544 0
1634989859178 545 0
1634989985433 545 0
1634990042158 546 0
1634990168479 546 0
1634990225248 547 0
1634990351675 547 0
1634990408446 548 0
1634990534800 548 0
1634990591604 549 0
1634990718053 549 0
1634990774796 550 0
1634990901126 550 0
1634990959530 551 0
1634991085827 551 0
1634991142551 552 0
1634991268927 552 0
1634991325625 553 0
1634991451987 553 0
1634991508688 554 0
1634991635004 554 0
1634991691762 555 0
1634991818128 555 0
1634991874852 556 0
1634992001147 556 0
1634992057884 557 0
1634992184344 557 0
1634992241117 558 0
1634992367401 558 0
1634992424121 559 0
1634992550439 559 0
1634992607141 560 0
1634992733440 560 0
1634992791907 561 0
1634992918196 561 0
1634992974884 562 0
1634993101151 562 0
1634993157877 563 0
1634993284139 563 0
1634993340858 564 0
1634993467143 564 0
1634993523835 565 0
1634993650044 565 0
1634993706754 566 0
1634993833055 566 0
1634993889782 567 0
1634994016018 567 0
1634994072806 568 0
1634994199011 568 0
1634994255648 569 0
1634994381721 569 0
1634994438328 570 0
1634994564518 570 0
1634994623527 571 0
1634994749632 571 0
1634994806262 572 0
1634994932391 572 0
1634994989082 573 0
1634995115311 573 0
1634995172046 574 0
1634995298197 574 0
1634995354900 575 0
1634995481016 575 0
1634995537666 576 0
1634995663670 576 0
1634995720293 577 0
1634995846459 577 0
1634995903135 578 0
1634996029325 578 0
1634996085996 579 0
1634996212116 579 0
1634996268790 580 0
1634996394939 580 0
1634996453233 581 0
1634996579536 581 0
1634996636283 582 0
1634996762614 582 0
1634996819375 583 0
1634996945708 583 0
1634997002399 584 0
1634997128674 584 0
1634997185317 585 0
1634997311494 585 0
1634997368116 586 0
1634997494350 586 0
1634997551054 587 0
1634997677312 587 0
1634997734098 588 0
1634997860375 588 0
1634997917495 589 0
1634998043827 589 0
1634998100486 590 0
1634998226626 590 0
1634998285007 591 0
1634998411240 591 0
1634998467966 592 0
1634998594234 592 0
1634998650965 593 0
1634998777215 593 0
1634998833912 594 0
1634998960065 594 0
1634999016773 595 0
1634999143045 595 0
1634999199749 596 0
1634999325899 596 0
1634999382567 597 0
1634999508898 597 0
1634999565561 598 0
1634999691789 598 0
1634999748415 599 0
1634999874505 599 0
1634999931149 600 0
1635000057319 600 0
1635000115680 601 0
1635000241898 601 0
1635000298567 602 0
1635000424715 602 0
1635000481379 603 0
1635000607413 603 0
1635000664034 604 0
1635000790082 604 0
1635000846650 605 0
1635000972578 605 0
1635001029186 606 0
1635001155308 606 0
1635001212028 607 0
1635001338231 607 0
1635001394852 608 0
1635001520909 608 0
1635001577544 609 0
1635001703722 609 0
1635001760360 610 0
1635001886463 610 0
1635001944768 611 0
1635002070813 611 0
1635002127456 612 0
1635002253604 612 0
1635002310174 613 0
1635002436085 613 0
1635002492776 614 0
1635002618953 614 0
1635002675605 615 0
1635002801814 615 0
1635002858477 616 0
1635002984803 616 0
1635003041589 617 0
1635003167794 617 0
1635003224557 618 0
1635003350690 618 0
1635003407394 619 0
1635003533563 619 0
1635003590189 620 0
1635003716417 620 0
1635003774716 621 0
1635003900827 621 0
1635003957472 622 0
1635004083525 622 0
1635004140097 623 0
1635004266382 623 0
1635004323056 624 0
1635004449253 624 0
1635004505917 625 0
1635004631940 625 0
1635004688558 626 0
1635004814600 626 0
1635004871286 627 0
1635004997309 627 0
1635005053866 628 0
1635005180072 628 0
1635005236776 629 0
1635005362968 629 0
1635005419559 630 0
1635005545587 630 0
1635005603876 631 0
1635005729868 631 0
1635005786513 632 0
1635005912552 632 0
1635005969240 633 0
1635006095330 633 0
1635006151866 634 0
1635006277904 634 0
1635006334616 635 0
1635006460807 635 0
1635006517545 636 0
1635006643698 636 0
1635006700402 637 0
1635006826461 637 0
1635006883108 638 0
1635007009184 638 0
1635007065793 639 0
1635007191865 639 0
1635007248549 640 0
1635007374670 640 0
1635007432989 641 0
1635007559136 641 0
1635007615821 642 0
1635007742083 642 0
1635007798807 643 0
1635007924946 643 0
1635007981664 644 0
1635008107619 644 0
1635008164283 645 0
1635008290458 645 0
1635008347089 646 0
1635008473387 646 0
1635008530105 647 0
1635008656420 647 0
1635008713203 648 0
1635008839526 648 0
1635008896345 649 0
1635009022557 649 0
1635009079259 650 0
1635009205532 650 0
1635009263869 651 0
1635009389947 651 0
1635009446545 652 0
1635009572611 652 0
1635009629165 653 0
1635009755248 653 0
1635009811837 654 0
1635009937882 654 0
1635009994505 655 0
1635010120734 655 0
1635010177383 656 0
1635010303574 656 0
1635010360214 657 0
1635010486266 657 0
1635010542945 658 0
1635010669013 658 0
1635010725677 659 0
1635010851755 659 0
1635010908414 660 0
1635011034507 660 0
1635011092793 661 0
1635011218957 661 0
1635011275678 662 0
1635011401844 662 0
1635011458511 663 0
1635011584635 663 0
1635011641275 664 0
1635011767374 664 0
1635011824014 665 0
1635011950160 665 0
1635012006803 666 0
1635012133045 666 0
1635012189744 667 0
1635012316009 667 0
1635012372699 668 0
1635012499031 668 0
1635012555758 669 0
1635012681973 669 0
1635012738657 670 0
1635012864788 670 0
1635012923153 671 0
1635013049246 671 0
1635013105877 672 0
1635013232040 672 0
1635013288704 673 0
1635013414978 673 0
1635013471701 674 0
1635013597992 674 0
1635013654700 675 0
1635013780890 675 0
1635013837595 676 0
1635013963956 676 0
1635014020635 677 0
1635014146845 677 0
1635014203563 678 0
1635014329860 678 0
1635014386513 679 0
1635014512770 679 0
1635014569410 680 0
1635014695521 680 0
1635014753777 681 0
1635014879886 681 0
1635014936524 682 0
1635015062631 682 0
1635015119250 683 0
1635015245398 683 0
1635015301952 684 0
1635015428022 684 0
1635015484733 685 0
1635015610811 685 0
1635015667490 686 0
1635015793483 686 0
1635015850119 687 0
1635015976299 687 0
1635016032915 688 0
1635016158978 688 0
1635016215641 689 0
1635016341727 689 0
1635016398332 690 0
1635016524397 690 0
1635016582795 691 0
1635016708955 691 0
1635016765640 692 0
1635016891745 692 0
1635016948422 693 0
1635017074582 693 0
1635017131272 694 0
1635017257374 694 0
1635017314079 695 0
1635017440301 695 0
1635017496967 696 0
1635017623173 696 0
1635017679785 697 0
1635017805899 697 0
1635017862571 698 0
1635017988733 698 0
1635018047576 699 0
1635018173696 699 0
1635018230378 700 0
1635018356545 700 0
1635018414826 701 0
1635018541056 701 0
1635018597682 702 0
1635018723857 702 0
1635018780496 703 0
1635018906655 703 0
1635018963310 704 0
1635019089401 704 0
1635019146087 705 0
1635019272364 705 0
1635019329048 706 0
1635019455207 706 0
1635019511898 707 0
1635019638118 707 0
1635019694875 708 0
1635019821067 708 0
1635019877726 709 0
1635020003848 709 0
1635020060485 710 0
1635020186707 710 0
1635020245002 711 0
1635020371128 711 0
1635020427769 712 0
1635020553883 712 0
1635020610500 713 0
1635020736566 713 0
1635020793150 714 0
1635020919176 714 0
1635020975807 715 0
1635021101958 715 0
1635021158598 716 0
1635021284784 716 0
1635021341423 717 0
1635021467381 717 0
1635021524058 718 0
1635021650247 718 0
1635021706882 719 0
1635021832952 719 0
1635021889537 720 0
1635022015557 720 0
1635022074780 721 0
1635022200711 721 0
1635022257262 722 0
1635022383231 722 0
1635022439758 723 0
1635022565753 723 0
1635022622331 724 0
1635022748414 724 0
1635022805051 725 0
1635022931252 725 0
1635022987920 726 0
1635023113967 726 0
1635023170632 727 0
1635023296752 727 0
1635023353407 728 0
1635023479608 728 0
1635023536278 729 0
1635023662341 729 0
1635023719002 730 0
1635023845169 730 0
1635023903484 731 0
1635024029534 731 0
1635024086159 732 0
1635024212148 732 0
1635024268767 733 0
1635024395012 733 0
1635024451654 734 0
1635024577686 734 0
1635024634337 735 0
1635024760410 735 0
1635024817009 736 0
1635024942919 736 0
1635024999446 737 0
1635025125361 737 0
1635025181922 738 0
1635025307830 738 0
1635025364448 739 0
1635025490559 739 0
1635025547161 740 0
1635025673205 740 0
1635025731471 741 0
1635025857659 741 0
1635025914240 742 0
1635026040205 742 0
1635026096790 743 0
1635026222888 743 0
1635026279540 744 0
1635026405744 744 0
1635026462495 745 0
1635026588605 745 0
1635026645270 746 0
1635026771222 746 0
1635026827797 747 0
1635026953929 747 0
1635027010587 748 0
1635027136657 748 0
1635027193317 749 0
1635027319310 749 0
1635027375906 750 0
1635027501838 750 0
1635027560028 751 0
1635027686045 751 0
1635027742652 752 0
1635027868676 752 0
1635027925226 753 0
1635028051215 753 0
1635028107826 754 0
1635028233881 754 0
1635028290473 755 0
1635028416537 755 0
1635028473136 756 0
1635028599122 756 0
1635028655726 757 0
1635028781779 757 0
1635028838313 758 0
1635028964397 758 0
1635029021014 759 0
1635029147017 759 0
1635029203635 760 0
1635029329746 760 0
1635029388045 761 0
1635029513961 761 0
1635029570547 762 0
1635029696494 762 0
1635029753098 763 0
1635029879070 763 0
1635029935675 764 0
1635030061772 764 0
1635030118367 765 0
1635030244404 765 0
1635030301002 766 0
1635030427081 766 0
1635030483679 767 0
1635030609642 767 0
1635030666252 768 0
1635030792290 768 0
1635030848941 769 0
1635030974967 769 0
1635031031643 770 0
1635031157680 770 0
1635031215914 771 0
1635031341947 771 0
1635031398580 772 0
1635031524633 772 0
1635031581274 773 0
1635031707448 773 0
1635031764052 774 0
1635031890107 774 0
1635031946706 775 0
1635032072883 775 0
1635032129538 776 0
1635032255595 776 0
1635032312265 777 0
1635032438344 777 0
1635032495048 778 0
1635032621167 778 0
1635032677843 779 0
1635032803972 779 0
1635032860598 780 0
1635032986751 780 0
1635033045063 781 0
1635033171151 781 0
1635033227823 782 0
1635033354117 782 0
1635033410881 783 0
1635033537142 783 0
1635033593825 784 0
1635033720192 784 0
1635033776932 785 0
1635033903189 785 0
1635033959941 786 0
1635034086212 786 0
1635034142948 787 0
1635034269196 787 0
1635034325852 788 0
1635034451913 788 0
1635034508542 789 0
1635034634713 789 0
1635034691364 790 0
1635034817426 790 0
1635034875685 791 0
1635035001905 791 0
1635035058598 792 0
1635035184914 792 0
1635035241616 793 0
1635035367848 793 0
1635035424635 794 0
1635035551006 794 0
1635035607698 795 0
1635035733952 795 0
1635035790626 796 0
1635035916789 796 0
1635035973469 797 0
1635036099701 797 0
1635036156372 798 0
1635036282587 798 0
1635036339266 799 0
1635036465412 799 0
1635036522112 800 0
1635036648299 800 0
1635036706683 801 0
1635036832824 801 0
1635036889435 802 0
1635037015643 802 0
1635037072326 803 0
1635037198450 803 0
1635037255117 804 0
1635037381222 804 0
1635037437899 805 0
1635037564006 805 0
1635037620639 806 0
1635037746747 806 0
1635037803382 807 0
1635037929440 807 0
1635037986114 808 0
1635038112312 808 0
1635038168940 809 0
1635038295065 809 0
1635038351694 810 0
1635038477738 810 0
1635038536082 811 0
1635038662354 811 0
1635038719034 812 0
1635038845159 812 0
1635038901912 813 0
1635039028132 813 0
1635039084781 814 0
1635039211025 814 0
1635039267731 815 0
1635039394053 815 0
1635039450757 816 0
1635039576955 816 0
1635039633659 817 0
1635039759912 817 0
1635039816583 818 0
1635039942795 818 0
1635039999485 819 0
1635040125795 819 0
1635040182541 820 0
1635040308765 820 0
1635040367160 821 0
1635040493346 821 0
1635040550072 822 0
1635040676228 822 0
1635040732903 823 0
1635040859146 823 0
1635040915821 824 0
1635041042023 824 0
1635041098705 825 0
1635041224838 825 0
1635041281626 826 0
1635041407730 826 0
1635041464445 827 0
1635041590653 827 0
1635041647340 828 0
1635041773499 828 0
1635041830173 829 0
1635041956355 829 0
1635042013059 830 0
1635042139294 830 0
1635042197580 831 0
1635042323712 831 0
1635042380423 832 0
1635042506686 832 0
1635042563347 833 0
1635042689619 833 0
1635042746318 834 0
1635042872502 834 0
1635042929178 835 0
1635043055399 835 0
1635043112078 836 0
1635043238248 836 0
1635043294910 837 0
1635043420984 837 0
1635043477653 838 0
1635043603787 838 0
1635043660409 839 0
1635043786586 839 0
1635043843298 840 0
1635043969491 840 0
1635044027842 841 0
1635044153971 841 0
1635044210712 842 0
1635044337037 842 0
1635044393810 843 0
1635044520164 843 0
1635044576915 844 0
1635044703160 844 0
1635044759786 845 0
1635044886269 845 0
1635044943189 846 0
1635045069419 846 0
1635045126100 847 0
1635045252268 847 0
1635045308962 848 0
1635045435151 848 0
1635045491818 849 0
1635045618097 849 0
1635045674813 850 0
1635045801091 850 0
1635045859508 851 0
1635045985757 851 0
1635046042454 852 0
1635046168632 852 0
1635046225285 853 0
1635046351476 853 0
1635046408176 854 0
1635046534427 854 0
1635046591149 855 0
1635046717492 855 0
1635046774181 856 0
1635046900422 856 0
1635046957121 857 0
1635047083206 857 0
1635047139863 858 0
1635047266029 858 0
1635047322720 859 0
1635047448926 859 0
1635047505609 860 0
1635047631825 860 0
1635047690113 861 0
1635047816260 861 0
1635047872922 862 0
1635047998949 862 0
1635048055581 863 0
1635048181797 863 0
1635048238502 864 0
1635048364631 864 0
1635048421318 865 0
1635048547589 865 0
1635048604296 866 0
1635048730433 866 0
1635048787077 867 0
1635048913188 867 0
1635048969858 868 0
1635049096151 868 0
1635049152816 869 0
1635049278873 869 0
1635049335436 870 0
1635049461657 870 0
1635049520034 871 0
1635049646337 871 0
1635049703188 872 0
1635049829603 872 0
1635049886354 873 0
1635050012774 873 0
1635050069558 874 0
1635050195896 874 0
1635050252627 875 0
1635050378928 875 0
1635050435615 876 0
1635050561778 876 0
1635050618511 877 0
1635050744754 877 0
1635050801477 878 0
1635050927755 878 0
1635050984462 879 0
1635051110657 879 0
1635051167432 880 0
1635051293666 880 0
1635051352003 881 0
1635051478199 881 0
1635051534885 882 0
1635051661150 882 0
1635051717845 883 0
1635051843964 883 0
1635051900591 884 0
1635052026827 884 0
1635052083533 885 0
1635052209699 885 0
1635052266324 886 0
1635052392548 886 0
1635052449244 887 0
1635052575458 887 0
1635052632083 888 0
1635052758080 888 0
1635052814714 889 0
1635052940888 889 0
1635052997484 890 0
1635053123564 890 0
1635053181852 891 0
1635053308085 891 0
1635053364693 892 0
1635053490926 892 0
1635053547613 893 0
1635053673851 893 0
1635053730510 894 0
1635053856695 894 0
1635053913384 895 0
1635054039653 895 0
1635054096363 896 0
1635054222570 896 0
1635054279205 897 0
1635054405415 897 0
1635054462082 898 0
1635054588246 898 0
1635054644974 899 0
1635054771154 899 0
1635054827843 900 0
1635054954076 900 0
1635055012489 901 0
1635055138828 901 0
1635055195453 902 0
1635055321749 902 0
1635055378554 903 0
1635055504886 903 0
1635055561687 904 0
1635055688097 904 0
1635055744847 905 0
1635055871311 905 0
1635055928043 906 0
1635056054379 906 0
1635056111130 907 0
1635056237496 907 0
1635056294225 908 0
1635056420639 908 0
1635056477444 909 0
1635056603791 909 0
1635056660433 910 0
1635056786664 910 0
1635056846285 911 0
1635056972380 911 0
1635057029147 912 0
1635057155264 912 0
1635057211935 913 0
1635057338166 913 0
1635057394797 914 0
1635057520963 914 0
1635057577564 915 0
1635057703686 915 0
1635057760322 916 0
1635057886565 916 0
1635057943269 917 0
1635058069582 917 0
1635058126406 918 0
1635058252688 918 0
1635058309404 919 0
1635058435527 919 0
1635058492221 920 0
1635058618375 920 0
1635058676674 921 0
1635058802757 921 0
1635058859310 922 0
1635058985287 922 0
1635059041972 923 0
1635059168186 923 0
1635059224919 924 0
1635059351256 924 0
1635059407968 925 0
1635059534212 925 0
1635059590937 926 0
1635059717141 926 0
1635059773795 927 0
1635059899901 927 0
1635059956606 928 0
1635060082815 928 0
1635060139403 929 0
1635060265494 929 0
1635060322237 930 0
1635060448466 930 0
1635060506811 931 0
1635060633021 931 0
1635060689683 932 0
1635060815904 932 0
1635060872590 933 0
1635060998793 933 0
1635061055538 934 0
1635061181824 934 0
1635061238551 935 0
1635061364790 935 0
1635061421477 936 0
1635061547702 936 0
1635061604416 937 0
1635061730619 937 0
1635061787320 938 0
1635061913689 938 0
1635061970391 939 0
1635062096519 939 0
1635062153236 940 0
1635062279472 940 0
1635062337814 941 0
1635062464204 941 0
1635062520989 942 0
1635062647243 942 0
1635062703985 943 0
1635062830234 943 0
1635062886971 944 0
1635063013196 944 0
1635063069925 945 0
1635063196248 945 0
1635063253000 946 0
1635063379352 946 0
1635063436051 947 0
1635063562203 947 0
1635063618906 948 0
1635063745195 948 0
1635063801825 949 0
1635063928154 949 0
1635063984936 950 0
1635064111272 950 0
1635064169682 951 0
1635064296055 951 0
1635064352854 952 0
1635064479165 952 0
1635064535908 953 0
1635064662158 953 0
1635064718929 954 0
1635064845236 954 0
1635064901990 955 0
1635065028423 955 0
1635065085187 956 0
1635065211469 956 0
1635065268178 957 0
1635065394475 957 0
1635065451228 958 0
1635065577586 958 0
1635065634291 959 0
1635065760701 959 0
1635065817503 960 0
1635065943863 960 0
1635066002341 961 0
1635066128694 961 0
1635066185390 962 0
1635066311519 962 0
1635066368244 963 0
1635066494483 963 0
1635066551207 964 0
1635066677459 964 0
1635066734127 965 0
1635066860265 965 0
1635066916939 966 0
1635067042984 966 0
1635067099636 967 0
1635067225862 967 0
1635067282561 968 0
1635067408769 968 0
1635067465470 969 0
1635067591651 969 0
1635067648278 970 0
1635067774376 970 0
1635067832772 971 0
1635067958923 971 0
1635068015603 972 0
1635068141843 972 0
1635068198493 973 0
1635068324669 973 0
1635068381267 974 0
1635068507413 974 0
1635068563994 975 0
1635068690026 975 0
1635068746724 976 0
1635068872835 976 0
1635068929500 977 0
1635069055598 977 0
1635069112289 978 0
1635069238459 978 0
1635069295019 979 0
1635069421087 979 0
1635069477763 980 0
1635069603907 980 0
1635069662285 981 0
1635069788425 981 0
1635069845073 982 0
1635069971325 982 0
1635070027974 983 0
1635070154231 983 0
1635070210897 984 0
1635070337075 984 0
1635070393723 985 0
1635070519785 985 0
1635070576516 986 0
1635070702644 986 0
1635070759288 987 0
1635070885435 987 0
1635070942140 988 0
1635071068376 988 0
1635071125121 989 0
1635071251413 989 0
1635071308148 990 0
1635071434494 990 0
1635071492842 991 0
1635071618997 991 0
1635071675725 992 0
1635071801907 992 0
1635071858548 993 0
1635071984738 993 0
1635072041432 994 0
1635072167560 994 0
1635072224234 995 0
1635072350399 995 0
1635072407045 996 0
1635072533251 996 0
1635072589941 997 0
1635072716095 997 0
1635072772747 998 0
1635072898779 998 0
1635072955434 999 0
1635073081566 999 0
1635073138248 1000 0
1635073264562 1000 0
1635073322856 1001 0
1635073449115 1001 0
1635073505838 1002 0
1635073632059 1002 0
1635073688733 1003 0
1635073814845 1003 0
1635073871484 1004 0
1635073997494 1004 0
1635074054144 1005 0
1635074180361 1005 0
1635074237033 1006 0
1635074363229 1006 0
1635074419975 1007 0
1635074546058 1007 0
1635074602664 1008 0
1635074728764 1008 0
1635074785411 1009 0
1635074911601 1009 0
1635074968246 1010 0
1635075094421 1010 0
1635075152795 1011 0
1635075279076 1011 0
1635075335727 1012 0
1635075461844 1012 0
1635075518472 1013 0
1635075644612 1013 0
1635075701289 1014 0
1635075827438 1014 0
1635075884132 1015 0
1635076010331 1015 0
1635076066953 1016 0
1635076193184 1016 0
1635076249936 1017 0
1635076376060 1017 0
1635076432770 1018 0
1635076559012 1018 0
1635076615549 1019 0
1635076741516 1019 0
1635076798153 1020 0
1635076924282 1020 0
1635076982554 1021 0
1635077108649 1021 0
1635077165278 1022 0
1635077291446 1022 0
1635077347980 1023 0
1635077473993 1023 0
1635077530667 1024 0
1635077656725 1024 0
1635077713289 1025 0
1635077839303 1025 0
1635077895899 1026 0
1635078021989 1026 0
1635078078617 1027 0
1635078204627 1027 0
1635078261208 1028 0
1635078387353 1028 0
1635078444001 1029 0
1635078570062 1029 0
1635078626713 1030 0
1635078752731 1030 0
1635078810962 1031 0
1635078937185 1031 0
1635078993898 1032 0
1635079120148 1032 0
1635079176777 1033 0
1635079303005 1033 0
1635079359656 1034 0
1635079485847 1034 0
1635079542528 1035 0
1635079668528 1035 0
1635079725279 1036 0
1635079851394 1036 0
1635079908046 1037 0
1635080034059 1037 0
1635080090640 1038 0
1635080216786 1038 0
1635080273457 1039 0
1635080399556 1039 0
1635080456181 1040 0
1635080582265 1040 0
1635080640541 1041 0
1635080766610 1041 0
1635080823205 1042 0
1635080949152 1042 0
1635081005811 1043 0
1635081131834 1043 0
1635081188460 1044 0
1635081314472 1044 0
1635081371159 1045 0
1635081497251 1045 0
1635081553820 1046 0
1635081679825 1046 0
1635081736388 1047 0
1635081862425 1047 0
1635081919056 1048 0
1635082045154 1048 0
1635082101833 1049 0
1635082227987 1049 0
1635082284656 1050 0
1635082410798 1050 0
1635082469096 1051 0
1635082595152 1051 0
1635082651788 1052 0
1635082777827 1052 0
1635082834434 1053 0
1635082960456 1053 0
1635083017112 1054 0
1635083143079 1054 0
1635083199680 1055 0
1635083325758 1055 0
1635083382354 1056 0
1635083508263 1056 0
1635083564861 1057 0
1635083690949 1057 0
1635083747581 1058 0
1635083873711 1058 0
1635083930273 1059 0
1635084056399 1059 0
1635084113016 1060 0
1635084239028 1060 0
1635084297353 1061 0
1635084423489 1061 0
1635084480199 1062 0
1635084606416 1062 0
1635084663140 1063 0
1635084789252 1063 0
1635084845867 1064 0
1635084972015 1064 0
1635085028716 1065 0
1635085154822 1065 0
1635085211439 1066 0
1635085337515 1066 0
1635085394139 1067 0
1635085520094 1067 0
1635085576695 1068 0
1635085702674 1068 0
1635085759264 1069 0
1635085885343 1069 0
1635085941888 1070 0
1635086067944 1070 0
1635086126207 1071 0
1635086252346 1071 0
1635086308973 1072 0
1635086435046 1072 0
1635086491744 1073 0
1635086617815 1073 0
1635086674472 1074 0
1635086800606 1074 0
1635086857250 1075 0
1635086983500 1075 0
1635087040119 1076 0
1635087166118 1076 0
1635087222755 1077 0
1635087348939 1077 0
1635087405532 1078 0
1635087531583 1078 0
1635087588288 1079 0
1635087714361 1079 0
1635087770953 1080 0
1635087897143 1080 0
1635087955420 1081 0
1635088081362 1081 0
1635088138056 1082 0
1635088264173 1082 0
1635088320901 1083 0
1635088447025 1083 0
1635088503634 1084 0
1635088629690 1084 0
1635088686352 1085 0
1635088812325 1085 0
1635088868979 1086 0
1635088995112 1086 0
1635089051752 1087 0
1635089177759 1087 0
1635089234391 1088 0
1635089360592 1088 0
1635089417301 1089 0
1635089543496 1089 0
1635089600190 1090 0
1635089726391 1090 0
1635089784753 1091 0
1635089910936 1091 0
1635089967645 1092 0
1635090093779 1092 0
1635090150424 1093 0
1635090276613 1093 0
1635090333258 1094 0
1635090459405 1094 0
1635090516208 1095 0
1635090642499 1095 0
1635090699143 1096 0
1635090825131 1096 0
1635090881786 1097 0
1635091007875 1097 0
1635091064460 1098 0
1635091190458 1098 0
1635091247115 1099 0
1635091373164 1099 0
1635091429859 1100 0
1635091556046 1100 0
1635091614416 1101 0
1635091740608 1101 0
1635091797266 1102 0
1635091923295 1102 0
1635091979911 1103 0
1635092105862 1103 0
1635092162486 1104 0
1635092288492 1104 0
1635092345068 1105 0
1635092471093 1105 0
1635092527677 1106 0
1635092653611 1106 0
1635092710164 1107 0
1635092836152 1107 0
1635092892791 1108 0
1635093018933 1108 0
1635093075596 1109 0
1635093201659 1109 0
1635093258244 1110 0
1635093384231 1110 0
1635093442494 1111 0
1635093568562 1111 0
1635093625183 1112 0
1635093751203 1112 0
1635093807847 1113 0
1635093933895 1113 0
1635093990524 1114 0
1635094116696 1114 0
1635094173326 1115 0
1635094299425 1115 0
1635094356023 1116 0
1635094482156 1116 0
1635094538761 1117 0
1635094664860 1117 0
1635094721538 1118 0
1635094847734 1118 0
1635094904366 1119 0
1635095030454 1119 0
1635095087074 1120 0
1635095213369 1120 0
1635095271751 1121 0
1635095397924 1121 0
1635095454592 1122 0
1635095580623 1122 0
1635095637300 1123 0
1635095763252 1123 0
1635095819896 1124 0
1635095945955 1124 0
1635096002632 1125 0
1635096128776 1125 0
1635096185440 1126 0
1635096311546 1126 0
1635096368170 1127 0
1635096494259 1127 0
1635096550868 1128 0
1635096677155 1128 0
1635096733840 1129 0
1635096860016 1129 0
1635096916685 1130 0
1635097042904 1130 0
1635097101251 1131 0
1635097227429 1131 0
1635097284082 1132 0
1635097410282 1132 0
1635097466973 1133 0
1635097593124 1133 0
1635097649740 1134 0
1635097775849 1134 0
1635097832494 1135 0
1635097958534 1135 0
1635098015169 1136 0
1635098141273 1136 0
1635098197918 1137 0
1635098324053 1137 0
1635098380691 1138 0
1635098506694 1138 0
1635098563361 1139 0
1635098689486 1139 0
1635098746127 1140 0
1635098872254 1140 0
1635098930694 1141 0
1635099056792 1141 0
1635099113421 1142 0
1635099239441 1142 0
1635099296034 1143 0
1635099422340 1143 0
1635099478991 1144 0
1635099605053 1144 0
1635099661627 1145 0
1635099787749 1145 0
1635099844450 1146 0
1635099970531 1146 0
1635100027126 1147 0
1635100153354 1147 0
1635100209938 1148 0
1635100335955 1148 0
1635100392527 1149 0
1635100518601 1149 0
1635100575268 1150 0
1635100701457 1150 0
1635100761343 1151 0
1635100887612 1151 0
1635100944306 1152 0
1635101070544 1152 0
1635101127215 1153 0
1635101253494 1153 0
1635101310250 1154 0
1635101436461 1154 0
1635101493137 1155 0
1635101619396 1155 0
1635101676144 1156 0
1635101802347 1156 0
1635101858970 1157 0
1635101985119 1157 0
1635102041960 1158 0
1635102168175 1158 0
1635102224893 1159 0
1635102350995 1159 0
1635102407561 1160 0
1635102533704 1160 0
1635102591991 1161 0
1635102718092 1161 0
1635102774733 1162 0
1635102900804 1162 0
1635102957667 1163 0
1635103085577 1163 0
1635103142172 1164 0
1635103268299 1164 0
1635103324945 1165 0
1635103451024 1165 0
1635103507661 1166 0
1635103633777 1166 0
1635103690393 1167 0
1635103816599 1167 0
1635103873295 1168 0
1635103999533 1168 0
1635104056193 1169 0
1635104182342 1169 0
1635104238979 1170 0
1635104365131 1170 0
1635104423464 1171 0
1635104549530 1171 0
1635104606162 1172 0
1635104732274 1172 0
1635104788936 1173 0
1635104915072 1173 0
1635104971662 1174 0
1635105097767 1174 0
1635105154434 1175 0
1635105280534 1175 0
1635105337129 1176 0
1635105463098 1176 0
1635105519762 1177 0
1635105645904 1177 0
1635105702559 1178 0
1635105828649 1178 0
1635105885242 1179 0
1635106011233 1179 0
1635106067864 1180 0
1635106194029 1180 0
1635106252310 1181 0
1635106378405 1181 0
1635106435074 1182 0
1635106561253 1182 0
1635106617946 1183 0
1635106744057 1183 0
1635106800710 1184 0
1635106926802 1184 0
1635106983410 1185 0
1635107109505 1185 0
1635107166125 1186 0
1635107292198 1186 0
1635107348886 1187 0
1635107475040 1187 0
1635107531658 1188 0
1635107657720 1188 0
1635107714367 1189 0
1635107840415 1189 0
1635107897004 1190 0
1635108023014 1190 0
1635108081247 1191 0
1635108207229 1191 0
1635108263865 1192 0
1635108389979 1192 0
1635108446585 1193 0
1635108572627 1193 0
1635108629403 1194 0
1635108755365 1194 0
1635108811972 1195 0
1635108937921 1195 0
1635108994500 1196 0
1635109120593 1196 0
1635109177141 1197 0
1635109303135 1197 0
1635109359706 1198 0
1635109485629 1198 0
1635109542290 1199 0
1635109668534 1199 0
1635109725243 1200 0
1635109851467 1200 0
1635109909737 1201 0
1635110035841 1201 0
1635110092510 1202 0
1635110218735 1202 0
1635110275425 1203 0
1635110401558 1203 0
1635110458157 1204 0
1635110584249 1204 0
1635110640945 1205 0
1635110767186 1205 0
1635110823819 1206 0
1635110949930 1206 0
1635111006523 1207 0
1635111132582 1207 0
1635111189140 1208 0
1635111315067 1208 0
1635111371630 1209 0
1635111497586 1209 0
1635111554122 1210 0
1635111680055 1210 0
1635111738347 1211 0
1635111864221 1211 0
1635111920821 1212 0
1635112046913 1212 0
1635112103620 1213 0
1635112229641 1213 0
1635112286311 1214 0
1635112412309 1214 0
1635112468844 1215 0
1635112594957 1215 0
1635112651592 1216 0
1635112777638 1216 0
1635112834338 1217 0
1635112960292 1217 0
1635113016874 1218 0
1635113142969 1218 0
1635113199661 1219 0
1635113325878 1219 0
1635113382470 1220 0
1635113508488 1220 0
1635113566781 1221 0
1635113692863 1221 0
1635113749513 1222 0
1635113875574 1222 0
1635113932175 1223 0
1635114058118 1223 0
1635114114739 1224 0
1635114240683 1224 0
1635114297274 1225 0
1635114423300 1225 0
1635114479944 1226 0
1635114606066 1226 0
1635114662836 1227 0
1635114788942 1227 0
1635114845557 1228 0
1635114971661 1228 0
1635115028229 1229 0
1635115154309 1229 0
1635115210941 1230 0
1635115336869 1230 0
1635115395176 1231 0
1635115521255 1231 0
1635115577918 1232 0
1635115704115 1232 0
1635115760775 1233 0
1635115887020 1233 0
1635115943662 1234 0
1635116069760 1234 0
1635116126443 1235 0
1635116252593 1235 0
1635116309325 1236 0
1635116435549 1236 0
1635116492214 1237 0
1635116618453 1237 0
1635116675199 1238 0
1635116801358 1238 0
1635116858003 1239 0
1635116984262 1239 0
1635117040899 1240 0
1635117167036 1240 0
1635117225408 1241 0
1635117351503 1241 0
1635117408179 1242 0
1635117534401 1242 0
1635117591012 1243 0
1635117717105 1243 0
1635117773742 1244 0
1635117899840 1244 0
1635117956499 1245 0
1635118082622 1245 0
1635118139227 1246 0
1635118265372 1246 0
1635118322102 1247 0
1635118448278 1247 0
1635118504913 1248 0
1635118630996 1248 0
1635118687615 1249 0
1635118813706 1249 0
1635118870336 1250 0
1635118996448 1250 0
1635119054817 1251 0
1635119180908 1251 0
1635119237641 1252 0
1635119363842 1252 0
1635119420468 1253 0
1635119546534 1253 0
1635119603183 1254 0
1635119729326 1254 0
1635119786004 1255 0
1635119912126 1255 0
1635119968758 1256 0
1635120094958 1256 0
1635120151615 1257 0
1635120277621 1257 0
1635120334238 1258 0
1635120460262 1258 0
1635120516969 1259 0
1635120643143 1259 0
1635120699795 1260 0
1635120825972 1260 0
1635120884261 1261 0
1635121010416 1261 0
1635121067061 1262 0
1635121193253 1262 0
1635121249963 1263 0
1635121376110 1263 0
1635121432828 1264 0
1635121559019 1264 0
1635121615747 1265 0
1635121741935 1265 0
1635121798598 1266 0
1635121924877 1266 0
1635121981540 1267 0
1635122107642 1267 0
1635122164348 1268 0
1635122290521 1268 0
1635122347176 1269 0
1635122473413 1269 0
1635122530028 1270 0
1635122656142 1270 0
1635122714447 1271 0
1635122840573 1271 0
1635122897264 1272 0
1635123023591 1272 0
1635123080223 1273 0
1635123206297 1273 0
1635123263008 1274 0
1635123389159 1274 0
1635123445770 1275 0
1635123571858 1275 0
1635123628573 1276 0
1635123754679 1276 0
1635123811265 1277 0
1635123937501 1277 0
1635123994168 1278 0
1635124120378 1278 0
1635124177031 1279 0
1635124303232 1279 0
1635124359973 1280 0
1635124486221 1280 0
1635124544629 1281 0
1635124670856 1281 0
1635124727519 1282 0
1635124853751 1282 0
1635124910482 1283 0
1635125036752 1283 0
1635125093514 1284 0
1635125219788 1284 0
1635125276481 1285 0
1635125402682 1285 0
1635125459369 1286 0
1635125585608 1286 0
1635125642400 1287 0
1635125768662 1287 0
1635125825379 1288 0
1635125951576 1288 0
1635126008200 1289 0
1635126134342 1289 0
1635126191012 1290 0
1635126317230 1290 0
1635126375655 1291 0
1635126501971 1291 0
1635126558675 1292 0
1635126684859 1292 0
1635126741569 1293 0
1635126867798 1293 0
1635126924444 1294 0
1635127050570 1294 0
1635127107180 1295 0
1635127233293 1295 0
1635127289989 1296 0
1635127416238 1296 0
1635127472928 1297 0
1635127599040 1297 0
1635127655675 1298 0
1635127782053 1298 0
1635127838819 1299 0
1635127965034 1299 0
1635128021736 1300 0
1635128147905 1300 0
1635128206249 1301 0
1635128332576 1301 0
1635128389271 1302 0
1635128515578 1302 0
1635128572336 1303 0
1635128698467 1303 0
1635128755199 1304 0
1635128881400 1304 0
1635128938072 1305 0
1635129064197 1305 0
1635129120922 1306 0
1635129247109 1306 0
1635129303836 1307 0
1635129430104 1307 0
1635129486796 1308 0
1635129613052 1308 0
1635129669724 1309 0
1635129795985 1309 0
1635129852699 1310 0
1635129979075 1310 0
1635130037590 1311 0
1635130163987 1311 0
1635130220721 1312 0
1635130347067 1312 0
1635130403809 1313 0
1635130530032 1313 0
1635130586732 1314 0
1635130713007 1314 0
1635130769682 1315 0
1635130896038 1315 0
1635130952787 1316 0
1635131079055 1316 0
1635131135805 1317 0
1635131262082 1317 0
1635131319038 1318 0
1635131445492 1318 0
1635131502250 1319 0
1635131628595 1319 0
1635131685323 1320 0
1635131811689 1320 0
1635131870104 1321 0
1635131996396 1321 0
1635132053032 1322 0
1635132179234 1322 0
1635132235907 1323 0
1635132362059 1323 0
1635132418782 1324 0
1635132545105 1324 0
1635132601896 1325 0
1635132728221 1325 0
1635132784928 1326 0
1635132911241 1326 0
1635132967980 1327 0
1635133094326 1327 0
1635133151009 1328 0
1635133277188 1328 0
1635133333914 1329 0
1635133460059 1329 0
1635133516664 1330 0
1635133642788 1330 0
1635133701130 1331 0
1635133827651 1331 0
1635133884348 1332 0
1635134010654 1332 0
1635134067385 1333 0
1635134193645 1333 0
1635134250324 1334 0
1635134376431 1334 0
1635134433086 1335 0
1635134559288 1335 0
1635134615936 1336 0
1635134742115 1336 0
1635134798788 1337 0
1635134925182 1337 0
1635134981929 1338 0
1635135108308 1338 0
1635135165040 1339 0
1635135291344 1339 0
1635135348039 1340 0
1635135474351 1340 0
1635135532766 1341 0
1635135659085 1341 0
1635135715895 1342 0
1635135842196 1342 0
1635135898883 1343 0
1635136025204 1343 0
1635136081963 1344 0
1635136208350 1344 0
1635136265168 1345 0
1635136391378 1345 0
1635136448089 1346 0
1635136574295 1346 0
1635136631005 1347 0
1635136757476 1347 0
1635136814270 1348 0
1635136940443 1348 0
1635136997048 1349 0
1635137123099 1349 0
1635137179833 1350 0
1635137306152 1350 0
1635137364542 1351 0
1635137490824 1351 0
1635137547516 1352 0
1635137673787 1352 0
1635137730495 1353 0
1635137856754 1353 0
1635137913481 1354 0
1635138039780 1354 0
1635138096477 1355 0
1635138222768 1355 0
1635138279522 1356 0
1635138405849 1356 0
1635138462590 1357 0
1635138588995 1357 0
1635138645725 1358 0
1635138772039 1358 0
1635138828696 1359 0
1635138955005 1359 0
1635139011728 1360 0
1635139137987 1360 0
1635139196415 1361 0
1635139322849 1361 0
1635139379670 1362 0
1635139505906 1362 0
1635139562589 1363 0
1635139688672 1363 0
1635139745359 1364 0
1635139871796 1364 0
1635139928627 1365 0
1635140054904 1365 0
1635140111601 1366 0
1635140237734 1366 0
1635140294395 1367 0
1635140420591 1367 0
1635140477297 1368 0
1635140603621 1368 0
1635140660377 1369 0
1635140786721 1369 0
1635140843524 1370 0
1635140970046 1370 0
1635141028543 1371 0
1635141154884 1371 0
1635141211678 1372 0
1635141338048 1372 0
1635141394885 1373 0
1635141521318 1373 0
1635141578117 1374 0
1635141704528 1374 0
1635141761215 1375 0
1635141887492 1375 0
1635141944196 1376 0
1635142070419 1376 0
1635142127245 1377 0
1635142253650 1377 0
1635142310425 1378 0
1635142436812 1378 0
1635142493548 1379 0
1635142619886 1379 0
1635142676649 1380 0
1635142802996 1380 0
1635142861480 1381 0
1635142987822 1381 0
1635143044497 1382 0
1635143170871 1382 0
1635143227690 1383 0
1635143354044 1383 0
1635143410804 1384 0
1635143537155 1384 0
1635143593905 1385 0
1635143720255 1385 0
1635143777038 1386 0
1635143903345 1386 0
1635143960038 1387 0
1635144086377 1387 0
1635144143086 1388 0
1635144269235 1388 0
1635144325897 1389 0
1635144452075 1389 0
1635144508864 1390 0
1635144635200 1390 0
1635144693616 1391 0
1635144820068 1391 0
1635144876875 1392 0
1635145003280 1392 0
1635145060076 1393 0
1635145186523 1393 0
1635145243385 1394 0
1635145369737 1394 0
1635145426513 1395 0
1635145552983 1395 0
1635145609760 1396 0
1635145736139 1396 0
1635145792917 1397 0
1635145919264 1397 0
1635145976011 1398 0
1635146102379 1398 0
1635146159029 1399 0
1635146285289 1399 0
1635146341997 1400 0
1635146468377 1400 0
1635146526743 1401 0
1635146653075 1401 0
1635146709821 1402 0
1635146836191 1402 0
1635146892943 1403 0
1635147019256 1403 0
1635147076009 1404 0
1635147202365 1404 0
1635147259189 1405 0
1635147385545 1405 0
1635147442336 1406 0
1635147568714 1406 0
1635147625510 1407 0
1635147752005 1407 0
1635147808739 1408 0
1635147935063 1408 0
1635147991787 1409 0
1635148118078 1409 0
1635148174855 1410 0
1635148301073 1410 0
1635148359543 1411 0
1635148485796 1411 0
1635148542485 1412 0
1635148668667 1412 0
1635148725373 1413 0
1635148851766 1413 0
1635148908486 1414 0
1635149034848 1414 0
1635149091544 1415 0
1635149217892 1415 0
1635149274641 1416 0
1635149400874 1416 0
1635149457570 1417 0
1635149584082 1417 0
1635149640783 1418 0
1635149767039 1418 0
1635149823812 1419 0
1635149950125 1419 0
1635150006891 1420 0
1635150133131 1420 0
1635150191508 1421 0
1635150318055 1421 0
1635150374808 1422 0
1635150501177 1422 0
1635150557962 1423 0
1635150684513 1423 0
1635150741288 1424 0
1635150867599 1424 0
1635150924361 1425 0
1635151050731 1425 0
1635151107553 1426 0
1635151233910 1426 0
1635151290648 1427 0
1635151416998 1427 0
1635151473733 1428 0
1635151600061 1428 0
1635151656858 1429 0
1635151783280 1429 0
1635151840120 1430 0
1635151966644 1430 0
1635152025157 1431 0
1635152151474 1431 0
1635152208256 1432 0
1635152334624 1432 0
1635152391340 1433 0
1635152517593 1433 0
1635152574345 1434 0
1635152700670 1434 0
1635152757423 1435 0
1635152883858 1435 0
1635152940661 1436 0
1635153067016 1436 0
1635153123772 1437 0
1635153250158 1437 0
1635153306924 1438 0
1635153433436 1438 0
1635153490143 1439 0
1635153616439 1439 0
1635153673167 1440 0
1635153799470 1440 0
1635153859975 1441 0
1635153986305 1441 0
1635154043090 1442 0
1635154169494 1442 0
1635154226291 1443 0
1635154352632 1443 0
1635154409330 1444 0
1635154535507 1444 0
1635154592147 1445 0
1635154718335 1445 0
1635154774977 1446 0
1635154901181 1446 0
1635154957853 1447 0
1635155084148 1447 0
1635155140895 1448 0
1635155267134 1448 0
1635155323972 1449 0
1635155450403 1449 0
1635155507132 1450 0
1635155633424 1450 0
1635155691799 1451 0
1635155818167 1451 0
1635155874940 1452 0
1635156001299 1452 0
1635156058187 1453 0
1635156184653 1453 0
1635156241368 1454 0
1635156367729 1454 0
1635156424516 1455 0
1635156550923 1455 0
1635156607650 1456 0
1635156733902 1456 0
1635156790666 1457 0
1635156916915 1457 0
1635156973670 1458 0
1635157099801 1458 0
1635157156464 1459 0
1635157282677 1459 0
1635157339332 1460 0
1635157465534 1460 0
1635157523942 1461 0
1635157650163 1461 0
1635157706929 1462 0
1635157833297 1462 0
1635157889965 1463 0
1635158016250 1463 0
1635158072960 1464 0
1635158199271 1464 0
1635158255937 1465 0
1635158382111 1465 0
1635158438786 1466 0
1635158564950 1466 0
1635158621582 1467 0
1635158747723 1467 0
1635158804420 1468 0
1635158930755 1468 0
1635158987484 1469 0
1635159113722 1469 0
1635159170446 1470 0
1635159296495 1470 0
1635159354908 1471 0
1635159481315 1471 0
1635159538125 1472 0
1635159664539 1472 0
1635159721315 1473 0
1635159847603 1473 0
1635159904385 1474 0
1635160030699 1474 0
1635160087450 1475 0
1635160213795 1475 0
1635160270516 1476 0
1635160396831 1476 0
1635160453558 1477 0
1635160579794 1477 0
1635160636562 1478 0
1635160762900 1478 0
1635160819642 1479 0
1635160945902 1479 0
1635161002599 1480 0
1635161128876 1480 0
1635161187265 1481 0
1635161313605 1481 0
1635161370369 1482 0
1635161496690 1482 0
1635161553390 1483 0
1635161679613 1483 0
1635161736316 1484 0
1635161862608 1484 0
1635161919324 1485 0
1635162045633 1485 0
1635162102357 1486 0
1635162228515 1486 0
1635162285161 1487 0
1635162411448 1487 0
1635162468143 1488 0
1635162594406 1488 0
1635162651118 1489 0
1635162777314 1489 0
1635162833992 1490 0
1635162960260 1490 0
1635163018655 1491 0
1635163144946 1491 0
1635163201631 1492 0
1635163328020 1492 0
1635163384782 1493 0
1635163510949 1493 0
1635163567655 1494 0
1635163694059 1494 0
1635163750863 1495 0
1635163877144 1495 0
1635163933858 1496 0
1635164060033 1496 0
1635164116729 1497 0
1635164242999 1497 0
1635164299702 1498 0
1635164425920 1498 0
1635164482564 1499 0
1635164608777 1499 0
1635164665502 1500 0
1635164791786 1500 0
1635164850162 1501 0
1635164976411 1501 0
1635165033261 1502 0
1635165159549 1502 0
1635165216266 1503 0
1635165342441 1503 0
1635165399140 1504 0
1635165525418 1504 0
1635165582073 1505 0
1635165708201 1505 0
1635165764880 1506 0
1635165891173 1506 0
1635165947930 1507 0
1635166074113 1507 0
1635166130884 1508 0
1635166257263 1508 0
1635166313934 1509 0
1635166440028 1509 0
1635166496694 1510 0
1635166622849 1510 0
1635166681142 1511 0
1635166807369 1511 0
1635166864171 1512 0
1635166990386 1512 0
1635167047054 1513 0
1635167173235 1513 0
1635167229917 1514 0
1635167356203 1514 0
1635167412918 1515 0
1635167539074 1515 0
1635167595784 1516 0
1635167722052 1516 0
1635167778723 1517 0
1635167904861 1517 0
1635167961566 1518 0
1635168087724 1518 0
1635168144388 1519 0
1635168270580 1519 0
1635168327288 1520 0
1635168453423 1520 0
1635168511775 1521 0
1635168638094 1521 0
1635168694700 1522 0
1635168820866 1522 0
1635168877499 1523 0
1635169003680 1523 0
1635169060341 1524 0
1635169186510 1524 0
1635169243164 1525 0
1635169369393 1525 0
1635169426071 1526 0
1635169552360 1526 0
1635169609052 1527 0
1635169735382 1527 0
1635169792135 1528 0
1635169918421 1528 0
1635169975162 1529 0
1635170101452 1529 0
1635170158134 1530 0
1635170284428 1530 0
1635170342824 1531 0
1635170469159 1531 0
1635170525886 1532 0
1635170652238 1532 0
1635170708911 1533 0
1635170835188 1533 0
1635170891903 1534 0
1635171018212 1534 0
1635171074841 1535 0
1635171201107 1535 0
1635171257777 1536 0
1635171384046 1536 0
1635171440743 1537 0
1635171567039 1537 0
1635171623782 1538 0
1635171750014 1538 0
1635171806646 1539 0
1635171932940 1539 0
1635171989586 1540 0
1635172115764 1540 0
1635172174157 1541 0
1635172300375 1541 0
1635172357103 1542 0
1635172483295 1542 0
1635172539981 1543 0
1635172666094 1543 0
1635172722753 1544 0
1635172849126 1544 0
1635172905816 1545 0
1635173032111 1545 0
1635173088829 1546 0
1635173215093 1546 0
1635173271775 1547 0
1635173398076 1547 0
1635173454761 1548 0
1635173580875 1548 0
1635173637548 1549 0
1635173763747 1549 0
1635173820456 1550 0
1635173946746 1550 0
1635174005152 1551 0
1635174131437 1551 0
1635174188139 1552 0
1635174314483 1552 0
1635174371232 1553 0
1635174497269 1553 0
1635174554074 1554 0
1635174680247 1554 0
1635174736879 1555 0
1635174862963 1555 0
1635174919655 1556 0
1635175045961 1556 0
1635175102640 1557 0
1635175228763 1557 0
1635175285467 1558 0
1635175411515 1558 0
1635175468190 1559 0
1635175594473 1559 0
1635175651192 1560 0
1635175777516 1560 0
1635175835972 1561 0
1635175962163 1561 0
1635176018818 1562 0
1635176145173 1562 0
1635176201846 1563 0
1635176328212 1563 0
1635176385013 1564 0
1635176511317 1564 0
1635176567969 1565 0
1635176694066 1565 0
1635176750755 1566 0
1635176876981 1566 0
1635176933738 1567 0
1635177059942 1567 0
1635177116628 1568 0
1635177242970 1568 0
1635177299701 1569 0
1635177426199 1569 0
1635177482943 1570 0
1635177609271 1570 0
1635177667626 1571 0
1635177793824 1571 0
1635177850473 1572 0
1635177976689 1572 0
1635178033392 1573 0
1635178159718 1573 0
1635178216379 1574 0
1635178342618 1574 0
1635178399315 1575 0
1635178525473 1575 0
1635178582216 1576 0
1635178708292 1576 0
1635178764945 1577 0
1635178891063 1577 0
1635178947779 1578 0
1635179074081 1578 0
1635179130785 1579 0
1635179256990 1579 0
1635179313692 1580 0
1635179439960 1580 0
1635179498334 1581 0
1635179624538 1581 0
1635179681261 1582 0
1635179807498 1582 0
1635179864185 1583 0
1635179990307 1583 0
1635180046962 1584 0
1635180173095 1584 0
1635180229783 1585 0
1635180355915 1585 0
1635180412566 1586 0
1635180538757 1586 0
1635180595471 1587 0
1635180721681 1587 0
1635180778398 1588 0
1635180904616 1588 0
1635180961345 1589 0
1635181087617 1589 0
1635181144325 1590 0
1635181270531 1590 0
1635181328875 1591 0
1635181455275 1591 0
1635181511969 1592 0
1635181638052 1592 0
1635181694709 1593 0
1635181820975 1593 0
1635181877660 1594 0
1635182003903 1594 0
1635182060652 1595 0
1635182186881 1595 0
1635182243609 1596 0
1635182369794 1596 0
1635182426469 1597 0
1635182552688 1597 0
1635182609386 1598 0
1635182735564 1598 0
1635182792350 1599 0
1635182918655 1599 0
1635182975372 1600 0
1635183101693 1600 0
1635183159927 1601 0
1635183286090 1601 0
1635183342695 1602 0
1635183468782 1602 0
1635183525473 1603 0
1635183651696 1603 0
1635183708368 1604 0
1635183834543 1604 0
1635183891210 1605 0
1635184017534 1605 0
1635184074263 1606 0
1635184200498 1606 0
1635184257162 1607 0
1635184383354 1607 0
1635184439989 1608 0
1635184566210 1608 0
1635184622860 1609 0
1635184748978 1609 0
1635184805661 1610 0
1635184931793 1610 0
1635184990119 1611 0
1635185116236 1611 0
1635185172906 1612 0
1635185299075 1612 0
1635185355790 1613 0
1635185481944 1613 0
1635185538547 1614 0
1635185664697 1614 0
1635185721341 1615 0
1635185847455 1615 0
1635185904127 1616 0
1635186030278 1616 0
1635186086914 1617 0
1635186213057 1617 0
1635186269710 1618 0
1635186395858 1618 0
1635186452557 1619 0
1635186578690 1619 0
1635186635497 1620 0
1635186761605 1620 0
1635186819887 1621 0
1635186946006 1621 0
1635187002633 1622 0
1635187131033 1622 0
1635187187630 1623 0
1635187313812 1623 0
1635187370515 1624 0
1635187496672 1624 0
1635187553360 1625 0
1635187679858 1625 0
1635187736640 1626 0
1635187863183 1626 0
1635187919865 1627 0
1635188046096 1627 0
1635188102702 1628 0
1635188228832 1628 0
1635188285458 1629 0
1635188411454 1629 0
1635188468147 1630 0
1635188594169 1630 0
1635188652467 1631 0
1635188778638 1631 0
1635188835272 1632 0
1635188961432 1632 0
1635189018087 1633 0
1635189144232 1633 0
1635189200934 1634 0
1635189327069 1634 0
1635189383708 1635 0
1635189509803 1635 0
1635189566438 1636 0
1635189692551 1636 0
1635189749191 1637 0
1635189875411 1637 0
1635189932023 1638 0
1635190058246 1638 0
1635190114964 1639 0
1635190241293 1639 0
1635190297924 1640 0
1635190424143 1640 0
1635190482563 1641 0
1635190608900 1641 0
1635190665640 1642 0
1635190791994 1642 0
1635190848767 1643 0
1635190975031 1643 0
1635191031721 1644 0
1635191158018 1644 0
1635191214762 1645 0
1635191341194 1645 0
1635191397958 1646 0
1635191524197 1646 0
1635191580922 1647 0
1635191707155 1647 0
1635191763810 1648 0
1635191890070 1648 0
1635191946766 1649 0
1635192073075 1649 0
1635192129779 1650 0
1635192256116 1650 0
1635192314449 1651 0
1635192440635 1651 0
1635192497294 1652 0
1635192623586 1652 0
1635192680266 1653 0
1635192806535 1653 0
1635192863243 1654 0
1635192989442 1654 0
1635193046115 1655 0
1635193172288 1655 0
1635193228968 1656 0
1635193355086 1656 0
1635193411718 1657 0
1635193537752 1657 0
1635193594415 1658 0
1635193720490 1658 0
1635193777204 1659 0
1635193903465 1659 0
1635193960098 1660 0
1635194086284 1660 0
1635194144603 1661 0
1635194270779 1661 0
1635194327466 1662 0
1635194453753 1662 0
1635194510476 1663 0
1635194636602 1663 0
1635194693265 1664 0
1635194819412 1664 0
1635194876103 1665 0
1635195002362 1665 0
1635195059033 1666 0
1635195185249 1666 0
1635195241913 1667 0
1635195368121 1667 0
1635195424852 1668 0
1635195550991 1668 0
1635195607616 1669 0
1635195733770 1669 0
1635195790442 1670 0
1635195916628 1670 0
1635195974984 1671 0
1635196101220 1671 0
1635196158056 1672 0
1635196284465 1672 0
1635196341202 1673 0
1635196467514 1673 0
1635196524194 1674 0
1635196650548 1674 0
1635196707294 1675 0
1635196833714 1675 0
1635196890420 1676 0
1635197016725 1676 0
1635197073392 1677 0
1635197199628 1677 0
1635197256321 1678 0
1635197382650 1678 0
1635197439394 1679 0
1635197565730 1679 0
1635197622474 1680 0
1635197748792 1680 0
1635197807187 1681 0
1635197933240 1681 0
1635197989848 1682 0
1635198115790 1682 0
1635198172410 1683 0
1635198298486 1683 0
1635198355116 1684 0
1635198481309 1684 0
1635198537990 1685 0
1635198664116 1685 0
1635198720738 1686 0
1635198846917 1686 0
1635198903600 1687 0
1635199029840 1687 0
1635199086513 1688 0
1635199212675 1688 0
1635199269416 1689 0
1635199395583 1689 0
1635199452240 1690 0
1635199578347 1690 0
1635199636730 1691 0
1635199762967 1691 0
1635199819606 1692 0
1635199945715 1692 0
1635200002342 1693 0
1635200128350 1693 0
1635200184954 1694 0
1635200310970 1694 0
1635200367560 1695 0
1635200493561 1695 0
1635200550116 1696 0
1635200676086 1696 0
1635200732697 1697 0
1635200858819 1697 0
1635200915434 1698 0
1635201041542 1698 0
1635201098246 1699 0
1635201224433 1699 0
1635201281074 1700 0
1635201407196 1700 0
1635201465526 1701 0
1635201591661 1701 0
1635201648338 1702 0
1635201774551 1702 0
1635201831242 1703 0
1635201957472 1703 0
1635202014186 1704 0
1635202140529 1704 0
1635202197194 1705 0
1635202323442 1705 0
1635202380166 1706 0
1635202506289 1706 0
1635202562992 1707 0
1635202689201 1707 0
1635202745844 1708 0
1635202872065 1708 0
1635202928804 1709 0
1635203054942 1709 0
1635203111653 1710 0
1635203237819 1710 0
1635203296134 1711 0
1635203422241 1711 0
1635203478887 1712 0
1635203604980 1712 0
1635203661593 1713 0
1635203787722 1713 0
1635203844422 1714 0
1635203970624 1714 0
1635204027256 1715 0
1635204153504 1715 0
1635204210239 1716 0
1635204336401 1716 0
1635204393025 1717 0
1635204519304 1717 0
1635204576092 1718 0
1635204702375 1718 0
1635204759075 1719 0
1635204885241 1719 0
1635204941976 1720 0
1635205068234 1720 0
1635205126568 1721 0
1635205252611 1721 0
1635205309253 1722 0
1635205435351 1722 0
1635205491965 1723 0
1635205618038 1723 0
1635205674668 1724 0
1635205800828 1724 0
1635205857481 1725 0
1635205983602 1725 0
1635206040285 1726 0
1635206166398 1726 0
1635206223030 1727 0
1635206349164 1727 0
1635206405856 1728 0
1635206532032 1728 0
1635206588677 1729 0
1635206714777 1729 0
1635206771418 1730 0
1635206897549 1730 0
1635206955902 1731 0
1635207082013 1731 0
1635207138636 1732 0
1635207264777 1732 0
1635207321461 1733 0
1635207447686 1733 0
1635207504322 1734 0
1635207630682 1734 0
1635207687348 1735 0
1635207813614 1735 0
1635207870301 1736 0
1635207996551 1736 0
1635208053242 1737 0
1635208179414 1737 0
1635208236112 1738 0
1635208362283 1738 0
1635208418932 1739 0
1635208545000 1739 0
1635208601600 1740 0
1635208727854 1740 0
1635208786184 1741 0
1635208912312 1741 0
1635208968975 1742 0
1635209095165 1742 0
1635209151862 1743 0
1635209277996 1743 0
1635209334653 1744 0
1635209460791 1744 0
1635209517448 1745 0
1635209643562 1745 0
1635209700230 1746 0
1635209826388 1746 0
1635209882979 1747 0
1635210009168 1747 0
1635210065887 1748 0
1635210192107 1748 0
1635210248766 1749 0
1635210374939 1749 0
1635210431632 1750 0
1635210557859 1750 0
1635210616163 1751 0
1635210742322 1751 0
1635210799032 1752 0
1635210925223 1752 0
1635210982191 1753 0
1635211108416 1753 0
1635211165093 1754 0
1635211291221 1754 0
1635211347840 1755 0
1635211474007 1755 0
1635211530638 1756 0
1635211656852 1756 0
1635211713607 1757 0
1635211839879 1757 0
1635211896597 1758 0
1635212022816 1758 0
1635212079545 1759 0
1635212205871 1759 0
1635212262577 1760 0
1635212388810 1760 0
1635212447220 1761 0
1635212573426 1761 0
1635212630106 1762 0
1635212756251 1762 0
1635212812944 1763 0
1635212939286 1763 0
1635212995960 1764 0
1635213122105 1764 0
1635213178717 1765 0
1635213304957 1765 0
1635213361659 1766 0
1635213487932 1766 0
1635213544627 1767 0
1635213671009 1767 0
1635213727801 1768 0
1635213854161 1768 0
1635213910889 1769 0
1635214037171 1769 0
1635214093830 1770 0
1635214220205 1770 0
1635214278550 1771 0
1635214404662 1771 0
1635214461278 1772 0
1635214587601 1772 0
1635214644295 1773 0
1635214770485 1773 0
1635214827203 1774 0
1635214953497 1774 0
1635215010163 1775 0
1635215136366 1775 0
1635215193121 1776 0
1635215319379 1776 0
1635215376093 1777 0
1635215502291 1777 0
1635215558962 1778 0
1635215685261 1778 0
1635215741951 1779 0
1635215868199 1779 0
1635215924835 1780 0
1635216051006 1780 0
1635216109365 1781 0
1635216235720 1781 0
1635216292491 1782 0
1635216418887 1782 0
1635216475614 1783 0
1635216602053 1783 0
1635216658767 1784 0
1635216785158 1784 0
1635216841884 1785 0
1635216968317 1785 0
1635217025043 1786 0
1635217151417 1786 0
1635217208159 1787 0
1635217334644 1787 0
1635217391431 1788 0
1635217517847 1788 0
1635217574645 1789 0
1635217701079 1789 0
1635217758222 1790 0
1635217884503 1790 0
1635217942894 1791 0
1635218069073 1791 0
1635218125717 1792 0
1635218252073 1792 0
1635218308811 1793 0
1635218435124 1793 0
1635218491844 1794 0
1635218618170 1794 0
1635218674917 1795 0
1635218801253 1795 0
1635218858037 1796 0
1635218984439 1796 0
1635219041251 1797 0
1635219167563 1797 0
1635219224229 1798 0
1635219350514 1798 0
1635219407222 1799 0
1635219533568 1799 0
1635219590305 1800 0
1635219716588 1800 0
1635219777514 1801 0
1635219903872 1801 0
1635219960634 1802 0
1635220087059 1802 0
1635220143948 1803 0
1635220270484 1803 0
1635220327270 1804 0
1635220453645 1804 0
1635220510427 1805 0
1635220636803 1805 0
1635220693567 1806 0
1635220819917 1806 0
1635220876742 1807 0
1635221003023 1807 0
1635221059706 1808 0
1635221186071 1808 0
1635221242803 1809 0
1635221369220 1809 0
1635221426032 1810 0
1635221552392 1810 0
1635221610819 1811 0
1635221737094 1811 0
1635221793768 1812 0
1635221920078 1812 0
1635221976768 1813 0
1635222103105 1813 0
1635222159777 1814 0
1635222286060 1814 0
1635222342794 1815 0
1635222469113 1815 0
1635222525857 1816 0
1635222652268 1816 0
1635222709002 1817 0
1635222835338 1817 0
1635222892032 1818 0
1635223018381 1818 0
1635223075113 1819 0
1635223201411 1819 0
1635223258150 1820 0
1635223384424 1820 0
1635223442865 1821 0
1635223569235 1821 0
1635223625981 1822 0
1635223752460 1822 0
1635223809222 1823 0
1635223935625 1823 0
1635223992472 1824 0
1635224118998 1824 0
1635224175833 1825 0
1635224302334 1825 0
1635224359153 1826 0
1635224485619 1826 0
1635224542393 1827 0
1635224668647 1827 0
1635224725353 1828 0
1635224851716 1828 0
1635224908515 1829 0
1635225035064 1829 0
1635225091812 1830 0
1635225218260 1830 0
1635225276746 1831 0
1635225403249 1831 0
1635225460055 1832 0
1635225586421 1832 0
1635225643158 1833 0
1635225769517 1833 0
1635225826321 1834 0
1635225952682 1834 0
1635226009478 1835 0
1635226135960 1835 0
1635226192696 1836 0
1635226319237 1836 0
1635226375996 1837 0
1635226502413 1837 0
1635226559185 1838 0
1635226685449 1838 0
1635226742167 1839 0
1635226868654 1839 0
1635226925442 1840 0
1635227051887 1840 0
1635227110264 1841 0
1635227236724 1841 0
1635227293590 1842 0
1635227420024 1842 0
1635227476836 1843 0
1635227603256 1843 0
1635227660057 1844 0
1635227786584 1844 0
1635227843379 1845 0
1635227969905 1845 0
1635228026721 1846 0
1635228153354 1846 0
1635228210181 1847 0
1635228336801 1847 0
1635228393602 1848 0
1635228520062 1848 0
1635228576955 1849 0
1635228703515 1849 0
1635228760270 1850 0
1635228886659 1850 0
1635228945146 1851 0
1635229071504 1851 0
1635229128251 1852 0
1635229254697 1852 0
1635229311506 1853 0
1635229437993 1853 0
1635229494738 1854 0
1635229621160 1854 0
1635229677925 1855 0
1635229804394 1855 0
1635229861203 1856 0
1635229987655 1856 0
1635230044422 1857 0
1635230170722 1857 0
1635230227450 1858 0
1635230353837 1858 0
1635230410582 1859 0
1635230537102 1859 0
1635230593902 1860 0
1635230720380 1860 0
1635230778932 1861 0
1635230905611 1861 0
1635230962518 1862 0
1635231089238 1862 0
1635231146180 1863 0
1635231272980 1863 0
1635231329936 1864 0
1635231456704 1864 0
1635231513521 1865 0
1635231640365 1865 0
1635231697277 1866 0
1635231823957 1866 0
1635231880818 1867 0
1635232007564 1867 0
1635232064468 1868 0
1635232191293 1868 0
1635232248202 1869 0
1635232374879 1869 0
1635232431856 1870 0
1635232558480 1870 0
1635232617068 1871 0
1635232743728 1871 0
1635232800569 1872 0
1635232927191 1872 0
1635232984059 1873 0
1635233110699 1873 0
1635233167542 1874 0
1635233294319 1874 0
1635233351229 1875 0
1635233477876 1875 0
1635233534761 1876 0
1635233661303 1876 0
1635233718179 1877 0
1635233844879 1877 0
1635233901696 1878 0
1635234028264 1878 0
1635234085207 1879 0
1635234211991 1879 0
1635234268812 1880 0
1635234395355 1880 0
1635234453939 1881 0
1635234580649 1881 0
1635234637497 1882 0
1635234763978 1882 0
1635234820817 1883 0
1635234947389 1883 0
1635235004329 1884 0
1635235131001 1884 0
1635235187896 1885 0
1635235314645 1885 0
1635235371558 1886 0
1635235498111 1886 0
1635235554909 1887 0
1635235681558 1887 0
1635235738521 1888 0
1635235865281 1888 0
1635235922212 1889 0
1635236048869 1889 0
1635236105767 1890 0
1635236232479 1890 0
1635236291009 1891 0
1635236417682 1891 0
1635236474576 1892 0
1635236601351 1892 0
1635236658323 1893 0
1635236785234 1893 0
1635236842235 1894 0
1635236969149 1894 0
1635237026229 1895 0
1635237153134 1895 0
1635237210098 1896 0
1635237336919 1896 0
1635237393847 1897 0
1635237520671 1897 0
1635237577655 1898 0
1635237704354 1898 0
1635237761246 1899 0
1635237887821 1899 0
1635237944709 1900 0
1635238071405 1900 0
1635238129964 1901 0
1635238256716 1901 0
1635238313578 1902 0
1635238440285 1902 0
1635238497184 1903 0
1635238623882 1903 0
1635238680800 1904 0
1635238807605 1904 0
1635238864507 1905 0
1635238991090 1905 0
1635239047902 1906 0
1635239174586 1906 0
1635239231505 1907 0
1635239358204 1907 0
1635239415023 1908 0
1635239541648 1908 0
1635239598526 1909 0
1635239725162 1909 0
1635239782038 1910 0
1635239908597 1910 0
1635239967147 1911 0
1635240093819 1911 0
1635240150700 1912 0
1635240277286 1912 0
1635240334132 1913 0
1635240460700 1913 0
1635240517577 1914 0
1635240644284 1914 0
1635240701164 1915 0
1635240827741 1915 0
1635240884627 1916 0
1635241011305 1916 0
1635241068180 1917 0
1635241194910 1917 0
1635241251778 1918 0
1635241378315 1918 0
1635241435154 1919 0
1635241561733 1919 0
1635241618618 1920 0
1635241745194 1920 0
1635241803743 1921 0
1635241930340 1921 0
1635241987204 1922 0
1635242113881 1922 0
1635242170803 1923 0
1635242297560 1923 0
1635242354434 1924 0
1635242481091 1924 0
1635242538037 1925 0
1635242664633 1925 0
1635242721526 1926 0
1635242848152 1926 0
1635242905022 1927 0
1635243031636 1927 0
1635243088503 1928 0
1635243215121 1928 0
1635243271922 1929 0
1635243398575 1929 0
1635243455472 1930 0
1635243581974 1930 0
1635243640501 1931 0
1635243766921 1931 0
1635243823760 1932 0
1635243950292 1932 0
1635244007067 1933 0
1635244133540 1933 0
1635244190421 1934 0
1635244317043 1934 0
1635244373856 1935 0
1635244500297 1935 0
1635244557113 1936 0
1635244683567 1936 0
1635244740382 1937 0
1635244866809 1937 0
1635244923624 1938 0
1635245050027 1938 0
1635245106784 1939 0
1635245233103 1939 0
1635245289851 1940 0
1635245416346 1940 0
1635245474943 1941 0
1635245601363 1941 0
1635245658126 1942 0
1635245784511 1942 0
1635245841322 1943 0
1635245967781 1943 0
1635246024649 1944 0
1635246151202 1944 0
1635246208027 1945 0
1635246334507 1945 0
1635246391310 1946 0
1635246517709 1946 0
1635246574482 1947 0
1635246700784 1947 0
1635246757514 1948 0
1635246883904 1948 0
1635246940649 1949 0
1635247066911 1949 0
1635247123612 1950 0
1635247249914 1950 0
1635247308417 1951 0
1635247434941 1951 0
1635247491748 1952 0
1635247618278 1952 0
1635247675113 1953 0
1635247802591 1953 0
1635247859460 1954 0
1635247985909 1954 0
1635248042733 1955 0
1635248169217 1955 0
1635248226064 1956 0
1635248352631 1956 0
1635248409493 1957 0
1635248535966 1957 0
1635248592775 1958 0
1635248720343 1958 0
1635248777132 1959 0
1635248903565 1959 0
1635248960489 1960 0
1635249086985 1960 0
1635249145422 1961 0
1635249271837 1961 0
1635249328661 1962 0
1635249455138 1962 0
1635249511919 1963 0
1635249638420 1963 0
1635249695272 1964 0
1635249821760 1964 0
1635249878561 1965 0
1635250005082 1965 0
1635250061857 1966 0
1635250188430 1966 0
1635250245261 1967 0
1635250371731 1967 0
1635250428484 1968 0
1635250554982 1968 0
1635250611864 1969 0
1635250738422 1969 0
1635250795211 1970 0
1635250921673 1970 0
1635250980211 1971 0
1635251106821 1971 0
1635251163720 1972 0
1635251290209 1972 0
1635251347036 1973 0
1635251473551 1973 0
1635251530356 1974 0
1635251656878 1974 0
1635251713731 1975 0
1635251840262 1975 0
1635251897102 1976 0
1635252023687 1976 0
1635252080534 1977 0
1635252207062 1977 0
1635252263857 1978 0
1635252390386 1978 0
1635252447243 1979 0
1635252573647 1979 0
1635252630618 1980 0
1635252757120 1980 0
1635252815618 1981 0
1635252942021 1981 0
1635252998776 1982 0
1635253125296 1982 0
1635253182145 1983 0
1635253308739 1983 0
1635253365589 1984 0
1635253492070 1984 0
1635253548840 1985 0
1635253675231 1985 0
1635253731997 1986 0
1635253858527 1986 0
1635253915358 1987 0
1635254041837 1987 0
1635254098612 1988 0
1635254224910 1988 0
1635254281709 1989 0
1635254408161 1989 0
1635254464943 1990 0
1635254591405 1990 0
1635254649873 1991 0
1635254776095 1991 0
1635254832853 1992 0
1635254959276 1992 0
1635255015971 1993 0
1635255142137 1993 0
1635255198802 1994 0
1635255325154 1994 0
1635255381919 1995 0
1635255508126 1995 0
1635255564802 1996 0
1635255691026 1996 0
1635255747758 1997 0
1635255873880 1997 0
1635255930536 1998 0
1635256056689 1998 0
1635256113405 1999 0
1635256239633 1999 0
