1635311298712 0 0
1635311401266 0 0
1635311505778 1 0
1635311609344 1 0
1635311712651 2 0
1635311813153 2 0
1635311913553 3 0
1635312014210 3 0
1635312114753 4 0
1635312214956 4 0
1635312315308 5 0
1635312415889 5 0
1635312516273 6 0
1635312616715 6 0
1635312717231 7 0
1635312817730 7 0
1635312918027 8 0
1635313018426 8 0
1635313118823 9 0
1635313219195 9 0
1635313319552 10 0
1635313419715 10 0
1635313521804 11 0
1635313622438 11 0
1635313722888 12 0
1635313823713 12 0
1635313924324 13 0
1635314024822 13 0
1635314125154 14 0
1635314225524 14 0
1635314325979 15 0
1635314426629 15 0
1635314527157 16 0
1635314627655 16 0
1635314728108 17 0
1635314828471 17 0
1635314929030 18 0
1635315029730 18 0
1635315130304 19 0
1635315230765 19 0
1635315331324 20 0
1635315431814 20 0
1635315533702 21 0
1635315634380 21 0
1635315734648 22 0
1635315835045 22 0
1635315935477 23 0
1635316035919 23 0
1635316136385 24 0
1635316237179 24 0
1635316337700 25 0
1635316438178 25 0
1635316538682 26 0
1635316639225 26 0
1635316739700 27 0
1635316840278 27 0
1635316940726 28 0
1635317041238 28 0
1635317141876 29 0
1635317242418 29 0
1635317342960 30 0
1635317443604 30 0
1635317545693 31 0
1635317646368 31 0
1635317746896 32 0
1635317847565 32 0
1635317948087 33 0
1635318048839 33 0
1635318149521 34 0
1635318249878 34 0
1635318350366 35 0
1635318450866 35 0
1635318551473 36 0
1635318652183 36 0
1635318752829 37 0
1635318853287 37 0
1635318953862 38 0
1635319054397 38 0
1635319155003 39 0
1635319255636 39 0
1635319356282 40 0
1635319456935 40 0
1635319559243 41 0
1635319659819 41 0
1635319760335 42 0
1635319861134 42 0
1635319961714 43 0
1635320062283 43 0
1635320162852 44 0
1635320263414 44 0
1635320363954 45 0
1635320464483 45 0
1635320565025 46 0
1635320665512 46 0
1635320766138 47 0
1635320866656 47 0
1635320967335 48 0
1635321067923 48 0
1635321168317 49 0
1635321268856 49 0
1635321369293 50 0
1635321469837 50 0
1635321571732 51 0
1635321672407 51 0
1635321772952 52 0
1635321873402 52 0
1635321973718 53 0
1635322074230 53 0
1635322174851 54 0
1635322275240 54 0
1635322375678 55 0
1635322476010 55 0
1635322576532 56 0
1635322676898 56 0
1635322777470 57 0
1635322877886 57 0
1635322978372 58 0
1635323078784 58 0
1635323179203 59 0
1635323279747 59 0
1635323380482 60 0
1635323481137 60 0
1635323583065 61 0
1635323683780 61 0
1635323784220 62 0
1635323884674 62 0
1635323985191 63 0
1635324085719 63 0
1635324186153 64 0
1635324286759 64 0
1635324387197 65 0
1635324487656 65 0
1635324588299 66 0
1635324689574 66 0
1635324790177 67 0
1635324890698 67 0
1635324991357 68 0
1635325091837 68 0
1635325192206 69 0
1635325292902 69 0
1635325393357 70 0
1635325493807 70 0
1635325595803 71 0
1635325696312 71 0
1635325796894 72 0
1635325897564 72 0
1635325998046 73 0
1635326098496 73 0
1635326198838 74 0
1635326299101 74 0
1635326399489 75 0
1635326500037 75 0
1635326600576 76 0
1635326700924 76 0
1635326801229 77 0
1635326901704 77 0
1635327002218 78 0
1635327102751 78 0
1635327203224 79 0
1635327303795 79 0
1635327404266 80 0
1635327504726 80 0
1635327606589 81 0
1635327707147 81 0
1635327807558 82 0
1635327908011 82 0
1635328008413 83 0
1635328108825 83 0
1635328209332 84 0
1635328309771 84 0
1635328410130 85 0
1635328510559 85 0
1635328610990 86 0
1635328711255 86 0
1635328811795 87 0
1635328912275 87 0
1635329012724 88 0
1635329113084 88 0
1635329213495 89 0
1635329313796 89 0
1635329414344 90 0
1635329514642 90 0
1635329616634 91 0
1635329717179 91 0
1635329817440 92 0
1635329917840 92 0
1635330018270 93 0
1635330118696 93 0
1635330219084 94 0
1635330319333 94 0
1635330419737 95 0
1635330520196 95 0
1635330620905 96 0
1635330721485 96 0
1635330821745 97 0
1635330922136 97 0
1635331022526 98 0
1635331122900 98 0
1635331223184 99 0
1635331323363 99 0
1635331423556 100 0
1635331523979 100 0
1635331625684 101 0
1635331726143 101 0
1635331826865 102 0
1635331927270 102 0
1635332027616 103 0
1635332127919 103 0
1635332228432 104 0
1635332328863 104 0
1635332429400 105 0
1635332529819 105 0
1635332630174 106 0
1635332730498 106 0
1635332831036 107 0
1635332931515 107 0
1635333032076 108 0
1635333132318 108 0
1635333232682 109 0
1635333333103 109 0
1635333433615 110 0
1635333534053 110 0
1635333635989 111 0
1635333736542 111 0
1635333836990 112 0
1635333937334 112 0
1635334037775 113 0
1635334138274 113 0
1635334239035 114 0
1635334339446 114 0
1635334439855 115 0
1635334540210 115 0
1635334640772 116 0
1635334741155 116 0
1635334841519 117 0
1635334941822 117 0
1635335042293 118 0
1635335142774 118 0
1635335243161 119 0
1635335343526 119 0
1635335444149 120 0
1635335544513 120 0
1635335646568 121 0
1635335746892 121 0
1635335847351 122 0
1635335947801 122 0
1635336048561 123 0
1635336148865 123 0
1635336249269 124 0
1635336349678 124 0
1635336450188 125 0
1635336550639 125 0
1635336651181 126 0
1635336751650 126 0
1635336852085 127 0
1635336952403 127 0
1635337052947 128 0
1635337153378 128 0
1635337254173 129 0
1635337354573 129 0
1635337454922 130 0
1635337555409 130 0
1635337657306 131 0
1635337757787 131 0
1635337858561 132 0
1635337958885 132 0
1635338059295 133 0
1635338159711 133 0
1635338260118 134 0
1635338360524 134 0
1635338460880 135 0
1635338561197 135 0
1635338661545 136 0
1635338762050 136 0
1635338862493 137 0
1635338962827 137 0
1635339064014 138 0
1635339164698 138 0
1635339265209 139 0
1635339365716 139 0
1635339466128 140 0
1635339566538 140 0
1635339668655 141 0
1635339769085 141 0
1635339869356 142 0
1635339969582 142 0
1635340069980 143 0
1635340170544 143 0
1635340271055 144 0
1635340371449 144 0
1635340471745 145 0
1635340572172 145 0
1635340672478 146 0
1635340772694 146 0
1635340873049 147 0
1635340973377 147 0
1635341073896 148 0
1635341174295 148 0
1635341274598 149 0
1635341375088 149 0
1635341475551 150 0
1635341575898 150 0
1635341677778 151 0
1635341778338 151 0
1635341878600 152 0
1635341978936 152 0
1635342079299 153 0
1635342179724 153 0
1635342280116 154 0
1635342380449 154 0
1635342480817 155 0
1635342581503 155 0
1635342681845 156 0
1635342782125 156 0
1635342882538 157 0
1635342982910 157 0
1635343083365 158 0
1635343183598 158 0
1635343284153 159 0
1635343384463 159 0
1635343484916 160 0
1635343585327 160 0
1635343687492 161 0
1635343788026 161 0
1635343888458 162 0
1635343988893 162 0
1635344089287 163 0
1635344189699 163 0
1635344290023 164 0
1635344390444 164 0
1635344490804 165 0
1635344591223 165 0
1635344691673 166 0
1635344792126 166 0
1635344892519 167 0
1635344993062 167 0
1635345093567 168 0
1635345193862 168 0
1635345294061 169 0
1635345394363 169 0
1635345494774 170 0
1635345595156 170 0
1635345697065 171 0
1635345797629 171 0
1635345898039 172 0
1635345998410 172 0
1635346098686 173 0
1635346199254 173 0
1635346299569 174 0
1635346399999 174 0
1635346500539 175 0
1635346601221 175 0
1635346701548 176 0
1635346801976 176 0
1635346902681 177 0
1635347002933 177 0
1635347103293 178 0
1635347203632 178 0
1635347303905 179 0
1635347404519 179 0
1635347504800 180 0
1635347605046 180 0
1635347707026 181 0
1635347807442 181 0
1635347907802 182 0
1635348008136 182 0
1635348108525 183 0
1635348209017 183 0
1635348309344 184 0
1635348409626 184 0
1635348509849 185 0
1635348610445 185 0
1635348711062 186 0
1635348811510 186 0
1635348911790 187 0
1635349012240 187 0
1635349112517 188 0
1635349212944 188 0
1635349313317 189 0
1635349413456 189 0
1635349513812 190 0
1635349614150 190 0
1635349716067 191 0
1635349816728 191 0
1635349917907 192 0
1635350018560 192 0
1635350119110 193 0
1635350219520 193 0
1635350319895 194 0
1635350420154 194 0
1635350520707 195 0
1635350620960 195 0
1635350721249 196 0
1635350821629 196 0
1635350921938 197 0
1635351022589 197 0
1635351122927 198 0
1635351223394 198 0
1635351323884 199 0
1635351424116 199 0
1635351524525 200 0
1635351624967 200 0
1635351726865 201 0
1635351827118 201 0
1635351927545 202 0
1635352028018 202 0
1635352128360 203 0
1635352228965 203 0
1635352329522 204 0
1635352429835 204 0
1635352530140 205 0
1635352630464 205 0
1635352730879 206 0
1635352831383 206 0
1635352931735 207 0
1635353032206 207 0
1635353132623 208 0
1635353233019 208 0
1635353333342 209 0
1635353433853 209 0
1635353534147 210 0
1635353634376 210 0
1635353736432 211 0
1635353836770 211 0
1635353937242 212 0
1635354037746 212 0
1635354138152 213 0
1635354238439 213 0
1635354338764 214 0
1635354439221 214 0
1635354539679 215 0
1635354640260 215 0
1635354740592 216 0
1635354840844 216 0
1635354941127 217 0
1635355041479 217 0
1635355141788 218 0
1635355242144 218 0
1635355342645 219 0
1635355443058 219 0
1635355543345 220 0
1635355643759 220 0
1635355745557 221 0
1635355846160 221 0
1635355946489 222 0
1635356046660 222 0
1635356146991 223 0
1635356247313 223 0
1635356347661 224 0
1635356448001 224 0
1635356548333 225 0
1635356648752 225 0
1635356749211 226 0
1635356849565 226 0
1635356949709 227 0
1635357050122 227 0
1635357150348 228 0
1635357250684 228 0
1635357350801 229 0
1635357451109 229 0
1635357551311 230 0
1635357651894 230 0
1635357753689 231 0
1635357853957 231 0
1635357954329 232 0
1635358054831 232 0
1635358155007 233 0
1635358255611 233 0
1635358355948 234 0
1635358456401 234 0
1635358556793 235 0
1635358657045 235 0
1635358757323 236 0
1635358857630 236 0
1635358957968 237 0
1635359058274 237 0
1635359158535 238 0
1635359258992 238 0
1635359359196 239 0
1635359459966 239 0
1635359560455 240 0
1635359660883 240 0
1635359762855 241 0
1635359863235 241 0
1635359963617 242 0
1635360063833 242 0
1635360164167 243 0
1635360264564 243 0
1635360365042 244 0
1635360465404 244 0
1635360565739 245 0
1635360666271 245 0
1635360766625 246 0
1635360866839 246 0
1635360967072 247 0
1635361067495 247 0
1635361167795 248 0
1635361268292 248 0
1635361368528 249 0
1635361468881 249 0
1635361569216 250 0
1635361669564 250 0
1635361771458 251 0
1635361872148 251 0
1635361972574 252 0
1635362072923 252 0
1635362173204 253 0
1635362273672 253 0
1635362377298 254 0
1635362477460 254 0
1635362577899 255 0
1635362678140 255 0
1635362778452 256 0
1635362878758 256 0
1635362979205 257 0
1635363079536 257 0
1635363179752 258 0
1635363280009 258 0
1635363380398 259 0
1635363480826 259 0
1635363581194 260 0
1635363681585 260 0
1635363783467 261 0
1635363883817 261 0
1635363984102 262 0
1635364084371 262 0
1635364184560 263 0
1635364285549 263 0
1635364386185 264 0
1635364486556 264 0
1635364586870 265 0
1635364687250 265 0
1635364787455 266 0
1635364887924 266 0
1635364988268 267 0
1635365088639 267 0
1635365188828 268 0
1635365289111 268 0
1635365389721 269 0
1635365489985 269 0
1635365590248 270 0
1635365690499 270 0
1635365792208 271 0
1635365892479 271 0
1635365992972 272 0
1635366093401 272 0
1635366193659 273 0
1635366293872 273 0
1635366394055 274 0
1635366494252 274 0
1635366594564 275 0
1635366694932 275 0
1635366795091 276 0
1635366895378 276 0
1635366995652 277 0
1635367095927 277 0
1635367196188 278 0
1635367296450 278 0
1635367396672 279 0
1635367497025 279 0
1635367597355 280 0
1635367697865 280 0
1635367800319 281 0
1635367900866 281 0
1635368001384 282 0
1635368101936 282 0
1635368202805 283 0
1635368303337 283 0
1635368403793 284 0
1635368504694 284 0
1635368605307 285 0
1635368705805 285 0
1635368806272 286 0
1635368906743 286 0
1635369007456 287 0
1635369108072 287 0
1635369208876 288 0
1635369309636 288 0
1635369410202 289 0
1635369510768 289 0
1635369611400 290 0
1635369711995 290 0
1635369814259 291 0
1635369914691 291 0
1635370015071 292 0
1635370115456 292 0
1635370215896 293 0
1635370316308 293 0
1635370416795 294 0
1635370517215 294 0
1635370617637 295 0
1635370718241 295 0
1635370818620 296 0
1635370919011 296 0
1635371019456 297 0
1635371119906 297 0
1635371220279 298 0
1635371320798 298 0
1635371421472 299 0
1635371522036 299 0
1635371622511 300 0
1635371723041 300 0
1635371825017 301 0
1635371925514 301 0
1635372025953 302 0
1635372126394 302 0
1635372226653 303 0
1635372328883 303 0
1635372429768 304 0
1635372530236 304 0
1635372630674 305 0
1635372731085 305 0
1635372831697 306 0
1635372932034 306 0
1635373032511 307 0
1635373132889 307 0
1635373233363 308 0
1635373333816 308 0
1635373434122 309 0
1635373534469 309 0
1635373634753 310 0
1635373735180 310 0
1635373837473 311 0
1635373937828 311 0
1635374038179 312 0
1635374138449 312 0
1635374238748 313 0
1635374339040 313 0
1635374439462 314 0
1635374539849 314 0
1635374640370 315 0
1635374740765 315 0
1635374841181 316 0
1635374941486 316 0
1635375042493 317 0
1635375143217 317 0
1635375243808 318 0
1635375344359 318 0
1635375444765 319 0
1635375545215 319 0
1635375645658 320 0
1635375746031 320 0
1635375847876 321 0
1635375948119 321 0
1635376048483 322 0
1635376148928 322 0
1635376249545 323 0
1635376350079 323 0
1635376450417 324 0
1635376550986 324 0
1635376651397 325 0
1635376751928 325 0
1635376852379 326 0
1635376952737 326 0
1635377053284 327 0
1635377153659 327 0
1635377254090 328 0
1635377354593 328 0
1635377455214 329 0
1635377555696 329 0
1635377656054 330 0
1635377756527 330 0
1635377858526 331 0
1635377958865 331 0
1635378059145 332 0
1635378159627 332 0
1635378260108 333 0
1635378360568 333 0
1635378460951 334 0
1635378561371 334 0
1635378661878 335 0
1635378762118 335 0
1635378862429 336 0
1635378962887 336 0
1635379063219 337 0
1635379163811 337 0
1635379264403 338 0
1635379364957 338 0
1635379465408 339 0
1635379565785 339 0
1635379666161 340 0
1635379766506 340 0
1635379868576 341 0
1635379968980 341 0
1635380069412 342 0
1635380169785 342 0
1635380270096 343 0
1635380370956 343 0
1635380471417 344 0
1635380571679 344 0
1635380672169 345 0
1635380772780 345 0
1635380873070 346 0
1635380973397 346 0
1635381074130 347 0
1635381174599 347 0
1635381275018 348 0
1635381375512 348 0
1635381476059 349 0
1635381576494 349 0
1635381676864 350 0
1635381777145 350 0
1635381879704 351 0
1635381980014 351 0
1635382080370 352 0
1635382180734 352 0
1635382281148 353 0
1635382381521 353 0
1635382481960 354 0
1635382582512 354 0
1635382683055 355 0
1635382783531 355 0
1635382883985 356 0
1635382984479 356 0
1635383085038 357 0
1635383185536 357 0
1635383285913 358 0
1635383386370 358 0
1635383486689 359 0
1635383587008 359 0
1635383687563 360 0
1635383787893 360 0
1635383889627 361 0
1635383990294 361 0
1635384090794 362 0
1635384191302 362 0
1635384291781 363 0
1635384392232 363 0
1635384492811 364 0
1635384593354 364 0
1635384694024 365 0
1635384794286 365 0
1635384894852 366 0
1635384995343 366 0
1635385095894 367 0
1635385196340 367 0
1635385296714 368 0
1635385397316 368 0
1635385497804 369 0
1635385598264 369 0
1635385698552 370 0
1635385799204 370 0
1635385901107 371 0
1635386001791 371 0
1635386102426 372 0
1635386202853 372 0
1635386303437 373 0
1635386403960 373 0
1635386504543 374 0
1635386604975 374 0
1635386705501 375 0
1635386806009 375 0
1635386906425 376 0
1635387007191 376 0
1635387107688 377 0
1635387208184 377 0
1635387308612 378 0
1635387409240 378 0
1635387509843 379 0
1635387610423 379 0
1635387711106 380 0
1635387811531 380 0
1635387913660 381 0
1635388014258 381 0
1635388114788 382 0
1635388215540 382 0
1635388316241 383 0
1635388416769 383 0
1635388517444 384 0
1635388618045 384 0
1635388718380 385 0
1635388818867 385 0
1635388919291 386 0
1635389019850 386 0
1635389120379 387 0
1635389220848 387 0
1635389321199 388 0
1635389422036 388 0
1635389522581 389 0
1635389622964 389 0
1635389725328 390 0
1635389827715 390 0
1635389929752 391 0
1635390030401 391 0
1635390131057 392 0
1635390231644 392 0
1635390332188 393 0
1635390432698 393 0
1635390533140 394 0
1635390634925 394 0
1635390735502 395 0
1635390836016 395 0
1635390936506 396 0
1635391036915 396 0
1635391137452 397 0
1635391237937 397 0
1635391338369 398 0
1635391438590 398 0
1635391539075 399 0
1635391639563 399 0
1635391740090 400 0
1635391840830 400 0
1635391942700 401 0
1635392043286 401 0
1635392143749 402 0
1635392244315 402 0
1635392344877 403 0
1635392445493 403 0
1635392545854 404 0
1635392646242 404 0
1635392746652 405 0
1635392847121 405 0
1635392947562 406 0
1635393048652 406 0
1635393149261 407 0
1635393249896 407 0
1635393350581 408 0
1635393450983 408 0
1635393551515 409 0
1635393652302 409 0
1635393752795 410 0
1635393853090 410 0
1635393955082 411 0
1635394055544 411 0
1635394156056 412 0
1635394256777 412 0
1635394357170 413 0
1635394457641 413 0
1635394558124 414 0
1635394658679 414 0
1635394759213 415 0
1635394859724 415 0
1635394960314 416 0
1635395060784 416 0
1635395161308 417 0
1635395261707 417 0
1635395362178 418 0
1635395463109 418 0
1635395563757 419 0
1635395664163 419 0
1635395764921 420 0
1635395865294 420 0
1635395967161 421 0
1635396067768 421 0
1635396168319 422 0
1635396268698 422 0
1635396369211 423 0
1635396469723 423 0
1635396570262 424 0
1635396671146 424 0
1635396771742 425 0
1635396872318 425 0
1635396972841 426 0
1635397073267 426 0
1635397173821 427 0
1635397274443 427 0
1635397375014 428 0
1635397475625 428 0
1635397576087 429 0
1635397676543 429 0
1635397777111 430 0
1635397877856 430 0
1635397979967 431 0
1635398080674 431 0
1635398181265 432 0
1635398281833 432 0
1635398382614 433 0
1635398483019 433 0
1635398583961 434 0
1635398684547 434 0
1635398785150 435 0
1635398885734 435 0
1635398986439 436 0
1635399087255 436 0
1635399187857 437 0
1635399288331 437 0
1635399388979 438 0
1635399489536 438 0
1635399590105 439 0
1635399690773 439 0
1635399791347 440 0
1635399892151 440 0
1635399994136 441 0
1635400094715 441 0
1635400195253 442 0
1635400295784 442 0
1635400396258 443 0
1635400496804 443 0
1635400597389 444 0
1635400697831 444 0
1635400798201 445 0
1635400898935 445 0
1635400999570 446 0
1635401100002 446 0
1635401200454 447 0
1635401300810 447 0
1635401401471 448 0
1635401502158 448 0
1635401602803 449 0
1635401703392 449 0
1635401803872 450 0
1635401904594 450 0
1635402007134 451 0
1635402107679 451 0
1635402208390 452 0
1635402308920 452 0
1635402409594 453 0
1635402510113 453 0
1635402610785 454 0
1635402711681 454 0
1635402812383 455 0
1635402912974 455 0
1635403013622 456 0
1635403114236 456 0
1635403214606 457 0
1635403315089 457 0
1635403415616 458 0
1635403516221 458 0
1635403616776 459 0
1635403717364 459 0
1635403817994 460 0
1635403918626 460 0
1635404020595 461 0
1635404121231 461 0
1635404221992 462 0
1635404322613 462 0
1635404423137 463 0
1635404523821 463 0
1635404624412 464 0
1635404724996 464 0
1635404825611 465 0
1635404926235 465 0
1635405026838 466 0
1635405127456 466 0
1635405228120 467 0
1635405328779 467 0
1635405429286 468 0
1635405529882 468 0
1635405630538 469 0
1635405731210 469 0
1635405831899 470 0
1635405932453 470 0
1635406034494 471 0
1635406135054 471 0
1635406236075 472 0
1635406336728 472 0
1635406437341 473 0
1635406538002 473 0
1635406638757 474 0
1635406739407 474 0
1635406840163 475 0
1635406940839 475 0
1635407041374 476 0
1635407142081 476 0
1635407242836 477 0
1635407343284 477 0
1635407443963 478 0
1635407544534 478 0
1635407645239 479 0
1635407745998 479 0
1635407846637 480 0
1635407947292 480 0
1635408049625 481 0
1635408150088 481 0
1635408250613 482 0
1635408351052 482 0
1635408451644 483 0
1635408552367 483 0
1635408653179 484 0
1635408753825 484 0
1635408854348 485 0
1635408954955 485 0
1635409055702 486 0
1635409156380 486 0
1635409257072 487 0
1635409357645 487 0
1635409458208 488 0
1635409558846 488 0
1635409659394 489 0
1635409759954 489 0
1635409860813 490 0
1635409961410 490 0
1635410063454 491 0
1635410164135 491 0
1635410264718 492 0
1635410365149 492 0
1635410465744 493 0
1635410566318 493 0
1635410666999 494 0
1635410767651 494 0
1635410868204 495 0
1635410968914 495 0
1635411069724 496 0
1635411170334 496 0
1635411271055 497 0
1635411371793 497 0
1635411472526 498 0
1635411573080 498 0
1635411673771 499 0
1635411774471 499 0
1635411875011 500 0
1635411975461 500 0
1635412077410 501 0
1635412177877 501 0
1635412278510 502 0
1635412379403 502 0
1635412479903 503 0
1635412580372 503 0
1635412680817 504 0
1635412781273 504 0
1635412881780 505 0
1635412982273 505 0
1635413082680 506 0
1635413183077 506 0
1635413283537 507 0
1635413383931 507 0
1635413484760 508 0
1635413585222 508 0
1635413685701 509 0
1635413786105 509 0
1635413886436 510 0
1635413986793 510 0
1635414088738 511 0
1635414189279 511 0
1635414289775 512 0
1635414390276 512 0
1635414490716 513 0
1635414591297 513 0
1635414692629 514 0
1635414793312 514 0
1635414894056 515 0
1635414994578 515 0
1635415095357 516 0
1635415195981 516 0
1635415296720 517 0
1635415397335 517 0
1635415497873 518 0
1635415598444 518 0
1635415698893 519 0
1635415799659 519 0
1635415900160 520 0
1635416000710 520 0
1635416102751 521 0
1635416203296 521 0
1635416303847 522 0
1635416404228 522 0
1635416504754 523 0
1635416605156 523 0
1635416705562 524 0
1635416806031 524 0
1635416906472 525 0
1635417007051 525 0
1635417107782 526 0
1635417208651 526 0
1635417309372 527 0
1635417409813 527 0
1635417510235 528 0
1635417610753 528 0
1635417711162 529 0
1635417811665 529 0
1635417912170 530 0
1635418012658 530 0
1635418114472 531 0
1635418215111 531 0
1635418315592 532 0
1635418416233 532 0
1635418516592 533 0
1635418617266 533 0
1635418717710 534 0
1635418818233 534 0
1635418918912 535 0
1635419019436 535 0
1635419119837 536 0
1635419220115 536 0
1635419320639 537 0
1635419421278 537 0
1635419521795 538 0
1635419622374 538 0
1635419722980 539 0
1635419823483 539 0
1635419924001 540 0
1635420024545 540 0
1635420126402 541 0
1635420226875 541 0
1635420327394 542 0
1635420427758 542 0
1635420528268 543 0
1635420629046 543 0
1635420729425 544 0
1635420829851 544 0
1635420930120 545 0
1635421030468 545 0
1635421130862 546 0
1635421231373 546 0
1635421331894 547 0
1635421432353 547 0
1635421532853 548 0
1635421633287 548 0
1635421733717 549 0
1635421834252 549 0
1635421934639 550 0
1635422035010 550 0
1635422136998 551 0
1635422237531 551 0
1635422337902 552 0
1635422438484 552 0
1635422538827 553 0
1635422639366 553 0
1635422739830 554 0
1635422840203 554 0
1635422940740 555 0
1635423041340 555 0
1635423141864 556 0
1635423242375 556 0
1635423342980 557 0
1635423443562 557 0
1635423544063 558 0
1635423644690 558 0
1635423745226 559 0
1635423845652 559 0
1635423946101 560 0
1635424046623 560 0
1635424148650 561 0
1635424249605 561 0
1635424350233 562 0
1635424450799 562 0
1635424551348 563 0
1635424651820 563 0
1635424752322 564 0
1635424852840 564 0
1635424953059 565 0
1635425053614 565 0
1635425154166 566 0
1635425254811 566 0
1635425355363 567 0
1635425456122 567 0
1635425556644 568 0
1635425657243 568 0
1635425757891 569 0
1635425858383 569 0
1635425958942 570 0
1635426059535 570 0
1635426162026 571 0
1635426262352 571 0
1635426362898 572 0
1635426463402 572 0
1635426563884 573 0
1635426664484 573 0
1635426764925 574 0
1635426865333 574 0
1635426965892 575 0
1635427066154 575 0
1635427166565 576 0
1635427266921 576 0
1635427367430 577 0
1635427467843 577 0
1635427568211 578 0
1635427668455 578 0
1635427768901 579 0
1635427871698 579 0
1635427972814 580 0
1635428073536 580 0
1635428175734 581 0
1635428276505 581 0
1635428377031 582 0
1635428477646 582 0
1635428578345 583 0
1635428679216 583 0
1635428779931 584 0
1635428880668 584 0
1635428981242 585 0
1635429082821 585 0
1635429183730 586 0
1635429284427 586 0
1635429385258 587 0
1635429486057 587 0
1635429586672 588 0
1635429687415 588 0
1635429788013 589 0
1635429888713 589 0
1635429989434 590 0
1635430090173 590 0
1635430192136 591 0
1635430293082 591 0
1635430393804 592 0
1635430494507 592 0
1635430595196 593 0
1635430695867 593 0
1635430796449 594 0
1635430897082 594 0
1635430997731 595 0
1635431098510 595 0
1635431199318 596 0
1635431299984 596 0
1635431400793 597 0
1635431501718 597 0
1635431602516 598 0
1635431703039 598 0
1635431803641 599 0
1635431904195 599 0
1635432004890 600 0
1635432105537 600 0
1635432207731 601 0
1635432308352 601 0
1635432408786 602 0
1635432509440 602 0
1635432610133 603 0
1635432710607 603 0
1635432811085 604 0
1635432911728 604 0
1635433012403 605 0
1635433112972 605 0
1635433213702 606 0
1635433314479 606 0
1635433414971 607 0
1635433515475 607 0
1635433616083 608 0
1635433716417 608 0
1635433817160 609 0
1635433917790 609 0
1635434018304 610 0
1635434118894 610 0
1635434221090 611 0
1635434321840 611 0
1635434422469 612 0
1635434522991 612 0
1635434623517 613 0
1635434724091 613 0
1635434824780 614 0
1635434925369 614 0
1635435026260 615 0
1635435127150 615 0
1635435227916 616 0
1635435328545 616 0
1635435429390 617 0
1635435530070 617 0
1635435630754 618 0
1635435731325 618 0
1635435832040 619 0
1635435932737 619 0
1635436033392 620 0
1635436134019 620 0
1635436236913 621 0
1635436338002 621 0
1635436438801 622 0
1635436539436 622 0
1635436640041 623 0
1635436740701 623 0
1635436841501 624 0
1635436942177 624 0
1635437042731 625 0
1635437143322 625 0
1635437243984 626 0
1635437344603 626 0
1635437445462 627 0
1635437546089 627 0
1635437646644 628 0
1635437747269 628 0
1635437847825 629 0
1635437948513 629 0
1635438049166 630 0
1635438149862 630 0
1635438251964 631 0
1635438352513 631 0
1635438453047 632 0
1635438553784 632 0
1635438654720 633 0
1635438755429 633 0
1635438856268 634 0
1635438956808 634 0
1635439057342 635 0
1635439157942 635 0
1635439258505 636 0
1635439359041 636 0
1635439459540 637 0
1635439560083 637 0
1635439660591 638 0
1635439761214 638 0
1635439862052 639 0
1635439962650 639 0
1635440063382 640 0
1635440163968 640 0
1635440266101 641 0
1635440366726 641 0
1635440467604 642 0
1635440568057 642 0
1635440668569 643 0
1635440769082 643 0
1635440869634 644 0
1635440970220 644 0
1635441070903 645 0
1635441171319 645 0
1635441271919 646 0
1635441372519 646 0
1635441473045 647 0
1635441573732 647 0
1635441674270 648 0
1635441774840 648 0
1635441875358 649 0
1635441976017 649 0
1635442076465 650 0
1635442177027 650 0
1635442279473 651 0
1635442379931 651 0
1635442480471 652 0
1635442581015 652 0
1635442681442 653 0
1635442781963 653 0
1635442882440 654 0
1635442983053 654 0
1635443083518 655 0
1635443184107 655 0
1635443284571 656 0
1635443385091 656 0
1635443485816 657 0
1635443586160 657 0
1635443686572 658 0
1635443787009 658 0
1635443887654 659 0
1635443988132 659 0
1635444088782 660 0
1635444189296 660 0
1635444291380 661 0
1635444391998 661 0
1635444492495 662 0
1635444592982 662 0
1635444693808 663 0
1635444794269 663 0
1635444894862 664 0
1635444995322 664 0
1635445095688 665 0
1635445196071 665 0
1635445296570 666 0
1635445397222 666 0
1635445497843 667 0
1635445598465 667 0
1635445698953 668 0
1635445799636 668 0
1635445900443 669 0
1635446005036 669 0
1635446105705 670 0
1635446206211 670 0
1635446308212 671 0
1635446408955 671 0
1635446509445 672 0
1635446609898 672 0
1635446710532 673 0
1635446811083 673 0
1635446911736 674 0
1635447012446 674 0
1635447113031 675 0
1635447213694 675 0
1635447314226 676 0
1635447415113 676 0
1635447515735 677 0
1635447616307 677 0
1635447717147 678 0
1635447817579 678 0
1635447918115 679 0
1635448018619 679 0
1635448119165 680 0
1635448219759 680 0
1635448321767 681 0
1635448422498 681 0
1635448523015 682 0
1635448623578 682 0
1635448724064 683 0
1635448824553 683 0
1635448925054 684 0
1635449025639 684 0
1635449126305 685 0
1635449226687 685 0
1635449327190 686 0
1635449428148 686 0
1635449528500 687 0
1635449629045 687 0
1635449729781 688 0
1635449830349 688 0
1635449930903 689 0
1635450031484 689 0
1635450132023 690 0
1635450232498 690 0
1635450334497 691 0
1635450435143 691 0
1635450535820 692 0
1635450637199 692 0
1635450737962 693 0
1635450838673 693 0
1635450939277 694 0
1635451039793 694 0
1635451140393 695 0
1635451241228 695 0
1635451341678 696 0
1635451442257 696 0
1635451542740 697 0
1635451643227 697 0
1635451743584 698 0
1635451844268 698 0
1635451944945 699 0
1635452045555 699 0
1635452146120 700 0
1635452246603 700 0
1635452348674 701 0
1635452449425 701 0
1635452549978 702 0
1635452650738 702 0
1635452751415 703 0
1635452852125 703 0
1635452952649 704 0
1635453053698 704 0
1635453154305 705 0
1635453254902 705 0
1635453355636 706 0
1635453456285 706 0
1635453557015 707 0
1635453657603 707 0
1635453758184 708 0
1635453858723 708 0
1635453959304 709 0
1635454059751 709 0
1635454160248 710 0
1635454261187 710 0
1635454363261 711 0
1635454463914 711 0
1635454564415 712 0
1635454665268 712 0
1635454765866 713 0
1635454866695 713 0
1635454967370 714 0
1635455067890 714 0
1635455168505 715 0
1635455268942 715 0
1635455369580 716 0
1635455470233 716 0
1635455570843 717 0
1635455671338 717 0
1635455771831 718 0
1635455872346 718 0
1635455972695 719 0
1635456073198 719 0
1635456173794 720 0
1635456274262 720 0
1635456377362 721 0
1635456477979 721 0
1635456578623 722 0
1635456679496 722 0
1635456780115 723 0
1635456880705 723 0
1635456981296 724 0
1635457081890 724 0
1635457182504 725 0
1635457283104 725 0
1635457383751 726 0
1635457484304 726 0
1635457584959 727 0
1635457685379 727 0
1635457785900 728 0
1635457886627 728 0
1635457987310 729 0
1635458087777 729 0
1635458188520 730 0
1635458289210 730 0
1635458391332 731 0
1635458492203 731 0
1635458592835 732 0
1635458693421 732 0
1635458793927 733 0
1635458894497 733 0
1635458994990 734 0
1635459095661 734 0
1635459196172 735 0
1635459296710 735 0
1635459397014 736 0
1635459497434 736 0
1635459598007 737 0
1635459698477 737 0
1635459798973 738 0
1635459899495 738 0
1635460000037 739 0
1635460100538 739 0
1635460201163 740 0
1635460301924 740 0
1635460404013 741 0
1635460504852 741 0
1635460605670 742 0
1635460706284 742 0
1635460806861 743 0
1635460907428 743 0
1635461007982 744 0
1635461108512 744 0
1635461208965 745 0
1635461309682 745 0
1635461410554 746 0
1635461511899 746 0
1635461612761 747 0
1635461713401 747 0
1635461814142 748 0
1635461914734 748 0
1635462015458 749 0
1635462116156 749 0
1635462216746 750 0
1635462317506 750 0
1635462419542 751 0
1635462520111 751 0
1635462620825 752 0
1635462721408 752 0
1635462821818 753 0
1635462922350 753 0
1635463022960 754 0
1635463123466 754 0
1635463224001 755 0
1635463324632 755 0
1635463425184 756 0
1635463525817 756 0
1635463626329 757 0
1635463726872 757 0
1635463827762 758 0
1635463928396 758 0
1635464029011 759 0
1635464129725 759 0
1635464230531 760 0
1635464331122 760 0
1635464433204 761 0
1635464535902 761 0
1635464638569 762 0
1635464741134 762 0
1635464843933 763 0
1635464944431 763 0
1635465045144 764 0
1635465145746 764 0
1635465246336 765 0
1635465346867 765 0
1635465447319 766 0
1635465548056 766 0
1635465648848 767 0
1635465749446 767 0
1635465849917 768 0
1635465950449 768 0
1635466051013 769 0
1635466151634 769 0
1635466252576 770 0
1635466353114 770 0
1635466455471 771 0
1635466556150 771 0
1635466656832 772 0
1635466757409 772 0
1635466858120 773 0
1635466958527 773 0
1635467059164 774 0
1635467159881 774 0
1635467260515 775 0
1635467361358 775 0
1635467462394 776 0
1635467563362 776 0
1635467664013 777 0
1635467764666 777 0
1635467865437 778 0
1635467966141 778 0
1635468066770 779 0
1635468167432 779 0
1635468268178 780 0
1635468368882 780 0
1635468470990 781 0
1635468571690 781 0
1635468672426 782 0
1635468773103 782 0
1635468873656 783 0
1635468974198 783 0
1635469074911 784 0
1635469175516 784 0
1635469276250 785 0
1635469376755 785 0
1635469477341 786 0
1635469577844 786 0
1635469678407 787 0
1635469778820 787 0
1635469879699 788 0
1635469980336 788 0
1635470081109 789 0
1635470181849 789 0
1635470282411 790 0
1635470382936 790 0
1635470484983 791 0
1635470585559 791 0
1635470686131 792 0
1635470786788 792 0
1635470887225 793 0
1635470987791 793 0
1635471088751 794 0
1635471189333 794 0
1635471289901 795 0
1635471390535 795 0
1635471491086 796 0
1635471591687 796 0
1635471692322 797 0
1635471792955 797 0
1635471893514 798 0
1635471994173 798 0
1635472094851 799 0
1635472195409 799 0
1635472296175 800 0
1635472396603 800 0
1635472498737 801 0
1635472599356 801 0
1635472699744 802 0
1635472800397 802 0
1635472901096 803 0
1635473001534 803 0
1635473102114 804 0
1635473202683 804 0
1635473303228 805 0
1635473403702 805 0
1635473504411 806 0
1635473605077 806 0
1635473705670 807 0
1635473806176 807 0
1635473906759 808 0
1635474007417 808 0
1635474107930 809 0
1635474208425 809 0
1635474309104 810 0
1635474409719 810 0
1635474511695 811 0
1635474612617 811 0
1635474713357 812 0
1635474813954 812 0
1635474914536 813 0
1635475015054 813 0
1635475115806 814 0
1635475216231 814 0
1635475316807 815 0
1635475417323 815 0
1635475517904 816 0
1635475618463 816 0
1635475718979 817 0
1635475819609 817 0
1635475920071 818 0
1635476020566 818 0
1635476121130 819 0
1635476221793 819 0
1635476322600 820 0
1635476423303 820 0
1635476525417 821 0
1635476626093 821 0
1635476726633 822 0
1635476827236 822 0
1635476927904 823 0
1635477029468 823 0
1635477130764 824 0
1635477231405 824 0
1635477332160 825 0
1635477432847 825 0
1635477533508 826 0
1635477634273 826 0
1635477735043 827 0
1635477835592 827 0
1635477936194 828 0
1635478036957 828 0
1635478137582 829 0
1635478238759 829 0
1635478339427 830 0
1635478440093 830 0
1635478542260 831 0
1635478643254 831 0
1635478744081 832 0
1635478844871 832 0
1635478945709 833 0
1635479046392 833 0
1635479146946 834 0
1635479247789 834 0
1635479348416 835 0
1635479449234 835 0
1635479549921 836 0
1635479650565 836 0
1635479751299 837 0
1635479852207 837 0
1635479955747 838 0
