1635311298733 1.6860825419425964 0
1635311401278 0.7187282741069794 0
1635311505788 0.5657807439565659 0
1635311609356 0.3379039540886879 0
1635311712663 0.2793574035167694 0
1635311813171 0.2536497935652733 0
1635311913563 0.13476093485951424 0
1635312014222 0.28754980117082596 0
1635312114763 0.16210951656103134 0
1635312214966 0.17472363263368607 0
1635312315318 0.20140676200389862 0
1635312415899 0.5714797973632812 0
1635312516283 0.2454596608877182 0
1635312616733 0.22820477932691574 0
1635312717241 0.10252278298139572 0
1635312817748 0.5219839662313461 0
1635312918042 0.33965861797332764 0
1635313018444 0.24872858822345734 0
1635313118835 0.4011835977435112 0
1635313219214 0.16324274241924286 0
1635313319572 0.21517126262187958 0
1635313419725 0.1698736920952797 0
1635313521822 0.19548778235912323 0
1635313622448 0.20248913764953613 0
1635313722898 0.1328207068145275 0
1635313823723 0.23857417330145836 0
1635313924342 0.1477326788008213 0
1635314024832 0.11254208162426949 0
1635314125172 0.17285577207803726 0
1635314225542 0.29195772111415863 0
1635314325999 0.3279953747987747 0
1635314426639 0.2609132081270218 0
1635314527169 0.11236969009041786 0
1635314627674 0.38902704790234566 0
1635314728118 0.31754016131162643 0
1635314828481 0.47326329350471497 0
1635314929040 0.24021735042333603 0
1635315029740 0.26148877665400505 0
1635315130314 0.19237931817770004 0
1635315230783 0.2596900761127472 0
1635315331334 0.2000715285539627 0
1635315431824 0.17134185135364532 0
1635315533720 0.13176339864730835 0
1635315634390 0.2565077915787697 0
1635315734666 0.30831940472126007 0
1635315835055 0.12879300490021706 0
1635315935487 0.23807106167078018 0
1635316035929 0.16563815623521805 0
1635316136405 0.5438216030597687 0
1635316237197 0.16232355684041977 0
1635316337718 0.14873374998569489 0
1635316438190 0.12893497943878174 0
1635316538694 0.31531408429145813 0
1635316639235 0.2330671101808548 0
1635316739710 0.3091820180416107 0
1635316840290 0.388593852519989 0
1635316940736 0.33297625184059143 0
1635317041248 0.19239623099565506 0
1635317141888 0.44847673177719116 0
1635317242428 0.20467597618699074 0
1635317342972 0.332868829369545 0
1635317443616 0.28935158252716064 0
1635317545703 0.22216883301734924 0
1635317646378 0.17354238778352737 0
1635317746906 0.1417996808886528 0
1635317847575 0.15791719406843185 0
1635317948107 0.21571803092956543 0
1635318048849 0.2184217907488346 0
1635318149539 0.09934549778699875 0
1635318249890 0.27988411858677864 0
1635318350384 0.2292819321155548 0
1635318450884 0.3412991166114807 0
1635318551493 0.1575266569852829 0
1635318652193 0.33865829557180405 0
1635318752847 0.21989499032497406 0
1635318853297 0.27728189155459404 0
1635318953874 0.32523298263549805 0
1635319054407 0.3735649138689041 0
1635319155021 0.2867676764726639 0
1635319255646 0.06974412128329277 0
1635319356292 0.31493742763996124 0
1635319456953 0.5011862218379974 0
1635319559254 0.0898220743983984 0
1635319659829 0.3342239633202553 0
1635319760355 0.23790640383958817 0
1635319861152 0.24067598581314087 0
1635319961726 0.2308109626173973 0
1635320062293 0.2292746976017952 0
1635320162864 0.3175892233848572 0
1635320263432 0.23847481608390808 0
1635320363966 0.24561985582113266 0
1635320464493 0.15667909383773804 0
1635320565035 0.45365937054157257 0
1635320665524 0.26399045437574387 0
1635320766148 0.13561579957604408 0
1635320866668 0.11205700784921646 0
1635320967347 0.25629972666502 0
1635321067943 0.22430530935525894 0
1635321168327 0.2541249692440033 0
1635321268866 0.5224475562572479 0
1635321369303 0.35475631803274155 0
1635321469847 0.10551813617348671 0
1635321571740 0.29332055896520615 0
1635321672417 0.15594219975173473 0
1635321772962 0.25079891085624695 0
1635321873414 0.18346453458070755 0
1635321973738 0.2249278798699379 0
1635322074242 0.3323104903101921 0
1635322174869 0.19847163930535316 0
1635322275258 0.21604864299297333 0
1635322375688 0.18612191081047058 0
1635322476022 0.09047240763902664 0
1635322576544 0.07182502374053001 0
1635322676917 0.2577032037079334 0
1635322777480 0.27542509138584137 0
1635322877896 0.2598426453769207 0
1635322978384 0.38593844324350357 0
1635323078794 0.2696957513689995 0
1635323179213 0.3320593386888504 0
1635323279757 0.3612673431634903 0
1635323380494 0.36344900727272034 0
1635323481147 0.2750091403722763 0
1635323583075 0.1529834121465683 0
1635323683790 0.3129437267780304 0
1635323784238 0.33261358737945557 0
1635323884684 0.08272616565227509 0
1635323985201 0.423327311873436 0
1635324085729 0.23827867582440376 0
1635324186171 0.41420862078666687 0
1635324286771 0.17692972719669342 0
1635324387215 0.24770770967006683 0
1635324487674 0.2751454934477806 0
1635324588309 0.20835207402706146 0
1635324689592 0.33350135385990143 0
1635324790187 0.19624357670545578 0
1635324890708 0.3989311158657074 0
1635324991367 0.29112379997968674 0
1635325091847 0.362372525036335 0
1635325192216 0.29431916028261185 0
1635325292912 0.22876540571451187 0
1635325393367 0.19730084016919136 0
1635325493817 0.4478544592857361 0
1635325595813 0.18994174152612686 0
1635325696324 0.1894712019711733 0
1635325796906 0.13199176639318466 0
1635325897575 0.41222628951072693 0
1635325998064 0.44920364022254944 0
1635326098514 0.11249161884188652 0
1635326198848 0.1822943240404129 0
1635326299119 0.25681300088763237 0
1635326399501 0.19988450780510902 0
1635326500047 0.27109232917428017 0
1635326600588 0.24155747145414352 0
1635326700934 0.16583359986543655 0
1635326801241 0.17115675657987595 0
1635326901716 0.1931702420115471 0
1635327002228 0.09820741042494774 0
1635327102769 0.2916943281888962 0
1635327203234 0.2907222658395767 0
1635327303805 0.23302531242370605 0
1635327404284 0.2628938630223274 0
1635327504745 0.2221059948205948 0
1635327606600 0.18259761855006218 0
1635327707166 0.1575048416852951 0
1635327807568 0.2790197618305683 0
1635327908031 0.2703491300344467 0
1635328008423 0.0983033012598753 0
1635328108835 0.1148526594042778 0
1635328209350 0.2844356372952461 0
1635328309781 0.204013429582119 0
1635328410148 0.33559590578079224 0
1635328510569 0.27971015125513077 0
1635328611000 0.10073263198137283 0
1635328711265 0.2530515119433403 0
1635328811805 0.25293871760368347 0
1635328912285 0.2727377936244011 0
1635329012734 0.4352502077817917 0
1635329113096 0.10439621284604073 0
1635329213513 0.39320212602615356 0
1635329313806 0.2374410629272461 0
1635329414354 0.14209213852882385 0
1635329514652 0.18108278885483742 0
1635329616644 0.19683557748794556 0
1635329717189 0.30224283784627914 0
1635329817450 0.2266739159822464 0
1635329917850 0.21728288382291794 0
1635330018280 0.32008083164691925 0
1635330118706 0.14605872705578804 0
1635330219094 0.33465002477169037 0
1635330319345 0.17487085610628128 0
1635330419747 0.27453525364398956 0
1635330520206 0.14263096451759338 0
1635330620915 0.2778405509889126 0
1635330721495 0.07536992616951466 0
1635330821755 0.2554367706179619 0
1635330922146 0.23010113462805748 0
1635331022538 0.18920792639255524 0
1635331122918 0.3889518082141876 0
1635331223194 0.23638738691806793 0
1635331323373 0.331897109746933 0
1635331423568 0.239955373108387 0
1635331523991 0.2134200930595398 0
1635331625694 0.31711240485310555 0
1635331726153 0.18369412422180176 0
1635331826875 0.3322366923093796 0
1635331927280 0.18964360281825066 0
1635332027628 0.29901261627674103 0
1635332127929 0.30051296949386597 0
1635332228442 0.14868034049868584 0
1635332328883 0.1524517498910427 0
1635332429410 0.24763411283493042 0
1635332529829 0.35001277923583984 0
1635332630184 0.5661856532096863 0
1635332730508 0.17229901254177094 0
1635332831046 0.2546659931540489 0
1635332931535 0.2492361217737198 0
1635333032086 0.4534559100866318 0
1635333132328 0.15843810141086578 0
1635333232692 0.32481546700000763 0
1635333333113 0.3908151686191559 0
1635333433625 0.31935393810272217 0
1635333534063 0.28674662858247757 0
1635333636007 0.2205371856689453 0
1635333736552 0.25212007388472557 0
1635333837000 0.5725738555192947 0
1635333937346 0.2366923689842224 0
1635334037793 0.30678538978099823 0
1635334138284 0.23388966172933578 0
1635334239045 0.13851962238550186 0
1635334339464 0.21167440712451935 0
1635334439865 0.3878619521856308 0
1635334540220 0.231594730168581 0
1635334640784 0.43384307622909546 0
1635334741165 0.23665887862443924 0
1635334841537 0.3254089429974556 0
1635334941832 0.31521856039762497 0
1635335042313 0.20353693142533302 0
1635335142784 0.1274668425321579 0
1635335243173 0.20260042697191238 0
1635335343536 0.19385869428515434 0
1635335444161 0.1983536221086979 0
1635335544523 0.2987230606377125 0
1635335646578 0.2896919324994087 0
1635335746904 0.4286760538816452 0
1635335847361 0.2559933066368103 0
1635335947811 0.22909525781869888 0
1635336048571 0.08770093694329262 0
1635336148877 0.4288659989833832 0
1635336249279 0.5350872576236725 0
1635336349696 0.5074466019868851 0
1635336450200 0.4118910878896713 0
1635336550649 0.21554666757583618 0
1635336651191 0.15105946362018585 0
1635336751660 0.11897251568734646 0
1635336852095 0.34392504394054413 0
1635336952413 0.09460573643445969 0
1635337052967 0.09746144711971283 0
1635337153390 0.2686475068330765 0
1635337254183 0.10835366509854794 0
1635337354591 0.2703729197382927 0
1635337454932 0.4507879614830017 0
1635337555419 0.2622946798801422 0
1635337657316 0.18048999458551407 0
1635337757797 0.3597697243094444 0
1635337858571 0.4955429583787918 0
1635337958895 0.4085993617773056 0
1635338059313 0.11681235581636429 0
1635338159721 0.24250465631484985 0
1635338260128 0.11501990631222725 0
1635338360536 0.15911180526018143 0
1635338460890 0.20746808499097824 0
1635338561209 0.22017299383878708 0
1635338661555 0.3375202566385269 0
1635338762068 0.4826449900865555 0
1635338862503 0.21848448738455772 0
1635338962837 0.23713044077157974 0
1635339064026 0.3720608800649643 0
1635339164708 0.22806386277079582 0
1635339265219 0.19114438444375992 0
1635339365728 0.1416146531701088 0
1635339466138 0.29589220881462097 0
1635339566556 0.15262046456336975 0
1635339668667 0.09449571371078491 0
1635339769095 0.2907204329967499 0
1635339869366 0.2886243090033531 0
1635339969592 0.46962079405784607 0
1635340069990 0.1460111439228058 0
1635340170554 0.32684825360774994 0
1635340271065 0.35471469163894653 0
1635340371459 0.1378129981458187 0
1635340471757 0.3319026529788971 0
1635340572190 0.10736367851495743 0
1635340672488 0.2608545944094658 0
1635340772714 0.14506249874830246 0
1635340873067 0.13265026360750198 0
1635340973389 0.1516981516033411 0
1635341073906 0.42352578043937683 0
1635341174307 0.45895975828170776 0
1635341274608 0.23740766942501068 0
1635341375106 0.2324429452419281 0
1635341475569 0.2162661850452423 0
1635341575908 0.33680059760808945 0
1635341677788 0.26142696291208267 0
1635341778348 0.33199090138077736 0
1635341878610 0.3363622762262821 0
1635341978948 0.37434788048267365 0
1635342079309 0.22328703105449677 0
1635342179744 0.484730064868927 0
1635342280126 0.514890119433403 0
1635342380467 0.2297731190919876 0
1635342480829 0.28142236918210983 0
1635342581515 0.125575365498662 0
1635342681857 0.20519114285707474 0
1635342782137 0.2637755610048771 0
1635342882550 0.21720293164253235 0
1635342982920 0.16097385436296463 0
1635343083377 0.3295763432979584 0
1635343183608 0.19675923883914948 0
1635343284171 0.2400202490389347 0
1635343384481 0.22880611568689346 0
1635343484926 0.23301713913679123 0
1635343585345 0.35454344004392624 0
1635343687502 0.2721375524997711 0
1635343788036 0.3294250890612602 0
1635343888468 0.24075593054294586 0
1635343988903 0.308476485311985 0
1635344089297 0.29602527618408203 0
1635344189710 0.2267918474972248 0
1635344290033 0.4743620753288269 0
1635344390454 0.3717501014471054 0
1635344490814 0.20738450065255165 0
1635344591233 0.11092458665370941 0
1635344691691 0.34271927177906036 0
1635344792136 0.195742167532444 0
1635344892529 0.3673962652683258 0
1635344993072 0.6342565417289734 0
1635345093577 0.11089668050408363 0
1635345193874 0.21983419358730316 0
1635345294071 0.4037885218858719 0
1635345394373 0.345684215426445 0
1635345494785 0.1371893659234047 0
1635345595166 0.21596579998731613 0
1635345697083 0.12501410022377968 0
1635345797647 0.20029478520154953 0
1635345898051 0.13625960797071457 0
1635345998422 0.22223235294222832 0
1635346098696 0.3013651520013809 0
1635346199272 0.18161042407155037 0
1635346299587 0.2786782383918762 0
1635346400009 0.24386217445135117 0
1635346500549 0.4226359575986862 0
1635346601239 0.057083847001194954 0
1635346701558 0.16966688260436058 0
1635346801986 0.14460546523332596 0
1635346902691 0.3272503688931465 0
1635347002951 0.13884145766496658 0
1635347103303 0.1864209920167923 0
1635347203642 0.07571300305426121 0
1635347303923 0.3684687167406082 0
1635347404537 0.22900670021772385 0
1635347504810 0.24055889248847961 0
1635347605056 0.2980938106775284 0
1635347707036 0.39201265573501587 0
1635347807452 0.40151089429855347 0
1635347907812 0.32983167469501495 0
1635348008154 0.25849680602550507 0
1635348108535 0.24236800521612167 0
1635348209027 0.07027546316385269 0
1635348309355 0.09047729894518852 0
1635348409636 0.19405703991651535 0
1635348509859 0.18573087826371193 0
1635348610455 0.2128900634124875 0
1635348711072 0.28024522587656975 0
1635348811520 0.10205894708633423 0
1635348911800 0.31945911794900894 0
1635349012258 0.2425008788704872 0
1635349112527 0.17752325162291527 0
1635349212954 0.10702516511082649 0
1635349313329 0.4108626991510391 0
1635349413466 0.3793605864048004 0
1635349513822 0.21728552132844925 0
1635349614162 0.32970206439495087 0
1635349716077 0.144667599350214 0
1635349816738 0.12509283609688282 0
1635349917925 0.13815147429704666 0
1635350018570 0.20863117277622223 0
1635350119120 0.37093357741832733 0
1635350219531 0.3233087509870529 0
1635350319905 0.2197263091802597 0
1635350420172 0.2142290323972702 0
1635350520717 0.3097655922174454 0
1635350620970 0.3111774940043688 0
1635350721267 0.11778378486633301 0
1635350821647 0.33518819510936737 0
1635350921950 0.1909257397055626 0
1635351022599 0.09937697276473045 0
1635351122937 0.3239692449569702 0
1635351223404 0.21064797043800354 0
1635351323902 0.2658583000302315 0
1635351424126 0.3627485930919647 0
1635351524537 0.22269123047590256 0
1635351624977 0.0729338601231575 0
1635351726875 0.231011763215065 0
1635351827128 0.1673615388572216 0
1635351927556 0.06877731904387474 0
1635352028028 0.3504027724266052 0
1635352128370 0.1677667647600174 0
1635352228983 0.08769014105200768 0
1635352329532 0.23859570920467377 0
1635352429845 0.25571322441101074 0
1635352530152 0.28414860740303993 0
1635352630482 0.3405223786830902 0
1635352730891 0.2576451674103737 0
1635352831393 0.2916196137666702 0
1635352931753 0.23006048798561096 0
1635353032216 0.3033573552966118 0
1635353132633 0.23832494020462036 0
1635353233029 0.25111541897058487 0
1635353333352 0.13795378431677818 0
1635353433863 0.24927913397550583 0
1635353534159 0.3509558141231537 0
1635353634386 0.209037147462368 0
1635353736442 0.1358746998012066 0
1635353836788 0.16942331939935684 0
1635353937252 0.24789654463529587 0
1635354037756 0.06688681431114674 0
1635354138162 0.32994115352630615 0
1635354238451 0.16309508495032787 0
1635354338782 0.11239805817604065 0
1635354439231 0.32076773047447205 0
1635354539690 0.29502154886722565 0
1635354640272 0.25367673113942146 0
1635354740602 0.17917117476463318 0
1635354840862 0.1697278469800949 0
1635354941139 0.09046895802021027 0
1635355041491 0.45325906574726105 0
1635355141798 0.12445463612675667 0
1635355242154 0.11260803788900375 0
1635355342655 0.1767355278134346 0
1635355443076 0.3296448662877083 0
1635355543355 0.2503911256790161 0
1635355643769 0.26125822216272354 0
1635355745569 0.29965202137827873 0
1635355846170 0.20144196599721909 0
1635355946501 0.2959446534514427 0
1635356046670 0.21603035181760788 0
1635356147011 0.29345332086086273 0
1635356247323 0.4858954921364784 0
1635356347679 0.248207725584507 0
1635356448013 0.25853513553738594 0
1635356548343 0.36305299401283264 0
1635356648762 0.3595032226294279 0
1635356749223 0.3472933918237686 0
1635356849577 0.21179016306996346 0
1635356949719 0.2746089696884155 0
1635357050140 0.1472906917333603 0
1635357150366 0.2915910445153713 0
1635357250694 0.16389532387256622 0
1635357350813 0.39962173998355865 0
1635357451119 0.19556766003370285 0
1635357551321 0.19531705230474472 0
1635357651904 0.3681570142507553 0
1635357753699 0.19172485917806625 0
1635357853969 0.14274629577994347 0
1635357954341 0.1521722674369812 0
1635358054841 0.21180221438407898 0
1635358155025 0.1767524592578411 0
1635358255621 0.25841737911105156 0
1635358355958 0.08470688387751579 0
1635358456421 0.13879186660051346 0
1635358556803 0.22525647655129433 0
1635358657055 0.22909486293792725 0
1635358757333 0.4292216897010803 0
1635358857648 0.15130583941936493 0
1635358957978 0.2143174707889557 0
1635359058285 0.18369250372052193 0
1635359158545 0.30469971150159836 0
1635359259002 0.19139855355024338 0
1635359359214 0.3714414983987808 0
1635359459976 0.27044831961393356 0
1635359560465 0.18397504836320877 0
1635359660893 0.08914720639586449 0
1635359762865 0.15995175763964653 0
1635359863245 0.25954461097717285 0
1635359963627 0.1900201439857483 0
1635360063843 0.2703857719898224 0
1635360164177 0.2990059405565262 0
1635360264574 0.30351219326257706 0
1635360365052 0.08970389887690544 0
1635360465416 0.3868974894285202 0
1635360565757 0.2080804482102394 0
1635360666281 0.2935452498495579 0
1635360766635 0.29949744790792465 0
1635360866851 0.2111377939581871 0
1635360967090 0.42407214641571045 0
1635361067505 0.05773513577878475 0
1635361167805 0.2202869988977909 0
1635361268302 0.31894945353269577 0
1635361368546 0.14064570516347885 0
1635361468891 0.18733421713113785 0
1635361569227 0.08066432178020477 0
1635361669576 0.18828067183494568 0
1635361771470 0.21696380153298378 0
1635361872158 0.2748684212565422 0
1635361972584 0.2853909283876419 0
1635362072933 0.10058660060167313 0
1635362173214 0.21139422059059143 0
1635362273684 0.13369616121053696 0
1635362377308 0.1285390742123127 0
1635362477478 0.18711377307772636 0
1635362577909 0.566618949174881 0
1635362678150 0.2376810610294342 0
1635362778462 0.5059639662504196 0
1635362878768 0.23816253617405891 0
1635362979215 0.25300852954387665 0
1635363079546 0.3857712149620056 0
1635363179764 0.40573446452617645 0
1635363280021 0.21945524960756302 0
1635363380408 0.36599501594901085 0
1635363480836 0.1694352887570858 0
1635363581204 0.516849160194397 0
1635363681595 0.20974338054656982 0
1635363783477 0.2708231657743454 0
1635363883835 0.2729508653283119 0
1635363984114 0.21559035778045654 0
1635364084381 0.34274426102638245 0
1635364184572 0.3463767543435097 0
1635364285559 0.24938551150262356 0
1635364386204 0.31388411670923233 0
1635364486566 0.26813605427742004 0
1635364586880 0.2774501293897629 0
1635364687268 0.2609794959425926 0
1635364787465 0.17705212906002998 0
1635364887934 0.2545464411377907 0
1635364988288 0.45164036750793457 0
1635365088659 0.15985741466283798 0
1635365188838 0.28241510689258575 0
1635365289121 0.19428518787026405 0
1635365389731 0.29018594324588776 0
1635365489995 0.20105663686990738 0
1635365590258 0.2084251120686531 0
1635365690511 0.19034995883703232 0
1635365792218 0.20336072146892548 0
1635365892489 0.20299089327454567 0
1635365992985 0.27328260987997055 0
1635366093411 0.15360057726502419 0
1635366193669 0.2313067950308323 0
1635366293882 0.30397963523864746 0
1635366394065 0.22905470430850983 0
1635366494270 0.28858982771635056 0
1635366594574 0.21750564128160477 0
1635366694942 0.1258118599653244 0
1635366795101 0.1685851290822029 0
1635366895388 0.49323470890522003 0
1635366995662 0.3803160786628723 0
1635367095937 0.12273691222071648 0
1635367196200 0.26705024391412735 0
1635367296462 0.23514850437641144 0
1635367396682 0.18973607569932938 0
1635367497035 0.3762838542461395 0
1635367597365 0.4447224289178848 0
1635367697883 0.10680489055812359 0
1635367800329 0.16438833624124527 0
1635367900884 0.09490261971950531 0
1635368001396 0.29634686559438705 0
1635368101946 0.324174202978611 0
1635368202815 0.35814865306019783 0
1635368303349 0.2713693007826805 0
1635368403804 0.11969270929694176 0
1635368504706 0.3623005896806717 0
1635368605317 0.23268090933561325 0
1635368705815 0.3954915553331375 0
1635368806282 0.30412423610687256 0
1635368906755 0.14188025519251823 0
1635369007466 0.37336691468954086 0
1635369108082 0.16956182569265366 0
1635369208888 0.3244542330503464 0
1635369309654 0.16318045929074287 0
1635369410212 0.18444550782442093 0
1635369510778 0.19584888592362404 0
1635369611410 0.36153673753142357 0
1635369712007 0.41154050827026367 0
1635369814269 0.23999392241239548 0
1635369914711 0.2623250335454941 0
1635370015081 0.1394516434520483 0
1635370115474 0.06956075876951218 0
1635370215906 0.2755707949399948 0
1635370316320 0.3865339905023575 0
1635370416807 0.25038716197013855 0
1635370517225 0.22679830342531204 0
1635370617649 0.32111604511737823 0
1635370718251 0.11997410655021667 0
1635370818632 0.06664657406508923 0
1635370919021 0.2901676371693611 0
1635371019474 0.4941493719816208 0
1635371119918 0.30971772968769073 0
1635371220297 0.10968956351280212 0
1635371320808 0.2398887723684311 0
1635371421482 0.16903384402394295 0
1635371522046 0.5316484123468399 0
1635371622521 0.06722020171582699 0
1635371723053 0.18876435607671738 0
1635371825027 0.2843177169561386 0
1635371925532 0.18172571435570717 0
1635372025963 0.10582257620990276 0
1635372126412 0.2524488642811775 0
1635372226663 0.46109648048877716 0
1635372328893 0.22841506451368332 0
1635372429786 0.28313537687063217 0
1635372530248 0.25124842673540115 0
1635372630684 0.43842071294784546 0
1635372731097 0.5209065973758698 0
1635372831707 0.2804270535707474 0
1635372932044 0.3278033286333084 0
1635373032521 0.17864087224006653 0
1635373132909 0.3325263112783432 0
1635373233375 0.16095393151044846 0
1635373333826 0.22159463539719582 0
1635373434132 0.33350368589162827 0
1635373534479 0.22033686935901642 0
1635373634763 0.13310506939888 0
1635373735190 0.20880478248000145 0
1635373837484 0.19804706051945686 0
1635373937840 0.29167598485946655 0
1635374038189 0.31867484748363495 0
1635374138467 0.5294128954410553 0
1635374238758 0.36294442415237427 0
1635374339050 0.1748674288392067 0
1635374439472 0.356462299823761 0
1635374539867 0.21185126528143883 0
1635374640380 0.4253427982330322 0
1635374740775 0.25261539965867996 0
1635374841193 0.27459101378917694 0
1635374941496 0.3329082801938057 0
1635375042511 0.14159245789051056 0
1635375143235 0.22578419372439384 0
1635375243820 0.0692707858979702 0
1635375344369 0.43528449535369873 0
1635375444777 0.20219407603144646 0
1635375545225 0.2371288724243641 0
1635375645670 0.17179863899946213 0
1635375746041 0.2135205827653408 0
1635375847886 0.2890130281448364 0
1635375948129 0.27931034564971924 0
1635376048493 0.2775828689336777 0
1635376148940 0.2549886256456375 0
1635376249556 0.34156158566474915 0
1635376350089 0.24107930809259415 0
1635376450427 0.18537063524127007 0
1635376550996 0.20678311586380005 0
1635376651407 0.4993974417448044 0
1635376751938 0.19650013372302055 0
1635376852389 0.06318069994449615 0
1635376952747 0.16909780353307724 0
1635377053294 0.24075189232826233 0
1635377153669 0.1250888705253601 0
1635377254100 0.2596544623374939 0
1635377354611 0.3082498759031296 0
1635377455232 0.5098543167114258 0
1635377555706 0.3087604343891144 0
1635377656066 0.0736489649862051 0
1635377756537 0.2915409430861473 0
1635377858536 0.09238157793879509 0
1635377958875 0.22966626286506653 0
1635378059156 0.1075784433633089 0
1635378159637 0.569320872426033 0
1635378260120 0.1814442127943039 0
1635378360586 0.253216240555048 0
1635378460961 0.37050725519657135 0
1635378561383 0.1436499059200287 0
1635378661896 0.30787643045186996 0
1635378762130 0.22590190917253494 0
1635378862441 0.351136714220047 0
1635378962906 0.5680412352085114 0
1635379063231 0.1492403969168663 0
1635379163821 0.2582651972770691 0
1635379264421 0.10231022723019123 0
1635379364967 0.1026675645262003 0
1635379465418 0.1948682814836502 0
1635379565795 0.37026649713516235 0
1635379666171 0.21762268990278244 0
1635379766516 0.264188252389431 0
1635379868586 0.35223157703876495 0
1635379968990 0.17004060000181198 0
1635380069432 0.2891756594181061 0
1635380169795 0.36950787901878357 0
1635380270106 0.2889884114265442 0
1635380370974 0.3961401581764221 0
1635380471435 0.10410412773489952 0
1635380571699 0.15405867993831635 0
1635380672189 0.29897184669971466 0
1635380772790 0.23503974825143814 0
1635380873090 0.24581095576286316 0
1635380973415 0.11301235482096672 0
1635381074140 0.2969619184732437 0
1635381174609 0.3062405213713646 0
1635381275030 0.07340393587946892 0
1635381375522 0.2921149283647537 0
1635381476072 0.3018072843551636 0
1635381576514 0.2556476891040802 0
1635381676874 0.26486530900001526 0
1635381777157 0.17120026797056198 0
1635381879714 0.35772835463285446 0
1635381980024 0.25768300890922546 0
1635382080388 0.3008068799972534 0
1635382180744 0.3215481825172901 0
1635382281159 0.4565427005290985 0
1635382381531 0.37551000714302063 0
1635382481970 0.09861396625638008 0
1635382582522 0.12179558724164963 0
1635382683065 0.30699318647384644 0
1635382783543 0.2613910138607025 0
1635382883997 0.28951220214366913 0
1635382984497 0.21565306931734085 0
1635383085048 0.2945263609290123 0
1635383185546 0.2439412772655487 0
1635383285923 0.1691623292863369 0
1635383386382 0.21482936292886734 0
1635383486699 0.24995185807347298 0
1635383587026 0.13339757919311523 0
1635383687581 0.15367038920521736 0
1635383787905 0.2616983577609062 0
1635383889637 0.07901624590158463 0
1635383990304 0.23711347579956055 0
1635384090806 0.24810738861560822 0
1635384191320 0.43125465512275696 0
1635384291799 0.3629128113389015 0
1635384392244 0.26372653245925903 0
1635384492829 0.3683263212442398 0
1635384593364 0.1869986280798912 0
1635384694036 0.29702550172805786 0
1635384794306 0.1836133524775505 0
1635384894870 0.48171222768723965 0
1635384995355 0.4033146798610687 0
1635385095904 0.25505704060196877 0
1635385196352 0.07715238258242607 0
1635385296726 0.13017858006060123 0
1635385397336 0.40214408189058304 0
1635385497822 0.14708279445767403 0
1635385598274 0.20550048351287842 0
1635385698564 0.3966159373521805 0
1635385799214 0.3720216751098633 0
1635385901117 0.24959958344697952 0
1635386001803 0.20790977403521538 0
1635386102436 0.4282026141881943 0
1635386202865 0.17004910111427307 0
1635386303449 0.0929274819791317 0
1635386403970 0.31747297942638397 0
1635386504553 0.3147631287574768 0
1635386604985 0.24145549163222313 0
1635386705511 0.24192123115062714 0
1635386806019 0.15049411356449127 0
1635386906435 0.4022231847047806 0
1635387007201 0.23759546875953674 0
1635387107700 0.0984250046312809 0
1635387208194 0.28126640245318413 0
1635387308622 0.10331535339355469 0
1635387409259 0.10582049563527107 0
1635387509861 0.1773841455578804 0
1635387610433 0.08861178904771805 0
1635387711116 0.46411310136318207 0
1635387811541 0.17333868145942688 0
1635387913670 0.34429212659597397 0
1635388014270 0.12475832924246788 0
1635388114808 0.18149808049201965 0
1635388215560 0.19853397458791733 0
1635388316253 0.07071369886398315 0
1635388416787 0.10917134955525398 0
1635388517456 0.45961517095565796 0
1635388618055 0.1229780837893486 0
1635388718390 0.23544572293758392 0
1635388818879 0.24904092401266098 0
1635388919301 0.3569611757993698 0
1635389019860 0.06877244636416435 0
1635389120389 0.3011191487312317 0
1635389220866 0.3566765561699867 0
1635389321217 0.12767536006867886 0
1635389422054 0.11628089845180511 0
1635389522593 0.2677133195102215 0
1635389622975 0.368026964366436 0
1635389725346 0.31964143365621567 0
1635389827727 0.10239913500845432 0
1635389929764 0.5111731737852097 0
1635390030419 0.36149145662784576 0
1635390131067 0.2331063449382782 0
1635390231656 0.4046648144721985 0
1635390332198 0.39412157237529755 0
1635390432710 0.16612769663333893 0
1635390533158 0.3518270328640938 0
1635390634935 0.24978309497237206 0
1635390735512 0.12485376000404358 0
1635390836026 0.5571685135364532 0
1635390936524 0.09231793880462646 0
1635391036933 0.4904121160507202 0
1635391137472 0.3050600662827492 0
1635391237947 0.33683541417121887 0
1635391338381 0.3170314282178879 0
1635391438608 0.11015619710087776 0
1635391539087 0.38196857273578644 0
1635391639574 0.2049529179930687 0
1635391740100 0.07038339506834745 0
1635391840840 0.37977103888988495 0
1635391942712 0.23585404455661774 0
1635392043296 0.15134067833423615 0
1635392143767 0.25139832124114037 0
1635392244327 0.0897239688783884 0
1635392344895 0.29575158655643463 0
1635392445503 0.2360144853591919 0
1635392545864 0.0942884013056755 0
1635392646254 0.23825260251760483 0
1635392746662 0.19471260905265808 0
1635392847133 0.280798327177763 0
1635392947574 0.26267290115356445 0
1635393048670 0.257334940135479 0
1635393149271 0.22360975295305252 0
1635393249906 0.138856653124094 0
1635393350593 0.3192890137434006 0
1635393451001 0.43975070118904114 0
1635393551525 0.3183954432606697 0
1635393652314 0.3192247711122036 0
1635393752805 0.28369806706905365 0
1635393853100 0.46669360995292664 0
1635393955092 0.19463647156953812 0
1635394055554 0.051619354635477066 0
1635394156074 0.2600214332342148 0
1635394256787 0.24203118681907654 0
1635394357180 0.2320958971977234 0
1635394457659 0.37487128376960754 0
1635394558142 0.12375110760331154 0
1635394658689 0.3584809713065624 0
1635394759233 0.14150895550847054 0
1635394859742 0.09598862752318382 0
1635394960332 0.11549199000000954 0
1635395060794 0.22170673310756683 0
1635395161318 0.24568834155797958 0
1635395261717 0.08217166271060705 0
1635395362188 0.19119498878717422 0
1635395463119 0.2602715343236923 0
1635395563767 0.22285887598991394 0
1635395664181 0.3742850199341774 0
1635395764931 0.37918664515018463 0
1635395865304 0.3511449694633484 0
1635395967171 0.25503555685281754 0
1635396067788 0.21759937703609467 0
1635396168329 0.22730999439954758 0
1635396268708 0.2115556076169014 0
1635396369223 0.37322695553302765 0
1635396469735 0.1451471522450447 0
1635396570280 0.11372445151209831 0
1635396671156 0.17204048857092857 0
1635396771755 0.2934335321187973 0
1635396872328 0.23704658448696136 0
1635396972859 0.13823529332876205 0
1635397073277 0.3743683472275734 0
1635397173831 0.3307959735393524 0
1635397274453 0.3176633268594742 0
1635397375024 0.3000989407300949 0
1635397475637 0.23209507763385773 0
1635397576097 0.4418894350528717 0
1635397676555 0.18173866719007492 0
1635397777123 0.24998946487903595 0
1635397877874 0.10786000452935696 0
1635397979977 0.09338427893817425 0
1635398080684 0.28319505602121353 0
1635398181283 0.106131287291646 0
1635398281843 0.18815738707780838 0
1635398382624 0.1927134320139885 0
1635398483029 0.3386539816856384 0
1635398583971 0.4264388829469681 0
1635398684565 0.35473038256168365 0
1635398785160 0.21320350095629692 0
1635398885746 0.18251556903123856 0
1635398986459 0.21018357016146183 0
1635399087265 0.4422447830438614 0
1635399187870 0.12500840798020363 0
1635399288342 0.21000166237354279 0
1635399388989 0.29523660987615585 0
1635399489554 0.3379533439874649 0
1635399590115 0.33574868738651276 0
1635399690783 0.17860650084912777 0
1635399791359 0.1935049667954445 0
1635399892161 0.18168193474411964 0
1635399994148 0.185930036008358 0
1635400094725 0.32288750261068344 0
1635400195263 0.2717667296528816 0
1635400295794 0.078424833714962 0
1635400396279 0.13530642911791801 0
1635400496816 0.3298933357000351 0
1635400597409 0.3905743658542633 0
1635400697849 0.17843468487262726 0
1635400798211 0.25796909630298615 0
1635400898945 0.23911327123641968 0
1635400999580 0.38524623960256577 0
1635401100014 0.17782998830080032 0
1635401200464 0.20947609841823578 0
1635401300828 0.2844430059194565 0
1635401401489 0.16910619288682938 0
1635401502168 0.325260192155838 0
1635401602815 0.40387943387031555 0
1635401703404 0.19173400104045868 0
1635401803890 0.19707958959043026 0
1635401904612 0.4195430167019367 0
1635402007144 0.33682581037282944 0
1635402107689 0.1633889265358448 0
1635402208400 0.21670547872781754 0
1635402308932 0.5150160789489746 0
1635402409604 0.43919694423675537 0
1635402510131 0.22761093080043793 0
1635402610795 0.3852395713329315 0
1635402711691 0.351391077041626 0
1635402812395 0.17283928580582142 0
1635402912986 0.3538934886455536 0
1635403013640 0.2492513731122017 0
1635403114246 0.15839054435491562 0
1635403214625 0.34150585532188416 0
1635403315107 0.2294176034629345 0
1635403415626 0.42773298919200897 0
1635403516239 0.17078399658203125 0
1635403616786 0.28697503730654716 0
1635403717376 0.1727473847568035 0
1635403818004 0.13818076252937317 0
1635403918636 0.4877607524394989 0
1635404020605 0.321624293923378 0
1635404121241 0.16952114552259445 0
1635404222002 0.32088060677051544 0
1635404322623 0.1615687534213066 0
1635404423147 0.1619103029370308 0
1635404523831 0.29250451922416687 0
1635404624430 0.22915587574243546 0
1635404725014 0.3013222813606262 0
1635404825621 0.2017066478729248 0
1635404926253 0.19379601906985044 0
1635405026856 0.2625236362218857 0
1635405127466 0.2340964563190937 0
1635405228130 0.19590362161397934 0
1635405328791 0.1930925566703081 0
1635405429298 0.48881036043167114 0
1635405529892 0.23642560839653015 0
1635405630548 0.3320867568254471 0
1635405731228 0.10958859324455261 0
1635405831911 0.39255721867084503 0
1635405932463 0.17895973473787308 0
1635406034506 0.08389941975474358 0
1635406135066 0.19090700149536133 0
1635406236085 0.24295292422175407 0
1635406336738 0.29746944457292557 0
1635406437353 0.09865669906139374 0
1635406538012 0.40208466351032257 0
1635406638769 0.24249551445245743 0
1635406739425 0.14508386701345444 0
1635406840173 0.20510996878147125 0
1635406940857 0.13217676058411598 0
1635407041384 0.37720026075839996 0
1635407142093 0.35760386288166046 0
1635407242854 0.19153077900409698 0
1635407343294 0.119746133685112 0
1635407443973 0.21452224627137184 0
1635407544544 0.41729985550045967 0
1635407645257 0.18035554140806198 0
1635407746008 0.1833413913846016 0
1635407846657 0.20235121063888073 0
1635407947302 0.0830849688500166 0
1635408049635 0.10805265605449677 0
1635408150106 0.16358676552772522 0
1635408250625 0.15135245770215988 0
1635408351065 0.14506859704852104 0
1635408451654 0.4388474375009537 0
1635408552379 0.3659736290574074 0
1635408653189 0.2846211399883032 0
1635408753835 0.11224746704101562 0
1635408854358 0.09294759854674339 0
1635408954967 0.2483265921473503 0
1635409055712 0.32894670963287354 0
1635409156390 0.3557693585753441 0
1635409257084 0.2776884660124779 0
1635409357657 0.2975998595356941 0
1635409458218 0.21583585441112518 0
1635409558866 0.3306708186864853 0
1635409659412 0.07897741347551346 0
1635409759964 0.1131543293595314 0
1635409860831 0.20067091286182404 0
1635409961422 0.18786147236824036 0
1635410063464 0.07230809330940247 0
1635410164147 0.21426664292812347 0
1635410264728 0.3386193886399269 0
1635410365159 0.5481238812208176 0
1635410465756 0.2128807082772255 0
1635410566330 0.08372259885072708 0
1635410667009 0.20586759597063065 0
1635410767661 0.21881016343832016 0
1635410868214 0.05724378861486912 0
1635410968925 0.3055533841252327 0
1635411069736 0.17417890578508377 0
1635411170346 0.2733677849173546 0
1635411271065 0.27120576798915863 0
1635411371803 0.3069660812616348 0
1635411472538 0.21338987350463867 0
1635411573090 0.2791344225406647 0
1635411673791 0.3120347261428833 0
1635411774482 0.3145624101161957 0
1635411875023 0.31027766317129135 0
1635411975471 0.32282455265522003 0
1635412077428 0.1297871209681034 0
1635412177895 0.40099456906318665 0
1635412278520 0.25534456968307495 0
1635412379413 0.2738981321454048 0
1635412479921 0.20720994099974632 0
1635412580392 0.1865626871585846 0
1635412680829 0.1299404390156269 0
1635412781283 0.294820636510849 0
1635412881790 0.20464619621634483 0
1635412982283 0.12194549664855003 0
1635413082690 0.2905723601579666 0
1635413183095 0.28304849565029144 0
1635413283555 0.25410306453704834 0
1635413383941 0.3777277171611786 0
1635413484772 0.21086902916431427 0
1635413585234 0.16186576709151268 0
1635413685719 0.636231005191803 0
1635413786115 0.2572811618447304 0
1635413886446 0.1208762638270855 0
1635413986811 0.06334842089563608 0
1635414088748 0.1529645025730133 0
1635414189297 0.3079245463013649 0
1635414289787 0.28392427414655685 0
1635414390286 0.2508321553468704 0
1635414490734 0.303532212972641 0
1635414591317 0.4009343236684799 0
1635414692639 0.15493455529212952 0
1635414793323 0.30615727603435516 0
1635414894066 0.2454245276749134 0
1635414994588 0.21591006219387054 0
1635415095367 0.3250312954187393 0
1635415195991 0.24284563213586807 0
1635415296730 0.29655514284968376 0
1635415397345 0.2290947437286377 0
1635415497883 0.2459658458828926 0
1635415598456 0.2621940076351166 0
1635415698911 0.38314250111579895 0
1635415799677 0.12842277064919472 0
1635415900170 0.20664240419864655 0
1635416000722 0.22548921778798103 0
1635416102769 0.4016110450029373 0
1635416203306 0.22130262851715088 0
1635416303865 0.23024668544530869 0
1635416404238 0.25943564623594284 0
1635416504772 0.2220446951687336 0
1635416605166 0.3432864844799042 0
1635416705582 0.29441771656274796 0
1635416806043 0.16916587948799133 0
1635416906482 0.2041158489882946 0
1635417007061 0.38937512040138245 0
1635417107792 0.2661479413509369 0
1635417208663 0.2712262198328972 0
1635417309382 0.27737272530794144 0
1635417409823 0.18620308116078377 0
1635417510245 0.2995389327406883 0
1635417610763 0.2376599907875061 0
1635417711172 0.15524164587259293 0
1635417811675 0.23999577015638351 0
1635417912180 0.19152464531362057 0
1635418012670 0.14614899829030037 0
1635418114482 0.29880446940660477 0
1635418215121 0.29727185517549515 0
1635418315602 0.26816708594560623 0
1635418416245 0.22507738322019577 0
1635418516602 0.3363209292292595 0
1635418617278 0.2676023691892624 0
1635418717720 0.1435961239039898 0
1635418818245 0.10982790216803551 0
1635418918922 0.40293560177087784 0
1635419019446 0.31108619272708893 0
1635419119847 0.31259190291166306 0
1635419220127 0.27927713096141815 0
1635419320649 0.3877621740102768 0
1635419421289 0.17638931423425674 0
1635419521805 0.34576061367988586 0
1635419622384 0.18100825138390064 0
1635419722990 0.14579787105321884 0
1635419823501 0.4826786667108536 0
1635419924011 0.21268419176340103 0
1635420024555 0.35760004818439484 0
1635420126419 0.48900067433714867 0
1635420226885 0.3014736846089363 0
1635420327404 0.1750038042664528 0
1635420427768 0.30010614544153214 0
1635420528280 0.37321197241544724 0
1635420629056 0.31165261939167976 0
1635420729435 0.2339012771844864 0
1635420829863 0.1229104045778513 0
1635420930130 0.16244470700621605 0
1635421030478 0.35763348639011383 0
1635421130872 0.1399986743927002 0
1635421231383 0.20990418642759323 0
1635421331904 0.22681622952222824 0
1635421432363 0.22906751930713654 0
1635421532865 0.10040352120995522 0
1635421633299 0.34548380970954895 0
1635421733729 0.18784449249505997 0
1635421834262 0.2250327169895172 0
1635421934649 0.1333317942917347 0
1635422035020 0.21903757005929947 0
1635422137016 0.26601191610097885 0
1635422237541 0.12000740319490433 0
1635422337912 0.11854361370205879 0
1635422438502 0.23788148909807205 0
1635422538839 0.19824517145752907 0
1635422639378 0.13845309615135193 0
1635422739850 0.3181067407131195 0
1635422840213 0.13049086183309555 0
1635422940752 0.3409746587276459 0
1635423041350 0.24630073457956314 0
1635423141882 0.23277689144015312 0
1635423242385 0.10817897319793701 0
1635423342990 0.20421530306339264 0
1635423443574 0.15514013916254044 0
1635423544073 0.18080125376582146 0
1635423644700 0.3322816453874111 0
1635423745236 0.4010114446282387 0
1635423845670 0.17510312423110008 0
1635423946113 0.1523662880063057 0
1635424046641 0.33135243505239487 0
1635424148660 0.2596682161092758 0
1635424249617 0.2508918195962906 0
1635424350243 0.23733681440353394 0
1635424450818 0.07878172397613525 0
1635424551360 0.37361912429332733 0
1635424651830 0.40745770931243896 0
1635424752334 0.4018159955739975 0
1635424852850 0.1458866074681282 0
1635424953071 0.11013281345367432 0
1635425053624 0.2987627685070038 0
1635425154176 0.18144559115171432 0
1635425254823 0.0995342880487442 0
1635425355373 0.3447994738817215 0
1635425456132 0.24689777940511703 0
1635425556656 0.4197671636939049 0
1635425657261 0.27428484335541725 0
1635425757909 0.21795100718736649 0
1635425858393 0.2046198919415474 0
1635425958954 0.26529427617788315 0
1635426059547 0.1800524666905403 0
1635426162036 0.09919301047921181 0
1635426262362 0.5751920938491821 0
1635426362908 0.1317555457353592 0
1635426463414 0.24977122247219086 0
1635426563894 0.2473171092569828 0
1635426664494 0.38871054351329803 0
1635426764935 0.2045060694217682 0
1635426865345 0.2352054938673973 0
1635426965904 0.37280498445034027 0
1635427066173 0.27632756531238556 0
1635427166575 0.11980506032705307 0
1635427266931 0.39780376851558685 0
1635427367442 0.2407856248319149 0
1635427467863 0.07972177490592003 0
1635427568221 0.16556783765554428 0
1635427668465 0.11486271396279335 0
1635427768911 0.15494338423013687 0
1635427871708 0.31490224599838257 0
1635427972826 0.33400149643421173 0
1635428073552 0.34892214834690094 0
1635428175744 0.3987036198377609 0
1635428276515 0.3287624269723892 0
1635428377041 0.2090298980474472 0
1635428477664 0.11615181155502796 0
1635428578357 0.19858544692397118 0
1635428679226 0.31546451151371 0
1635428779949 0.25130822882056236 0
1635428880687 0.16189547255635262 0
1635428981252 0.4051735997200012 0
1635429082831 0.24185777455568314 0
1635429183740 0.381369948387146 0
1635429284443 0.31477491557598114 0
1635429385268 0.07335653528571129 0
1635429486067 0.1769060716032982 0
1635429586682 0.1076287217438221 0
1635429687428 0.10089428350329399 0
1635429788023 0.16850771009922028 0
1635429888725 0.28358303010463715 0
1635429989451 0.2805035412311554 0
1635430090183 0.27716973423957825 0
1635430192146 0.21756188571453094 0
1635430293092 0.07739791087806225 0
1635430393814 0.23657473921775818 0
1635430494517 0.10700830817222595 0
1635430595206 0.3457632064819336 0
1635430695877 0.37098081409931183 0
1635430796461 0.16715500503778458 0
1635430897095 0.21373402513563633 0
1635430997749 0.08056488540023565 0
1635431098522 0.16759856045246124 0
1635431199328 0.3310001417994499 0
1635431300002 0.1130121573805809 0
1635431400803 0.29612553119659424 0
1635431501728 0.10220095328986645 0
1635431602526 0.29454001784324646 0
1635431703051 0.2797476127743721 0
1635431803652 0.1933998465538025 0
1635431904205 0.18405503779649734 0
1635432004900 0.12708816677331924 0
1635432105550 0.3817260414361954 0
1635432207741 0.3198055624961853 0
1635432308370 0.32173360511660576 0
1635432408796 0.3816423565149307 0
1635432509451 0.18244993686676025 0
1635432610151 0.1831401214003563 0
1635432710625 0.20446034334599972 0
1635432811095 0.11743289977312088 0
1635432911738 0.11721378192305565 0
1635433012421 0.040235623717308044 0
1635433112985 0.46957848966121674 0
1635433213712 0.29937131702899933 0
1635433314490 0.12827851995825768 0
1635433414983 0.3386380523443222 0
1635433515482 0.3872084468603134 0
1635433616093 0.3311568945646286 0
1635433716438 0.36829744279384613 0
1635433817177 0.3486143946647644 0
1635433917800 0.2770710363984108 0
1635434018314 0.3196867033839226 0
1635434118906 0.10924442391842604 0
1635434221100 0.11705144494771957 0
1635434321850 0.27464254200458527 0
1635434422475 0.11920097842812538 0
1635434523001 0.17998090386390686 0
1635434623527 0.46734416484832764 0
1635434724101 0.05665336176753044 0
1635434824792 0.10417848080396652 0
1635434925381 0.22688798606395721 0
1635435026270 0.16261650621891022 0
1635435127160 0.1235823892056942 0
1635435227926 0.19000763446092606 0
1635435328555 0.17042606696486473 0
1635435429400 0.2535520251840353 0
1635435530091 0.27116869390010834 0
1635435630772 0.34574323892593384 0
1635435731343 0.19844715297222137 0
1635435832058 0.19586678594350815 0
1635435932747 0.3315430134534836 0
1635436033402 0.30323807895183563 0
1635436134029 0.26039623469114304 0
1635436236925 0.2142639011144638 0
1635436338014 0.09682910144329071 0
1635436438819 0.14085879549384117 0
1635436539448 0.22705046087503433 0
1635436640061 0.12472487986087799 0
1635436740711 0.17579607665538788 0
1635436841513 0.3443169593811035 0
1635436942187 0.2570379991084337 0
1635437042749 0.43396441638469696 0
1635437143332 0.22345636785030365 0
1635437243996 0.0654547605663538 0
1635437344621 0.3489304333925247 0
1635437445475 0.24113786965608597 0
1635437546101 0.25157345086336136 0
1635437646656 0.3638211339712143 0
1635437747279 0.4045637547969818 0
1635437847838 0.11600131168961525 0
1635437948526 0.0607829699292779 0
1635438049176 0.3176356852054596 0
1635438149872 0.08402234315872192 0
1635438251975 0.462787002325058 0
1635438352523 0.21950747072696686 0
1635438453057 0.4823435842990875 0
1635438553796 0.22331678122282028 0
1635438654730 0.1330794356763363 0
1635438755440 0.15207074955105782 0
1635438856278 0.33836761116981506 0
1635438956818 0.1201101616024971 0
1635439057352 0.13324224203824997 0
1635439157955 0.13374467752873898 0
1635439258525 0.16210439056158066 0
1635439359051 0.23299730196595192 0
1635439459552 0.19005727767944336 0
1635439560093 0.19214721024036407 0
1635439660603 0.08870537206530571 0
1635439761234 0.187182255089283 0
1635439862062 0.3687386214733124 0
1635439962662 0.31186289712786674 0
1635440063392 0.23402004688978195 0
1635440163978 0.2712494321167469 0
1635440266111 0.47321847081184387 0
1635440366736 0.26811034977436066 0
1635440467620 0.34082888811826706 0
1635440568075 0.18653160706162453 0
1635440668579 0.17600145190954208 0
1635440769092 0.07490827888250351 0
1635440869652 0.2525758817791939 0
1635440970230 0.1957409493625164 0
1635441070913 0.2428120281547308 0
1635441171337 0.27137669920921326 0
1635441271929 0.32549944519996643 0
1635441372529 0.27703482657670975 0
1635441473055 0.2201499082148075 0
1635441573745 0.2785882502794266 0
1635441674280 0.3719788193702698 0
1635441774850 0.47307752072811127 0
1635441875376 0.5199014991521835 0
1635441976027 0.0812198780477047 0
1635442076477 0.3040257152169943 0
1635442177037 0.2814307361841202 0
1635442279483 0.12806721404194832 0
1635442379946 0.3245764896273613 0
1635442480483 0.24096980690956116 0
1635442581025 0.3505546450614929 0
1635442681454 0.5160037241876125 0
1635442781976 0.18252696841955185 0
1635442882456 0.10882491618394852 0
1635442983071 0.30536697804927826 0
1635443083528 0.20725489407777786 0
1635443184125 0.2536301985383034 0
1635443284583 0.04560498706996441 0
1635443385101 0.33275900036096573 0
1635443485826 0.24391218274831772 0
1635443586180 0.4749571830034256 0
1635443686582 0.2523144595324993 0
1635443787020 0.12165514752268791 0
1635443887672 0.355407003313303 0
1635443988142 0.21901072561740875 0
1635444088794 0.15770069509744644 0
1635444189307 0.2838997095823288 0
1635444291390 0.3355249911546707 0
1635444392018 0.1689964309334755 0
1635444492505 0.23641213029623032 0
1635444592989 0.2595846429467201 0
1635444693826 0.24449694529175758 0
1635444794281 0.3695109635591507 0
1635444894872 0.2312239706516266 0
1635444995340 0.19981253892183304 0
1635445095700 0.21204737573862076 0
1635445196081 0.2998192235827446 0
1635445296580 0.26946924068033695 0
1635445397240 0.2321733832359314 0
1635445497856 0.15706738829612732 0
1635445598478 0.10131506901234388 0
1635445698964 0.20856648683547974 0
1635445799646 0.17562167719006538 0
1635445900453 0.36097970604896545 0
1635446005049 0.09513157978653908 0
1635446105717 0.24335145950317383 0
1635446206229 0.1843336522579193 0
1635446308222 0.09844593796879053 0
1635446408966 0.23551705479621887 0
1635446509457 0.4709948003292084 0
1635446609916 0.4291102886199951 0
1635446710550 0.2107694000005722 0
1635446811095 0.329749159514904 0
1635446911748 0.24752013757824898 0
1635447012458 0.3200279660522938 0
1635447113042 0.3805032819509506 0
1635447213704 0.21080948412418365 0
1635447314236 0.24530503153800964 0
1635447415131 0.3309900760650635 0
1635447515745 0.19320770353078842 0
1635447616317 0.2734258994460106 0
1635447717165 0.20301801711320877 0
1635447817591 0.2573583722114563 0
1635447918135 0.43756917119026184 0
1635448018629 0.20068224519491196 0
1635448119175 0.47518007457256317 0
1635448219769 0.09833496250212193 0
1635448321777 0.13954672776162624 0
1635448422510 0.4696458429098129 0
1635448523025 0.1939864680171013 0
1635448623591 0.20385261625051498 0
1635448724074 0.27050676196813583 0
1635448824563 0.35205740481615067 0
1635448925064 0.17656724154949188 0
1635449025657 0.2970240190625191 0
1635449126323 0.21839258074760437 0
1635449226705 0.2825918197631836 0
1635449327210 0.08985572680830956 0
1635449428166 0.1635330580174923 0
1635449528510 0.28649135679006577 0
1635449629055 0.12145871669054031 0
1635449729791 0.2504095509648323 0
1635449830359 0.1888214312493801 0
1635449930913 0.0742097720503807 0
1635450031502 0.22049697488546371 0
1635450132033 0.45475274324417114 0
1635450232508 0.3366990387439728 0
1635450334508 0.2669404000043869 0
1635450435161 0.11132633686065674 0
1635450535830 0.34544166922569275 0
1635450637217 0.6270745396614075 0
1635450737974 0.2563675343990326 0
1635450838683 0.15945317596197128 0
1635450939287 0.17727037891745567 0
1635451039803 0.19423966109752655 0
1635451140411 0.29187969118356705 0
1635451241238 0.08107610791921616 0
1635451341689 0.1190161295235157 0
1635451442275 0.2708870731294155 0
1635451542750 0.1428130753338337 0
1635451643239 0.18885070085525513 0
1635451743596 0.23012879118323326 0
1635451844286 0.11202500388026237 0
1635451944958 0.3377368301153183 0
1635452045567 0.13183528557419777 0
1635452146138 0.11950233206152916 0
1635452246613 0.23528245091438293 0
1635452348684 0.40050382912158966 0
1635452449437 0.2307877317070961 0
1635452549988 0.35891637206077576 0
1635452650747 0.24887999147176743 0
1635452751427 0.24799323454499245 0
1635452852135 0.35201890766620636 0
1635452952667 0.21248595416545868 0
1635453053708 0.1688232757151127 0
1635453154315 0.3727744221687317 0
1635453254919 0.28783997893333435 0
1635453355644 0.35574958473443985 0
1635453456295 0.24175546318292618 0
1635453557028 0.21154622733592987 0
1635453657621 0.3325128108263016 0
1635453758194 0.22050593793392181 0
1635453858733 0.09508621320128441 0
1635453959316 0.2472725659608841 0
1635454059763 0.2641386240720749 0
1635454160258 0.233314486220479 0
1635454261205 0.1798831857740879 0
1635454363272 0.2211250215768814 0
1635454463925 0.24825438857078552 0
1635454564425 0.48775508999824524 0
1635454665281 0.25906677544116974 0
1635454765878 0.254463417455554 0
1635454866705 0.3278213366866112 0
1635454967387 0.36793264001607895 0
1635455067903 0.2512489724904299 0
1635455168517 0.5337646156549454 0
1635455268955 0.390283465385437 0
1635455369590 0.4426959753036499 0
1635455470251 0.3457026481628418 0
1635455570853 0.16317323967814445 0
1635455671356 0.23953412473201752 0
1635455771841 0.31696806102991104 0
1635455872358 0.20752793550491333 0
1635455972705 0.09624603763222694 0
1635456073209 0.15577099099755287 0
1635456173805 0.40264086425304413 0
1635456274274 0.14978156238794327 0
1635456377372 0.30197957903146744 0
1635456477991 0.0902850553393364 0
1635456578635 0.23963792249560356 0
1635456679506 0.15749898366630077 0
1635456780125 0.3048846796154976 0
1635456880715 0.3319516032934189 0
1635456981308 0.2046126425266266 0
1635457081908 0.08468597568571568 0
1635457182516 0.26408272981643677 0
1635457283116 0.29905660450458527 0
1635457383771 0.14279311522841454 0
1635457484322 0.2948256880044937 0
1635457584972 0.24639498442411423 0
1635457685389 0.17671426013112068 0
1635457785914 0.13519310764968395 0
1635457886645 0.288328655064106 0
1635457987320 0.11360444873571396 0
1635458087787 0.38774825632572174 0
1635458188530 0.20813892036676407 0
1635458289220 0.10383021086454391 0
1635458391342 0.44350267946720123 0
1635458492213 0.2905462831258774 0
1635458592845 0.29205362126231194 0
1635458693436 0.21045459806919098 0
1635458793941 0.36580370366573334 0
1635458894507 0.12533246725797653 0
1635458995002 0.22242074459791183 0
1635459095671 0.26524899154901505 0
1635459196190 0.23021976836025715 0
1635459296728 0.21229985915124416 0
1635459397024 0.3543303459882736 0
1635459497448 0.16914452612400055 0
1635459598025 0.11321873217821121 0
1635459698489 0.24447017163038254 0
1635459798983 0.386321485042572 0
1635459899505 0.15379370003938675 0
1635460000055 0.1947852522134781 0
1635460100548 0.10973137617111206 0
1635460201173 0.16307725757360458 0
1635460301934 0.23018217459321022 0
1635460404023 0.2145920731127262 0
1635460504862 0.2039671689271927 0
1635460605680 0.3011067807674408 0
1635460706294 0.25043347105383873 0
1635460806871 0.12558868899941444 0
1635460907442 0.2524755075573921 0
1635461007992 0.20789765659719706 0
1635461108524 0.34989651665091515 0
1635461208984 0.28994009271264076 0
1635461309692 0.3319459706544876 0
1635461410563 0.5484774708747864 0
1635461511909 0.34829939901828766 0
1635461612771 0.2217826172709465 0
1635461713419 0.32234402000904083 0
1635461814152 0.166716780513525 0
1635461914744 0.16803514957427979 0
1635462015470 0.2809164263308048 0
1635462116176 0.07248426787555218 0
1635462216764 0.22280559688806534 0
1635462317516 0.057527050375938416 0
1635462419555 0.13764659315347672 0
1635462520121 0.08712220191955566 0
1635462620835 0.2473265379667282 0
1635462721418 0.13900336250662804 0
1635462821830 0.12735391035676003 0
1635462922360 0.37943296134471893 0
1635463022973 0.2533876299858093 0
1635463123479 0.09522997587919235 0
1635463224013 0.1779155470430851 0
1635463324642 0.12718947976827621 0
1635463425194 0.2110057696700096 0
1635463525837 0.12663377821445465 0
1635463626339 0.2470594421029091 0
1635463726882 0.13479461148381233 0
1635463827772 0.22842159122228622 0
1635463928406 0.11836660280823708 0
1635464029021 0.5797246396541595 0
1635464129735 0.20708196610212326 0
1635464230543 0.33034732192754745 0
1635464331134 0.08141934312880039 0
1635464433222 0.3405110314488411 0
1635464535914 0.28219591826200485 0
1635464638589 0.18782956525683403 0
1635464741144 0.24144522845745087 0
1635464843945 0.2834862023591995 0
1635464944441 0.4616529792547226 0
1635465045154 0.18761498108506203 0
1635465145766 0.19802868366241455 0
1635465246346 0.21615462005138397 0
1635465346880 0.2625047415494919 0
1635465447337 0.2790051996707916 0
1635465548066 0.3028534799814224 0
1635465648858 0.24887335300445557 0
1635465749457 0.23774119466543198 0
1635465849927 0.3322504311800003 0
1635465950461 0.16178473830223083 0
1635466051023 0.22854530066251755 0
1635466151652 0.22863460332155228 0
1635466252594 0.3366721421480179 0
1635466353132 0.2969588488340378 0
1635466455483 0.1726604551076889 0
1635466556160 0.16741489619016647 0
1635466656850 0.23710664734244347 0
1635466757419 0.3911702483892441 0
1635466858132 0.322161927819252 0
1635466958537 0.28622616082429886 0
1635467059174 0.202630415558815 0
1635467159893 0.23405525833368301 0
1635467260525 0.18123886734247208 0
1635467361370 0.21338214725255966 0
1635467462412 0.35765522718429565 0
1635467563374 0.11924716550856829 0
1635467664027 0.15112565085291862 0
1635467764676 0.10937507450580597 0
1635467865450 0.15098338574171066 0
1635467966156 0.25736528635025024 0
1635468066780 0.17324475944042206 0
1635468167444 0.44280365109443665 0
1635468268190 0.25171539187431335 0
1635468368894 0.4185001030564308 0
1635468471000 0.11759129725396633 0
1635468571700 0.1045428141951561 0
1635468672440 0.4474859833717346 0
1635468773115 0.21896850317716599 0
1635468873674 0.053665973246097565 0
1635468974210 0.15459825843572617 0
1635469074922 0.09887499921023846 0
1635469175526 0.23655859380960464 0
1635469276260 0.3778521716594696 0
1635469376773 0.45513784885406494 0
1635469477351 0.2399197220802307 0
1635469577861 0.18777958117425442 0
1635469678417 0.25174612551927567 0
1635469778838 0.11996281519532204 0
1635469879711 0.5167682021856308 0
1635469980346 0.18023614585399628 0
1635470081127 0.46646273136138916 0
1635470181859 0.38859302550554276 0
1635470282421 0.25053292512893677 0
1635470382948 0.19258996099233627 0
1635470485001 0.1433345265686512 0
1635470585571 0.2800922095775604 0
1635470686149 0.07678376510739326 0
1635470786800 0.18955709040164948 0
1635470887235 0.1106080561876297 0
1635470987809 0.13178384117782116 0
1635471088763 0.26521478593349457 0
1635471189343 0.23983867652714252 0
1635471289919 0.07575684413313866 0
1635471390553 0.060221750289201736 0
1635471491096 0.2609347701072693 0
1635471591699 0.31004299223423004 0
1635471692332 0.24052973091602325 0
1635471792968 0.21953487396240234 0
1635471893524 0.23181863874197006 0
1635471994185 0.5194932520389557 0
1635472094861 0.2813109904527664 0
1635472195427 0.17535831034183502 0
1635472296185 0.12002729624509811 0
1635472396614 0.2450084462761879 0
1635472498755 0.3050985112786293 0
1635472599374 0.3470178246498108 0
1635472699764 0.14453404769301414 0
1635472800407 0.3267185911536217 0
1635472901114 0.1796802468597889 0
1635473001544 0.041479289531707764 0
1635473102124 0.4634709730744362 0
1635473202693 0.21568452194333076 0
1635473303240 0.24842898547649384 0
1635473403720 0.44008108973503113 0
1635473504423 0.12155900336802006 0
1635473605095 0.2682596892118454 0
1635473705680 0.06325099058449268 0
1635473806196 0.30219700932502747 0
1635473906780 0.3401447981595993 0
1635474007437 0.4238346368074417 0
1635474107944 0.13286994770169258 0
1635474208435 0.43813759088516235 0
1635474309123 0.11309278383851051 0
1635474409737 0.2630178928375244 0
1635474511706 0.072681475430727 0
1635474612627 0.5042485445737839 0
1635474713367 0.3323173373937607 0
1635474813967 0.16840126737952232 0
1635474914554 0.4588675796985626 0
1635475015064 0.190216401591897 0
1635475115822 0.1032913476228714 0
1635475216241 0.14210914820432663 0
1635475316817 0.30666546523571014 0
1635475417335 0.2971080169081688 0
1635475517922 0.0693346168845892 0
1635475618476 0.13932736217975616 0
1635475718992 0.22508525103330612 0
1635475819619 0.05314467381685972 0
1635475920083 0.16157684475183487 0
1635476020576 0.361149400472641 0
1635476121140 0.16973265260457993 0
1635476221811 0.4537980780005455 0
1635476322610 0.16458707302808762 0
1635476423313 0.3937017396092415 0
1635476525428 0.44839242100715637 0
1635476626111 0.11299453675746918 0
1635476726643 0.22138641774654388 0
1635476827248 0.26286739110946655 0
1635476927923 0.3165035769343376 0
1635477029481 0.19233378395438194 0
1635477130774 0.331264927983284 0
1635477231417 0.4148779325187206 0
1635477332178 0.1902771182358265 0
1635477432865 0.14516938477754593 0
1635477533526 0.3128552585840225 0
1635477634283 0.41331955790519714 0
1635477735053 0.337861031293869 0
1635477835602 0.24843765050172806 0
1635477936204 0.33379581570625305 0
1635478036969 0.3030077740550041 0
1635478137592 0.5163994431495667 0
1635478238769 0.24953851848840714 0
1635478339442 0.363000713288784 0
1635478440103 0.40865229070186615 0
1635478542270 0.204891599714756 0
1635478643264 0.24203122407197952 0
1635478744091 0.37900036573410034 0
1635478844881 0.32641150057315826 0
1635478945727 0.33054370805621147 0
1635479046404 0.2529550790786743 0
1635479146959 0.2962455153465271 0
1635479247799 0.30778593569993973 0
1635479348429 0.37031806260347366 0
1635479449244 0.1169472336769104 0
1635479549936 0.1788986474275589 0
1635479650575 0.18159624934196472 0
1635479751317 0.31177495419979095 0
1635479852217 0.28280434012413025 0
1635479955757 0.29800044745206833 0
