1635311298712 3.718367338180542 0
1635311401271 1.093022108078003 0
1635311505778 1.0260565280914307 0
1635311609349 0.8134050369262695 0
1635311712653 0.31424200534820557 0
1635311813163 0.4793809652328491 0
1635311913553 0.4216163158416748 0
1635312014212 0.5031334757804871 0
1635312114753 0.32055509090423584 0
1635312214964 0.2271929830312729 0
1635312315318 0.22512613236904144 0
1635312415897 0.6188217401504517 0
1635312516283 0.2789600193500519 0
1635312616725 0.2518957853317261 0
1635312717241 0.18870314955711365 0
1635312817740 0.5844839811325073 0
1635312918027 0.4258873462677002 0
1635313018436 0.2743160128593445 0
1635313118825 0.40630847215652466 0
1635313219206 0.22910724580287933 0
1635313319562 0.23981136083602905 0
1635313419723 0.2948717474937439 0
1635313521814 0.26392146944999695 0
1635313622438 0.2886599898338318 0
1635313722888 0.2190186232328415 0
1635313823713 0.31106045842170715 0
1635313924334 0.24388687312602997 0
1635314024832 0.2086958885192871 0
1635314125164 0.2690065801143646 0
1635314225534 0.3881116509437561 0
1635314325992 0.42414921522140503 0
1635314426639 0.35706567764282227 0
1635314527159 0.20852331817150116 0
1635314627666 0.4847494959831238 0
1635314728108 0.4138863682746887 0
1635314828479 0.5692398548126221 0
1635314929038 0.3363608419895172 0
1635315029740 0.48343923687934875 0
1635315130304 0.3352809250354767 0
1635315230775 0.46568119525909424 0
1635315331324 0.4204859733581543 0
1635315431822 0.3917558789253235 0
1635315533712 0.3522554039955139 0
1635315634380 0.4769219756126404 0
1635315734658 0.5287336111068726 0
1635315835053 0.3492071330547333 0
1635315935477 0.4587375521659851 0
1635316035919 0.3860563635826111 0
1635316136395 0.76423579454422 0
1635316237189 0.38273775577545166 0
1635316337710 0.3701614439487457 0
1635316438180 0.3494081497192383 0
1635316538684 0.5357340574264526 0
1635316639235 0.29595959186553955 0
1635316739710 0.3716995418071747 0
1635316840280 0.45149338245391846 0
1635316940734 0.36609315872192383 0
1635317041248 0.35845303535461426 0
1635317141878 0.6200947761535645 0
1635317242428 0.36185508966445923 0
1635317342962 0.5107555389404297 0
1635317443606 0.4609493315219879 0
1635317545693 0.3937664330005646 0
1635317646368 0.35142743587493896 0
1635317746904 0.3133974075317383 0
1635317847567 0.3295166790485382 0
1635317948097 0.3873172998428345 0
1635318048847 0.3900228440761566 0
1635318149531 0.2709431052207947 0
1635318249880 0.451482355594635 0
1635318350376 0.5107168555259705 0
1635318450876 0.6227341890335083 0
1635318551483 0.4389621615409851 0
1635318652193 0.6200932264328003 0
1635318752839 0.5013298988342285 0
1635318853297 0.5587168335914612 0
1635318953864 0.6066680550575256 0
1635319054405 0.5348184108734131 0
1635319155013 0.454026997089386 0
1635319255644 0.23579441010951996 0
1635319356290 0.4809878468513489 0
1635319456945 0.6672382950782776 0
1635319559243 0.2614198625087738 0
1635319659819 0.5002743005752563 0
1635319760345 0.4039570689201355 0
1635319861144 0.40672624111175537 0
1635319961716 0.3968612551689148 0
1635320062283 0.39532527327537537 0
1635320162854 0.4836396276950836 0
1635320263424 0.40452510118484497 0
1635320363956 0.41167014837265015 0
1635320464491 0.3227293789386749 0
1635320565025 0.6197469234466553 0
1635320665514 0.42117053270339966 0
1635320766138 0.30721351504325867 0
1635320866658 0.28365465998649597 0
1635320967337 0.4278973639011383 0
1635321067933 0.39590293169021606 0
1635321168325 0.425722599029541 0
1635321268856 0.6940451860427856 0
1635321369293 0.5263539552688599 0
1635321469845 0.27711576223373413 0
1635321571740 0.4649181663990021 0
1635321672415 0.3275398015975952 0
1635321772962 0.42239654064178467 0
1635321873404 0.3550867438316345 0
1635321973728 0.39653027057647705 0
1635322074232 0.503909170627594 0
1635322174861 0.37006986141204834 0
1635322275250 0.3876466155052185 0
1635322375678 0.35771989822387695 0
1635322476012 0.2620702087879181 0
1635322576534 0.24342301487922668 0
1635322676909 0.44261443614959717 0
1635322777470 0.4366685152053833 0
1635322877886 0.4259128272533417 0
1635322978374 0.5239288210868835 0
1635323078792 0.43574604392051697 0
1635323179203 0.49811017513275146 0
1635323279747 0.5273182392120361 0
1635323380484 0.6182664632797241 0
1635323481145 0.5061482787132263 0
1635323583065 0.38412249088287354 0
1635323683788 0.544100284576416 0
1635323784230 0.5752171277999878 0
1635323884674 0.32545530796051025 0
1635323985199 0.6661771535873413 0
1635324085719 0.4808834493160248 0
1635324186163 0.6568203568458557 0
1635324286761 0.4196039140224457 0
1635324387207 0.3660619258880615 0
1635324487666 0.37019082903862 0
1635324588309 0.3755142390727997 0
1635324689584 0.5006613731384277 0
1635324790185 0.3634033203125 0
1635324890698 0.5660908818244934 0
1635324991367 0.38727766275405884 0
1635325091845 0.44197705388069153 0
1635325192214 0.34794485569000244 0
1635325292912 0.26576370000839233 0
1635325393367 0.31564414501190186 0
1635325493815 0.6760364174842834 0
1635325595803 0.4325452744960785 0
1635325696314 0.4320748448371887 0
1635325796896 0.25054582953453064 0
1635325897573 0.6267801523208618 0
1635325998056 0.6918071508407593 0
1635326098506 0.35509517788887024 0
1635326198838 0.42489805817604065 0
1635326299111 0.49941664934158325 0
1635326399491 0.3570673167705536 0
1635326500037 0.45204323530197144 0
1635326600578 0.4194549322128296 0
1635326700924 0.3374320864677429 0
1635326801231 0.3427543640136719 0
1635326901706 0.364767849445343 0
1635327002218 0.26980501413345337 0
1635327102761 0.4632919430732727 0
1635327203224 0.46231991052627563 0
1635327303795 0.40462300181388855 0
1635327404276 0.4344915747642517 0
1635327504736 0.39370355010032654 0
1635327606589 0.33977222442626953 0
1635327707158 0.30913257598876953 0
1635327807566 0.4362282454967499 0
1635327908021 0.42752373218536377 0
1635328008413 0.24512946605682373 0
1635328108825 0.39628952741622925 0
1635328209342 0.44602176547050476 0
1635328309781 0.49987277388572693 0
1635328410140 0.6314553618431091 0
1635328510559 0.5611453056335449 0
1635328610990 0.3821676969528198 0
1635328711265 0.5344865918159485 0
1635328811795 0.5343766808509827 0
1635328912285 0.554172694683075 0
1635329012724 0.7166852355003357 0
1635329113086 0.3592040538787842 0
1635329213505 0.6480175256729126 0
1635329313796 0.5333009362220764 0
1635329414352 0.4381868541240692 0
1635329514652 0.4491371512413025 0
1635329616634 0.4926939010620117 0
1635329717179 0.5346943140029907 0
1635329817440 0.4944254755973816 0
1635329917840 0.513140857219696 0
1635330018278 0.6159387826919556 0
1635330118698 0.5439876914024353 0
1635330219084 0.7325790524482727 0
1635330319335 0.572799801826477 0
1635330419737 0.6920648813247681 0
1635330520196 0.5601605176925659 0
1635330620913 0.573698878288269 0
1635330721485 0.37122800946235657 0
1635330821745 0.5512948036193848 0
1635330922136 0.5259590744972229 0
1635331022528 0.48506590723991394 0
1635331122910 0.6848097443580627 0
1635331223194 0.532245397567749 0
1635331323363 0.6277550458908081 0
1635331423558 0.5213902592658997 0
1635331523981 0.7773993611335754 0
1635331625692 0.8999525904655457 0
1635331726143 0.7665343284606934 0
1635331826865 0.9150768518447876 0
1635331927270 0.4411228895187378 0
1635332027618 0.6969441771507263 0
1635332127927 0.6984471678733826 0
1635332228440 0.5466093420982361 0
1635332328873 0.5503807067871094 0
1635332429410 0.6455631256103516 0
1635332529819 0.7479417324066162 0
1635332630174 0.9641146659851074 0
1635332730506 0.5702279806137085 0
1635332831044 0.5508829355239868 0
1635332931525 0.530671238899231 0
1635333032076 0.7348908185958862 0
1635333132326 0.4398730397224426 0
1635333232682 0.6062504053115845 0
1635333333103 0.6866760849952698 0
1635333433615 0.6152120232582092 0
1635333534053 0.582604706287384 0
1635333635999 0.5163952112197876 0
1635333736542 0.5479780435562134 0
1635333836998 0.868444561958313 0
1635333937336 0.5325503945350647 0
1635334037785 0.6026433706283569 0
1635334138274 0.5297476053237915 0
1635334239045 0.4343775808811188 0
1635334339456 0.5075933933258057 0
1635334439863 0.6837218999862671 0
1635334540218 0.5274533629417419 0
1635334640774 0.729701042175293 0
1635334741163 0.5325168371200562 0
1635334841529 0.6212669014930725 0
1635334941832 0.6110765337944031 0
1635335042303 0.49939489364624023 0
1635335142782 0.4710423946380615 0
1635335243163 0.5461716055870056 0
1635335343526 0.5374265909194946 0
1635335444151 0.5419189929962158 0
1635335544513 0.6422882676124573 0
1635335646568 0.6332571506500244 0
1635335746894 0.7722412347793579 0
1635335847351 0.599558413028717 0
1635335947801 0.5726603269577026 0
1635336048569 0.43126603960990906 0
1635336148867 0.7724310755729675 0
1635336249269 0.8786523342132568 0
1635336349688 0.741498589515686 0
1635336450190 0.6933259963989258 0
1635336550639 0.5114507675170898 0
1635336651181 0.4324944019317627 0
1635336751658 0.40040743350982666 0
1635336852094 0.6253599524497986 0
1635336952403 0.37604063749313354 0
1635337052957 0.39331942796707153 0
1635337153380 0.5645054578781128 0
1635337254173 0.4042116403579712 0
1635337354583 0.5662308931350708 0
1635337454922 0.7322229146957397 0
1635337555409 0.5437296032905579 0
1635337657314 0.4619249403476715 0
1635337757787 0.6556277275085449 0
1635337858561 0.7914009094238281 0
1635337958893 0.7044572830200195 0
1635338059305 0.4126703143119812 0
1635338159721 0.5383626222610474 0
1635338260118 0.41087785363197327 0
1635338360526 0.45496976375579834 0
1635338460888 0.5033278465270996 0
1635338561199 0.5160309672355652 0
1635338661553 0.6333782076835632 0
1635338762060 0.7785029411315918 0
1635338862501 0.5143424272537231 0
1635338962827 0.532988429069519 0
1635339064016 0.6539678573608398 0
1635339164698 0.5094987750053406 0
1635339265209 0.47257933020591736 0
1635339365718 0.42304956912994385 0
1635339466138 0.9446249008178711 0
1635339566548 0.44847843050956726 0
1635339668657 0.3903536796569824 0
1635339769085 0.586578369140625 0
1635339869356 0.5844823122024536 0
1635339969590 0.7654792070388794 0
1635340069980 0.4418691098690033 0
1635340170544 0.5951559543609619 0
1635340271063 0.650572657585144 0
1635340371449 0.4336709678173065 0
1635340471747 0.6277605891227722 0
1635340572182 0.40322166681289673 0
1635340672486 0.5567125678062439 0
1635340772704 0.44092047214508057 0
1635340873059 0.4285082221031189 0
1635340973379 0.44755610823631287 0
1635341073896 0.7193837761878967 0
1635341174297 0.6900988221168518 0
1635341274606 0.5332656502723694 0
1635341375098 0.5283008813858032 0
1635341475561 0.5121241807937622 0
1635341575898 0.6326586008071899 0
1635341677778 0.5572877526283264 0
1635341778340 0.6285430192947388 0
1635341878600 0.6177971959114075 0
1635341978938 0.6557828187942505 0
1635342079307 0.5191452503204346 0
1635342179734 0.7805880308151245 0
1635342280124 0.8107481002807617 0
1635342380459 0.5256310701370239 0
1635342480819 0.5772803425788879 0
1635342581505 0.39345189929008484 0
1635342681847 0.7318310737609863 0
1635342782127 0.7904027104377747 0
1635342882540 0.7438300848007202 0
1635342982912 0.6876010894775391 0
1635343083367 0.8151532411575317 0
1635343183598 0.9876878261566162 0
1635343284163 1.0717536211013794 0
1635343384473 1.0605368614196777 0
1635343484916 1.0647478103637695 0
1635343585337 1.1862741708755493 0
1635343687492 0.5680197477340698 0
1635343788026 0.5971902012825012 0
1635343888458 0.5085080862045288 0
1635343988901 0.5762283802032471 0
1635344089287 0.5637768507003784 0
1635344189699 0.49454331398010254 0
1635344290033 0.7421135902404785 0
1635344390444 0.7892796993255615 0
1635344490804 0.6249141097068787 0
1635344591223 0.5284541845321655 0
1635344691683 0.7602488398551941 0
1635344792136 0.49160099029541016 0
1635344892519 0.7464642524719238 0
1635344993062 0.9452773928642273 0
1635345093575 0.39233162999153137 0
1635345193864 0.5156921744346619 0
1635345294061 0.6996464729309082 0
1635345394373 0.6415421962738037 0
1635345494785 0.4330473244190216 0
1635345595156 0.5118237733840942 0
1635345697075 0.4208720922470093 0
1635345797639 0.49615272879600525 0
1635345898041 0.4321175813674927 0
1635345998412 0.5180903077125549 0
1635346098686 0.5972236394882202 0
1635346199264 0.4774684011936188 0
1635346299579 0.5745362043380737 0
1635346400009 0.5397201776504517 0
1635346500549 0.7184939384460449 0
1635346601231 0.3529418110847473 0
1635346701558 0.4655248522758484 0
1635346801984 0.44046342372894287 0
1635346902681 0.6086897850036621 0
1635347002943 0.4346994161605835 0
1635347103293 0.4822789430618286 0
1635347203640 0.3571479320526123 0
1635347303915 0.6499036550521851 0
1635347404529 0.46939152479171753 0
1635347504810 0.5075708031654358 0
1635347605054 0.565105676651001 0
1635347707036 0.567926287651062 0
1635347807442 0.6829458475112915 0
1635347907810 0.6112666130065918 0
1635348008146 0.5399317145347595 0
1635348108525 0.5238029360771179 0
1635348209027 0.35171037912368774 0
1635348309344 0.38633525371551514 0
1635348409636 0.48991498351097107 0
1635348509859 0.48158884048461914 0
1635348610455 0.5087480545043945 0
1635348711062 0.5479966998100281 0
1635348811520 0.3834938704967499 0
1635348911790 0.600894033908844 0
1635349012250 0.4085511565208435 0
1635349112517 0.34357354044914246 0
1635349212954 0.2730754613876343 0
1635349313319 0.5824602842330933 0
1635349413465 0.5509581565856934 0
1635349513820 0.388883113861084 0
1635349614152 0.49094468355178833 0
1635349716067 0.30591028928756714 0
1635349816738 0.28633543848991394 0
1635349917917 0.29939407110214233 0
1635350018570 0.3698737621307373 0
1635350119118 0.6523684859275818 0
1635350219529 0.6047436594963074 0
1635350319895 0.5011612176895142 0
1635350420164 0.49566394090652466 0
1635350520717 0.5912005305290222 0
1635350620968 0.5926133394241333 0
1635350721259 0.39921870827674866 0
1635350821639 0.664330244064331 0
1635350921940 0.47236067056655884 0
1635351022589 0.3959745168685913 0
1635351122935 0.6054041385650635 0
1635351223394 0.4920828938484192 0
1635351323894 0.5472932457923889 0
1635351424126 0.6441835165023804 0
1635351524527 0.5041261315345764 0
1635351624967 0.35436877608299255 0
1635351726865 0.6145312786102295 0
1635351827128 0.44879645109176636 0
1635351927545 0.3221057653427124 0
1635352028018 0.6037312150001526 0
1635352128368 0.42109522223472595 0
1635352228975 0.34101855754852295 0
1635352329524 0.5200306177139282 0
1635352429835 0.5090416669845581 0
1635352530142 0.54191654920578 0
1635352630474 0.6075342893600464 0
1635352730881 0.5246570706367493 0
1635352831383 0.5586314797401428 0
1635352931745 0.49707236886024475 0
1635353032206 0.5703701972961426 0
1635353132623 0.4916533827781677 0
1635353233019 0.504443883895874 0
1635353333350 0.39128220081329346 0
1635353433853 0.5026075839996338 0
1635353534149 0.6042842864990234 0
1635353634384 0.46236559748649597 0
1635353736440 0.38920313119888306 0
1635353836780 0.422751784324646 0
1635353937242 0.560404360294342 0
1635354037756 0.3338986933231354 0
1635354138160 0.5969530344009399 0
1635354238441 0.4164235293865204 0
1635354338774 0.365726500749588 0
1635354439221 0.5740962028503418 0
1635354539688 0.5095308423042297 0
1635354640262 0.4933217167854309 0
1635354740592 0.43249961733818054 0
1635354840854 0.39642906188964844 0
1635354941129 0.3171701729297638 0
1635355041481 0.6799602508544922 0
1635355141790 0.3511558473110199 0
1635355242144 0.3393092155456543 0
1635355342653 0.4034367501735687 0
1635355443068 0.4731360077857971 0
1635355543345 0.39388227462768555 0
1635355643759 0.5145866274833679 0
1635355745559 0.5810869336128235 0
1635355846160 0.4684538245201111 0
1635355946491 0.5774084329605103 0
1635356046660 0.49750643968582153 0
1635356147001 0.5749138593673706 0
1635356247323 0.7673304080963135 0
1635356347671 0.5152195692062378 0
1635356448003 0.5399786233901978 0
1635356548343 0.6454867124557495 0
1635356648752 0.6128323078155518 0
1635356749213 0.6006218194961548 0
1635356849567 0.4651185870170593 0
1635356949709 0.5279374122619629 0
1635357050132 0.37547117471694946 0
1635357150358 0.544919490814209 0
1635357250684 0.4172237515449524 0
1635357350803 0.6666346788406372 0
1635357451117 0.4625799059867859 0
1635357551311 0.462335467338562 0
1635357651894 0.6495925188064575 0
1635357753691 0.4450535476207733 0
1635357853959 0.39607471227645874 0
1635357954331 0.5415953397750854 0
1635358054831 0.6012252569198608 0
1635358155017 0.5661755800247192 0
1635358255611 0.6759469509124756 0
1635358355958 0.7330055832862854 0
1635358456411 0.7870900630950928 0
1635358556793 0.6738467216491699 0
1635358657055 0.48686498403549194 0
1635358757331 0.7402424812316895 0
1635358857640 0.4623265266418457 0
1635358957976 0.5253381133079529 0
1635359058274 0.4947131872177124 0
1635359158535 0.5151286721229553 0
1635359258992 0.37372106313705444 0
1635359359206 0.6248123645782471 0
1635359459976 0.5237767696380615 0
1635359560465 0.43730348348617554 0
1635359660883 0.34247565269470215 0
1635359762855 0.4132802188396454 0
1635359863243 0.526559054851532 0
1635359963625 0.44334864616394043 0
1635360063841 0.5100307464599609 0
1635360164167 0.5386509299278259 0
1635360264564 0.543157160282135 0
1635360365042 0.3293488919734955 0
1635360465406 0.7763205766677856 0
1635360565749 0.5779029130935669 0
1635360666279 0.663367748260498 0
1635360766625 0.6693214178085327 0
1635360866841 0.5809602737426758 0
1635360967082 0.7938946485519409 0
1635361067495 0.42755764722824097 0
1635361167803 0.5649615526199341 0
1635361268292 0.7168784141540527 0
1635361368538 0.5385746955871582 0
1635361468889 0.585263192653656 0
1635361569216 0.36209923028945923 0
1635361669566 0.46971559524536133 0
1635361771460 0.49839872121810913 0
1635361872156 0.5563033819198608 0
1635361972584 0.5668258666992188 0
1635362072931 0.3820215165615082 0
1635362173212 0.4928291440010071 0
1635362273674 0.4014476239681244 0
1635362377298 0.39629054069519043 0
1635362477470 0.4548652470111847 0
1635362577899 0.8343704342842102 0
1635362678140 0.5056406855583191 0
1635362778454 0.745608925819397 0
1635362878766 0.46486374735832214 0
1635362979215 0.4797097146511078 0
1635363079536 0.5292714834213257 0
1635363179754 0.5629090070724487 0
1635363280011 0.3156090974807739 0
1635363380398 0.5094863176345825 0
1635363480826 0.31292641162872314 0
1635363581202 0.6603403091430664 0
1635363681593 0.35323452949523926 0
1635363783467 0.41431429982185364 0
1635363883827 0.7714715600013733 0
1635363984104 0.7141110301017761 0
1635364084371 0.8412649631500244 0
1635364184562 0.614939272403717 0
1635364285549 0.545243501663208 0
1635364386196 0.609894871711731 0
1635364486556 0.5639940500259399 0
1635364586878 0.5733081102371216 0
1635364687260 0.5568385124206543 0
1635364787463 0.4729101061820984 0
1635364887926 0.55040442943573 0
1635364988278 0.7474983334541321 0
1635365088649 0.4146650433540344 0
1635365188828 0.5372228026390076 0
1635365289119 0.4490928649902344 0
1635365389729 0.5449936389923096 0
1635365489993 0.4558643102645874 0
1635365590256 0.46323278546333313 0
1635365690501 0.44515764713287354 0
1635365792208 0.4581684172153473 0
1635365892489 0.4577986001968384 0
1635365992974 0.5547173619270325 0
1635366093401 0.4084082543849945 0
1635366193667 0.5423274636268616 0
1635366293872 0.615000307559967 0
1635366394055 0.5755783915519714 0
1635366494262 0.5556017160415649 0
1635366594564 0.48451751470565796 0
1635366694942 0.392823725938797 0
1635366795091 0.4355970025062561 0
1635366895386 0.6448619365692139 0
1635366995662 0.6617510318756104 0
1635367095927 0.37606534361839294 0
1635367196190 0.5203787088394165 0
1635367296452 0.4884769320487976 0
1635367396680 0.47117099165916443 0
1635367497025 0.7032070159912109 0
1635367597363 0.771645724773407 0
1635367697875 0.43372803926467896 0
1635367800319 0.46024632453918457 0
1635367900876 0.390760600566864 0
1635368001386 0.6073675155639648 0
1635368101944 0.6351948976516724 0
1635368202807 0.6691693067550659 0
1635368303339 0.5823899507522583 0
1635368403801 0.43071338534355164 0
1635368504696 0.658158540725708 0
1635368605315 0.5285388827323914 0
1635368705813 0.6913495659828186 0
1635368806272 0.5999821424484253 0
1635368906745 0.43773820996284485 0
1635369007456 0.6692248582839966 0
1635369108080 0.46541982889175415 0
1635369208878 0.6203122138977051 0
1635369309646 0.4309319257736206 0
1635369410202 0.45219698548316956 0
1635369510768 0.46360039710998535 0
1635369611408 0.6292881965637207 0
1635369711997 0.7073984742164612 0
1635369814259 0.5358518958091736 0
1635369914701 0.5581844449043274 0
1635370015071 0.43530958890914917 0
1635370115466 0.3654187321662903 0
1635370215896 0.5714287757873535 0
1635370316310 0.6975547075271606 0
1635370416797 0.5614078044891357 0
1635370517215 0.49454978108406067 0
1635370617639 0.5888675451278687 0
1635370718241 0.3877255916595459 0
1635370818622 0.3343980610370636 0
1635370919021 0.5579191446304321 0
1635371019466 0.7619008421897888 0
1635371119908 0.5774692296981812 0
1635371220289 0.43661263585090637 0
1635371320798 0.5668118596076965 0
1635371421472 0.46489179134368896 0
1635371522036 0.8275063633918762 0
1635371622511 0.36307817697525024 0
1635371723043 0.4846222996711731 0
1635371825017 0.5801759958267212 0
1635371925524 0.4775836765766144 0
1635372025953 0.4016805589199066 0
1635372126404 0.5483068227767944 0
1635372226653 0.7569544315338135 0
1635372328883 0.5242730379104614 0
1635372429778 0.5789933204650879 0
1635372530238 0.4361429512500763 0
1635372630684 0.7342787384986877 0
1635372731087 0.8167645931243896 0
1635372831697 0.4520246386528015 0
1635372932044 0.6236612796783447 0
1635373032511 0.47449883818626404 0
1635373132899 0.6283842921257019 0
1635373233365 0.4568391442298889 0
1635373333824 0.7482218742370605 0
1635373434122 0.8601308465003967 0
1635373534469 0.7469640374183655 0
1635373634761 0.6597322225570679 0
1635373735180 0.735431969165802 0
1635373837474 0.7246742844581604 0
1635373937830 0.8662946224212646 0
1635374038187 0.8453021049499512 0
1635374138459 1.0560400485992432 0
1635374238748 0.8895716071128845 0
1635374339040 0.7014946341514587 0
1635374439472 0.883089542388916 0
1635374539859 0.738478422164917 0
1635374640370 0.9519699811935425 0
1635374740765 0.7648196816444397 0
1635374841183 0.7867951393127441 0
1635374941486 0.8451123833656311 0
1635375042503 0.4230273962020874 0
1635375143227 0.507219135761261 0
1635375243810 0.35070571303367615 0
1635375344367 0.716719388961792 0
1635375444767 0.4836289882659912 0
1635375545223 0.5185638070106506 0
1635375645660 0.453233540058136 0
1635375746041 0.49495548009872437 0
1635375847876 0.5704479217529297 0
1635375948119 0.5607452988624573 0
1635376048483 0.5590177774429321 0
1635376148930 0.5220031142234802 0
1635376249545 0.6229965090751648 0
1635376350089 0.5225142240524292 0
1635376450427 0.466805636882782 0
1635376550986 0.4882199764251709 0
1635376651405 0.7808341979980469 0
1635376751928 0.47793522477149963 0
1635376852379 0.34461575746536255 0
1635376952747 0.4505327045917511 0
1635377053284 0.5221868753433228 0
1635377153667 0.40652379393577576 0
1635377254090 0.5410894155502319 0
1635377354603 0.589684784412384 0
1635377455224 0.791289210319519 0
1635377555704 0.6053583025932312 0
1635377656056 0.37024664878845215 0
1635377756535 0.5881385803222656 0
1635377858534 0.3889792263507843 0
1635377958873 0.5262638926506042 0
1635378059154 0.40417611598968506 0
1635378159627 0.8659185171127319 0
1635378260110 0.4780418872833252 0
1635378360578 0.5498139262199402 0
1635378460961 0.667104959487915 0
1635378561373 0.4402475655078888 0
1635378661888 0.620376467704773 0
1635378762120 0.5384019613265991 0
1635378862431 0.6636367440223694 0
1635378962897 0.8805412650108337 0
1635379063221 0.4306754171848297 0
1635379163811 0.5397000908851624 0
1635379264413 0.38374513387680054 0
1635379364965 0.3841024935245514 0
1635379465416 0.47630318999290466 0
1635379565785 0.6517014503479004 0
1635379666161 0.4990576207637787 0
1635379766506 0.5456231832504272 0
1635379868576 0.6480895280838013 0
1635379968980 0.4658985733985901 0
1635380069422 0.585033655166626 0
1635380169793 0.6653658151626587 0
1635380270106 0.5848463773727417 0
1635380370966 0.6919981241226196 0
1635380471427 0.39996209740638733 0
1635380571689 0.4354935884475708 0
1635380672179 0.5804067850112915 0
1635380772780 0.5164746642112732 0
1635380873080 0.5272459983825684 0
1635380973407 0.3944472670555115 0
1635381074130 0.5783967971801758 0
1635381174607 0.5876754522323608 0
1635381275020 0.35483884811401367 0
1635381375520 0.5735498666763306 0
1635381476061 0.5832422375679016 0
1635381576504 0.5370826125144958 0
1635381676864 0.5463002324104309 0
1635381777147 0.4526351988315582 0
1635381879706 0.6391632556915283 0
1635381980024 0.5391179323196411 0
1635382080380 0.5822417736053467 0
1635382180734 0.7449949979782104 0
1635382281148 0.7690427303314209 0
1635382381521 0.6880099773406982 0
1635382481970 0.41111400723457336 0
1635382582512 0.4342955946922302 0
1635382683055 0.5096558928489685 0
1635382783533 0.5883140563964844 0
1635382883987 0.6164352893829346 0
1635382984489 0.4970886707305908 0
1635383085038 0.5759612917900085 0
1635383185536 0.5253762006759644 0
1635383285921 0.45059725642204285 0
1635383386372 0.4962642788887024 0
1635383486699 0.5313867926597595 0
1635383587018 0.4148325026035309 0
1635383687573 0.4351052939891815 0
1635383787895 0.5431333184242249 0
1635383889627 0.3604511618614197 0
1635383990302 0.5185484290122986 0
1635384090796 0.5158588886260986 0
1635384191312 0.7808704376220703 0
1635384291791 0.6898371577262878 0
1635384392234 0.5906496644020081 0
1635384492821 0.6952494382858276 0
1635384593362 0.5139216780662537 0
1635384694026 0.6239487528800964 0
1635384794296 0.5105366110801697 0
1635384894862 0.8086352944374084 0
1635384995345 0.7302377223968506 0
1635385095894 0.5819801092147827 0
1635385196342 0.4040754437446594 0
1635385296716 0.4571016728878021 0
1635385397326 0.7290672063827515 0
1635385497814 0.47400587797164917 0
1635385598264 0.5013584494590759 0
1635385698554 0.6924738883972168 0
1635385799204 0.6678796410560608 0
1635385901109 0.5454575419425964 0
1635386001793 0.503767728805542 0
1635386102434 0.724060595035553 0
1635386202855 0.4659070670604706 0
1635386303439 0.3887854516506195 0
1635386403960 0.6133309602737427 0
1635386504551 0.6106210947036743 0
1635386604975 0.5373134613037109 0
1635386705501 0.5377792119979858 0
1635386806019 0.4463520646095276 0
1635386906425 0.6980811357498169 0
1635387007191 0.5486161112785339 0
1635387107690 0.4094456732273102 0
1635387208192 0.5922870635986328 0
1635387308612 0.41433602571487427 0
1635387409251 0.41684114933013916 0
1635387509853 0.4884048104286194 0
1635387610433 0.39963245391845703 0
1635387711106 0.7751337885856628 0
1635387811539 0.48435935378074646 0
1635387913660 0.6553128361701965 0
1635388014260 0.43577900528907776 0
1635388114798 0.49251875281333923 0
1635388215550 0.5095546245574951 0
1635388316243 0.38173437118530273 0
1635388416779 0.42019200325012207 0
1635388517446 0.7554731369018555 0
1635388618053 0.4188360571861267 0
1635388718390 0.5313037037849426 0
1635388818869 0.5448988676071167 0
1635388919291 0.6528191566467285 0
1635389019852 0.36463043093681335 0
1635389120381 0.5190536975860596 0
1635389220858 0.6381114721298218 0
1635389321209 0.40911027789115906 0
1635389422046 0.4121388792991638 0
1635389522583 0.5635712742805481 0
1635389622973 0.6638849377632141 0
1635389725338 0.6154993772506714 0
1635389827717 0.3982571065425873 0
1635389929754 0.8070311546325684 0
1635390030411 0.6573494672775269 0
1635390131065 0.5289642810821533 0
1635390231646 0.700522780418396 0
1635390332188 0.6899795532226562 0
1635390432700 0.46198564767837524 0
1635390533150 0.6476849913597107 0
1635390634935 0.5456410646438599 0
1635390735502 0.4207117259502411 0
1635390836016 0.8530265092849731 0
1635390936516 0.388175904750824 0
1635391036925 0.7862700819969177 0
1635391137462 0.6009180545806885 0
1635391237945 0.632693350315094 0
1635391338371 0.6128894090652466 0
1635391438600 0.40601417422294617 0
1635391539077 0.6367775201797485 0
1635391639563 0.4597605764865875 0
1635391740099 0.32519108057022095 0
1635391840840 0.6345787048339844 0
1635391942702 0.49066174030303955 0
1635392043296 0.40614837408065796 0
1635392143759 0.5062059760093689 0
1635392244317 0.3445316553115845 0
1635392344887 0.563503086566925 0
1635392445493 0.5037659406661987 0
1635392545864 0.34909605979919434 0
1635392646244 0.49306029081344604 0
1635392746654 0.4495202898979187 0
1635392847123 0.5356060266494751 0
1635392947564 0.5174806118011475 0
1635393048662 0.5387698411941528 0
1635393149269 0.5050469040870667 0
1635393249896 0.42029157280921936 0
1635393350583 0.600723922252655 0
1635393450993 0.7211856245994568 0
1635393551523 0.6142534017562866 0
1635393652304 0.6150827407836914 0
1635393752795 0.5795560479164124 0
1635393853098 0.734656810760498 0
1635393955082 0.47607138752937317 0
1635394055552 0.3330542743206024 0
1635394156066 0.5414563417434692 0
1635394256785 0.5234661102294922 0
1635394357170 0.5135308504104614 0
1635394457651 0.6707292795181274 0
1635394558134 0.4196091592311859 0
1635394658679 0.6543389558792114 0
1635394759223 0.4229438900947571 0
1635394859734 0.37742355465888977 0
1635394960324 0.3969269096851349 0
1635395060784 0.5031416416168213 0
1635395161318 0.5271232724189758 0
1635395261717 0.36360660195350647 0
1635395362186 0.4726299047470093 0
1635395463109 0.5417064428329468 0
1635395563765 0.4332878589630127 0
1635395664173 0.5847140550613403 0
1635395764923 0.5896155834197998 0
1635395865302 0.5615739822387695 0
1635395967161 0.4654645323753357 0
1635396067778 0.4280283749103546 0
1635396168319 0.43773895502090454 0
1635396268698 0.42198461294174194 0
1635396369213 0.5836559534072876 0
1635396469725 0.35557612776756287 0
1635396570272 0.32415342330932617 0
1635396671154 0.3824694752693176 0
1635396771744 0.589291512966156 0
1635396872326 0.5329045653343201 0
1635396972851 0.43409326672554016 0
1635397073267 0.6702263355255127 0
1635397173829 0.6266539096832275 0
1635397274451 0.6135212779045105 0
1635397375022 0.5959569215774536 0
1635397475627 0.527953028678894 0
1635397576087 0.7377474308013916 0
1635397676545 0.3632848560810089 0
1635397777113 0.5458474159240723 0
1635397877866 0.4037180244922638 0
1635397979977 0.3892422318458557 0
1635398080676 0.5790530443191528 0
1635398181275 0.40198925137519836 0
1635398281833 0.4840153455734253 0
1635398382614 0.4885714054107666 0
1635398483029 0.6345119476318359 0
1635398583971 0.7222968339920044 0
1635398684557 0.6505883932113647 0
1635398785150 0.5090614557266235 0
1635398885736 0.47837352752685547 0
1635398986449 0.5060415267944336 0
1635399087255 0.7381027340888977 0
1635399187860 0.4208664000034332 0
1635399288333 0.5058596134185791 0
1635399388979 0.5910946130752563 0
1635399489546 0.6338112950325012 0
1635399590113 0.6316066384315491 0
1635399690783 0.474464476108551 0
1635399791349 0.4893629550933838 0
1635399892151 0.47753989696502686 0
1635399994140 0.4817879796028137 0
1635400094715 0.6187454462051392 0
1635400195263 0.5676246881484985 0
1635400295792 0.3742828071117401 0
1635400396268 0.43116438388824463 0
1635400496806 0.625751256942749 0
1635400597399 0.6864323019981384 0
1635400697841 0.4742926359176636 0
1635400798201 0.5538270473480225 0
1635400898935 0.5349712371826172 0
1635400999578 0.6811042428016663 0
1635401100004 0.45926493406295776 0
1635401200454 0.5053340196609497 0
1635401300820 0.5803009271621704 0
1635401401481 0.4649641513824463 0
1635401502158 0.6211181879043579 0
1635401602805 0.6997374296188354 0
1635401703394 0.7183611989021301 0
1635401803882 0.709283709526062 0
1635401904604 0.9317471385002136 0
1635402007134 0.8490298986434937 0
1635402107679 0.6755930185317993 0
1635402208390 0.7289095520973206 0
1635402308922 1.0272202491760254 0
1635402409594 0.9514011144638062 0
1635402510123 0.7398150563240051 0
1635402610793 0.6666756868362427 0
1635402711681 0.6328259706497192 0
1635402812385 0.4542742073535919 0
1635402912976 0.6353284120559692 0
1635403013632 0.5306863188743591 0
1635403114246 0.45424848794937134 0
1635403214617 0.6373637914657593 0
1635403315099 0.5252755880355835 0
1635403415626 0.7235909700393677 0
1635403516231 0.46664196252822876 0
1635403616784 0.5828329920768738 0
1635403717366 0.4686053395271301 0
1635403818002 0.4340387284755707 0
1635403918636 0.8146837949752808 0
1635404020597 0.6485506296157837 0
1635404121241 0.4964442849159241 0
1635404222000 0.6167385578155518 0
1635404322621 0.4574267268180847 0
1635404423145 0.5471889972686768 0
1635404523821 0.6534512042999268 0
1635404624422 0.5250138640403748 0
1635404725006 0.6123429536819458 0
1635404825619 0.5127273201942444 0
1635404926245 0.5048166513442993 0
1635405026848 0.5735443234443665 0
1635405127464 0.5451171398162842 0
1635405228122 0.5069242715835571 0
1635405328781 0.5041131973266602 0
1635405429288 0.7998310327529907 0
1635405529892 0.5474463105201721 0
1635405630538 0.6431074142456055 0
1635405731220 0.4206092655658722 0
1635405831901 0.7035779356956482 0
1635405932463 0.48998039960861206 0
1635406034496 0.39492011070251465 0
1635406135056 0.377668559551239 0
1635406236075 0.5539736151695251 0
1635406336738 0.6084901094436646 0
1635406437343 0.4096773564815521 0
1635406538012 0.713105320930481 0
1635406638759 0.5535162091255188 0
1635406739417 0.4561045169830322 0
1635406840163 0.5161306262016296 0
1635406940849 0.44319742918014526 0
1635407041384 0.6882209181785583 0
1635407142083 0.6686245203018188 0
1635407242846 0.5025514364242554 0
1635407343294 0.43076691031455994 0
1635407443971 0.5255430340766907 0
1635407544534 0.7283205389976501 0
1635407645249 0.49137622117996216 0
1635407745998 0.4943620562553406 0
1635407846647 0.5133718848228455 0
1635407947292 0.3941056430339813 0
1635408049625 0.41907334327697754 0
1635408150098 0.4746074378490448 0
1635408250615 0.46237313747406006 0
1635408351054 0.4560892879962921 0
1635408451654 0.7498681545257568 0
1635408552369 0.6769943237304688 0
1635408653187 0.5956418514251709 0
1635408753825 0.4232681393623352 0
1635408854356 0.3607184588909149 0
1635408954957 0.5160842537879944 0
1635409055702 0.5966981649398804 0
1635409156388 0.6235208511352539 0
1635409257074 0.5454399585723877 0
1635409357647 0.5653513669967651 0
1635409458208 0.4835873246192932 0
1635409558856 0.5984222888946533 0
1635409659404 0.3467289209365845 0
1635409759954 0.3809058368206024 0
1635409860823 0.46842241287231445 0
1635409961412 0.4556129574775696 0
1635410063464 0.5708377361297607 0
1635410164137 0.4820181131362915 0
1635410264728 0.6063708662986755 0
1635410365157 0.8158754110336304 0
1635410465746 0.4806321859359741 0
1635410566320 0.3514740765094757 0
1635410666999 0.4736190736293793 0
1635410767651 0.48656165599823 0
1635410868214 0.3249952793121338 0
1635410968924 0.5733048915863037 0
1635411069726 0.4419304132461548 0
1635411170336 0.5411192774772644 0
1635411271063 0.5389572381973267 0
1635411371793 0.5747175812721252 0
1635411472528 0.4811413586139679 0
1635411573088 0.5749924182891846 0
1635411673781 0.6078926920890808 0
1635411774471 0.6104203462600708 0
1635411875013 0.6061356067657471 0
1635411975461 0.6186825633049011 0
1635412077420 0.4256450831890106 0
1635412177887 0.6968525648117065 0
1635412278518 0.5512025356292725 0
1635412379403 0.5697560906410217 0
1635412479913 0.48864486813545227 0
1635412580382 0.46799761056900024 0
1635412680819 0.41137537360191345 0
1635412781273 0.5762555599212646 0
1635412881780 0.4860811233520508 0
1635412982273 0.4033803939819336 0
1635413082680 0.5720072984695435 0
1635413183087 0.5644834041595459 0
1635413283547 0.5355379581451416 0
1635413383931 0.6591626405715942 0
1635413484762 0.4923347234725952 0
1635413585224 0.44330090284347534 0
1635413685711 0.917665958404541 0
1635413786105 0.5387160778045654 0
1635413886436 0.40231117606163025 0
1635413986803 0.34478336572647095 0
1635414088746 0.43439942598342896 0
1635414189289 0.5893594622612 0
1635414289777 0.579782247543335 0
1635414390276 0.5466901063919067 0
1635414490726 0.5712836980819702 0
1635414591307 0.668685793876648 0
1635414692637 0.42268604040145874 0
1635414793312 0.5739087462425232 0
1635414894064 0.5131760239601135 0
1635414994586 0.4836615324020386 0
1635415095359 0.592782735824585 0
1635415195981 0.5105971097946167 0
1635415296720 0.5643066167831421 0
1635415397335 0.4968462288379669 0
1635415497873 0.5137173533439636 0
1635415598446 0.5299454927444458 0
1635415698903 0.6508939862251282 0
1635415799669 0.39617425203323364 0
1635415900168 0.47439390420913696 0
1635416000712 0.49324071407318115 0
1635416102761 0.6693625450134277 0
1635416203296 0.4890541136264801 0
1635416303857 0.4979981780052185 0
1635416404228 0.5127640962600708 0
1635416504764 0.46168968081474304 0
1635416605156 0.5829314589500427 0
1635416705572 0.5340627431869507 0
1635416806033 0.40881088376045227 0
1635416906480 0.44376081228256226 0
1635417007059 0.629020094871521 0
1635417107782 0.5194764137268066 0
1635417208653 0.44430315494537354 0
1635417309372 0.5307011604309082 0
1635417409813 0.43953150510787964 0
1635417510245 0.5391839146614075 0
1635417610761 0.47730499505996704 0
1635417711170 0.39488664269447327 0
1635417811665 0.47964075207710266 0
1635417912178 0.43116965889930725 0
1635418012660 0.3857939839363098 0
1635418114474 0.5521329045295715 0
1635418215111 0.5506002902984619 0
1635418315592 0.521495521068573 0
1635418416235 0.47840583324432373 0
1635418516600 0.5896493792533875 0
1635418617268 0.5353538990020752 0
1635418717718 0.4113475978374481 0
1635418818235 0.37757939100265503 0
1635418918912 0.6987935304641724 0
1635419019444 0.6069442629814148 0
1635419119837 0.5940268039703369 0
1635419220117 0.5607120990753174 0
1635419320639 0.6691970825195312 0
1635419421287 0.4578242301940918 0
1635419521805 0.6271955370903015 0
1635419622374 0.46244317293167114 0
1635419722980 0.4272328019142151 0
1635419823493 0.7641136050224304 0
1635419924009 0.4941191077232361 0
1635420024555 0.6390349864959717 0
1635420126409 0.7704355716705322 0
1635420226885 0.5829086303710938 0
1635420327394 0.45643875002861023 0
1635420427766 0.5671180486679077 0
1635420528270 0.6698096394538879 0
1635420629046 0.5930875539779663 0
1635420729425 0.5153362154960632 0
1635420829853 0.4043453335762024 0
1635420930128 0.443879634141922 0
1635421030476 0.6390684247016907 0
1635421130862 0.42143359780311584 0
1635421231373 0.4913391172885895 0
1635421331896 0.5082511305809021 0
1635421432353 0.5105024576187134 0
1635421532855 0.3962614834308624 0
1635421633289 0.6413418054580688 0
1635421733719 0.4837024509906769 0
1635421834260 0.5208906531333923 0
1635421934639 0.4291897714138031 0
1635422035018 0.5148955583572388 0
1635422137008 0.5618698596954346 0
1635422237531 0.41586536169052124 0
1635422337902 0.4144015610218048 0
1635422438494 0.533739447593689 0
1635422538829 0.4941031336784363 0
1635422639368 0.4343111515045166 0
1635422739840 0.6139647960662842 0
1635422840211 0.3409198522567749 0
1635422940742 0.5514036417007446 0
1635423041340 0.4567297101020813 0
1635423141874 0.44320592284202576 0
1635423242375 0.3186079263687134 0
1635423342990 0.4146442711353302 0
1635423443564 0.3655691146850586 0
1635423544063 0.3912302255630493 0
1635423644700 0.600033164024353 0
1635423745236 0.6687629222869873 0
1635423845662 0.45653805136680603 0
1635423946103 0.43380123376846313 0
1635424046633 0.612787663936615 0
1635424148650 0.5411031246185303 0
1635424249607 0.5323267579078674 0
1635424350241 0.5187787413597107 0
1635424450809 0.49643370509147644 0
1635424551350 0.7911489009857178 0
1635424651822 0.824987530708313 0
1635424752324 0.8193455934524536 0
1635424852840 0.4273228049278259 0
1635424953061 0.39156776666641235 0
1635425053614 0.5801976919174194 0
1635425154168 0.46288052201271057 0
1635425254813 0.38096919655799866 0
1635425355363 0.6262344121932983 0
1635425456122 0.5283327102661133 0
1635425556646 0.7012020945549011 0
1635425657253 0.5557197332382202 0
1635425757901 0.49938592314720154 0
1635425858393 0.48605483770370483 0
1635425958944 0.5467292070388794 0
1635426059537 0.46148741245269775 0
1635426162028 0.38062793016433716 0
1635426262362 0.8566269874572754 0
1635426362898 0.41319048404693604 0
1635426463404 0.5312061309814453 0
1635426563892 0.5287520289421082 0
1635426664492 0.6701454520225525 0
1635426764933 0.48594099283218384 0
1635426865335 0.5166404247283936 0
1635426965894 0.6542398929595947 0
1635427066165 0.5577625036239624 0
1635427166573 0.4012399911880493 0
1635427266929 0.6792386770248413 0
1635427367432 0.5222205519676208 0
1635427467853 0.361156702041626 0
1635427568211 0.4470027685165405 0
1635427668455 0.3962976336479187 0
1635427768909 0.4363783001899719 0
1635427871698 0.5963374972343445 0
1635427972816 0.6154365539550781 0
1635428073545 0.6303570866584778 0
1635428175742 0.6801385283470154 0
1635428276513 0.6101973056793213 0
1635428377031 0.49046480655670166 0
1635428477656 0.39758673310279846 0
1635428578347 0.48002034425735474 0
1635428679216 0.5968994498252869 0
1635428779942 0.5327431559562683 0
1635428880679 0.44333040714263916 0
1635428981252 0.6866085529327393 0
1635429082831 0.5232927203178406 0
1635429183738 0.6628048419952393 0
1635429284437 0.5962098240852356 0
1635429385258 0.35479143261909485 0
1635429486057 0.45834100246429443 0
1635429586682 0.38906362652778625 0
1635429687421 0.38232922554016113 0
1635429788021 0.4499426484107971 0
1635429888715 0.5650179386138916 0
1635429989444 0.561938464641571 0
1635430090181 0.5586046576499939 0
1635430192136 0.4989967942237854 0
1635430293082 0.35883283615112305 0
1635430393804 0.5180096626281738 0
1635430494515 0.3884432315826416 0
1635430595196 0.6271981596946716 0
1635430695867 0.6524157524108887 0
1635430796451 0.44858992099761963 0
1635430897084 0.4951689541339874 0
1635430997741 0.3619998097419739 0
1635431098512 0.4490334987640381 0
1635431199328 0.6124350428581238 0
1635431299994 0.39444708824157715 0
1635431400793 0.5775604844093323 0
1635431501726 0.3699524402618408 0
1635431602516 0.5622915029525757 0
1635431703044 0.5474990606307983 0
1635431803642 0.4611513316631317 0
1635431904203 0.45180651545524597 0
1635432004890 0.42294615507125854 0
1635432105540 0.6775839924812317 0
1635432207731 0.6156635284423828 0
1635432308362 0.6175915598869324 0
1635432408786 0.6775003671646118 0
1635432509445 0.47830790281295776 0
1635432610143 0.4789980947971344 0
1635432710617 0.5003182888031006 0
1635432811095 0.4132908582687378 0
1635432911738 0.41307175159454346 0
1635433012413 0.33609360456466675 0
1635433112978 0.7654364705085754 0
1635433213712 0.5952292680740356 0
1635433314481 0.4241364896297455 0
1635433414976 0.6344959735870361 0
1635433515480 0.6830664277076721 0
1635433616091 0.6270148754119873 0
1635433716431 0.6641554236412048 0
1635433817171 0.6444723606109619 0
1635433917798 0.5729289650917053 0
1635434018304 0.6155446767807007 0
1635434118896 0.405102401971817 0
1635434221098 0.4129094183444977 0
1635434321840 0.5705004930496216 0
1635434422474 0.4150589406490326 0
1635434522991 0.475838840007782 0
1635434623517 0.7632021307945251 0
1635434724091 0.35251131653785706 0
1635434824782 0.40003645420074463 0
1635434925371 0.5227459669113159 0
1635435026260 0.45847445726394653 0
1635435127158 0.419440358877182 0
1635435227916 0.48586559295654297 0
1635435328545 0.46628403663635254 0
1635435429390 0.5494099855422974 0
1635435530080 0.567026674747467 0
1635435630764 0.6416012048721313 0
1635435731335 0.4943051338195801 0
1635435832050 0.49174317717552185 0
1635435932737 0.6584712862968445 0
1635436033402 0.6301611661911011 0
1635436134027 0.5873830914497375 0
1635436236915 0.5411906242370605 0
1635436338004 0.4238133132457733 0
1635436438811 0.46778374910354614 0
1635436539441 0.5539736151695251 0
1635436640051 0.4682900011539459 0
1635436740701 0.519361138343811 0
1635436841506 0.6878820657730103 0
1635436942177 0.6006031036376953 0
1635437042741 0.7775295376777649 0
1635437143332 0.5670214891433716 0
1635437243988 0.4090198576450348 0
1635437344613 0.6599513292312622 0
1635437445467 0.552158534526825 0
1635437546092 0.5625941753387451 0
1635437646646 0.6748417615890503 0
1635437747277 0.7156563997268677 0
1635437847831 0.42702198028564453 0
1635437948519 0.37180382013320923 0
1635438049174 0.6286563277244568 0
1635438149870 0.3950430750846863 0
1635438251968 0.7738076448440552 0
1635438352523 0.5305281281471252 0
1635438453055 0.7933642864227295 0
1635438553789 0.5343374609947205 0
1635438654730 0.4441000819206238 0
1635438755431 0.4630914330482483 0
1635438856268 0.649388313293457 0
1635438956808 0.415968120098114 0
1635439057342 0.4601653218269348 0
1635439157947 0.46066904067993164 0
1635439258515 0.4890274703502655 0
1635439359041 0.5599203705787659 0
1635439459545 0.5169803500175476 0
1635439560083 0.5190702676773071 0
1635439660593 0.41562843322753906 0
1635439761224 0.5141053199768066 0
1635439862052 0.6956616640090942 0
1635439962652 0.6387860178947449 0
1635440063382 0.5609431266784668 0
1635440163973 0.5822701454162598 0
1635440266109 0.7842391133308411 0
1635440366726 0.5791310667991638 0
1635440467611 0.6518495678901672 0
1635440568067 0.4975522756576538 0
1635440668579 0.48702213168144226 0
1635440769082 0.34488117694854736 0
1635440869644 0.5225464701652527 0
1635440970220 0.4657113552093506 0
1635441070911 0.5127824544906616 0
1635441171329 0.5413471460342407 0
1635441271919 0.5078220367431641 0
1635441372519 0.5447863340377808 0
1635441473045 0.48790138959884644 0
1635441573737 0.546339750289917 0
1635441674270 0.6397303342819214 0
1635441774848 0.7408289909362793 0
1635441875368 0.7876529693603516 0
1635441976025 0.3489713668823242 0
1635442076470 0.5717771649360657 0
1635442177035 0.5491821765899658 0
1635442279478 0.39581871032714844 0
1635442379939 0.5923279523849487 0
1635442480476 0.5087212920188904 0
1635442581023 0.6183061003684998 0
1635442681447 0.7837552428245544 0
1635442781969 0.4639618992805481 0
1635442882447 0.39025983214378357 0
1635442983063 0.5868018865585327 0
1635443083526 0.4886898100376129 0
1635443184117 0.5350651144981384 0
1635443284574 0.3270399272441864 0
1635443385099 0.6141939163208008 0
1635443485826 0.525347113609314 0
1635443586170 0.7563921213150024 0
1635443686572 0.5337494015693665 0
1635443787014 0.40309005975723267 0
1635443887664 0.636841893196106 0
1635443988140 0.5148686766624451 0
1635444088784 0.45355865359306335 0
1635444189299 0.5797576904296875 0
1635444291390 0.6313838362693787 0
1635444392008 0.4648543894290924 0
1635444492495 0.532270073890686 0
1635444592987 0.5554426312446594 0
1635444693818 0.5403549075126648 0
1635444794271 0.665368914604187 0
1635444894870 0.5270819664001465 0
1635444995332 0.49567049741744995 0
1635445095690 0.5079053640365601 0
1635445196079 0.5956771969795227 0
1635445296570 0.5653272271156311 0
1635445397232 0.5280313491821289 0
1635445497849 0.45292535424232483 0
1635445598470 0.41233575344085693 0
1635445698957 0.5195871591567993 0
1635445799636 0.48664236068725586 0
1635445900451 0.6720004081726074 0
1635446005036 0.40615224838256836 0
1635446105707 0.5543721318244934 0
1635446206221 0.4953543245792389 0
1635446308216 0.40946662425994873 0
1635446408960 0.5465376973152161 0
1635446509450 0.7820154428482056 0
1635446609908 0.7249682545661926 0
1635446710542 0.5066273808479309 0
1635446811085 0.6256071329116821 0
1635446911738 0.5433781147003174 0
1635447012451 0.6158859133720398 0
1635447113039 0.6763612627983093 0
1635447213702 0.50666743516922 0
1635447314234 0.5411629676818848 0
1635447415123 0.626848042011261 0
1635447515735 0.48906567692756653 0
1635447616315 0.5692839622497559 0
1635447717157 0.49887600541114807 0
1635447817581 0.5532163381576538 0
1635447918125 0.7334271669387817 0
1635448018627 0.49654021859169006 0
1635448119173 0.7710379958152771 0
1635448219769 0.3941929340362549 0
1635448321772 0.4354046881198883 0
1635448422500 0.7655037641525269 0
1635448523017 0.4898444414138794 0
1635448623580 0.4997105896472931 0
1635448724064 0.5663647055625916 0
1635448824553 0.6479153633117676 0
1635448925064 0.4724252223968506 0
1635449025649 0.592881977558136 0
1635449126315 0.5142505764961243 0
1635449226697 0.5784497857093811 0
1635449327200 0.38571369647979736 0
1635449428158 0.4593910276889801 0
1635449528510 0.5823493003845215 0
1635449629053 0.4173166751861572 0
1635449729789 0.5462675094604492 0
1635449830357 0.48467937111854553 0
1635449930903 0.3700677156448364 0
1635450031494 0.5163549184799194 0
1635450132033 0.7506107091903687 0
1635450232498 0.6325570344924927 0
1635450334506 0.5627983808517456 0
1635450435153 0.40718430280685425 0
1635450535820 0.6412996649742126 0
1635450637209 0.922932505607605 0
1635450737967 0.5522254705429077 0
1635450838673 0.4553111493587494 0
1635450939287 0.45870527625083923 0
1635451039803 0.475674569606781 0
1635451140403 0.5733153820037842 0
1635451241230 0.3625110387802124 0
1635451341678 0.40045103430747986 0
1635451442267 0.5523220300674438 0
1635451542740 0.42424800992012024 0
1635451643229 0.47028565406799316 0
1635451743586 0.5115637183189392 0
1635451844278 0.3934599459171295 0
1635451944951 0.6191717386245728 0
1635452045557 0.4132702350616455 0
1635452146130 0.4009372591972351 0
1635452246613 0.5167173743247986 0
1635452348682 0.6819387674331665 0
1635452449427 0.5122226476669312 0
1635452549986 0.6403512954711914 0
1635452650743 0.5303149223327637 0
1635452751420 0.5294281840324402 0
1635452852130 0.6334538459777832 0
1635452952659 0.49392086267471313 0
1635453053700 0.45025819540023804 0
1635453154313 0.6542093753814697 0
1635453254912 0.56927490234375 0
1635453355639 0.6371848583221436 0
1635453456285 0.5231903791427612 0
1635453557021 0.4929811358451843 0
1635453657613 0.6139477491378784 0
1635453758194 0.5019408464431763 0
1635453858733 0.37652114033699036 0
1635453959308 0.5287075042724609 0
1635454059753 0.5455735921859741 0
1635454160248 0.50032639503479 0
1635454261197 0.4468950629234314 0
1635454363270 0.488136887550354 0
1635454463914 0.5152662992477417 0
1635454564423 0.7547669410705566 0
1635454665274 0.5405017137527466 0
1635454765868 0.5358983278274536 0
1635454866695 0.6092562675476074 0
1635454967379 0.6493675708770752 0
1635455067892 0.5326839089393616 0
1635455168507 0.8151995539665222 0
1635455268947 0.6717183589935303 0
1635455369582 0.7241308689117432 0
1635455470243 0.6005103588104248 0
1635455570853 0.4446095824241638 0
1635455671348 0.5353920459747314 0
1635455771831 0.6128260493278503 0
1635455872348 0.5033859014511108 0
1635455972695 0.39210399985313416 0
1635456073198 0.4372059106826782 0
1635456173803 0.6840757727622986 0
1635456274264 0.4312164783477783 0
1635456377362 0.5834144949913025 0
1635456477983 0.37171998620033264 0
1635456578625 0.5210728049278259 0
1635456679504 0.4389339089393616 0
1635456780115 0.5863195657730103 0
1635456880705 0.6133865118026733 0
1635456981298 0.48604756593704224 0
1635457081900 0.3661209046840668 0
1635457182506 0.5455176830291748 0
1635457283106 0.5804915428161621 0
1635457383761 0.4242280423641205 0
1635457484315 0.5908398628234863 0
1635457584965 0.5422530174255371 0
1635457685379 0.4725722372531891 0
1635457785906 0.4310510754585266 0
1635457886637 0.5841866135597229 0
1635457987318 0.40946242213249207 0
1635458087785 0.6836062073707581 0
1635458188520 0.5039968490600586 0
1635458289210 0.39968815445899963 0
1635458391332 0.7393606305122375 0
1635458492211 0.5864042043685913 0
1635458592835 0.5879116058349609 0
1635458693421 0.5063125491142273 0
1635458793933 0.661661684513092 0
1635458894497 0.42119044065475464 0
1635458994992 0.5182787179946899 0
1635459095669 0.5611069798469543 0
1635459196182 0.5260777473449707 0
1635459296720 0.5081578493118286 0
1635459397014 0.6501883268356323 0
1635459497434 0.46500247716903687 0
1635459598017 0.4090766906738281 0
1635459698479 0.5403281450271606 0
1635459798978 0.6821794509887695 0
1635459899495 0.44965165853500366 0
1635460000047 0.4906432330608368 0
1635460100538 0.40558934211730957 0
1635460201163 0.4589352309703827 0
1635460301932 0.5260401368141174 0
1635460404021 0.510450005531311 0
1635460504852 0.4998251497745514 0
1635460605670 0.5969647169113159 0
1635460706284 0.5462914109230042 0
1635460806869 0.42144665122032166 0
1635460907428 0.5339104533195496 0
1635461007982 0.5037556290626526 0
1635461108514 0.6457544565200806 0
1635461208975 0.5857980251312256 0
1635461309690 0.6278039216995239 0
1635461410559 0.8443354368209839 0
1635461511909 0.6441576480865479 0
1635461612763 0.5176413059234619 0
1635461713411 0.6182050108909607 0
1635461814142 0.4625747501850128 0
1635461914742 0.46389317512512207 0
1635462015463 0.5767744183540344 0
1635462116166 0.36834225058555603 0
1635462216756 0.5186635851860046 0
1635462317506 0.3533850312232971 0
1635462419542 0.43350455164909363 0
1635462520111 0.3829801678657532 0
1635462620825 0.5431845188140869 0
1635462721416 0.43486133217811584 0
1635462821820 0.4232119023799896 0
1635462922360 0.6752909421920776 0
1635463022966 0.5492455959320068 0
1635463123466 0.39108806848526 0
1635463224003 0.4737735092639923 0
1635463324632 0.42304742336273193 0
1635463425184 0.5068637728691101 0
1635463525827 0.42249172925949097 0
1635463626339 0.5429173707962036 0
1635463726882 0.43065255880355835 0
1635463827770 0.5242795348167419 0
1635463928396 0.4142245650291443 0
1635464029013 0.8755825757980347 0
1635464129725 0.5029399394989014 0
1635464230533 0.6262052655220032 0
1635464331124 0.37727731466293335 0
1635464433215 0.636368989944458 0
1635464535904 0.578053891658783 0
1635464638579 0.48368752002716064 0
1635464741134 0.5373032093048096 0
1635464843938 0.5793441534042358 0
1635464944431 0.757542610168457 0
1635465045144 0.48347461223602295 0
1635465145756 0.4938867688179016 0
1635465246344 0.5120126605033875 0
1635465346873 0.5583627820014954 0
1635465447329 0.5748631954193115 0
1635465548056 0.5987144708633423 0
1635465648850 0.5447313785552979 0
1635465749451 0.5335992574691772 0
1635465849925 0.6281685829162598 0
1635465950454 0.45764297246932983 0
1635466051021 0.5244032740592957 0
1635466151644 0.5244925618171692 0
1635466252586 0.6325300931930542 0
1635466353124 0.5928168296813965 0
1635466455476 0.4685184359550476 0
1635466556150 0.4632728695869446 0
1635466656842 0.5329645872116089 0
1635466757409 0.6870282292366028 0
1635466858122 0.6180198788642883 0
1635466958535 0.5820841193199158 0
1635467059164 0.4984883666038513 0
1635467159883 0.5299132466316223 0
1635467260525 0.477096825838089 0
1635467361360 0.5092401504516602 0
1635467462404 0.6535131931304932 0
1635467563364 0.4151051342487335 0
1635467664015 0.44698360562324524 0
1635467764674 0.4052330553531647 0
1635467865443 0.44684135913848877 0
1635467966148 0.5532232522964478 0
1635468066778 0.46910274028778076 0
1635468167434 0.7386615872383118 0
1635468268180 0.5475733876228333 0
1635468368884 0.7143580913543701 0
1635468470990 0.4134492576122284 0
1635468571698 0.4004007577896118 0
1635468672429 0.7433439493179321 0
1635468773105 0.5148264765739441 0
1635468873666 0.3495239317417145 0
1635468974203 0.4504562318325043 0
1635469074916 0.3947329521179199 0
1635469175516 0.532416582107544 0
1635469276250 0.6737101078033447 0
1635469376765 0.7509957551956177 0
1635469477341 0.5357776880264282 0
1635469577854 0.4836375415325165 0
1635469678415 0.5476041436195374 0
1635469778830 0.41582077741622925 0
1635469879701 0.8126261234283447 0
1635469980346 0.4760940968990326 0
1635470081119 0.7623206973075867 0
1635470181857 0.6844509840011597 0
1635470282411 0.5463908910751343 0
1635470382941 0.4884479343891144 0
1635470484993 0.4391924738883972 0
1635470585561 0.5759502053260803 0
1635470686141 0.37264174222946167 0
1635470786793 0.4854150712490082 0
1635470887225 0.406466007232666 0
1635470987801 0.4276418089866638 0
1635471088753 0.5466500520706177 0
1635471189341 0.5212736129760742 0
1635471289911 0.3571917712688446 0
1635471390545 0.3416566848754883 0
1635471491094 0.5423696637153625 0
1635471591689 0.591486930847168 0
1635471692322 0.5219647288322449 0
1635471792961 0.5009697675704956 0
1635471893522 0.5132535696029663 0
1635471994175 0.8009281754493713 0
1635472094859 0.5627459287643433 0
1635472195419 0.4567932188510895 0
1635472296185 0.40146222710609436 0
1635472396603 0.526443362236023 0
1635472498747 0.5865334272384644 0
1635472599366 0.628452718257904 0
1635472699754 0.4259689748287201 0
1635472800407 0.6081538200378418 0
1635472901106 0.46111518144607544 0
1635473001534 0.3229142129421234 0
1635473102122 0.7449058890342712 0
1635473202683 0.4971194565296173 0
1635473303233 0.5298639535903931 0
1635473403712 0.7215160131454468 0
1635473504413 0.40299391746520996 0
1635473605087 0.5496946573257446 0
1635473705670 0.3446859121322632 0
1635473806188 0.5836319327354431 0
1635473906769 0.6215797066688538 0
1635474007427 0.7052695751190186 0
1635474107932 0.4143048822879791 0
1635474208433 0.7195724844932556 0
1635474309114 0.39452770352363586 0
1635474409729 0.5444533824920654 0
1635474511706 0.35411638021469116 0
1635474612617 0.7856834530830383 0
1635474713357 0.6137522459030151 0
1635474813959 0.4498361647129059 0
1635474914546 0.7403025031089783 0
1635475015064 0.4716513156890869 0
1635475115815 0.38472628593444824 0
1635475216239 0.4235440790653229 0
1635475316815 0.5881003737449646 0
1635475417325 0.5929660797119141 0
1635475517914 0.36519259214401245 0
1635475618469 0.4351853132247925 0
1635475718982 0.5209432244300842 0
1635475819619 0.3490026295185089 0
1635475920073 0.45743483304977417 0
1635476020566 0.6570073366165161 0
1635476121138 0.46559059619903564 0
1635476221803 0.7496560215950012 0
1635476322608 0.4604450464248657 0
1635476423303 0.6895596981048584 0
1635476525419 0.7442504167556763 0
1635476626103 0.4088524878025055 0
1635476726641 0.5172443985939026 0
1635476827238 0.5587254166603088 0
1635476927915 0.6123615503311157 0
1635477029474 0.48819172382354736 0
1635477130764 0.6271229386329651 0
1635477231407 0.7107358574867249 0
1635477332170 0.4861350953578949 0
1635477432857 0.44102734327316284 0
1635477533518 0.6087132692337036 0
1635477634273 0.709177553653717 0
1635477735051 0.6337190270423889 0
1635477835602 0.544295608997345 0
1635477936202 0.629653811454773 0
1635478036962 0.5988657474517822 0
1635478137582 0.8122574687004089 0
1635478238769 0.5453964471817017 0
1635478339433 0.6588586568832397 0
1635478440093 0.7045102715492249 0
1635478542268 0.5007495880126953 0
1635478643254 0.5378891825675964 0
1635478744089 0.6748583316802979 0
1635478844871 0.6222694516181946 0
1635478945719 0.6264016628265381 0
1635479046394 0.5488130450248718 0
1635479146952 0.5921034812927246 0
1635479247797 0.6036438941955566 0
1635479348422 0.6661760210990906 0
1635479449236 0.4128052592277527 0
1635479549929 0.4747669994831085 0
1635479650573 0.47745874524116516 0
1635479751309 0.6076368093490601 0
1635479852217 0.5786623358726501 0
1635479955747 0.5938584208488464 0
