1635311298733 1.0614867508411407 0
1635311401285 0.4101368486881256 0
1635311505788 0.43226052820682526 0
1635311609363 0.48378685116767883 0
1635311712671 0.8274649381637573 0
1635311813173 0.622502326965332 0
1635311913573 0.5422908663749695 0
1635312014222 0.5427673161029816 0
1635312114771 0.6787718236446381 0
1635312214976 0.5354493856430054 0
1635312315328 0.8777534663677216 0
1635312415909 0.741407960653305 0
1635312516293 0.5190433580428362 0
1635312616735 0.8698194921016693 0
1635312717251 0.6510613262653351 0
1635312817750 0.7812431752681732 0
1635312918048 0.6438755095005035 0
1635313018446 0.5187284052371979 0
1635313118843 1.0083196461200714 0
1635313219216 0.46144351176917553 0
1635313319572 0.8453830480575562 0
1635313419735 0.5637610852718353 0
1635313521824 0.703433096408844 0
1635313622458 0.6705392897129059 0
1635313722908 0.6031897068023682 0
1635313823731 0.42703212797641754 0
1635313924344 0.6687472760677338 0
1635314024842 0.6680853068828583 0
1635314125174 0.6681239902973175 0
1635314225544 0.6680916249752045 0
1635314325999 0.6680853962898254 0
1635314426650 0.6680879890918732 0
1635314527169 0.6680840253829956 0
1635314627676 0.6687734425067902 0
1635314728128 0.6683394610881805 0
1635314828491 0.6564907133579254 0
1635314929050 0.6562502384185791 0
1635315029750 0.5724639296531677 0
1635315130322 0.454264372587204 0
1635315230785 0.5735957622528076 0
1635315331342 0.5615775883197784 0
1635315431834 0.5615755319595337 0
1635315533722 0.5615143179893494 0
1635315634400 0.5615759491920471 0
1635315734668 0.5615755319595337 0
1635315835065 0.5615755617618561 0
1635315935497 0.5607473254203796 0
1635316035939 0.5615721940994263 0
1635316136413 0.5615754127502441 0
1635316237207 0.5615770518779755 0
1635316337720 0.5546304881572723 0
1635316438190 0.5302471220493317 0
1635316538702 0.5303343534469604 0
1635316639245 0.7735936939716339 0
1635316739720 0.6761767864227295 0
1635316840298 0.6216387450695038 0
1635316940747 0.402087545953691 0
1635317041258 0.6497119963169098 0
1635317141896 0.6332308650016785 0
1635317242438 0.28878311067819595 0
1635317342980 0.6185032725334167 0
1635317443626 0.6331363022327423 0
1635317545703 0.6331339776515961 0
1635317646386 0.27473223209381104 0
1635317746916 0.6331731677055359 0
1635317847577 0.6332395374774933 0
1635317948107 0.6331892311573029 0
1635318048859 0.280842712149024 0
1635318149541 0.633146345615387 0
1635318249890 0.6331377625465393 0
1635318350386 0.476521298289299 0
1635318450886 0.47651737928390503 0
1635318551493 0.47651711106300354 0
1635318652203 0.47651664912700653 0
1635318752849 0.47651635110378265 0
1635318853307 0.47651636600494385 0
1635318953874 0.4765179008245468 0
1635319054417 0.6665641367435455 0
1635319155023 0.657177060842514 0
1635319255656 0.6495970189571381 0
1635319356302 0.6495943069458008 0
1635319456955 0.6495837271213531 0
1635319559254 0.3893168419599533 0
1635319659839 0.6496227979660034 0
1635319760355 0.6495952308177948 0
1635319861154 0.6495941281318665 0
1635319961734 0.649593710899353 0
1635320062301 0.6495961844921112 0
1635320162872 0.649596631526947 0
1635320263434 0.6495932638645172 0
1635320363974 0.6495945751667023 0
1635320464503 0.6495993435382843 0
1635320565045 0.37589944899082184 0
1635320665532 0.6840144395828247 0
1635320766158 0.6331433057785034 0
1635320866676 0.6331384778022766 0
1635320967347 0.6331371068954468 0
1635321067943 0.6331367492675781 0
1635321168337 0.5023771971464157 0
1635321268876 0.6331368684768677 0
1635321369313 0.6331361830234528 0
1635321469857 0.6331361830234528 0
1635321571752 0.6331361830234528 0
1635321672427 0.6331361830234528 0
1635321772972 0.633136123418808 0
1635321873414 0.27648485265672207 0
1635321973738 0.6332186162471771 0
1635322074250 0.6331457495689392 0
1635322174871 0.6331391632556915 0
1635322275260 0.6331338286399841 0
1635322375698 0.6331368386745453 0
1635322476030 0.6331371068954468 0
1635322576552 0.6331368088722229 0
1635322676919 0.6014612317085266 0
1635322777490 0.6664736866950989 0
1635322877906 0.6499985754489899 0
1635322978392 0.6744648218154907 0
1635323078804 0.4670783579349518 0
1635323179223 0.6495965123176575 0
1635323279767 0.6495943367481232 0
1635323380494 0.5020602941513062 0
1635323481157 0.5283004641532898 0
1635323583083 0.5282934904098511 0
1635323683800 0.5282931625843048 0
1635323784240 0.5148061811923981 0
1635323884692 0.5149348974227905 0
1635323985211 0.5158198475837708 0
1635324085737 0.514803022146225 0
1635324186173 0.5147904455661774 0
1635324286771 0.5147998631000519 0
1635324387217 0.6242794692516327 0
1635324487676 0.7324715554714203 0
1635324588319 0.5185557305812836 0
1635324689594 0.518495500087738 0
1635324790197 0.5184949636459351 0
1635324890718 0.5184928774833679 0
1635324991377 0.6368417143821716 0
1635325091857 0.6619823276996613 0
1635325192226 0.7249403893947601 0
1635325292922 0.772964358329773 0
1635325393377 0.6213690340518951 0
1635325493827 0.46503956615924835 0
1635325595821 0.45267340540885925 0
1635325696332 0.45266537368297577 0
1635325796914 0.6222716867923737 0
1635325897585 0.5139453709125519 0
1635325998066 0.297267597168684 0
1635326098516 0.5147934257984161 0
1635326198858 0.5149460434913635 0
1635326299121 0.5147968232631683 0
1635326399501 0.6915697753429413 0
1635326500057 0.6221972703933716 0
1635326600596 0.6173391044139862 0
1635326700944 0.6347338557243347 0
1635326801241 0.6331364512443542 0
1635326901716 0.6331361830234528 0
1635327002238 0.6331361532211304 0
1635327102771 0.6331451833248138 0
1635327203244 0.6331362426280975 0
1635327303815 0.6331365704536438 0
1635327404286 0.6331362426280975 0
1635327504747 0.6331361532211304 0
1635327606609 0.6451554000377655 0
1635327707168 0.6620670557022095 0
1635327807578 0.6455343663692474 0
1635327908032 0.645175039768219 0
1635328008433 0.6784870028495789 0
1635328108845 0.5387817323207855 0
1635328209352 0.5386353135108948 0
1635328309791 0.5266424417495728 0
1635328410150 0.526632159948349 0
1635328510579 0.5386485755443573 0
1635328611008 0.5386454463005066 0
1635328711275 0.5386468172073364 0
1635328811815 0.5386471450328827 0
1635328912295 0.5386468768119812 0
1635329012742 0.5386465191841125 0
1635329113104 0.5637967884540558 0
1635329213515 0.563813328742981 0
1635329313814 0.5266298353672028 0
1635329414364 0.34128350764513016 0
1635329514662 0.5367931723594666 0
1635329616644 0.526630699634552 0
1635329717199 0.3586919456720352 0
1635329817460 0.5510388612747192 0
1635329917860 0.52662792801857 0
1635330018290 0.5266274511814117 0
1635330118708 0.3681543841958046 0
1635330219102 0.4622781574726105 0
1635330319353 0.46227817237377167 0
1635330419757 0.4528477191925049 0
1635330520216 0.4528476297855377 0
1635330620925 0.5266357362270355 0
1635330721505 0.52662792801857 0
1635330821763 0.526627391576767 0
1635330922154 0.5266281366348267 0
1635331022546 0.5266272723674774 0
1635331122920 0.5266273319721222 0
1635331223204 0.5266271531581879 0
1635331323383 0.5266272723674774 0
1635331423576 0.5386466085910797 0
1635331523999 0.37222686409950256 0
1635331625708 0.3624262064695358 0
1635331726163 0.3624260574579239 0
1635331826885 0.36242617666721344 0
1635331927289 0.2729359120130539 0
1635332027636 0.46230722963809967 0
1635332127939 0.4623362421989441 0
1635332228452 0.46227870881557465 0
1635332328883 0.46227847039699554 0
1635332429420 0.4622788578271866 0
1635332529839 0.46227820217609406 0
1635332630194 0.4622785300016403 0
1635332730518 0.46227823197841644 0
1635332831056 0.526364654302597 0
1635332931535 0.5386532545089722 0
1635333032096 0.5386480987071991 0
1635333132338 0.5386470258235931 0
1635333232702 0.5386466383934021 0
1635333333121 0.5266989767551422 0
1635333433635 0.5266373157501221 0
1635333534071 0.5266331732273102 0
1635333636010 0.5266286134719849 0
1635333736562 0.5266280174255371 0
1635333837010 0.5266174972057343 0
1635333937346 0.5266343355178833 0
1635334037795 0.5266299545764923 0
1635334138292 0.5266276001930237 0
1635334239055 0.5266279876232147 0
1635334339466 0.33881130814552307 0
1635334439875 0.5266337096691132 0
1635334540230 0.5266403555870056 0
1635334640792 0.5266281366348267 0
1635334741175 0.526628851890564 0
1635334841539 0.5266275405883789 0
1635334941842 0.5266278982162476 0
1635335042313 0.5266274213790894 0
1635335142794 0.49281153082847595 0
1635335243181 0.4928000122308731 0
1635335343546 0.49279065430164337 0
1635335444169 0.49279041588306427 0
1635335544532 0.49278898537158966 0
1635335646578 0.4927891790866852 0
1635335746912 0.49278849363327026 0
1635335847371 0.49278849363327026 0
1635335947821 0.49278852343559265 0
1635336048581 0.4927886128425598 0
1635336148877 0.49278850853443146 0
1635336249289 0.49278849363327026 0
1635336349698 0.587007999420166 0
1635336450200 0.5386413931846619 0
1635336550659 0.3415810242295265 0
1635336651201 0.5386808216571808 0
1635336751670 0.5386474132537842 0
1635336852105 0.5386469066143036 0
1635336952423 0.5386465191841125 0
1635337052977 0.526627242565155 0
1635337153398 0.526627242565155 0
1635337254191 0.526627242565155 0
1635337354593 0.526627242565155 0
1635337454942 0.5386467576026917 0
1635337555429 0.5386464297771454 0
1635337657326 0.5386464297771454 0
1635337757807 0.526627242565155 0
1635337858581 0.5266272723674774 0
1635337958905 0.526627242565155 0
1635338059315 0.526627242565155 0
1635338159731 0.526627242565155 0
1635338260138 0.526627242565155 0
1635338360544 0.5266366600990295 0
1635338460900 0.5266331136226654 0
1635338561209 0.5266279578208923 0
1635338661565 0.5266282856464386 0
1635338762070 0.526627242565155 0
1635338862513 0.526627242565155 0
1635338962847 0.526627242565155 0
1635339064034 0.5382367074489594 0
1635339164718 0.5386477410793304 0
1635339265229 0.5386465489864349 0
1635339365728 0.5386465489864349 0
1635339466148 0.38741152733564377 0
1635339566558 0.5266278386116028 0
1635339668677 0.5266279578208923 0
1635339769105 0.5266274511814117 0
1635339869376 0.5266272723674774 0
1635339969602 0.5266268849372864 0
1635340069998 0.526627242565155 0
1635340170564 0.3512002229690552 0
1635340271075 0.5266384780406952 0
1635340371469 0.5266278386116028 0
1635340471765 0.5266272723674774 0
1635340572192 0.5266273319721222 0
1635340672498 0.5266272723674774 0
1635340772724 0.5266273319721222 0
1635340873069 0.5266272723674774 0
1635340973397 0.5266272723674774 0
1635341073916 0.5266272723674774 0
1635341174307 0.5906992256641388 0
1635341274618 0.5266328454017639 0
1635341375108 0.5266333818435669 0
1635341475571 0.5266280770301819 0
1635341575916 0.5266275703907013 0
1635341677796 0.4569416642189026 0
1635341778350 0.526479184627533 0
1635341878620 0.538646787405014 0
1635341978956 0.5386525988578796 0
1635342079319 0.5267342627048492 0
1635342179744 0.5266283750534058 0
1635342280136 0.5266276299953461 0
1635342380469 0.5266274511814117 0
1635342480837 0.5266292691230774 0
1635342581523 0.3787165656685829 0
1635342681857 0.41124723851680756 0
1635342782145 0.41124358773231506 0
1635342882550 0.41124314069747925 0
1635342982922 0.4112451374530792 0
1635343083385 0.4484102427959442 0
1635343183618 0.3893973082304001 0
1635343284173 0.35238440334796906 0
1635343384483 0.35225603729486465 0
1635343484936 0.3522559702396393 0
1635343585347 0.3522559478878975 0
1635343687512 0.5271668136119843 0
1635343788044 0.5510863661766052 0
1635343888476 0.5510443150997162 0
1635343988913 0.5510386526584625 0
1635344089305 0.5510362684726715 0
1635344189720 0.5510362982749939 0
1635344290043 0.5510359406471252 0
1635344390464 0.4528476297855377 0
1635344490824 0.4528476297855377 0
1635344591243 0.4528476297855377 0
1635344691693 0.4528476297855377 0
1635344792146 0.5266366302967072 0
1635344892539 0.4720918834209442 0
1635344993082 0.5341482758522034 0
1635345093587 0.5387671589851379 0
1635345193874 0.5266272723674774 0
1635345294081 0.5266309976577759 0
1635345394383 0.5266272723674774 0
1635345494795 0.5266272723674774 0
1635345595176 0.526627242565155 0
1635345697085 0.5266272723674774 0
1635345797649 0.526627242565155 0
1635345898059 0.526627242565155 0
1635345998430 0.5266272127628326 0
1635346098706 0.5266268253326416 0
1635346199274 0.5266278386116028 0
1635346299589 0.5266273319721222 0
1635346400019 0.5266273021697998 0
1635346500559 0.3394990861415863 0
1635346601241 0.5266281068325043 0
1635346701568 0.5266273021697998 0
1635346801996 0.526627242565155 0
1635346902701 0.5386525094509125 0
1635347002953 0.5266272723674774 0
1635347103311 0.526627242565155 0
1635347203652 0.5386472046375275 0
1635347303925 0.5386467278003693 0
1635347404539 0.5758846402168274 0
1635347504820 0.5506657063961029 0
1635347605066 0.5506656169891357 0
1635347707047 0.6646257638931274 0
1635347807462 0.5386476218700409 0
1635347907822 0.538647323846817 0
1635348008156 0.5386472344398499 0
1635348108545 0.5386473536491394 0
1635348209037 0.5386465489864349 0
1635348309365 0.5266273021697998 0
1635348409646 0.5266272723674774 0
1635348509869 0.5266272723674774 0
1635348610465 0.5266272723674774 0
1635348711082 0.5510354936122894 0
1635348811530 0.5386464297771454 0
1635348911810 0.5386464297771454 0
1635349012260 0.7117241322994232 0
1635349112535 0.7117238938808441 0
1635349212964 0.711723804473877 0
1635349313337 0.6952739357948303 0
1635349413476 0.695268988609314 0
1635349513832 0.6952674388885498 0
1635349614170 0.33823853731155396 0
1635349716085 0.7285629510879517 0
1635349816748 0.7285520732402802 0
1635349917927 0.7285516858100891 0
1635350018580 0.7285504639148712 0
1635350119130 0.5386465489864349 0
1635350219541 0.5386466085910797 0
1635350319913 0.5386464595794678 0
1635350420174 0.5386464595794678 0
1635350520727 0.5386464297771454 0
1635350620980 0.5386456549167633 0
1635350721269 0.5386478304862976 0
1635350821649 0.5048100054264069 0
1635350921958 0.5386464297771454 0
1635351022609 0.5269989669322968 0
1635351122947 0.5386464595794678 0
1635351223414 0.5386464297771454 0
1635351323904 0.5386464297771454 0
1635351424136 0.5386464297771454 0
1635351524545 0.5386464297771454 0
1635351624987 0.5386464297771454 0
1635351726885 0.47436004877090454 0
1635351827138 0.5388652086257935 0
1635351927566 0.5630905628204346 0
1635352028038 0.563054770231247 0
1635352128380 0.5630546808242798 0
1635352228985 0.563054770231247 0
1635352329534 0.5386464297771454 0
1635352429855 0.5630803108215332 0
1635352530160 0.5591706931591034 0
1635352630484 0.5506657361984253 0
1635352730899 0.5506660640239716 0
1635352831403 0.5506665408611298 0
1635352931755 0.5506657063961029 0
1635353032226 0.5506656169891357 0
1635353132641 0.563054770231247 0
1635353233037 0.5630546808242798 0
1635353333362 0.5630546808242798 0
1635353433873 0.5630546808242798 0
1635353534167 0.5630546808242798 0
1635353634396 0.5630546808242798 0
1635353736452 0.5630546808242798 0
1635353836790 0.5630546808242798 0
1635353937260 0.42381301522254944 0
1635354037766 0.5506656169891357 0
1635354138172 0.5506656169891357 0
1635354238451 0.5630546808242798 0
1635354338784 0.5630546808242798 0
1635354439241 0.5630546808242798 0
1635354539700 0.6016455888748169 0
1635354640272 0.5754438042640686 0
1635354740612 0.38881684094667435 0
1635354840864 0.5882120430469513 0
1635354941147 0.5882033109664917 0
1635355041491 0.5882027447223663 0
1635355141800 0.5882026553153992 0
1635355242164 0.5882026553153992 0
1635355342665 0.5882026553153992 0
1635355443078 0.7196746468544006 0
1635355543365 0.7196745276451111 0
1635355643777 0.5630608797073364 0
1635355745577 0.5386478006839752 0
1635355846180 0.5506656765937805 0
1635355946501 0.5397320091724396 0
1635356046680 0.44276997447013855 0
1635356147011 0.5386877954006195 0
1635356247333 0.5386470258235931 0
1635356347681 0.5506713390350342 0
1635356448021 0.5386423170566559 0
1635356548353 0.3530274108052254 0
1635356648772 0.5630626976490021 0
1635356749223 0.5630558431148529 0
1635356849585 0.5630554854869843 0
1635356949729 0.563056230545044 0
1635357050142 0.5889433026313782 0
1635357150368 0.5630548000335693 0
1635357250704 0.563054770231247 0
1635357350813 0.5506786704063416 0
1635357451129 0.5506691634654999 0
1635357551331 0.5386805534362793 0
1635357651914 0.35458362102508545 0
1635357753709 0.5631129443645477 0
1635357853977 0.5630583763122559 0
1635357954341 0.47726595401763916 0
1635358054849 0.4772568643093109 0
1635358155027 0.47725656628608704 0
1635358255631 0.4528499245643616 0
1635358355968 0.337464839220047 0
1635358456421 0.3374633491039276 0
1635358556812 0.4299217164516449 0
1635358657065 0.5393814742565155 0
1635358757343 0.514984130859375 0
1635358857650 0.5149796605110168 0
1635358957988 0.5149778425693512 0
1635359058295 0.5149778425693512 0
1635359158553 0.3877424895763397 0
1635359259010 0.642937034368515 0
1635359359216 0.37448035180568695 0
1635359459986 0.5630633533000946 0
1635359560475 0.5630553662776947 0
1635359660903 0.5630562007427216 0
1635359762865 0.5630549192428589 0
1635359863255 0.5508120954036713 0
1635359963637 0.5630567669868469 0
1635360063853 0.575454980134964 0
1635360164187 0.5754439532756805 0
1635360264584 0.5754437446594238 0
1635360365062 0.5754437446594238 0
1635360465424 0.4772558808326721 0
1635360565759 0.4866863638162613 0
1635360666291 0.4866863638162613 0
1635360766645 0.48668496310710907 0
1635360866851 0.4866863638162613 0
1635360967092 0.4866863638162613 0
1635361067515 0.4866863638162613 0
1635361167815 0.5125749558210373 0
1635361268310 0.4622781425714493 0
1635361368548 0.4622781127691269 0
1635361468901 0.4622781127691269 0
1635361569237 0.5419659316539764 0
1635361669584 0.5386464297771454 0
1635361771470 0.5386465787887573 0
1635361872168 0.5386463105678558 0
1635361972594 0.5386464297771454 0
1635362072943 0.5386541783809662 0
1635362173224 0.3375243544578552 0
1635362273684 0.5510355830192566 0
1635362377318 0.5510355234146118 0
1635362477480 0.5510354936122894 0
1635362577919 0.5510354936122894 0
1635362678160 0.3641253858804703 0
1635362778464 0.5754445791244507 0
1635362878778 0.5882026553153992 0
1635362979225 0.5882026553153992 0
1635363079556 0.7196889221668243 0
1635363179764 0.7072857320308685 0
1635363280032 0.6571037322282791 0
1635363380418 0.7203261852264404 0
1635363480844 0.7196776866912842 0
1635363581214 0.7196754515171051 0
1635363681605 0.7196747660636902 0
1635363783485 0.719674825668335 0
1635363883837 0.43565091490745544 0
1635363984114 0.43565091490745544 0
1635364084391 0.43565115332603455 0
1635364184580 0.5502744019031525 0
1635364285569 0.5266276597976685 0
1635364386206 0.5265071392059326 0
1635364486576 0.5266274809837341 0
1635364586890 0.526627391576767 0
1635364687270 0.526627779006958 0
1635364787475 0.5266273021697998 0
1635364887936 0.5266275405883789 0
1635364988288 0.5266225636005402 0
1635365088669 0.5758155584335327 0
1635365188848 0.5510365068912506 0
1635365289131 0.5637947022914886 0
1635365389741 0.5637947022914886 0
1635365490005 0.5637945234775543 0
1635365590269 0.5637945830821991 0
1635365690519 0.5637944340705872 0
1635365792220 0.5637966692447662 0
1635365892499 0.5637945234775543 0
1635365992993 0.5386611819267273 0
1635366093421 0.5637944042682648 0
1635366193679 0.5041542649269104 0
1635366293892 0.514978438615799 0
1635366394075 0.29316456615924835 0
1635366494272 0.5506656169891357 0
1635366594584 0.5506656765937805 0
1635366694952 0.5506656169891357 0
1635366795111 0.5506656169891357 0
1635366895398 0.7237479984760284 0
1635366995672 0.5386484265327454 0
1635367095947 0.5630599856376648 0
1635367196208 0.563054770231247 0
1635367296462 0.5630546808242798 0
1635367396692 0.5386545956134796 0
1635367497045 0.48224982619285583 0
1635367597375 0.503698855638504 0
1635367697885 0.33798906207084656 0
1635367800337 0.526627391576767 0
1635367900886 0.5266272723674774 0
1635368001404 0.5149778723716736 0
1635368101956 0.5149778723716736 0
1635368202817 0.5149778425693512 0
1635368303349 0.5149778425693512 0
1635368403814 0.5149778425693512 0
1635368504715 0.526627242565155 0
1635368605327 0.526627242565155 0
1635368705825 0.526627242565155 0
1635368806292 0.526627242565155 0
1635368906763 0.526627242565155 0
1635369007476 0.526627242565155 0
1635369108092 0.3454541862010956 0
1635369208888 0.526627391576767 0
1635369309656 0.5510355532169342 0
1635369410222 0.5510355234146118 0
1635369510786 0.5510354936122894 0
1635369611420 0.5510357022285461 0
1635369712015 0.5266274809837341 0
1635369814277 0.5266273021697998 0
1635369914711 0.5267141163349152 0
1635370015089 0.5266276001930237 0
1635370115476 0.5266277492046356 0
1635370215916 0.5266272723674774 0
1635370316320 0.5149787068367004 0
1635370416807 0.5149800777435303 0
1635370517235 0.5510355830192566 0
1635370617657 0.5510355234146118 0
1635370718261 0.5510354936122894 0
1635370818640 0.551035612821579 0
1635370919031 0.5510355234146118 0
1635371019476 0.5510367155075073 0
1635371119918 0.5510355532169342 0
1635371220299 0.34317319840192795 0
1635371320818 0.5036999583244324 0
1635371421492 0.5266277492046356 0
1635371522054 0.5266285538673401 0
1635371622521 0.526627242565155 0
1635371723053 0.526627242565155 0
1635371825037 0.5266269743442535 0
1635371925534 0.5266272723674774 0
1635372025973 0.526627242565155 0
1635372126414 0.5266273319721222 0
1635372226674 0.526627242565155 0
1635372328901 0.5266272723674774 0
1635372429788 0.526627242565155 0
1635372530256 0.3736562132835388 0
1635372630694 0.5266275107860565 0
1635372731105 0.5266273617744446 0
1635372831717 0.33908338844776154 0
1635372932054 0.5266272723674774 0
1635373032531 0.5266272723674774 0
1635373132909 0.526627242565155 0
1635373233383 0.3635438084602356 0
1635373333836 0.41124477982521057 0
1635373434142 0.411245197057724 0
1635373534489 0.41124334931373596 0
1635373634773 0.41124311089515686 0
1635373735200 0.41124293208122253 0
1635373837492 0.4112427234649658 0
1635373937850 0.31697356700897217 0
1635374038199 0.4112520217895508 0
1635374138469 0.4112430512905121 0
1635374238768 0.41124293208122253 0
1635374339058 0.41124263405799866 0
1635374439482 0.41124266386032104 0
1635374539869 0.41124266386032104 0
1635374640388 0.41124263405799866 0
1635374740783 0.4232652485370636 0
1635374841193 0.4232628047466278 0
1635374941506 0.4232618808746338 0
1635375042513 0.5386561751365662 0
1635375143237 0.5386465489864349 0
1635375243820 0.5386464297771454 0
1635375344379 0.5386464297771454 0
1635375444785 0.5386464297771454 0
1635375545235 0.5386464297771454 0
1635375645678 0.5386464297771454 0
1635375746051 0.5386464297771454 0
1635375847894 0.5386464297771454 0
1635375948139 0.5386464297771454 0
1635376048503 0.5386464297771454 0
1635376148948 0.37409508228302 0
1635376249565 0.5386487543582916 0
1635376350099 0.5387170910835266 0
1635376450437 0.538679838180542 0
1635376551004 0.38149867951869965 0
1635376651417 0.538646936416626 0
1635376751948 0.5386495292186737 0
1635376852399 0.5386468768119812 0
1635376952757 0.5386466681957245 0
1635377053302 0.5386465489864349 0
1635377153679 0.5386465191841125 0
1635377254110 0.5386463701725006 0
1635377354621 0.5386484861373901 0
1635377455234 0.5386464595794678 0
1635377555716 0.5270196497440338 0
1635377656074 0.5269995927810669 0
1635377756547 0.526997447013855 0
1635377858546 0.5269976258277893 0
1635377958885 0.5269971489906311 0
1635378059166 0.5269970893859863 0
1635378159645 0.5269970595836639 0
1635378260120 0.5269970297813416 0
1635378360588 0.5269970297813416 0
1635378460971 0.5269970297813416 0
1635378561391 0.5269970297813416 0
1635378661898 0.5157196521759033 0
1635378762138 0.5157177746295929 0
1635378862449 0.5157175362110138 0
1635378962907 0.5157174468040466 0
1635379063241 0.5386484265327454 0
1635379163832 0.5386800765991211 0
1635379264423 0.538646936416626 0
1635379364977 0.5386465787887573 0
1635379465428 0.5386511981487274 0
1635379565805 0.5386464297771454 0
1635379666179 0.5386465787887573 0
1635379766526 0.5386464595794678 0
1635379868586 0.5266327261924744 0
1635379969000 0.5266275405883789 0
1635380069442 0.526627242565155 0
1635380169805 0.526627242565155 0
1635380270116 0.526627242565155 0
1635380370976 0.526627242565155 0
1635380471437 0.526627242565155 0
1635380571699 0.5386464893817902 0
1635380672189 0.5386464297771454 0
1635380772800 0.5386464297771454 0
1635380873098 0.3467552959918976 0
1635380973417 0.5386464297771454 0
1635381074150 0.5386464297771454 0
1635381174619 0.5386464297771454 0
1635381275038 0.5386464297771454 0
1635381375532 0.5386464297771454 0
1635381476080 0.5386464297771454 0
1635381576522 0.5386464297771454 0
1635381676884 0.5386464297771454 0
1635381777165 0.5386464297771454 0
1635381879716 0.5386464297771454 0
1635381980034 0.5386464297771454 0
1635382080390 0.5386464297771454 0
1635382180754 0.38388827443122864 0
1635382281169 0.36599771678447723 0
1635382381541 0.5157186388969421 0
1635382481980 0.5036984384059906 0
1635382582532 0.5157175660133362 0
1635382683075 0.6723379194736481 0
1635382783543 0.5036982297897339 0
1635382883997 0.5036982297897339 0
1635382984499 0.5388624668121338 0
1635383085056 0.5386506617069244 0
1635383185554 0.5386466681957245 0
1635383285933 0.5386464893817902 0
1635383386382 0.5386464297771454 0
1635383486709 0.5386464297771454 0
1635383587028 0.5386464297771454 0
1635383687583 0.5386464297771454 0
1635383787913 0.5386464297771454 0
1635383889647 0.538646399974823 0
1635383990314 0.5386464297771454 0
1635384090814 0.5510354936122894 0
1635384191322 0.3861824572086334 0
1635384291801 0.5037213861942291 0
1635384392252 0.5036996901035309 0
1635384492831 0.50369893014431 0
1635384593374 0.5036995708942413 0
1635384694044 0.5036990344524384 0
1635384794306 0.5036984235048294 0
1635384894872 0.5036982297897339 0
1635384995363 0.5036982297897339 0
1635385095914 0.5036982297897339 0
1635385196362 0.5036982297897339 0
1635385296734 0.5036982297897339 0
1635385397336 0.5036982297897339 0
1635385497824 0.5036982297897339 0
1635385598282 0.526627242565155 0
1635385698572 0.526627242565155 0
1635385799224 0.526627242565155 0
1635385901119 0.526627242565155 0
1635386001803 0.526627242565155 0
1635386102446 0.526627242565155 0
1635386202865 0.526627242565155 0
1635386303457 0.526627242565155 0
1635386403980 0.526627242565155 0
1635386504563 0.526627242565155 0
1635386604995 0.5266280174255371 0
1635386705521 0.5266272723674774 0
1635386806029 0.526627242565155 0
1635386906445 0.526627242565155 0
1635387007209 0.5149792730808258 0
1635387107700 0.5149782598018646 0
1635387208204 0.514977902173996 0
1635387308632 0.5149778425693512 0
1635387409261 0.5149778425693512 0
1635387509863 0.5149778425693512 0
1635387610443 0.5149778425693512 0
1635387711126 0.5149778425693512 0
1635387811551 0.5149778425693512 0
1635387913678 0.5149778425693512 0
1635388014270 0.5149778425693512 0
1635388114808 0.5149778425693512 0
1635388215560 0.5149778425693512 0
1635388316261 0.5149778425693512 0
1635388416789 0.5149778425693512 0
1635388517464 0.526627242565155 0
1635388618065 0.526627242565155 0
1635388718400 0.526627242565155 0
1635388818889 0.526627242565155 0
1635388919311 0.526627242565155 0
1635389019862 0.526627242565155 0
1635389120391 0.38375142961740494 0
1635389220868 0.394705206155777 0
1635389321219 0.3379616513848305 0
1635389422056 0.526627242565155 0
1635389522593 0.5266276597976685 0
1635389622985 0.526627242565155 0
1635389725348 0.526627242565155 0
1635389827727 0.5266273021697998 0
1635389929772 0.526627242565155 0
1635390030421 0.5266272723674774 0
1635390131077 0.526627242565155 0
1635390231664 0.5266272723674774 0
1635390332206 0.526627242565155 0
1635390432710 0.526627242565155 0
1635390533160 0.526627242565155 0
1635390634945 0.526627242565155 0
1635390735520 0.526627242565155 0
1635390836036 0.526627242565155 0
1635390936526 0.526627242565155 0
1635391036935 0.526627242565155 0
1635391137480 0.526627242565155 0
1635391237957 0.526627242565155 0
1635391338381 0.526627242565155 0
1635391438610 0.526627242565155 0
1635391539087 0.5637931227684021 0
1635391639583 0.5637944042682648 0
1635391740110 0.5637944042682648 0
1635391840850 0.5637944042682648 0
1635391942712 0.5637944638729095 0
1635392043306 0.5637944042682648 0
1635392143769 0.5637944042682648 0
1635392244335 0.5637944042682648 0
1635392344897 0.5510357916355133 0
1635392445513 0.5510354936122894 0
1635392545874 0.5637944042682648 0
1635392646254 0.5637944340705872 0
1635392746664 0.5637944042682648 0
1635392847141 0.5637944340705872 0
1635392947574 0.5637944042682648 0
1635393048672 0.5386565029621124 0
1635393149281 0.35223014652729034 0
1635393249914 0.3641600012779236 0
1635393350593 0.5386467278003693 0
1635393451003 0.5386465489864349 0
1635393551535 0.5266297161579132 0
1635393652322 0.5266279578208923 0
1635393752815 0.5266274213790894 0
1635393853110 0.5510802865028381 0
1635393955100 0.5386468172073364 0
1635394055564 0.5386499762535095 0
1635394156076 0.5386464595794678 0
1635394256797 0.5386464595794678 0
1635394357190 0.5386573672294617 0
1635394457661 0.5266402363777161 0
1635394558144 0.5266282260417938 0
1635394658699 0.5266278386116028 0
1635394759241 0.5386479496955872 0
1635394859744 0.538646787405014 0
1635394960334 0.5386465489864349 0
1635395060804 0.5386465191841125 0
1635395161328 0.5386464297771454 0
1635395261727 0.5386464297771454 0
1635395362198 0.5386464297771454 0
1635395463129 0.5386464297771454 0
1635395563777 0.6185280978679657 0
1635395664183 0.6185280978679657 0
1635395764933 0.6185280978679657 0
1635395865314 0.6185281872749329 0
1635395967179 0.6185280978679657 0
1635396067798 0.6185280978679657 0
1635396168339 0.6185280978679657 0
1635396268718 0.6185280978679657 0
1635396369231 0.6185280978679657 0
1635396469743 0.6185280978679657 0
1635396570282 0.6185280978679657 0
1635396671166 0.5769828855991364 0
1635396771763 0.5266299247741699 0
1635396872338 0.5266276895999908 0
1635396972861 0.5266281068325043 0
1635397073287 0.5266273617744446 0
1635397173841 0.5266272723674774 0
1635397274463 0.526627242565155 0
1635397375034 0.526627242565155 0
1635397475645 0.5266272723674774 0
1635397576107 0.526627242565155 0
1635397676563 0.6481140553951263 0
1635397777131 0.5266327857971191 0
1635397877876 0.33750270307064056 0
1635397979987 0.5266290307044983 0
1635398080686 0.5266300439834595 0
1635398181285 0.526627391576767 0
1635398281851 0.5266272723674774 0
1635398382634 0.526627242565155 0
1635398483039 0.526627242565155 0
1635398583981 0.526627242565155 0
1635398684567 0.3375063017010689 0
1635398785168 0.526627242565155 0
1635398885754 0.526627242565155 0
1635398986459 0.526627242565155 0
1635399087275 0.526627242565155 0
1635399187878 0.526627242565155 0
1635399288343 0.526627242565155 0
1635399388997 0.526627242565155 0
1635399489556 0.526627242565155 0
1635399590126 0.526627242565155 0
1635399690793 0.526627242565155 0
1635399791367 0.526627242565155 0
1635399892171 0.526627242565155 0
1635399994150 0.526627242565155 0
1635400094735 0.526627242565155 0
1635400195273 0.526627242565155 0
1635400295804 0.526627242565155 0
1635400396287 0.526627242565155 0
1635400496824 0.526627242565155 0
1635400597409 0.526627242565155 0
1635400697851 0.526627242565155 0
1635400798219 0.5266293585300446 0
1635400898953 0.5266273021697998 0
1635400999590 0.526627242565155 0
1635401100022 0.3373703360557556 0
1635401200474 0.42598646879196167 0
1635401300830 0.526627242565155 0
1635401401491 0.5266273319721222 0
1635401502178 0.5266273021697998 0
1635401602825 0.5266273021697998 0
1635401703404 0.41124260425567627 0
1635401803892 0.4232617914676666 0
1635401904614 0.4232617914676666 0
1635402007154 0.4232618510723114 0
1635402107697 0.4232617914676666 0
1635402208410 0.4232617914676666 0
1635402308940 0.4232617914676666 0
1635402409614 0.4232618659734726 0
1635402510133 0.4232617914676666 0
1635402610805 0.39810144901275635 0
1635402711701 0.5386494696140289 0
1635402812403 0.538647472858429 0
1635402912994 0.5386471450328827 0
1635403013642 0.5386466979980469 0
1635403114256 0.5266274511814117 0
1635403214627 0.5266272723674774 0
1635403315109 0.5266272723674774 0
1635403415636 0.5266272723674774 0
1635403516241 0.526627242565155 0
1635403616796 0.526627242565155 0
1635403717386 0.5266273617744446 0
1635403818014 0.5266273021697998 0
1635403918646 0.5037022829055786 0
1635404020607 0.50369893014431 0
1635404121251 0.5036998689174652 0
1635404222012 0.5266323685646057 0
1635404322633 0.526645839214325 0
1635404423157 0.46915966272354126 0
1635404523841 0.48224982619285583 0
1635404624432 0.5266272723674774 0
1635404725016 0.5149846971035004 0
1635404825631 0.5149778425693512 0
1635404926255 0.5149778425693512 0
1635405026858 0.5149778425693512 0
1635405127476 0.5149778723716736 0
1635405228132 0.5149778425693512 0
1635405328799 0.5149778425693512 0
1635405429306 0.5149778425693512 0
1635405529902 0.5149778425693512 0
1635405630558 0.5149778425693512 0
1635405731230 0.5149778425693512 0
1635405831919 0.5149778425693512 0
1635405932473 0.5149778425693512 0
1635406034514 0.5149778425693512 0
1635406135074 0.6836677491664886 0
1635406236095 0.5149778723716736 0
1635406336748 0.5149778425693512 0
1635406437353 0.5149778425693512 0
1635406538022 0.5149778425693512 0
1635406638777 0.5149778425693512 0
1635406739427 0.5149777233600616 0
1635406840184 0.5149783790111542 0
1635406940859 0.514977902173996 0
1635407041394 0.514978677034378 0
1635407142093 0.5149779617786407 0
1635407242856 0.5149778425693512 0
1635407343304 0.514977753162384 0
1635407443983 0.5149778127670288 0
1635407544554 0.5149778425693512 0
1635407645259 0.5149778723716736 0
1635407746018 0.5149778425693512 0
1635407846657 0.5149778425693512 0
1635407947312 0.5149778425693512 0
1635408049643 0.5149778425693512 0
1635408150108 0.5149778425693512 0
1635408250633 0.5149778425693512 0
1635408351073 0.3432907462120056 0
1635408451664 0.5149778425693512 0
1635408552389 0.5149778425693512 0
1635408653199 0.5149778425693512 0
1635408753845 0.515270859003067 0
1635408854368 0.5511426329612732 0
1635408954975 0.551036149263382 0
1635409055722 0.5510362088680267 0
1635409156400 0.5510356724262238 0
1635409257092 0.551035612821579 0
1635409357665 0.5510356724262238 0
1635409458226 0.5510354936122894 0
1635409558874 0.5510354936122894 0
1635409659414 0.5510354936122894 0
1635409759974 0.5510354936122894 0
1635409860833 0.5510354936122894 0
1635409961422 0.5510354936122894 0
1635410063474 0.39791572093963623 0
1635410164155 0.551062673330307 0
1635410264738 0.5510355830192566 0
1635410365169 0.5510354936122894 0
1635410465756 0.5510355532169342 0
1635410566338 0.5510355532169342 0
1635410667017 0.5510354936122894 0
1635410767671 0.5510355234146118 0
1635410868224 0.5510583221912384 0
1635410968935 0.5510356426239014 0
1635411069736 0.5510354936122894 0
1635411170346 0.5510355830192566 0
1635411271075 0.5510354936122894 0
1635411371811 0.5510355532169342 0
1635411472546 0.5510356724262238 0
1635411573100 0.5266339182853699 0
1635411673791 0.5266278088092804 0
1635411774492 0.526627391576767 0
1635411875023 0.5266289412975311 0
1635411975481 0.5266273319721222 0
1635412077430 0.5266273021697998 0
1635412177897 0.5266272723674774 0
1635412278530 0.5266272723674774 0
1635412379421 0.526627242565155 0
1635412479923 0.5386474132537842 0
1635412580392 0.5386468768119812 0
1635412680829 0.5386468470096588 0
1635412781291 0.5386464893817902 0
1635412881800 0.5386466979980469 0
1635412982293 0.5386464893817902 0
1635413082698 0.5386467278003693 0
1635413183097 0.5386464595794678 0
1635413283557 0.5386464893817902 0
1635413383949 0.5386464297771454 0
1635413484780 0.5386218726634979 0
1635413585234 0.5386484861373901 0
1635413685721 0.5386464297771454 0
1635413786123 0.538646399974823 0
1635413886456 0.5386464297771454 0
1635413986813 0.5386464595794678 0
1635414088758 0.5386464297771454 0
1635414189307 0.5386466085910797 0
1635414289795 0.5266274809837341 0
1635414390296 0.5266272723674774 0
1635414490736 0.5510359108448029 0
1635414591317 0.5510358214378357 0
1635414692649 0.5510354936122894 0
1635414793333 0.5510354936122894 0
1635414894076 0.5510354936122894 0
1635414994598 0.5510354936122894 0
1635415095369 0.5510354936122894 0
1635415196001 0.5510354936122894 0
1635415296740 0.5510354936122894 0
1635415397355 0.5510354936122894 0
1635415497891 0.5510354936122894 0
1635415598464 0.5510354936122894 0
1635415698913 0.5510354936122894 0
1635415799679 0.5510354936122894 0
1635415900180 0.5386464297771454 0
1635416000722 0.5510354936122894 0
1635416102771 0.5510354936122894 0
1635416203314 0.5510354936122894 0
1635416303867 0.5510354936122894 0
1635416404248 0.5630546808242798 0
1635416504774 0.5754437446594238 0
1635416605176 0.5754437446594238 0
1635416705590 0.5754437446594238 0
1635416806051 0.5754437446594238 0
1635416906492 0.5754437446594238 0
1635417007071 0.5754437446594238 0
1635417107802 0.36281417310237885 0
1635417208671 0.657575249671936 0
1635417309390 0.5630550980567932 0
1635417409833 0.563055157661438 0
1635417510255 0.5754455924034119 0
1635417610774 0.5754466950893402 0
1635417711183 0.5754441618919373 0
1635417811685 0.575444221496582 0
1635417912190 0.5754438638687134 0
1635418012670 0.5754437446594238 0
1635418114484 0.5630546808242798 0
1635418215129 0.5630549192428589 0
1635418315610 0.5630547106266022 0
1635418416253 0.5630546808242798 0
1635418516612 0.5630546808242798 0
1635418617278 0.5510354936122894 0
1635418717730 0.5510354936122894 0
1635418818253 0.5510354936122894 0
1635418918930 0.526627242565155 0
1635419019456 0.526627242565155 0
1635419119855 0.5386464297771454 0
1635419220137 0.5386464595794678 0
1635419320659 0.5386464595794678 0
1635419421299 0.5386464297771454 0
1635419521815 0.5386464297771454 0
1635419622394 0.5386464297771454 0
1635419723000 0.5386464297771454 0
1635419823503 0.5386464297771454 0
1635419924021 0.5386464297771454 0
1635420024565 0.5386464297771454 0
1635420126419 0.5386464297771454 0
1635420226895 0.5386464297771454 0
1635420327414 0.5386464297771454 0
1635420427778 0.3510561063885689 0
1635420528288 0.5269970297813416 0
1635420629064 0.5386466383934021 0
1635420729443 0.5386464297771454 0
1635420829863 0.5386464297771454 0
1635420930140 0.5386464297771454 0
1635421030488 0.5386464297771454 0
1635421130880 0.5386464297771454 0
1635421231393 0.5386464297771454 0
1635421331906 0.5386464297771454 0
1635421432374 0.5386464297771454 0
1635421532865 0.526627242565155 0
1635421633307 0.526627242565155 0
1635421733737 0.526627242565155 0
1635421834272 0.526627242565155 0
1635421934657 0.526627242565155 0
1635422035030 0.526627242565155 0
1635422137018 0.526627242565155 0
1635422237551 0.526627242565155 0
1635422337923 0.526627242565155 0
1635422438504 0.526627242565155 0
1635422538847 0.526627242565155 0
1635422639378 0.5266176760196686 0
1635422739858 0.526627242565155 0
1635422840223 0.6185299158096313 0
1635422940762 0.6185281574726105 0
1635423041360 0.6185281276702881 0
1635423141884 0.6185280978679657 0
1635423242395 0.6185281276702881 0
1635423343001 0.6185285747051239 0
1635423443582 0.6185280978679657 0
1635423544081 0.6185280978679657 0
1635423644710 0.5510355830192566 0
1635423745246 0.5510355532169342 0
1635423845672 0.5386504828929901 0
1635423946113 0.5386528372764587 0
1635424046643 0.5386501252651215 0
1635424148668 0.5386503338813782 0
1635424249617 0.5386478304862976 0
1635424350253 0.526627242565155 0
1635424450819 0.4544008672237396 0
1635424551370 0.45286011695861816 0
1635424651832 0.45284923911094666 0
1635424752342 0.45284831523895264 0
1635424852858 0.43014562129974365 0
1635424953071 0.5386464893817902 0
1635425053634 0.5386465191841125 0
1635425154178 0.5386465787887573 0
1635425254831 0.5386465787887573 0
1635425355383 0.5386464893817902 0
1635425456142 0.5386464893817902 0
1635425556664 0.5386464893817902 0
1635425657263 0.5386464893817902 0
1635425757911 0.5386471152305603 0
1635425858403 0.5386464297771454 0
1635425958963 0.5386464297771454 0
1635426059555 0.5386464297771454 0
1635426162038 0.5386464595794678 0
1635426262372 0.5386464297771454 0
1635426362918 0.5386464297771454 0
1635426463422 0.5386464297771454 0
1635426563904 0.5386464893817902 0
1635426664504 0.5386464297771454 0
1635426764945 0.5386464297771454 0
1635426865353 0.5386464297771454 0
1635426965912 0.5386464595794678 0
1635427066175 0.5386486947536469 0
1635427166585 0.5386472046375275 0
1635427266941 0.5386466979980469 0
1635427367442 0.5386468768119812 0
1635427467863 0.5386466383934021 0
1635427568229 0.5386467278003693 0
1635427668475 0.5386465191841125 0
1635427768921 0.5386464595794678 0
1635427871716 0.5386462211608887 0
1635427972826 0.5386469960212708 0
1635428073559 0.5386464595794678 0
1635428175754 0.5386464297771454 0
1635428276525 0.5386464297771454 0
1635428377051 0.5386464297771454 0
1635428477666 0.5386464297771454 0
1635428578365 0.5386464297771454 0
1635428679236 0.5386464297771454 0
1635428779956 0.5386464297771454 0
1635428880689 0.5386464297771454 0
1635428981262 0.5386464297771454 0
1635429082841 0.5386464297771454 0
1635429183750 0.5386464297771454 0
1635429284450 0.5386530160903931 0
1635429385276 0.5386465787887573 0
1635429486077 0.5386471748352051 0
1635429586692 0.5386470258235931 0
1635429687436 0.5386468768119812 0
1635429788033 0.5386466383934021 0
1635429888725 0.5386466085910797 0
1635429989457 0.5386465489864349 0
1635430090193 0.5386464595794678 0
1635430192156 0.5386464595794678 0
1635430293100 0.5386464595794678 0
1635430393822 0.5386464595794678 0
1635430494527 0.5386464297771454 0
1635430595216 0.5386464297771454 0
1635430695885 0.5386464297771454 0
1635430796469 0.5386464595794678 0
1635430897102 0.5386471450328827 0
1635430997751 0.5386477410793304 0
1635431098530 0.5386468768119812 0
1635431199338 0.5386465191841125 0
1635431300004 0.5386465489864349 0
1635431400811 0.5386464297771454 0
1635431501738 0.5510355234146118 0
1635431602536 0.5510355532169342 0
1635431703057 0.5510355234146118 0
1635431803660 0.5510354936122894 0
1635431904215 0.5510354936122894 0
1635432004910 0.5266290605068207 0
1635432105558 0.5266279578208923 0
1635432207749 0.5266280770301819 0
1635432308372 0.5266275107860565 0
1635432408804 0.5266274809837341 0
1635432509458 0.5266273021697998 0
1635432610154 0.5266272723674774 0
1635432710627 0.5266272723674774 0
1635432811105 0.526627242565155 0
1635432911748 0.526627242565155 0
1635433012423 0.5266272723674774 0
1635433112987 0.5266273617744446 0
1635433213722 0.526627242565155 0
1635433314490 0.526627242565155 0
1635433414985 0.526627242565155 0
1635433515490 0.526627242565155 0
1635433616106 0.526627242565155 0
1635433716446 0.526627242565155 0
1635433817184 0.5266762673854828 0
1635433917810 0.526627391576767 0
1635434018324 0.4112427234649658 0
1635434118914 0.5266272723674774 0
1635434221110 0.5266272723674774 0
1635434321860 0.526627242565155 0
1635434422484 0.526627242565155 0
1635434523009 0.5266272723674774 0
1635434623535 0.526627242565155 0
1635434724111 0.526627242565155 0
1635434824800 0.526627242565155 0
1635434925389 0.526627242565155 0
1635435026278 0.526627242565155 0
1635435127171 0.526627242565155 0
1635435227936 0.526627242565155 0
1635435328563 0.526627242565155 0
1635435429410 0.5266273617744446 0
1635435530091 0.526627242565155 0
1635435630774 0.526627242565155 0
1635435731345 0.526627242565155 0
1635435832060 0.3885590583086014 0
1635435932755 0.5037030279636383 0
1635436033412 0.503700852394104 0
1635436134039 0.3150327503681183 0
1635436236925 0.5036508738994598 0
1635436338022 0.5036697685718536 0
1635436438821 0.5036985874176025 0
1635436539455 0.503698319196701 0
1635436640069 0.4927888512611389 0
1635436740721 0.4927884638309479 0
1635436841517 0.49278850853443146 0
1635436942197 0.4927884638309479 0
1635437042756 0.4927884638309479 0
1635437143342 0.4927884638309479 0
1635437243998 0.4930178374052048 0
1635437344623 0.5149857699871063 0
1635437445482 0.5149788856506348 0
1635437546101 0.514978677034378 0
1635437646664 0.5149780809879303 0
1635437747289 0.5149249732494354 0
1635437847845 0.5149782299995422 0
1635437948534 0.5149827897548676 0
1635438049186 0.5149799883365631 0
1635438149882 0.514978438615799 0
1635438251977 0.514983206987381 0
1635438352533 0.5149780511856079 0
1635438453067 0.5149781703948975 0
1635438553800 0.5149778425693512 0
1635438654740 0.5149779319763184 0
1635438755447 0.5149781405925751 0
1635438856286 0.5149778723716736 0
1635438956826 0.5271510183811188 0
1635439057362 0.5037040263414383 0
1635439157963 0.5036991238594055 0
1635439258525 0.5036984086036682 0
1635439359061 0.5036982297897339 0
1635439459554 0.5037034451961517 0
1635439560103 0.5036993324756622 0
1635439660611 0.5036982595920563 0
1635439761234 0.5036982595920563 0
1635439862070 0.5036982297897339 0
1635439962670 0.5036982297897339 0
1635440063402 0.5036982297897339 0
1635440163984 0.5149778425693512 0
1635440266121 0.514977902173996 0
1635440366746 0.5149778425693512 0
1635440467629 0.5149780213832855 0
1635440568077 0.5149778425693512 0
1635440668589 0.5149722099304199 0
1635440769100 0.5521562993526459 0
1635440869654 0.5521461367607117 0
1635440970240 0.5521465539932251 0
1635441070923 0.5521450042724609 0
1635441171339 0.5521451532840729 0
1635441271939 0.45264387130737305 0
1635441372537 0.5510362982749939 0
1635441473065 0.5510357022285461 0
1635441573753 0.5510356426239014 0
1635441674290 0.5510355234146118 0
1635441774860 0.5510354936122894 0
1635441875378 0.5510354936122894 0
1635441976037 0.5510354936122894 0
1635442076484 0.5510354936122894 0
1635442177047 0.5510354936122894 0
1635442279491 0.5510354936122894 0
1635442379954 0.5510354936122894 0
1635442480485 0.5510354936122894 0
1635442581035 0.5510354936122894 0
1635442681460 0.5510354936122894 0
1635442781983 0.5386464297771454 0
1635442882465 0.5386464297771454 0
1635442983073 0.5386464297771454 0
1635443083538 0.5386464297771454 0
1635443184127 0.5386464297771454 0
1635443284583 0.5386464297771454 0
1635443385111 0.5386464297771454 0
1635443485836 0.5386464297771454 0
1635443586188 0.5386464297771454 0
1635443686590 0.5386464297771454 0
1635443787027 0.5386464297771454 0
1635443887674 0.5386464297771454 0
1635443988152 0.526627242565155 0
1635444088794 0.5266417264938354 0
1635444189309 0.526627242565155 0
1635444291400 0.526627242565155 0
1635444392018 0.526627242565155 0
1635444492515 0.5266278684139252 0
1635444592999 0.526627242565155 0
1635444693833 0.526627242565155 0
1635444794281 0.526627242565155 0
1635444894882 0.526627242565155 0
1635444995342 0.526627242565155 0
1635445095708 0.526627242565155 0
1635445196091 0.526627242565155 0
1635445296590 0.526627242565155 0
1635445397242 0.526627242565155 0
1635445497862 0.5266278684139252 0
1635445598482 0.5149779915809631 0
1635445698971 0.5149779319763184 0
1635445799656 0.5149778723716736 0
1635445900466 0.5149778425693512 0
1635446005056 0.5149778425693512 0
1635446105717 0.5149778425693512 0
1635446206231 0.5149778425693512 0
1635446308230 0.5149778425693512 0
1635446408973 0.5149778425693512 0
1635446509465 0.5149778425693512 0
1635446609918 0.526627242565155 0
1635446710552 0.526627242565155 0
1635446811103 0.526627242565155 0
1635446911758 0.526627242565155 0
1635447012465 0.5149778425693512 0
1635447113052 0.526627242565155 0
1635447213714 0.5266287624835968 0
1635447314246 0.5266274809837341 0
1635447415133 0.5266272723674774 0
1635447515755 0.526627242565155 0
1635447616327 0.5266271233558655 0
1635447717167 0.526627242565155 0
1635447817591 0.526627242565155 0
1635447918143 0.5266394913196564 0
1635448018639 0.5266279578208923 0
1635448119185 0.5266299545764923 0
1635448219779 0.5266272723674774 0
1635448321785 0.5266272723674774 0
1635448422518 0.526627242565155 0
1635448523027 0.5266272723674774 0
1635448623591 0.5266272723674774 0
1635448724084 0.5266272723674774 0
1635448824573 0.526627242565155 0
1635448925074 0.526627242565155 0
1635449025659 0.526627242565155 0
1635449126325 0.5266272723674774 0
1635449226707 0.5266272723674774 0
1635449327218 0.5266273319721222 0
1635449428168 0.526627391576767 0
1635449528520 0.5266272723674774 0
1635449629065 0.5266272723674774 0
1635449729801 0.5266272723674774 0
1635449830369 0.526627242565155 0
1635449930921 0.526627242565155 0
1635450031504 0.526627242565155 0
1635450132043 0.526627242565155 0
1635450232518 0.526627242565155 0
1635450334518 0.526627242565155 0
1635450435163 0.526627242565155 0
1635450535838 0.526627242565155 0
1635450637219 0.526627242565155 0
1635450737978 0.526627242565155 0
1635450838693 0.526627242565155 0
1635450939297 0.5386464297771454 0
1635451039813 0.5386464297771454 0
1635451140413 0.5352939963340759 0
1635451241240 0.5386465191841125 0
1635451341699 0.5386465191841125 0
1635451442277 0.5386470556259155 0
1635451542758 0.5386464595794678 0
1635451643247 0.5386469066143036 0
1635451743604 0.5386464297771454 0
1635451844288 0.5386464595794678 0
1635451944965 0.5386464297771454 0
1635452045575 0.5386464595794678 0
1635452146140 0.5386464595794678 0
1635452246623 0.5386464297771454 0
1635452348694 0.5386464297771454 0
1635452449446 0.5386464595794678 0
1635452549998 0.5386464297771454 0
1635452650757 0.5386464893817902 0
1635452751434 0.5386464297771454 0
1635452852145 0.5386464297771454 0
1635452952669 0.5386464297771454 0
1635453053710 0.5386464297771454 0
1635453154325 0.5386464595794678 0
1635453254926 0.5386464297771454 0
1635453355654 0.5386464297771454 0
1635453456305 0.5386464297771454 0
1635453557035 0.5386464297771454 0
1635453657623 0.5386464297771454 0
1635453758204 0.5386464297771454 0
1635453858743 0.5386464297771454 0
1635453959318 0.5386464297771454 0
1635454059771 0.5386464595794678 0
1635454160268 0.5506699681282043 0
1635454261207 0.5506665110588074 0
1635454363280 0.5506656169891357 0
1635454463933 0.5506656169891357 0
1635454564439 0.5506656169891357 0
1635454665288 0.5386464297771454 0
1635454765878 0.5386464297771454 0
1635454866715 0.5386464297771454 0
1635454967389 0.5386464297771454 0
1635455067913 0.5386464297771454 0
1635455168517 0.5386464297771454 0
1635455268962 0.5386464297771454 0
1635455369592 0.5386464297771454 0
1635455470253 0.563796192407608 0
1635455570863 0.5389683544635773 0
1635455671358 0.5266297161579132 0
1635455771849 0.5266280472278595 0
1635455872366 0.5266601145267487 0
1635455972715 0.5266273319721222 0
1635456073217 0.5386583507061005 0
1635456173815 0.5386464595794678 0
1635456274274 0.5386464595794678 0
1635456377380 0.5386464595794678 0
1635456477993 0.5386464297771454 0
1635456578643 0.5386464297771454 0
1635456679516 0.5386464297771454 0
1635456780133 0.5386464297771454 0
1635456880725 0.5386464297771454 0
1635456981316 0.5386464297771454 0
1635457081910 0.5386464297771454 0
1635457182524 0.5386464297771454 0
1635457283124 0.5386464297771454 0
1635457383771 0.5386464297771454 0
1635457484329 0.5320863723754883 0
1635457584980 0.5268442034721375 0
1635457685399 0.5266315639019012 0
1635457785914 0.5266273617744446 0
1635457886647 0.5266272723674774 0
1635457987330 0.5266273617744446 0
1635458087797 0.5266275405883789 0
1635458188540 0.5266272723674774 0
1635458289230 0.5266272723674774 0
1635458391350 0.5266272723674774 0
1635458492223 0.526627242565155 0
1635458592855 0.526627242565155 0
1635458693443 0.526627242565155 0
1635458793948 0.526627242565155 0
1635458894517 0.526627242565155 0
1635458995010 0.526627242565155 0
1635459095681 0.526627242565155 0
1635459196192 0.526627242565155 0
1635459296730 0.526627242565155 0
1635459397034 0.526627242565155 0
1635459497455 0.5266323089599609 0
1635459598027 0.5266274213790894 0
1635459698497 0.5266272723674774 0
1635459798992 0.5266272723674774 0
1635459899515 0.526627242565155 0
1635460000057 0.526627242565155 0
1635460100556 0.526627242565155 0
1635460201183 0.526627242565155 0
1635460301948 0.526627242565155 0
1635460404033 0.526627242565155 0
1635460504870 0.526627242565155 0
1635460605690 0.526627242565155 0
1635460706304 0.526627242565155 0
1635460806881 0.526627242565155 0
1635460907449 0.5386569797992706 0
1635461008002 0.5266275703907013 0
1635461108532 0.5266272723674774 0
1635461208991 0.5266272723674774 0
1635461309702 0.526627242565155 0
1635461410571 0.5266279876232147 0
1635461511919 0.5266287326812744 0
1635461612773 0.5266323089599609 0
1635461713421 0.5267128348350525 0
1635461814162 0.5266296565532684 0
1635461914754 0.526628702878952 0
1635462015477 0.5266278982162476 0
1635462116176 0.5266276001930237 0
1635462216766 0.5266273319721222 0
1635462317524 0.526627391576767 0
1635462419563 0.5266272723674774 0
1635462520131 0.5266272723674774 0
1635462620843 0.526627242565155 0
1635462721428 0.526627242565155 0
1635462821839 0.526627242565155 0
1635462922370 0.526627242565155 0
1635463022981 0.526627242565155 0
1635463123487 0.5266273319721222 0
1635463224021 0.526627391576767 0
1635463324652 0.5266275703907013 0
1635463425204 0.5266273319721222 0
1635463525837 0.5266272723674774 0
1635463626349 0.5266273021697998 0
1635463726892 0.5266272723674774 0
1635463827782 0.5266272723674774 0
1635463928414 0.5266272723674774 0
1635464029023 0.5266272723674774 0
1635464129745 0.526627242565155 0
1635464230551 0.526627242565155 0
1635464331142 0.526627242565155 0
1635464433224 0.526627242565155 0
1635464535924 0.526627242565155 0
1635464638589 0.526627242565155 0
1635464741154 0.526627242565155 0
1635464843951 0.526627242565155 0
1635464944453 0.43991199135780334 0
1635465045164 0.5266432762145996 0
1635465145766 0.5266306102275848 0
1635465246356 0.5266329050064087 0
1635465346886 0.5266304314136505 0
1635465447339 0.5266276597976685 0
1635465548076 0.5266300737857819 0
1635465648860 0.526627779006958 0
1635465749464 0.5266275405883789 0
1635465849939 0.35112326592206955 0
1635465950467 0.5266271829605103 0
1635466051033 0.5266277194023132 0
1635466151654 0.5266274213790894 0
1635466252596 0.5266275405883789 0
1635466353134 0.5266272723674774 0
1635466455483 0.5266272723674774 0
1635466556170 0.5266272723674774 0
1635466656852 0.5266272723674774 0
1635466757428 0.5266723334789276 0
1635466858140 0.526628851890564 0
1635466958547 0.5266275703907013 0
1635467059182 0.5266274511814117 0
1635467159901 0.5266273617744446 0
1635467260535 0.5266276001930237 0
1635467361378 0.5266273617744446 0
1635467462414 0.5266272723674774 0
1635467563374 0.526627242565155 0
1635467664034 0.5266272723674774 0
1635467764686 0.526627242565155 0
1635467865457 0.526627242565155 0
1635467966158 0.360972061753273 0
1635468066790 0.5266302824020386 0
1635468167452 0.5266274511814117 0
1635468268198 0.5266272723674774 0
1635468368894 0.5266272723674774 0
1635468471000 0.5266273021697998 0
1635468571710 0.526627242565155 0
1635468672446 0.526627242565155 0
1635468773123 0.526627242565155 0
1635468873676 0.526627242565155 0
1635468974216 0.526627242565155 0
1635469074927 0.5266272723674774 0
1635469175536 0.526627242565155 0
1635469276270 0.526627242565155 0
1635469376775 0.526627242565155 0
1635469477361 0.526627391576767 0
1635469577867 0.52662792801857 0
1635469678427 0.5266275107860565 0
1635469778840 0.5266276299953461 0
1635469879711 0.5266273319721222 0
1635469980356 0.5266272723674774 0
1635470081129 0.526627242565155 0
1635470181869 0.526627242565155 0
1635470282431 0.526627242565155 0
1635470382955 0.526627242565155 0
1635470485003 0.526627242565155 0
1635470585571 0.526627242565155 0
1635470686151 0.526627242565155 0
1635470786803 0.526627242565155 0
1635470887245 0.526627242565155 0
1635470987811 0.526627242565155 0
1635471088771 0.5386767387390137 0
1635471189353 0.5386482179164886 0
1635471289921 0.5386469960212708 0
1635471390555 0.5386466681957245 0
1635471491106 0.5386465489864349 0
1635471591707 0.5392354726791382 0
1635471692342 0.5386656224727631 0
1635471792976 0.5386472046375275 0
1635471893534 0.538647472858429 0
1635471994193 0.538646787405014 0
1635472094871 0.5386465191841125 0
1635472195434 0.5386464595794678 0
1635472296195 0.5386523902416229 0
1635472396624 0.538648784160614 0
1635472498757 0.5386474430561066 0
1635472599376 0.5386494398117065 0
1635472699764 0.5386475622653961 0
1635472800417 0.44660496711730957 0
1635472901116 0.5386473834514618 0
1635473001554 0.5386482775211334 0
1635473102134 0.5386470556259155 0
1635473202703 0.5386466383934021 0
1635473303242 0.5386466085910797 0
1635473403722 0.5386464595794678 0
1635473504423 0.5386464595794678 0
1635473605097 0.5386464297771454 0
1635473705690 0.5386464595794678 0
1635473806203 0.5386464297771454 0
1635473906780 0.5386464297771454 0
1635474007437 0.5386464297771454 0
1635474107951 0.5386464297771454 0
1635474208447 0.5386464297771454 0
1635474309125 0.5386464595794678 0
1635474409739 0.5386667847633362 0
1635474511716 0.538649320602417 0
1635474612635 0.5386484265327454 0
1635474713375 0.5386468768119812 0
1635474813974 0.538646787405014 0
1635474914556 0.5386468470096588 0
1635475015074 0.5386480391025543 0
1635475115829 0.5386471152305603 0
1635475216252 0.5386465489864349 0
1635475316827 0.5386464893817902 0
1635475417343 0.5266304314136505 0
1635475517924 0.526628166437149 0
1635475618482 0.5266275703907013 0
1635475718992 0.5266277194023132 0
1635475819629 0.5266273319721222 0
1635475920091 0.5266272723674774 0
1635476020586 0.5266272723674774 0
1635476121150 0.526627242565155 0
1635476221813 0.526627242565155 0
1635476322620 0.5266272723674774 0
1635476423321 0.526627242565155 0
1635476525435 0.526627242565155 0
1635476626113 0.526627242565155 0
1635476726653 0.526627242565155 0
1635476827256 0.5266272127628326 0
1635476927931 0.526627242565155 0
1635477029488 0.526627242565155 0
1635477130784 0.5266272127628326 0
1635477231425 0.526627242565155 0
1635477332180 0.526627242565155 0
1635477432867 0.526627242565155 0
1635477533528 0.526627242565155 0
1635477634293 0.526627242565155 0
1635477735063 0.526627242565155 0
1635477835612 0.526627242565155 0
1635477936214 0.526627242565155 0
1635478036971 0.5266272723674774 0
1635478137600 0.526627242565155 0
1635478238779 0.526627242565155 0
1635478339450 0.526627242565155 0
1635478440111 0.5266272723674774 0
1635478542285 0.526627242565155 0
1635478643274 0.526627242565155 0
1635478744101 0.526627242565155 0
1635478844889 0.526627242565155 0
1635478945729 0.526627242565155 0
1635479046404 0.526627242565155 0
1635479146966 0.526627242565155 0
1635479247809 0.526627242565155 0
1635479348437 0.526627242565155 0
1635479449246 0.5266306698322296 0
1635479549943 0.5270282328128815 0
1635479650585 0.5267617702484131 0
1635479751319 0.5273743569850922 0
1635479852227 0.526631623506546 0
1635479955767 0.5266288816928864 0
