1634789760524 1.6717445850372314 0
1634789764164 1.7441332936286926 0
1634789766447 1.9089895486831665 0
1634789768864 1.5734249949455261 0
1634789771155 2.180425226688385 0
1634789773455 1.7949674129486084 0
1634789775818 1.6423240900039673 0
1634789778144 2.1256154775619507 0
1634789780431 1.9739511609077454 0
1634789782714 1.5391486287117004 0
1634789784983 1.395264744758606 0
1634789788643 1.476727843284607 0
1634789790926 1.8460720777511597 0
1634789793194 1.6386309266090393 0
1634789795477 0.9658180773258209 0
1634789797757 1.7096599340438843 0
1634789800043 1.2407687306404114 0
1634789802333 2.122525215148926 0
1634789804610 1.5025153160095215 0
1634789806972 3.2224204540252686 0
1634789809352 1.2448276281356812 0
1634789813200 1.4567573368549347 0
1634789815510 1.551436960697174 0
1634789817888 1.500530183315277 0
1634789820233 1.447685420513153 0
1634789822580 1.3772826194763184 0
1634789824941 1.4398013353347778 0
1634789827318 1.2643137276172638 0
1634789829683 1.6448551416397095 0
1634789832026 1.5098719000816345 0
1634789834372 1.8391678929328918 0
1634789838261 1.3656412363052368 0
1634789840590 1.6421823501586914 0
1634789842943 1.3005472421646118 0
1634789845241 1.7922989130020142 0
1634789847650 1.7594631910324097 0
1634789849996 1.3319767117500305 0
1634789852327 1.766509473323822 0
1634789854626 1.8368390202522278 0
1634789856925 1.2101376056671143 0
1634789859192 1.2904548645019531 0
1634789863025 1.4339065551757812 0
1634789865341 2.0994622707366943 0
1634789867701 1.4984423518180847 0
1634789870034 1.658417522907257 0
1634789872362 1.5351138710975647 0
1634789874676 1.6445111632347107 0
1634789877101 1.9711833000183105 0
1634789879509 2.0270788073539734 0
1634789881856 1.4651715755462646 0
1634789884124 1.4524304270744324 0
1634789888065 1.3853124380111694 0
1634789890442 1.2179227471351624 0
1634789892819 1.3449188768863678 0
1634789895169 2.012025475502014 0
1634789897573 1.341241180896759 0
1634789899935 1.6824310719966888 0
1634789902305 1.4214280247688293 0
1634789904607 2.129429817199707 0
1634789906911 1.9957515001296997 0
1634789909193 1.2398715317249298 0
1634789913008 1.6805307269096375 0
1634789915333 1.7820132970809937 0
1634789917688 1.5467056035995483 0
1634789920065 1.6817956566810608 0
1634789922426 0.762601912021637 0
1634789924772 1.098048061132431 0
1634789927138 1.6353372931480408 0
1634789929496 1.4265653491020203 0
1634789931825 1.9305502772331238 0
1634789934242 1.4341803789138794 0
1634789938216 1.620134174823761 0
1634789940566 1.4970220923423767 0
1634789942917 1.6299896240234375 0
1634789945235 1.480697512626648 0
1634789947528 1.4133911728858948 0
1634789949812 1.651590883731842 0
1634789952095 2.0588260293006897 0
1634789954379 1.6513925194740295 0
1634789956662 1.6435444355010986 0
1634789958961 1.7446556687355042 0
1634789962761 1.370409220457077 0
1634789965045 1.4875905513763428 0
1634789967328 1.5355302095413208 0
1634789969628 2.1509499549865723 0
1634789971911 1.824958086013794 0
1634789974210 1.9853392839431763 0
1634789976494 1.8889394402503967 0
1634789978776 1.7180012464523315 0
1634789981061 1.639686942100525 0
1634789983343 2.3280452489852905 0
1634789987149 1.8059982657432556 0
1634789989428 1.8511898517608643 0
1634789991726 1.6268414855003357 0
1634789994010 1.8663748502731323 0
1634789996292 1.5192583203315735 0
1634789998575 1.6584250926971436 0
1634790000859 1.6985070705413818 0
1634790003143 1.7840750813484192 0
1634790005426 1.2638578116893768 0
1634790007713 1.7826798558235168 0
1634790011727 1.3985628485679626 0
1634790014122 1.3250796794891357 0
1634790016485 1.546655297279358 0
1634790018850 1.7557517886161804 0
1634790021209 1.333810806274414 0
1634790023555 1.8842293620109558 0
1634790025899 1.4885829091072083 0
1634790028230 1.912106990814209 0
1634790030543 1.200904220342636 0
1634790032827 1.4633914232254028 0
1634790036626 1.5333459377288818 0
1634790038926 1.103031873703003 0
1634790041273 1.480414628982544 0
1634790043633 1.6506093740463257 0
1634790046011 1.491972267627716 0
1634790048418 1.5064831972122192 0
1634790050783 1.2927436828613281 0
1634790053157 1.377984344959259 0
1634790055503 1.7886403799057007 0
1634790057785 1.3134973645210266 0
1634790061743 1.5188937187194824 0
1634790064073 1.6529859900474548 0
1634790066387 1.6129069924354553 0
1634790068748 1.9385294318199158 0
1634790071072 1.6892768740653992 0
1634790073379 1.6647874116897583 0
1634790075647 1.9733825325965881 0
1634790077930 1.6328980922698975 0
1634790080214 1.5552164316177368 0
1634790082498 2.019063174724579 0
1634790086375 1.5906768441200256 0
1634790088660 1.6653576493263245 0
1634790090941 2.006035268306732 0
1634790093224 1.6642178893089294 0
1634790095508 1.4603610634803772 0
1634790097791 1.6165674328804016 0
1634790100089 1.60990709066391 0
1634790102374 1.6206548810005188 0
1634790104643 1.6021024584770203 0
1634790106925 1.6215713620185852 0
1634790110711 1.1723445653915405 0
1634790112994 1.4495376348495483 0
1634790115277 1.5427274703979492 0
1634790117561 1.549605131149292 0
1634790119830 1.4997618198394775 0
1634790122114 1.9118906259536743 0
1634790124396 2.6416011452674866 0
1634790126679 1.746740698814392 0
1634790128961 1.323823869228363 0
1634790133090 1.8756338357925415 0
1634790136844 1.553815245628357 0
1634790139200 1.7661489248275757 0
1634790141557 1.562196135520935 0
1634790143945 1.955637514591217 0
1634790146322 1.8353888392448425 0
1634790148699 1.269479125738144 0
1634790151077 1.427789330482483 0
1634790153437 1.5591840744018555 0
1634790155772 1.774361252784729 0
1634790158121 1.5658676028251648 0
1634790161946 1.7743027210235596 0
1634790164308 1.7234293818473816 0
1634790166640 1.870181381702423 0
1634790168987 1.8220853209495544 0
1634790171347 1.7008991837501526 0
1634790173660 1.2542006969451904 0
1634790175976 1.5459875464439392 0
1634790186854 1.956577479839325 0
1634790189128 1.7737082839012146 0
1634790191395 1.6492054462432861 0
1634790195148 1.6727360486984253 0
1634790197418 1.74899560213089 0
1634790199684 2.2072359919548035 0
1634790201969 1.6510565280914307 0
1634790204259 1.747172236442566 0
1634790206534 1.9781641960144043 0
1634790208831 2.0425678491592407 0
1634790211099 1.9467052817344666 0
1634790213395 1.7228806614875793 0
1634790215668 1.8833873271942139 0
1634790219626 1.3458285331726074 0
1634790221908 1.5722988843917847 0
1634790224240 1.1614236235618591 0
1634790226579 2.063359558582306 0
1634790228938 1.8832981586456299 0
1634790231247 1.6810463070869446 0
1634790233563 1.7429083585739136 0
1634790235869 1.7600694298744202 0
1634790238145 2.246852695941925 0
1634790240448 1.9309234023094177 0
1634790244294 4.29118674993515 0
1634790246592 1.785675287246704 0
1634790248899 1.7756021618843079 0
1634790251204 1.7378610372543335 0
1634790253497 0.8321524262428284 0
1634790255805 1.5378455519676208 0
1634790258088 1.9923071265220642 0
1634790260393 1.2664055228233337 0
1634790262771 1.8206985592842102 0
1634790265143 2.030121326446533 0
1634790269069 1.123497635126114 0
1634790271491 2.34575092792511 0
1634790273883 1.7364212274551392 0
1634790276294 1.7191963195800781 0
1634790278746 1.499962031841278 0
1634790281154 1.5416969656944275 0
1634790283516 1.794267177581787 0
1634790285940 1.906688153743744 0
1634790288302 1.6815046072006226 0
1634790290570 2.1328060030937195 0
1634790294370 2.329698622226715 0
1634790296669 1.9066424369812012 0
1634790298952 1.9270642399787903 0
1634790301237 1.6480864882469177 0
1634790303520 2.152780055999756 0
1634790305804 1.8162760734558105 0
1634790308071 1.5919419527053833 0
1634790310376 1.8205354809761047 0
1634790312732 1.6277050375938416 0
1634790315033 1.6856692433357239 0
1634790318892 1.9695265293121338 0
1634790321204 1.6422585844993591 0
1634790323508 1.9078306555747986 0
1634790325850 1.7516424059867859 0
1634790328248 1.7845988869667053 0
1634790330533 1.9090498685836792 0
1634790332895 1.7557281851768494 0
1634790335243 1.9096168279647827 0
1634790337636 1.969219446182251 0
1634790339998 2.2942853569984436 0
1634790344004 1.9966579675674438 0
1634790346374 1.676882803440094 0
1634790348727 1.5191879272460938 0
1634790351016 0.9410253297537565 0
1634790353435 1.2843939065933228 0
1634790355765 1.7133741974830627 0
1634790358131 1.9837782979011536 0
1634790360443 1.6415698528289795 0
1634790362757 1.592511236667633 0
1634790365088 1.9453216791152954 0
1634790369184 1.7357219457626343 0
1634790371581 1.7640764117240906 0
1634790373970 2.020779252052307 0
1634790376341 1.2829680144786835 0
1634790378712 1.9952280521392822 0
1634790381057 1.8545869588851929 0
1634790383390 2.0735480189323425 0
1634790385761 2.092280626296997 0
1634790388160 1.7787551283836365 0
1634790390563 2.0725245475769043 0
1634790394451 1.9407196640968323 0
1634790396848 1.9839601516723633 0
1634790399200 1.8688095211982727 0
1634790401642 1.980155110359192 0
