1634789760524 15.082342147827148 0
1634789764164 12.10597848892212 0
1634789766447 8.8386549949646 0
1634789768866 6.786041259765625 0
1634789771155 8.133079290390015 0
1634789773471 7.6708502769470215 0
1634789775818 6.0843000411987305 0
1634789778144 6.195915579795837 0
1634789780431 7.637864112854004 0
1634789782714 6.262412786483765 0
1634789784983 9.106428623199463 0
1634789788643 4.543169736862183 0
1634789790926 8.40660047531128 0
1634789793194 5.71800172328949 0
1634789795477 7.615819692611694 0
1634789797759 5.500911593437195 0
1634789800043 5.764647126197815 0
1634789802333 6.874307870864868 0
1634789804610 5.502357840538025 0
1634789806988 5.929208755493164 0
1634789809352 5.14422881603241 0
1634789813200 5.249926328659058 0
1634789815510 6.207691669464111 0
1634789817888 5.3320112228393555 0
1634789820233 8.14143967628479 0
1634789822580 6.461324214935303 0
1634789824956 8.046102046966553 0
1634789827318 6.002030372619629 0
1634789829684 6.487503528594971 0
1634789832026 8.504184246063232 0
1634789834372 4.551911294460297 0
1634789838261 9.700994968414307 0
1634789840590 5.293802976608276 0
1634789842943 8.099057912826538 0
1634789845241 8.13207483291626 0
1634789847650 3.722892999649048 0
1634789850012 4.608741879463196 0
1634789852342 4.9708333015441895 0
1634789854626 7.9566755294799805 0
1634789856925 8.312957286834717 0
1634789859192 7.812105178833008 0
1634789863025 5.2936882972717285 0
1634789865341 4.933948576450348 0
1634789867701 5.858469247817993 0
1634789870034 4.714807391166687 0
1634789872362 5.829008936882019 0
1634789874676 8.047764778137207 0
1634789877101 4.883968412876129 0
1634789879509 5.653898477554321 0
1634789881856 7.0125412940979 0
1634789884139 6.376399517059326 0
1634789888065 5.5947593450546265 0
1634789890442 3.9185174703598022 0
1634789892819 4.361258029937744 0
1634789895186 4.3399359583854675 0
1634789897573 6.312834978103638 0
1634789899935 4.70128870010376 0
1634789902307 5.555666208267212 0
1634789904622 6.123368740081787 0
1634789906911 5.468743860721588 0
1634789909193 7.2911200523376465 0
1634789913008 5.818157911300659 0
1634789915333 4.786844253540039 0
1634789917688 4.04864838719368 0
1634789920065 4.243187069892883 0
1634789922426 5.064813256263733 0
1634789924772 6.279215931892395 0
1634789927138 6.885700702667236 0
1634789929496 4.920888543128967 0
1634789931825 4.126736164093018 0
1634789934244 3.524064064025879 0
1634789938217 7.948838472366333 0
1634789940568 3.321821242570877 0
1634789942919 5.569191932678223 0
1634789945235 2.4077968895435333 0
1634789947528 4.916687726974487 0
1634789949812 3.914904475212097 0
1634789952111 2.586121439933777 0
1634789954379 5.659947037696838 0
1634789956662 5.184383869171143 0
1634789958961 3.704474598169327 0
1634789962761 3.044270157814026 0
1634789965045 2.974310517311096 0
1634789967328 5.107009768486023 0
1634789969628 3.728525787591934 0
1634789971927 7.535196542739868 0
1634789974210 5.148949384689331 0
1634789976494 2.823038101196289 0
1634789978776 4.217412114143372 0
1634789981061 6.250262260437012 0
1634789983343 3.370962917804718 0
1634789987149 6.215231895446777 0
1634789989428 5.253267765045166 0
1634789991726 2.597122550010681 0
1634789994010 2.898269534111023 0
1634789996292 4.64980685710907 0
1634789998575 6.18793249130249 0
1634790000859 5.6413209438323975 0
1634790003143 4.371051549911499 0
1634790005426 4.554152607917786 0
1634790007715 4.119564533233643 0
1634790011727 5.562335968017578 0
1634790014122 4.6389453411102295 0
1634790016485 3.512975573539734 0
1634790018850 4.368866562843323 0
1634790021209 3.445495069026947 0
1634790023555 2.9775720834732056 0
1634790025899 3.0938920974731445 0
1634790028245 4.314919590950012 0
1634790030543 4.4852025508880615 0
1634790032827 3.3905372619628906 0
1634790036626 3.2765690684318542 0
1634790038926 3.3028021454811096 0
1634790041273 4.352054119110107 0
1634790043633 5.116451025009155 0
1634790046011 4.1453938484191895 0
1634790048418 3.1936907172203064 0
1634790050799 5.270680785179138 0
1634790053157 3.585455298423767 0
1634790055503 3.2326287031173706 0
1634790057785 2.0310641527175903 0
1634790061743 2.456739902496338 0
1634790064073 4.069203972816467 0
1634790066387 2.816735863685608 0
1634790068749 4.882397174835205 0
1634790071072 3.8287018537521362 0
1634790073380 3.1968628764152527 0
1634790075647 4.7578349113464355 0
1634790077930 3.3523685932159424 0
1634790080214 2.8790804147720337 0
1634790082500 3.9012990593910217 0
1634790086375 4.272116482257843 0
1634790088660 3.619205117225647 0
1634790090941 2.3748793601989746 0
1634790093224 3.705649495124817 0
1634790095508 2.988108277320862 0
1634790097806 4.677595376968384 0
1634790100089 5.12905216217041 0
1634790102374 4.265765428543091 0
1634790104659 2.5778644680976868 0
1634790106941 1.9795333743095398 0
1634790110711 2.327020823955536 0
1634790112994 4.513918995857239 0
1634790115277 2.6948028206825256 0
1634790117561 2.866351008415222 0
1634790119846 2.5857132971286774 0
1634790122114 2.6014872193336487 0
1634790124396 3.219940662384033 0
1634790126679 2.250788152217865 0
1634790128961 1.1738353371620178 0
1634790133090 2.492673397064209 0
1634790136844 4.30391001701355 0
1634790139201 3.696135997772217 0
1634790141560 2.1270667910575867 0
1634790143945 4.237362742424011 0
1634790146322 3.244714617729187 0
1634790148699 2.019523561000824 0
1634790151077 1.7598199844360352 0
1634790153437 2.583319842815399 0
1634790155787 3.6669496297836304 0
1634790158123 2.131940186023712 0
1634790161946 2.9575616121292114 0
1634790164308 4.5557098388671875 0
1634790166640 4.02254319190979 0
1634790169003 5.521674394607544 0
1634790171347 1.810968041419983 0
1634790173676 3.648265838623047 0
1634790175976 3.8864208459854126 0
1634790186854 1.6056057214736938 0
1634790189128 2.0756752490997314 0
1634790191395 2.1123496294021606 0
1634790195148 1.9191381931304932 0
1634790197418 2.174593210220337 0
1634790199684 1.9142735600471497 0
1634790201969 2.768926739692688 0
1634790204260 2.0769184231758118 0
1634790206549 1.916288435459137 0
1634790208833 1.0993278920650482 0
1634790211099 3.5208632946014404 0
1634790213397 4.162943124771118 0
1634790215668 2.4648367166519165 0
1634790219626 2.2253801226615906 0
1634790221923 1.7502415180206299 0
1634790224242 1.6010751128196716 0
1634790226581 2.61633563041687 0
1634790228940 2.559768557548523 0
1634790231249 3.1706842184066772 0
1634790233565 1.4880679249763489 0
1634790235870 5.005565404891968 0
1634790238160 3.440548837184906 0
1634790240448 0.9100415706634521 0
1634790244294 3.389706313610077 0
1634790246594 1.2617183923721313 0
1634790248899 3.137910544872284 0
1634790251206 1.684268832206726 0
1634790253499 1.8700374364852905 0
1634790255821 3.477197229862213 0
1634790258088 2.2775033712387085 0
1634790260395 1.7158966958522797 0
1634790262773 2.0894503593444824 0
1634790265143 1.7724392414093018 0
1634790269069 1.6042327284812927 0
1634790271491 4.487511157989502 0
1634790273883 3.41992849111557 0
1634790276294 0.8351020514965057 0
1634790278746 1.5568083226680756 0
1634790281154 1.6076487302780151 0
1634790283532 0.9026310443878174 0
1634790285956 1.894801378250122 0
1634790288302 4.5735204219818115 0
1634790290570 1.8845715522766113 0
1634790294370 3.259519338607788 0
1634790296669 2.932216137647629 0
1634790298952 0.8457251191139221 0
1634790301237 1.6826112270355225 0
1634790303520 1.8901086449623108 0
1634790305804 1.8607527017593384 0
1634790308071 2.1347073912620544 0
1634790310378 4.192431807518005 0
1634790312732 1.857741117477417 0
1634790315034 3.394681394100189 0
1634790318893 0.9145399034023285 0
1634790321206 3.1714664697647095 0
1634790323510 0.7016424834728241 0
1634790325850 2.9206168055534363 0
1634790328248 1.8389199376106262 0
1634790330533 1.784460425376892 0
1634790332897 1.310921311378479 0
1634790335259 1.7794020771980286 0
1634790337638 3.003013849258423 0
1634790340000 3.020453095436096 0
1634790344005 0.6691720485687256 0
1634790346374 0.5411936938762665 0
1634790348729 3.008422017097473 0
1634790351031 1.3117986917495728 0
1634790353437 2.098966658115387 0
1634790355767 1.1479865312576294 0
1634790358131 1.0674735307693481 0
1634790360443 1.0952623784542084 0
1634790362759 1.3664842247962952 0
1634790365088 1.842501938343048 0
1634790369185 2.9585936665534973 0
1634790371583 2.7249932885169983 0
1634790373971 1.6813108026981354 0
1634790376343 1.597984254360199 0
1634790378714 1.5988157391548157 0
1634790381057 1.7763260006904602 0
1634790383392 1.5141874253749847 0
1634790385763 2.6088817715644836 0
1634790388162 1.3111836910247803 0
1634790390565 2.117063492536545 0
1634790394451 2.77827587723732 0
1634790396850 1.0385821163654327 0
1634790399200 1.8338589668273926 0
1634790401644 3.1296249628067017 0
