1634789760524 6.601808309555054 0
1634789764164 6.617446422576904 0
1634789766447 5.827092409133911 0
1634789768862 4.739041447639465 0
1634789771155 5.139557719230652 0
1634789773455 4.935816764831543 0
1634789775818 4.381600379943848 0
1634789778144 4.383410453796387 0
1634789780431 4.876700162887573 0
1634789782699 3.7421802282333374 0
1634789784983 4.786922454833984 0
1634789788643 3.0471396446228027 0
1634789790926 4.430635690689087 0
1634789793194 3.0433826446533203 0
1634789795461 3.9060463905334473 0
1634789797755 3.069242000579834 0
1634789800043 2.967198133468628 0
1634789802327 3.571456551551819 0
1634789804610 2.9155248403549194 0
1634789806972 3.6736392974853516 0
1634789809352 2.879076302051544 0
1634789813200 2.764785408973694 0
1634789815494 3.136543393135071 0
1634789817888 3.3252570629119873 0
1634789820233 4.3310019969940186 0
1634789822580 3.4661648273468018 0
1634789824941 4.064196586608887 0
1634789827318 3.0576363801956177 0
1634789829681 3.3269680738449097 0
1634789832026 4.515259027481079 0
1634789834372 2.70951384305954 0
1634789838261 4.855669736862183 0
1634789840590 2.893473505973816 0
1634789842943 4.104093551635742 0
1634789845241 4.133864879608154 0
1634789847650 2.3466420769691467 0
1634789849996 2.415146678686142 0
1634789852327 2.830787479877472 0
1634789854626 4.05846643447876 0
1634789856908 4.185904026031494 0
1634789859192 3.930447816848755 0
1634789863025 2.782435417175293 0
1634789865326 2.525717109441757 0
1634789867701 2.968243360519409 0
1634789870034 2.4469726383686066 0
1634789872362 3.007046699523926 0
1634789874676 4.048967361450195 0
1634789877101 2.7431663870811462 0
1634789879509 2.9912725687026978 0
1634789881856 3.559312343597412 0
1634789884124 3.2975125312805176 0
1634789888065 3.013983368873596 0
1634789890442 2.3621069192886353 0
1634789892819 2.3978195786476135 0
1634789895169 2.3643647730350494 0
1634789897557 3.2341712713241577 0
1634789899920 2.633666157722473 0
1634789902303 2.8425830602645874 0
1634789904607 3.148642897605896 0
1634789906911 3.351675510406494 0
1634789909177 3.715811014175415 0
1634789912993 2.9973418712615967 0
1634789915333 2.475780963897705 0
1634789917688 2.208825707435608 0
1634789920065 2.1890421509742737 0
1634789922426 2.6178780794143677 0
1634789924772 3.182956039905548 0
1634789927138 3.5186485052108765 0
1634789929496 2.5001132488250732 0
1634789931825 2.2256908416748047 0
1634789934241 2.141108751296997 0
1634789938214 4.004640817642212 0
1634789940564 2.134666681289673 0
1634789942915 2.8652690649032593 0
1634789945235 1.3150489032268524 0
1634789947528 2.6014952063560486 0
1634789949812 2.105406641960144 0
1634789952095 1.5455816984176636 0
1634789954379 2.923561930656433 0
1634789956662 2.6823798418045044 0
1634789958961 2.026509791612625 0
1634789962746 1.7555736303329468 0
1634789965029 1.7893513441085815 0
1634789967328 2.604077458381653 0
1634789969628 2.1206743121147156 0
1634789971911 3.799959897994995 0
1634789974210 2.6974281072616577 0
1634789976494 1.6382690072059631 0
1634789978776 2.169088363647461 0
1634789981061 3.1699936389923096 0
1634789983343 1.8366946578025818 0
1634789987149 3.158883213996887 0
1634789989428 2.8895310163497925 0
1634789991726 1.4333641529083252 0
1634789994010 1.5739489197731018 0
1634789996292 2.4549235105514526 0
1634789998575 3.2081722021102905 0
1634790000859 2.8573447465896606 0
1634790003143 2.3672304153442383 0
1634790005426 2.3467354774475098 0
1634790007711 2.3449930548667908 0
1634790011727 2.887493848800659 0
1634790014122 2.4907687306404114 0
1634790016469 1.7432014346122742 0
1634790018850 2.3452874422073364 0
1634790021209 1.7594850063323975 0
1634790023555 1.896166205406189 0
1634790025899 1.6941164135932922 0
1634790028230 2.385789930820465 0
1634790030543 2.352561295032501 0
1634790032827 2.055311441421509 0
1634790036626 1.6137303709983826 0
1634790038910 1.7644288539886475 0
1634790041273 2.296582043170929 0
1634790043633 2.724720597267151 0
1634790046011 2.3771932125091553 0
1634790048418 1.6789252758026123 0
1634790050783 2.7543362379074097 0
1634790053157 1.9272032976150513 0
1634790055503 1.8911506533622742 0
1634790057785 1.2027657628059387 0
1634790061743 1.4049137830734253 0
1634790064073 2.198204755783081 0
1634790066387 1.5242621004581451 0
1634790068746 2.6559756994247437 0
1634790071072 2.0636004209518433 0
1634790073377 1.6391652822494507 0
1634790075647 2.483296513557434 0
1634790077930 1.7872122526168823 0
1634790080214 1.5949671864509583 0
1634790082497 2.034147173166275 0
1634790086375 2.2663179636001587 0
1634790088660 1.9277549982070923 0
1634790090941 1.2587761282920837 0
1634790093209 2.0250680446624756 0
1634790095508 1.6357163190841675 0
1634790097791 2.5158151388168335 0
1634790100073 2.77417528629303 0
1634790102373 2.4415167570114136 0
1634790104643 1.574487030506134 0
1634790106925 1.2383601367473602 0
1634790110695 1.2171425223350525 0
1634790112994 2.41671621799469 0
1634790115277 1.429427295923233 0
1634790117561 1.591938853263855 0
1634790119830 1.363359123468399 0
1634790122114 1.4997478127479553 0
1634790124396 1.7920313477516174 0
1634790126679 1.541359007358551 0
1634790128961 0.8331813812255859 0
1634790133090 1.4563143253326416 0
1634790136844 2.3082553148269653 0
1634790139184 1.941175103187561 0
1634790141555 1.13589209318161 0
1634790143945 2.2665494084358215 0
1634790146306 1.7967457175254822 0
1634790148699 1.3305235505104065 0
1634790151061 1.2727088332176208 0
1634790153437 1.5205450057983398 0
1634790155772 1.974669337272644 0
1634790158119 1.2151590585708618 0
1634790161946 1.6203004121780396 0
1634790164293 2.461054563522339 0
1634790166640 2.1508970856666565 0
1634790168987 2.889840245246887 0
1634790171331 0.9565138816833496 0
1634790173660 1.9685034155845642 0
1634790175959 2.1332300305366516 0
1634790186854 1.0461822152137756 0
1634790189128 1.3492910861968994 0
1634790191395 1.1536933183670044 0
1634790195148 1.0550217926502228 0
1634790197418 1.1815761923789978 0
1634790199684 1.1270272433757782 0
1634790201969 1.5585665702819824 0
1634790204257 1.1422608196735382 0
1634790206534 1.1854814291000366 0
1634790208830 0.8306865990161896 0
1634790211099 1.9194996356964111 0
1634790213393 2.227238118648529 0
1634790215668 1.4131610989570618 0
1634790219626 1.150168240070343 0
1634790221908 0.9730547070503235 0
1634790224238 0.852411299943924 0
1634790226577 1.4300521612167358 0
1634790228936 1.420865535736084 0
1634790231245 1.6168696880340576 0
1634790233561 0.9781802594661713 0
1634790235867 2.6393215656280518 0
1634790238145 2.150699555873871 0
1634790240448 0.7324810028076172 0
1634790244294 1.8294923305511475 0
1634790246590 0.942579984664917 0
1634790248897 1.8603508472442627 0
1634790251203 0.938041627407074 0
1634790253496 1.1289161443710327 0
1634790255805 1.9819102883338928 0
1634790258088 1.4177101254463196 0
1634790260391 1.0985026359558105 0
1634790262769 1.1728764176368713 0
1634790265143 1.1538897156715393 0
1634790269069 1.1241912543773651 0
1634790271491 2.3894431591033936 0
1634790273883 1.857391595840454 0
1634790276294 0.8046829700469971 0
1634790278746 0.9684057235717773 0
1634790281154 0.9522050321102142 0
1634790283516 0.7204278409481049 0
1634790285940 1.0708509683609009 0
1634790288287 2.4134700298309326 0
1634790290570 1.2374419569969177 0
1634790294370 1.7982874512672424 0
1634790296653 1.640026569366455 0
1634790298937 0.6569640338420868 0
1634790301237 0.9638884663581848 0
1634790303520 1.1362146139144897 0
1634790305788 1.020095318555832 0
1634790308071 1.0565947890281677 0
1634790310375 2.224532723426819 0
1634790312732 1.0204377472400665 0
1634790315031 1.8565139770507812 0
1634790318890 0.6723291277885437 0
1634790321202 1.692107379436493 0
1634790323507 0.5280028134584427 0
1634790325850 1.6562750935554504 0
1634790328248 1.1107534170150757 0
1634790330533 0.9914740324020386 0
1634790332894 0.8016166985034943 0
1634790335243 1.0567999482154846 0
1634790337633 1.6105773448944092 0
1634790339996 1.662371814250946 0
1634790344002 0.5720045268535614 0
1634790346374 0.679187536239624 0
1634790348725 1.5718395709991455 0
1634790351016 0.7275376319885254 0
1634790353434 1.1792992949485779 0
1634790355763 0.7692297995090485 0
1634790358131 0.7892263531684875 0
1634790360443 0.8078151643276215 0
1634790362755 0.8627637624740601 0
1634790365088 1.0232580602169037 0
1634790369182 1.5929349064826965 0
1634790371579 1.3963347375392914 0
1634790373968 0.9566524922847748 0
1634790376339 0.9393263459205627 0
1634790378711 0.9542967081069946 0
1634790381057 0.9986213445663452 0
1634790383388 0.8611534535884857 0
1634790385759 1.370562732219696 0
1634790388159 0.7682121396064758 0
1634790390561 1.0873843729496002 0
1634790394451 1.5096686780452728 0
1634790396846 0.6567882299423218 0
1634790399200 1.0111797451972961 0
1634790401640 1.5836381316184998 0
