1633335430635 1.9127065539360046 0
1633335523044 0.4316563531756401 0
1633335613938 0.17554744970038882 0
1633335704696 0.9602935612201691 0
1633335795479 0.5859801173210144 0
1633335886242 1.0638900995254517 0
1633335977030 0.46057118475437164 0
1633336067797 0.36422692239284515 0
1633336158572 0.7247903645038605 0
1633336249350 0.8307205438613892 0
1633336340118 0.7824743092060089 0
1633336431852 0.2915574721992016 0
1633336522645 0.6114014387130737 0
1633336613425 1.096930980682373 0
1633336704167 0.2677396647632122 0
1633336794884 0.7028255462646484 0
1633336885600 0.5903272479772568 0
1633336976369 0.6011539548635483 0
1633337067155 0.6808169782161713 0
1633337157904 0.7561659812927246 0
1633337248648 0.8797891438007355 0
1633337340351 0.6488437652587891 0
1633337431132 0.9180516302585602 0
1633337521877 0.6486725360155106 0
1633337612631 0.9406033456325531 0
1633337703386 0.8752056062221527 0
1633337794132 0.4285574406385422 0
1633337884882 0.36793503165245056 0
1633337975612 0.561135545372963 0
1633338066344 0.8573009967803955 0
1633338157092 0.5117541402578354 0
1633338248725 0.7885679006576538 0
1633338339488 0.5561535954475403 0
1633338430282 0.505281075835228 0
1633338521060 0.35401926934719086 0
1633338611806 0.9929257035255432 0
1633338702576 0.5991839021444321 0
1633338793309 0.9723624587059021 0
1633338884095 0.5396684370934963 0
1633338974818 1.189792662858963 0
1633339065564 0.7543894052505493 0
1633339157233 0.6047572791576385 0
1633339248028 0.712605357170105 0
1633339338783 0.34183069318532944 0
1633339429540 1.1087093651294708 0
1633339520309 0.6236722618341446 0
1633339611067 0.7874030917882919 0
1633339701828 0.9984620809555054 0
1633339792565 0.7182635068893433 0
1633339883343 0.5695918202400208 0
1633339974100 0.40955615043640137 0
1633340065787 0.8593842387199402 0
1633340156535 0.8764781653881073 0
1633340247283 0.7441227287054062 0
1633340338027 0.7808208465576172 0
1633340428807 1.2401090264320374 0
1633340519546 0.6669854521751404 0
1633340610290 0.9784756898880005 0
1633340701021 1.0252503603696823 0
1633340791747 1.5548753142356873 0
1633340882524 0.7945789843797684 0
1633340974135 1.0232884287834167 0
1633341064827 0.7643499374389648 0
1633341155586 0.5509291887283325 0
1633341246310 0.9194651544094086 0
1633341337040 0.7683531939983368 0
1633341427747 1.039194643497467 0
1633341518462 0.8785268664360046 0
1633341609197 1.2564732432365417 0
1633341699925 0.8504865318536758 0
1633341790673 0.598183810710907 0
1633341882405 0.8514624834060669 0
1633341973147 0.8585009276866913 0
1633342063863 0.6834591180086136 0
1633342154575 1.4150071740150452 0
1633342245285 0.8945904672145844 0
1633342336007 1.1440574526786804 0
1633342426725 1.5069279670715332 0
1633342517437 0.7226579189300537 0
1633342608142 0.5755687281489372 0
1633342698874 0.8650065958499908 0
1633342790469 0.814782977104187 0
1633342881220 0.457363098859787 0
1633342971965 0.5606591254472733 0
1633343062691 0.5923667401075363 0
1633343153470 0.45656880736351013 0
1633343244212 1.0391207337379456 0
1633343334988 0.3795446753501892 0
1633343425714 0.3823635205626488 0
1633343516501 1.0315770208835602 0
1633343607262 0.9318360090255737 0
1633343698924 1.2006668895483017 0
1633343789675 1.3446596562862396 0
1633343880432 0.9034762233495712 0
1633343971215 0.7923077493906021 0
1633344061995 0.6783230304718018 0
1633344152741 0.925274133682251 0
1633344243457 1.5153884291648865 0
1633344334214 0.7329073250293732 0
1633344424977 0.5073325783014297 0
1633344515750 0.5820660591125488 0
1633344607400 0.9383844435214996 0
1633344698166 1.0612382292747498 0
1633344788906 0.668938547372818 0
1633344879631 1.2087754011154175 0
1633344970401 0.7630406469106674 0
1633345061131 0.5332280844449997 0
1633345151867 1.0819687843322754 0
1633345242697 1.0691394209861755 0
1633345333430 0.8479743450880051 0
1633345424164 0.8970927149057388 0
1633345515829 0.9742856323719025 0
1633345606617 0.8364004194736481 0
1633345697406 1.078378826379776 0
1633345788187 1.2257638573646545 0
1633345878995 0.7000736743211746 0
1633345969781 0.8467736840248108 0
1633346060534 1.5801252126693726 0
1633346151291 0.6693254113197327 0
1633346242023 1.3035050630569458 0
1633346332787 1.3558475077152252 0
1633346424463 1.238071084022522 0
1633346515222 1.1421293318271637 0
1633346606006 1.1451159417629242 0
1633346696834 1.1614899337291718 0
1633346787650 1.1453709453344345 0
1633346878484 0.6145249903202057 0
1633346969307 1.0986028611660004 0
1633347060121 1.0920989513397217 0
1633347150917 0.918795108795166 0
1633347241719 0.8885432183742523 0
1633347333446 1.0939078330993652 0
1633347424221 0.7330715954303741 0
1633347514987 0.566558301448822 0
1633347605763 1.1291910707950592 0
1633347696523 0.8134415745735168 0
1633347787270 0.82381372153759 0
1633347878002 0.636642687022686 0
1633347968725 1.005342110991478 0
1633348059456 1.046273112297058 0
1633348150171 0.7324145436286926 0
1633348241818 1.4839776158332825 0
1633348332559 1.1926800310611725 0
1633348423287 0.8833207488059998 0
1633348514052 0.8232104405760765 0
1633348604796 1.292363703250885 0
1633348695526 0.9583394750952721 0
1633348786251 1.7872212529182434 0
1633348876969 0.8885543495416641 0
1633348967692 0.3840752840042114 0
1633349058408 0.7905026376247406 0
1633349150044 0.9073194414377213 0
1633349240804 1.2359359860420227 0
1633349331554 0.9834484457969666 0
1633349422312 0.734881728887558 0
1633349513052 1.0535598322749138 0
1633349603869 1.3873939514160156 0
1633349694649 1.0766650438308716 0
1633349785393 0.9401946738362312 0
1633349876146 1.0730729848146439 0
1633349966882 1.1538806557655334 0
1633350058497 0.983795277774334 0
1633350149227 0.8693937808275223 0
1633350239976 0.8180543780326843 0
1633350330698 1.079436331987381 0
1633350421412 1.3771499544382095 0
1633350512136 1.272635281085968 0
1633350602849 0.8091833889484406 0
1633350693564 0.8321248590946198 0
1633350784275 1.0040870159864426 0
1633350874995 0.7032512426376343 0
1633350966618 0.9213829636573792 0
1633351057343 0.9167214930057526 0
1633351148075 1.0195722579956055 0
1633351238799 0.8627367466688156 0
1633351329513 0.7606227397918701 0
1633351420222 1.5361891388893127 0
1633351510922 0.8135242275893688 0
1633351601659 1.2075308859348297 0
1633351692381 0.9750643819570541 0
1633351783134 0.28267576918005943 0
1633351874794 1.206409215927124 0
1633351965599 0.9412490129470825 0
1633352056371 1.0536552965641022 0
1633352147171 0.7528746128082275 0
1633352238030 0.9882962107658386 0
1633352328841 0.4752756208181381 0
1633352419627 0.8564038276672363 0
1633352510404 0.60190749168396 0
1633352601180 1.2336045801639557 0
1633352691970 0.9701485577970743 0
1633352783657 0.7992468178272247 0
1633352874419 0.8937211036682129 0
1633352965195 0.8583771884441376 0
1633353055946 1.0224267691373825 0
1633353146698 0.8703509867191315 0
1633353237460 1.1741421818733215 0
1633353328248 1.3793087005615234 0
1633353419036 0.9908879101276398 0
1633353509810 0.7066815868020058 0
1633353600596 0.37656038999557495 0
1633353692259 1.1467991471290588 0
1633353783033 1.5613121390342712 0
1633353873792 1.0356230735778809 0
1633353964616 1.3071788549423218 0
1633354055395 0.815898984670639 0
1633354146176 0.9580379724502563 0
1633354236917 0.9731679409742355 0
1633354327677 1.1542445123195648 0
1633354418452 0.8586429208517075 0
1633354509237 0.7853337377309799 0
1633354600894 0.887526661157608 0
1633354691664 1.2973583340644836 0
1633354782422 1.0715663135051727 0
1633354873186 1.033971130847931 0
1633354963925 1.2882132083177567 0
1633355054704 1.1234090030193329 0
1633355145435 0.8673075437545776 0
1633355236163 1.1087676137685776 0
1633355326907 1.2877723574638367 0
1633355417742 0.4904494620859623 0
1633355509384 0.6458572596311569 0
1633355600137 0.9961906224489212 0
1633355690907 1.2857918739318848 0
1633355781693 0.8172809481620789 0
1633355872453 0.9684283435344696 0
1633355963230 0.928742254152894 0
1633356054051 0.7175633255392313 0
1633356144831 1.2456893622875214 0
1633356235625 1.4031820893287659 0
1633356326375 0.8615140020847321 0
1633356418071 0.7443520873785019 0
1633356508827 0.6743692308664322 0
1633356599592 1.2221588790416718 0
1633356690344 0.8811530470848083 0
1633356781067 1.2559423446655273 0
1633356871783 1.185320869088173 0
1633356962546 1.0335028171539307 0
1633357053309 0.7832022309303284 0
1633357144092 1.0207961797714233 0
1633357234831 1.1550917029380798 0
1633357326502 1.1543160676956177 0
1633357417271 0.9370118677616119 0
1633357508050 1.1197191178798676 0
1633357598795 1.6819276809692383 0
1633357689559 0.5951214283704758 0
1633357780314 0.7918796390295029 0
1633357871064 1.2869627475738525 0
1633357961824 0.9859225749969482 0
1633358052577 0.9851835668087006 0
1633358143325 0.7141623198986053 0
1633358234996 1.2069165408611298 0
1633358325737 0.5497209131717682 0
1633358416626 1.0674705505371094 0
1633358507391 0.705936074256897 0
1633358598138 0.9282298386096954 0
1633358688903 0.7714020013809204 0
1633358779702 0.9887109398841858 0
1633358870550 0.8204168975353241 0
1633358961330 1.011574000120163 0
1633359052117 1.2462501227855682 0
1633359143794 1.095769852399826 0
1633359234559 1.6098482608795166 0
1633359325336 1.1535896062850952 0
1633359416096 0.9611808955669403 0
1633359506885 1.412423551082611 0
1633359597648 0.8689171522855759 0
1633359688371 1.3621032536029816 0
1633359779103 0.791252464056015 0
1633359869834 0.6361875385046005 0
1633359960556 0.9107870757579803 0
1633360052192 0.7038457058370113 0
1633360142992 0.9010002687573433 0
1633360233767 1.0929892510175705 0
1633360324549 1.0805765092372894 0
1633360415328 1.2577271312475204 0
1633360506081 0.6394515614956617 0
1633360596810 1.4728066325187683 0
1633360687552 0.9081541895866394 0
1633360778279 0.6865798830986023 0
1633360869004 0.855712354183197 0
1633360960653 0.8687261790037155 0
1633361051409 1.1725664734840393 0
1633361142152 1.1642738580703735 0
1633361232875 0.9540373980998993 0
1633361323599 1.1454663276672363 0
1633361414333 1.3440281748771667 0
1633361505100 1.4101190865039825 0
1633361595882 1.3868791610002518 0
1633361686665 0.9837399423122406 0
1633361777431 0.9636807143688202 0
1633361869065 1.0712232291698456 0
1633361959882 1.5257102251052856 0
1633362050693 0.9890978038311005 0
1633362141510 1.047611802816391 0
1633362232340 1.0340514779090881 0
1633362323321 0.9027382731437683 0
1633362414208 0.8849529922008514 0
1633362505042 0.8973153382539749 0
1633362595862 1.3761656284332275 0
1633362686645 1.157662272453308 0
1633362778322 0.7927581667900085 0
1633362869196 1.3785067796707153 0
1633362960076 0.5285025388002396 0
1633363050964 1.104825109243393 0
1633363141877 1.1705955266952515 0
1633363232768 1.1911170780658722 0
1633363323607 0.6844234317541122 0
1633363414491 1.1272161602973938 0
1633363505358 0.8223981857299805 0
1633363596242 1.07240891456604 0
1633363688023 1.3219440579414368 0
1633363778770 0.5858637392520905 0
1633363869543 0.5975410919636488 0
1633363960319 1.1563238501548767 0
1633364051059 1.0291486978530884 0
1633364141795 1.3246033489704132 0
1633364232535 1.2020999789237976 0
1633364323310 0.8773064166307449 0
1633364414069 0.9653981328010559 0
1633364504813 1.0023150742053986 0
1633364596454 1.2370340526103973 0
1633364687211 1.375846266746521 0
1633364777975 1.3505857586860657 0
1633364868742 0.8462835848331451 0
1633364959545 0.8712812960147858 0
1633365050340 0.6397742331027985 0
1633365141091 0.9956241995096207 0
1633365231846 1.0039480924606323 0
1633365322600 1.3148882985115051 0
1633365413353 0.6147603243589401 0
1633365504995 1.4320108294487 0
1633365595785 0.8155094906687737 0
1633365686552 0.6188957914710045 0
1633365777337 0.7932399213314056 0
1633365868134 0.5849868059158325 0
1633365958955 1.0423398613929749 0
1633366049741 0.9863264262676239 0
1633366140521 0.6842342438176274 0
1633366231301 0.4811263978481293 0
1633366322059 0.897113025188446 0
1633366413857 1.0176451206207275 0
1633366504623 0.7224019169807434 0
1633366595351 1.1450480669736862 0
1633366686117 0.6375992894172668 0
1633366776909 0.9189493656158447 0
1633366867660 1.3222540616989136 0
1633366958415 1.1751810312271118 0
1633367049181 1.1766458749771118 0
1633367139918 1.1087272763252258 0
1633367230662 1.2040781080722809 0
1633367322320 1.1673689484596252 0
1633367413115 1.6193025708198547 0
1633367503885 1.211545705795288 0
1633367594654 1.3598672747612 0
1633367685437 0.8405653238296509 0
1633367776208 0.6057701706886292 0
1633367866998 0.8759920746088028 0
1633367957799 1.0163730382919312 0
1633368048582 1.5452863574028015 0
1633368139359 1.1320556551218033 0
1633368231038 0.45641179382801056 0
1633368321863 1.0670568645000458 0
1633368412664 0.895272508263588 0
1633368503444 0.9921164810657501 0
1633368594220 1.237456426024437 0
1633368685026 0.639751136302948 0
1633368775819 0.945948138833046 0
1633368866590 1.0961983054876328 0
1633368957396 0.7681995332241058 0
1633369048187 0.770594447851181 0
1633369139863 1.0537507981061935 0
1633369230652 1.1145568788051605 0
1633369321484 0.8435799926519394 0
1633369412298 1.3009933531284332 0
1633369503099 1.260703980922699 0
1633369593841 1.052585780620575 0
1633369684610 1.167965680360794 0
1633369775416 0.6880446076393127 0
1633369866187 0.8680644929409027 0
1633369956971 1.365727037191391 0
1633370048635 0.7965887039899826 0
1633370139412 0.8921065330505371 0
1633370230172 0.9865498840808868 0
1633370320934 1.1018310487270355 0
1633370411709 0.9597488343715668 0
1633370502460 1.6146430373191833 0
1633370593233 1.0237042754888535 0
1633370684017 1.128642499446869 0
1633370774785 0.8069958388805389 0
1633370865549 1.5136796236038208 0
1633370957211 1.5957792401313782 0
1633371047953 1.133070170879364 0
1633371138774 1.2398901879787445 0
1633371229565 0.7526100426912308 0
1633371320565 1.3467582166194916 0
1633371411354 1.2237050831317902 0
1633371502136 1.0438846051692963 0
1633371592929 1.242830604314804 0
1633371683705 0.8103589713573456 0
1633371774485 0.9669402837753296 0
1633371866106 1.0904793441295624 0
1633371956858 0.6315407752990723 0
1633372047587 1.1527535617351532 0
1633372138361 1.2341235876083374 0
1633372229095 1.1767066717147827 0
1633372319812 0.8231897130608559 0
1633372410509 0.9706590622663498 0
1633372501217 0.9288236647844315 0
1633372591975 0.8415017127990723 0
1633372682726 0.9370242804288864 0
1633372774383 0.47918495535850525 0
1633372865100 0.5234977230429649 0
1633372955862 1.1405712515115738 0
1633373047642 0.9198052287101746 0
1633373138399 0.8691031038761139 0
1633373229217 0.8543828874826431 0
1633373320002 1.0779466331005096 0
1633373410810 1.090106263756752 0
1633373501598 0.9724206924438477 0
1633373592408 1.2697043120861053 0
1633373684087 0.965927004814148 0
1633373774899 1.0185553133487701 0
1633373865682 0.45655569434165955 0
1633373956501 0.8645550012588501 0
1633374047317 1.0403785407543182 0
1633374138130 0.6565781086683273 0
1633374228973 1.429526150226593 0
1633374319761 0.9028354287147522 0
1633374410603 0.7829823642969131 0
1633374501399 0.5925010293722153 0
1633374593063 1.173040047287941 0
1633374683852 1.2562719583511353 0
1633374774667 0.793533980846405 0
1633374865466 1.1627079844474792 0
1633374956254 0.9185836911201477 0
1633375047073 1.0165113806724548 0
1633375137857 0.8383977115154266 0
1633375228648 0.7197915315628052 0
1633375319442 1.2825778722763062 0
1633375410241 1.0394806861877441 0
1633375501949 1.2791103422641754 0
1633375592761 1.4294189363718033 0
1633375683573 1.2788665890693665 0
1633375774361 1.6427980661392212 0
1633375865110 1.3697401583194733 0
1633375955889 0.6785827130079269 0
1633376046668 0.6777403354644775 0
1633376137435 1.0582774877548218 0
1633376228193 1.1677744388580322 0
1633376318946 1.1922851204872131 0
1633376410592 1.131746530532837 0
1633376501569 1.1021596640348434 0
1633376592340 0.8417065441608429 0
1633376683094 0.7170418798923492 0
1633376773856 1.4520513415336609 0
1633376864614 1.258397787809372 0
1633376955365 1.1336416900157928 0
1633377046132 1.2032065391540527 0
1633377136921 1.206360638141632 0
1633377227706 0.7619687914848328 0
1633377319396 0.7700073719024658 0
1633377410174 1.2133150696754456 0
1633377500968 1.1313454806804657 0
1633377591744 0.8577595353126526 0
1633377682521 0.8493295013904572 0
1633377773280 0.8761383891105652 0
1633377864043 0.649639904499054 0
1633377954823 0.6460618078708649 0
1633378045609 0.8898100554943085 0
1633378136343 0.8794804811477661 0
1633378227966 1.7532426118850708 0
1633378318667 0.9706585705280304 0
1633378409382 0.9066319167613983 0
1633378500103 1.4157111644744873 0
1633378590813 1.029386192560196 0
1633378681555 1.0394367575645447 0
1633378772297 1.5787207782268524 0
1633378863032 1.1562178134918213 0
1633378953805 0.7087578326463699 0
1633379044565 0.9180115163326263 0
1633379136218 1.398368775844574 0
1633379227000 1.0515273213386536 0
1633379317735 1.0829963982105255 0
1633379408475 1.5997613072395325 0
1633379499238 1.0513044148683548 0
1633379589976 1.4966261684894562 0
1633379680730 0.6110865473747253 0
1633379771479 1.1446876674890518 0
1633379862228 0.8205069601535797 0
1633379952963 0.9079285115003586 0
1633380044620 1.3988986164331436 0
1633380135365 0.7568084001541138 0
1633380226095 1.545329749584198 0
1633380316831 0.9987217783927917 0
1633380407578 1.234888345003128 0
1633380498301 1.2245391011238098 0
1633380589042 0.9980219602584839 0
1633380679782 0.9144016355276108 0
1633380770522 1.205731213092804 0
1633380861216 1.1651853621006012 0
1633380952848 1.0000627487897873 0
1633381043573 0.5352987200021744 0
1633381134391 1.6154077053070068 0
1633381225179 1.0136115849018097 0
1633381315952 0.9813392907381058 0
1633381406749 0.8946677595376968 0
1633381497564 1.2769072949886322 0
1633381588335 0.9553271234035492 0
1633381679100 1.1850347816944122 0
1633381769878 1.8859171867370605 0
1633381861558 0.7987743318080902 0
1633381952363 0.9583608657121658 0
1633382043161 1.3345548808574677 0
1633382133958 1.1917541325092316 0
1633382224725 0.8615472614765167 0
1633382315487 1.1707366704940796 0
1633382406258 0.83732108771801 0
1633382497020 1.0331799983978271 0
1633382587748 1.110128790140152 0
1633382678529 1.091197669506073 0
1633382770374 0.79107266664505 0
1633382861143 1.0216034650802612 0
1633382951893 0.9886639416217804 0
1633383042665 1.150070309638977 0
1633383133431 0.9335448443889618 0
1633383224205 1.2999985218048096 0
1633383314957 1.1142544448375702 0
1633383405741 1.1050396263599396 0
1633383496531 1.4083687365055084 0
1633383587311 1.0196049511432648 0
1633383678950 0.921851322054863 0
1633383769732 0.7816905081272125 0
1633383860497 1.0629217624664307 0
1633383951240 1.2481220364570618 0
1633384042000 1.3425352573394775 0
1633384132730 0.7979930341243744 0
1633384223432 1.404962182044983 0
1633384314177 1.5577816367149353 0
1633384404907 1.1339846849441528 0
1633384495660 1.233547329902649 0
1633384587291 1.162929780781269 0
1633384678055 1.3028544783592224 0
1633384768777 1.0326132029294968 0
1633384859571 1.1787945628166199 0
1633384950364 1.2337183952331543 0
1633385041143 0.8222114741802216 0
1633385131900 0.8288378864526749 0
1633385222614 1.0669878423213959 0
1633385313288 1.269425868988037 0
1633385403977 0.7069897651672363 0
1633385495504 0.8280990123748779 0
1633385586203 0.6958990842103958 0
1633385676906 0.5641297250986099 0
1633385767594 0.8552717417478561 0
1633385858278 1.127026617527008 0
1633385949003 1.2565303444862366 0
1633386039725 1.4266676902770996 0
1633386130455 1.3776373267173767 0
1633386221161 1.1953400671482086 0
1633386311865 0.9932632148265839 0
1633386403434 1.579289972782135 0
1633386494174 1.0176655948162079 0
1633386584895 1.1887407302856445 0
1633386675629 0.9372267723083496 0
1633386766371 0.9254998564720154 0
1633386857096 2.131977617740631 0
1633386947846 1.1665741205215454 0
1633387038592 1.1204756200313568 0
1633387129334 1.1550105214118958 0
1633387220075 0.9979760646820068 0
1633387311732 1.454515963792801 0
1633387402558 1.2061591446399689 0
1633387493320 1.7543182075023651 0
1633387584134 0.7627539038658142 0
1633387674973 1.6575317680835724 0
1633387765718 1.729420244693756 0
1633387856446 1.3183541297912598 0
1633387947256 1.0032889246940613 0
1633388038055 1.2882189825177193 0
1633388128859 1.2778743505477905 0
1633388220506 1.2082918286323547 0
1633388311250 0.985324501991272 0
1633388401988 1.143957108259201 0
1633388492757 1.0253083109855652 0
1633388583556 1.2423293888568878 0
1633388674344 1.5374075174331665 0
1633388765138 0.7646634578704834 0
1633388855951 0.663189709186554 0
1633388946734 1.575918972492218 0
1633389037495 0.8460879921913147 0
1633389129373 1.0522622466087341 0
1633389220137 1.5428437888622284 0
1633389310923 1.5085920095443726 0
1633389401690 0.8593605011701584 0
1633389492487 0.9786733388900757 0
1633389583288 1.0567972958087921 0
1633389674082 1.330540806055069 0
1633389764856 1.2745308876037598 0
1633389855620 0.8520653545856476 0
1633389946393 1.5690726041793823 0
1633390038042 0.7472885251045227 0
1633390128802 0.7537808418273926 0
1633390219559 0.91721311211586 0
1633390310343 0.8423233479261398 0
1633390401131 0.842835396528244 0
1633390491884 1.1989562511444092 0
1633390582621 1.226508378982544 0
1633390673361 0.9321410804986954 0
1633390764110 0.9544205963611603 0
1633390854838 0.7318698018789291 0
1633390946436 1.5308512151241302 0
1633391037184 1.080365240573883 0
1633391127922 1.3718169927597046 0
1633391218675 0.7498606741428375 0
1633391309416 0.9935138523578644 0
1633391400183 1.1710400879383087 0
1633391490963 0.9923464059829712 0
1633391581716 0.9108220934867859 0
1633391672463 1.2463745772838593 0
1633391763246 0.9977633357048035 0
1633391854867 1.0269947052001953 0
1633391945663 0.9930925667285919 0
1633392036459 0.9288613274693489 0
1633392127258 0.8253803551197052 0
1633392218052 1.1671297550201416 0
1633392308841 1.2682077586650848 0
1633392399636 1.1752730906009674 0
1633392490433 0.8146199733018875 0
1633392581241 1.3530414998531342 0
1633392672029 0.6918781846761703 0
1633392763669 1.1280454397201538 0
1633392854463 1.3058386445045471 0
1633392945258 1.1534541845321655 0
1633393036031 0.6286787465214729 0
1633393126796 0.7650819271802902 0
1633393217564 1.0714769959449768 0
1633393308357 1.0804264694452286 0
1633393399159 0.7505767941474915 0
1633393489953 1.1272389590740204 0
1633393580744 0.5727956593036652 0
1633393672387 1.0247827172279358 0
1633393763177 0.7178177237510681 0
1633393853960 1.086245447397232 0
1633393944740 1.0216502249240875 0
1633394035544 1.1132380664348602 0
1633394126287 0.6860418915748596 0
1633394217078 0.996335506439209 0
1633394307836 0.8211873769760132 0
1633394398559 0.9673241376876831 0
1633394489317 0.7107282876968384 0
1633394580946 1.1034034192562103 0
1633394671685 0.8488162159919739 0
1633394762430 0.5483365505933762 0
1633394853170 1.1998245120048523 0
1633394943900 0.9757477641105652 0
1633395034611 0.9587617665529251 0
1633395125323 0.9853255152702332 0
1633395216047 1.2908577919006348 0
1633395306787 1.0954250395298004 0
1633395397531 1.3646742105484009 0
1633395489129 1.0342922508716583 0
1633395579861 1.0170808732509613 0
1633395670631 0.9968661367893219 0
1633395761379 0.8993430435657501 0
1633395852137 1.0979985892772675 0
1633395942891 1.0728674530982971 0
1633396033654 1.0647986978292465 0
1633396124434 0.7633861005306244 0
1633396215219 1.0195043087005615 0
1633396305972 0.5659513175487518 0
1633396397624 1.181820571422577 0
1633396488377 0.9297666549682617 0
1633396579126 1.2602341771125793 0
1633396669871 0.9198122024536133 0
1633396760643 0.8611520528793335 0
1633396851704 0.7485574185848236 0
1633396942458 0.9330270886421204 0
1633397033173 0.9487089514732361 0
1633397123913 1.1362150311470032 0
1633397214636 0.5302386432886124 0
1633397306257 0.8336403369903564 0
1633397396985 1.3022738099098206 0
1633397487696 0.8842805325984955 0
1633397578430 1.0620912909507751 0
1633397669165 0.6885680258274078 0
1633397759930 0.8341589868068695 0
1633397850695 0.8002492189407349 0
1633397941456 1.1826047003269196 0
1633398032202 0.6704419106245041 0
1633398122979 0.8552471846342087 0
1633398214616 1.5302528738975525 0
1633398305394 0.8298472166061401 0
1633398396184 0.9577450454235077 0
1633398486954 1.1217975616455078 0
1633398577723 1.5342251360416412 0
1633398668489 1.1408741474151611 0
1633398759231 1.0552622377872467 0
1633398849968 1.4709520936012268 0
1633398940686 0.6605853140354156 0
1633399031386 1.1527360677719116 0
1633399122976 1.1500210464000702 0
1633399213732 1.320364773273468 0
1633399304537 1.1163622736930847 0
1633399395316 0.5911750197410583 0
1633399486105 1.3714378774166107 0
1633399576865 0.9262453615665436 0
1633399667617 0.8025301694869995 0
1633399758375 1.3414526581764221 0
1633399849161 0.9544669985771179 0
1633399939932 1.0036213099956512 0
1633400031536 0.5642945617437363 0
1633400122294 0.8148724585771561 0
1633400213074 0.9369673728942871 0
1633400303858 1.0216067731380463 0
1633400394631 0.7975035905838013 0
1633400485421 1.047155737876892 0
1633400576267 0.533887505531311 0
1633400667128 1.371742308139801 0
1633400757977 0.8162026107311249 0
1633400848786 0.9746898710727692 0
1633400940509 0.9721860885620117 0
1633401031296 0.7225173637270927 0
1633401122052 1.3147737383842468 0
1633401212795 0.7196369469165802 0
1633401303546 0.8529610931873322 0
1633401394285 1.1099686920642853 0
1633401485049 1.1739510893821716 0
1633401575811 0.7994149774312973 0
1633401666613 1.5298925638198853 0
1633401757333 0.9476522207260132 0
1633401848937 1.1919366419315338 0
1633401939602 0.7766813039779663 0
1633402030285 1.3662184476852417 0
1633402120966 1.1111955642700195 0
1633402211685 1.455296367406845 0
1633402302412 1.1350268423557281 0
1633402393124 0.7986672818660736 0
1633402483811 0.8164243996143341 0
1633402574570 0.8701011538505554 0
1633402665271 0.7829794883728027 0
1633402757432 0.7242716997861862 0
1633402848166 0.8721025437116623 0
1633402938881 1.430562674999237 0
1633403029613 1.04922516644001 0
1633403120342 1.143379807472229 0
1633403211040 0.8477328717708588 0
1633403301710 0.9248344153165817 0
1633403392419 0.8571882247924805 0
1633403483144 1.0664927959442139 0
1633403573858 0.9266942292451859 0
1633403665424 1.1548470854759216 0
1633403756114 0.8897390961647034 0
1633403846777 0.8333832174539566 0
1633403937437 1.0362281203269958 0
1633404028113 1.1690806150436401 0
1633404118830 0.7223781943321228 0
1633404209551 0.7594287097454071 0
1633404300249 0.8491322696208954 0
1633404390965 1.5046636462211609 0
1633404481643 1.1698072850704193 0
1633404573191 1.0068809390068054 0
1633404663925 1.2071629166603088 0
1633404754671 1.1963607668876648 0
1633404845412 1.1463904976844788 0
1633404936167 1.1235404014587402 0
1633405026921 1.0958346128463745 0
1633405117649 0.7058261036872864 0
1633405208380 1.357097327709198 0
1633405299098 1.3715016841888428 0
1633405390135 0.8279717862606049 0
1633405481708 0.9186846911907196 0
1633405572446 1.1525898277759552 0
1633405663192 1.0760339498519897 0
1633405753971 1.2247583270072937 0
1633405844738 0.7158290147781372 0
1633405935507 1.188277781009674 0
1633406026251 1.160510092973709 0
1633406117002 0.9205063581466675 0
1633406207745 0.9546067714691162 0
1633406298468 0.97134730219841 0
1633406390077 1.175476759672165 0
1633406480823 0.7903584241867065 0
1633406571571 1.1454216837882996 0
1633406662289 1.0121222734451294 0
1633406753005 0.6656856834888458 0
1633406843696 1.1136251091957092 0
1633406934417 1.1125860512256622 0
1633407025102 1.193678855895996 0
1633407115850 0.9816728234291077 0
1633407206599 0.6154254227876663 0
1633407298225 0.955033540725708 0
1633407389044 0.8042235672473907 0
1633407479821 1.0527170300483704 0
1633407570613 0.8123943507671356 0
1633407661406 1.046724110841751 0
1633407752191 1.2133851945400238 0
1633407842971 0.7162966728210449 0
1633407933780 0.7954834699630737 0
1633408024601 1.2552061676979065 0
1633408115397 0.7030958533287048 0
1633408207069 1.0481638610363007 0
1633408297820 1.2497448325157166 0
1633408388569 0.9182266592979431 0
1633408479323 0.9835143983364105 0
1633408570085 0.9009953737258911 0
1633408660831 0.953170120716095 0
1633408751576 1.0209095478057861 0
1633408842309 0.8478994444012642 0
1633408933024 1.0879330337047577 0
1633409023760 0.7953731715679169 0
1633409115379 0.937773659825325 0
1633409206146 1.3678160309791565 0
1633409296892 1.0007615983486176 0
1633409387651 0.8461140096187592 0
1633409478392 0.980048656463623 0
1633409569119 1.5660091638565063 0
1633409659853 1.0660276114940643 0
1633409750577 1.2540415823459625 0
1633409841286 1.0975757837295532 0
1633409931989 0.8587813675403595 0
1633410023583 0.976818859577179 0
1633410114306 1.0856434404850006 0
1633410205043 1.3137174844741821 0
1633410295808 1.34028959274292 0
1633410386541 1.2037274241447449 0
1633410477301 1.504523515701294 0
1633410568038 1.4361150860786438 0
1633410658807 1.0731565356254578 0
1633410749569 0.9762228280305862 0
1633410840294 1.2209048867225647 0
1633410931907 0.7593472898006439 0
1633411022657 1.074230819940567 0
1633411113402 0.8694822490215302 0
1633411204159 0.8264592885971069 0
1633411294900 1.1325995028018951 0
1633411385628 0.9975889325141907 0
1633411476339 1.024637222290039 0
1633411567062 1.1589988470077515 0
1633411657759 1.1045427322387695 0
1633411748459 1.116487056016922 0
1633411840015 1.2682418823242188 0
1633411930681 0.8977778553962708 0
1633412021378 1.2238149642944336 0
1633412112057 1.2640084326267242 0
1633412202741 1.050249069929123 0
1633412293410 1.0180907845497131 0
1633412384108 1.352768361568451 0
1633412474818 0.9444940686225891 0
1633412565549 0.8603171110153198 0
1633412656269 1.293365240097046 0
1633412747841 0.9882412254810333 0
1633412838588 1.003530353307724 0
1633412929291 1.4402337968349457 0
1633413019971 0.9330159723758698 0
1633413110654 1.108410894870758 0
1633413201332 1.0528585016727448 0
1633413292026 0.9997580647468567 0
1633413382764 0.8894516229629517 0
1633413473465 1.1075195670127869 0
1633413564179 1.3619067966938019 0
1633413655762 0.922049880027771 0
1633413746481 1.3309595584869385 0
1633413837231 0.5381408333778381 0
1633413928017 0.9192096441984177 0
1633414018766 0.8897680938243866 0
1633414109477 0.964305579662323 0
1633414200220 1.0345484018325806 0
1633414290942 0.8351229727268219 0
1633414381696 0.9443158805370331 0
1633414472436 0.9469344615936279 0
1633414564368 0.9290312826633453 0
1633414655083 0.7922285497188568 0
1633414745781 1.2832229733467102 0
1633414836468 1.0225693583488464 0
1633414927183 1.4976351857185364 0
1633415017911 0.9224245250225067 0
1633415108636 1.1623743176460266 0
1633415199362 0.7474573850631714 0
1633415290071 0.8378993570804596 0
1633415380814 0.7316471338272095 0
1633415472382 0.9561627805233002 0
1633415563110 1.0781399011611938 0
1633415653846 1.2148345410823822 0
1633415744567 1.065768301486969 0
1633415835275 0.9261373281478882 0
1633415925985 1.3804368078708649 0
1633416016697 1.2402351200580597 0
1633416107426 1.421751320362091 0
1633416198154 0.5731804966926575 0
1633416288861 1.052843064069748 0
1633416380447 1.1218620091676712 0
1633416471149 1.2242639660835266 0
1633416561824 1.0846312642097473 0
1633416652506 1.006047248840332 0
1633416743222 1.3447521328926086 0
1633416833957 1.3557961583137512 0
1633416924680 1.1943370699882507 0
1633417015387 1.0429703295230865 0
1633417106100 1.119738221168518 0
1633417196809 0.8866875767707825 0
1633417288380 0.9798106253147125 0
1633417379088 1.2458553910255432 0
1633417469775 1.170303076505661 0
1633417560455 0.8979383409023285 0
1633417651157 0.9993527680635452 0
1633417741853 0.9997816383838654 0
1633417832542 0.8710402548313141 0
1633417923217 1.0318565666675568 0
1633418013969 1.1772016286849976 0
1633418104737 1.1905555129051208 0
1633418196367 1.4380523562431335 0
1633418287079 1.1927789151668549 0
1633418377776 0.9679700434207916 0
1633418468484 0.9769359230995178 0
1633418559189 1.1185081005096436 0
1633418649916 1.0087416768074036 0
1633418740653 1.022537112236023 0
1633418831370 0.9951368272304535 0
1633418922056 1.1171941757202148 0
1633419012742 1.367678552865982 0
1633419104305 1.0964512526988983 0
1633419195030 0.9769456088542938 0
1633419285721 1.1787495613098145 0
1633419376434 1.2985280752182007 0
1633419467151 1.1510931849479675 0
1633419557881 1.1892653703689575 0
1633419648600 0.9784865379333496 0
1633419739359 1.2281782925128937 0
1633419830082 0.95999875664711 0
1633419920798 1.2136646211147308 0
1633420012362 1.122635692358017 0
1633420103046 1.2140435576438904 0
1633420193742 1.1581237614154816 0
1633420284418 1.2228228449821472 0
1633420375105 0.8785768449306488 0
1633420465784 1.1139726340770721 0
1633420556479 0.9294213950634003 0
1633420647152 0.5057258456945419 0
1633420737838 0.87726029753685 0
1633420828504 1.2822815477848053 0
1633420920094 1.1021994054317474 0
1633421010796 0.935737282037735 0
1633421101486 1.1588272750377655 0
1633421192184 1.2707439959049225 0
1633421282885 1.1412731409072876 0
1633421373605 0.750783383846283 0
1633421464312 0.8196347653865814 0
1633421555020 1.2070909142494202 0
1633421645716 1.0297409892082214 0
1633421736430 1.21462282538414 0
1633421828024 0.9778839349746704 0
1633421918748 1.0076993107795715 0
1633422009450 1.1261089742183685 0
1633422100165 1.0279386341571808 0
1633422190844 1.2663247883319855 0
1633422281554 1.1653287708759308 0
1633422372263 1.2161155939102173 0
1633422462978 1.1654371917247772 0
1633422553677 1.1137575209140778 0
1633422644387 1.0842849016189575 0
1633422735966 1.2583403289318085 0
1633422826709 1.0548697412014008 0
1633422917446 0.9860808253288269 0
1633423008229 1.3140223324298859 0
1633423098956 1.0217384696006775 0
1633423189668 1.140970915555954 0
1633423280355 1.0270639955997467 0
1633423371056 0.9002125263214111 0
1633423461793 1.2848376333713531 0
1633423552529 0.8740569651126862 0
1633423644176 1.1847539246082306 0
1633423734884 1.0978034436702728 0
1633423825618 0.8010896742343903 0
1633423916374 1.0136620998382568 0
1633424007100 0.972100019454956 0
1633424097833 1.024491935968399 0
1633424188586 1.1327337622642517 0
1633424279325 1.014336258172989 0
1633424370019 1.1450766026973724 0
1633424460723 0.7284403145313263 0
1633424552305 1.1291131675243378 0
1633424643024 1.107653945684433 0
1633424733766 1.084507405757904 0
1633424824531 0.70375195145607 0
1633424915280 1.1163699924945831 0
1633425006030 0.9634427130222321 0
1633425096799 1.1369275152683258 0
1633425187555 0.9183359742164612 0
1633425278304 0.9716738164424896 0
1633425369072 1.0915862023830414 0
1633425461108 0.5640705525875092 0
1633425551894 1.0512278079986572 0
1633425642651 0.8872372508049011 0
1633425733374 1.0507443249225616 0
1633425824105 1.168044239282608 0
1633425914833 0.9634568989276886 0
1633426005538 0.9743348360061646 0
1633426096251 0.9842024743556976 0
1633426186955 1.1118903160095215 0
