1634800679548 0 0
1634800799595 1 0
1634800919084 2 0
1634801038967 3 0
1634801158435 4 0
1634801278113 5 0
1634801397791 6 0
1634801517523 7 0
1634801636926 8 0
1634801756348 9 0
1634801875733 10 0
1634801996878 11 0
1634802116560 12 0
1634802236110 13 0
1634802355893 14 0
1634802475480 15 0
1634802595117 16 0
1634802714675 17 0
1634802834203 18 0
1634802953944 19 0
1634803073598 20 0
1634803194701 21 0
1634803314521 22 0
1634803434066 23 0
1634803553673 24 0
1634803673315 25 0
1634803793033 26 0
1634803912421 27 0
1634804031778 28 0
1634804151500 29 0
1634804271174 30 0
1634804392266 31 0
1634804511950 32 0
1634804631556 33 0
1634804751170 34 0
1634804870892 35 0
1634804990390 36 0
1634805110291 37 0
1634805229973 38 0
1634805349891 39 0
1634805469600 40 0
1634805590653 41 0
1634805710389 42 0
1634805830171 43 0
1634805949901 44 0
1634806069590 45 0
1634806189181 46 0
1634806308769 47 0
1634806428511 48 0
1634806548337 49 0
1634806667947 50 0
1634806788905 51 0
1634806908486 52 0
1634807028305 53 0
1634807148066 54 0
1634807267894 55 0
1634807387683 56 0
1634807507487 57 0
1634807627273 58 0
1634807746980 59 0
1634807866776 60 0
1634807987869 61 0
1634808107457 62 0
1634808227389 63 0
1634808347080 64 0
1634808466843 65 0
1634808586743 66 0
1634808706631 67 0
1634808826130 68 0
1634808945980 69 0
1634809065624 70 0
1634809186760 71 0
1634809306499 72 0
1634809426012 73 0
1634809545717 74 0
1634809665116 75 0
1634809784731 76 0
1634809904656 77 0
1634810024454 78 0
1634810144371 79 0
1634810264122 80 0
1634810385085 81 0
1634810504754 82 0
1634810624620 83 0
1634810744404 84 0
1634810864080 85 0
1634810983634 86 0
1634811103191 87 0
1634811222904 88 0
1634811342593 89 0
1634811462415 90 0
1634811583637 91 0
1634811703312 92 0
1634811823109 93 0
1634811942804 94 0
1634812062657 95 0
1634812182186 96 0
1634812301848 97 0
1634812421479 98 0
1634812540874 99 0
1634812660208 100 0
1634812781236 101 0
1634812900826 102 0
1634813020505 103 0
1634813140218 104 0
1634813259822 105 0
1634813379663 106 0
1634813499452 107 0
1634813619020 108 0
1634813738422 109 0
1634813857780 110 0
1634813978873 111 0
1634814098262 112 0
1634814217720 113 0
1634814337470 114 0
1634814456968 115 0
1634814576473 116 0
1634814695981 117 0
1634814815528 118 0
1634814935023 119 0
1634815054649 120 0
1634815175608 121 0
1634815295028 122 0
1634815414760 123 0
1634815534359 124 0
1634815653879 125 0
1634815773286 126 0
1634815893012 127 0
1634816012553 128 0
1634816132020 129 0
1634816251549 130 0
1634816372520 131 0
1634816492110 132 0
1634816611690 133 0
1634816731271 134 0
1634816851019 135 0
1634816970618 136 0
1634817090524 137 0
1634817210165 138 0
1634817330046 139 0
1634817449833 140 0
1634817571020 141 0
1634817690992 142 0
1634817810574 143 0
1634817930230 144 0
1634818049834 145 0
1634818169391 146 0
1634818288966 147 0
1634818408822 148 0
1634818528700 149 0
1634818648678 150 0
1634818769763 151 0
1634818889250 152 0
1634819008965 153 0
1634819128491 154 0
1634819248055 155 0
1634819367801 156 0
1634819487709 157 0
1634819607282 158 0
1634819727038 159 0
1634819846700 160 0
1634819967799 161 0
1634820087249 162 0
1634820206884 163 0
1634820326496 164 0
1634820446089 165 0
1634820565751 166 0
1634820685293 167 0
1634820805145 168 0
1634820924828 169 0
1634821044433 170 0
1634821165405 171 0
1634821285184 172 0
1634821404731 173 0
1634821524229 174 0
1634821643838 175 0
1634821763495 176 0
1634821883105 177 0
1634822002658 178 0
1634822122023 179 0
1634822241418 180 0
1634822362467 181 0
1634822481814 182 0
1634822601449 183 0
1634822721055 184 0
1634822840615 185 0
1634822959970 186 0
1634823079551 187 0
1634823199029 188 0
1634823318475 189 0
1634823438011 190 0
1634823558958 191 0
1634823678483 192 0
1634823797928 193 0
1634823917331 194 0
1634824036864 195 0
1634824156351 196 0
1634824275921 197 0
1634824395379 198 0
1634824514670 199 0
1634824633832 200 0
1634824754746 201 0
1634824874202 202 0
1634824993578 203 0
1634825113265 204 0
1634825232574 205 0
1634825351819 206 0
1634825471198 207 0
1634825590287 208 0
1634825709462 209 0
1634825828774 210 0
1634825949672 211 0
1634826069110 212 0
1634826188651 213 0
1634826307818 214 0
1634826427274 215 0
1634826546790 216 0
1634826666455 217 0
1634826785796 218 0
1634826905153 219 0
1634827024706 220 0
1634827145399 221 0
1634827264482 222 0
1634827383824 223 0
1634827502997 224 0
1634827622287 225 0
1634827741543 226 0
1634827860831 227 0
1634827980201 228 0
1634828099662 229 0
1634828218868 230 0
1634828339446 231 0
1634828458909 232 0
1634828578459 233 0
1634828697866 234 0
1634828817295 235 0
1634828936641 236 0
1634829055898 237 0
1634829175273 238 0
1634829294621 239 0
1634829413834 240 0
1634829534749 241 0
1634829654126 242 0
1634829773490 243 0
1634829892902 244 0
1634830012112 245 0
1634830131606 246 0
1634830251025 247 0
1634830370461 248 0
1634830490043 249 0
1634830609417 250 0
1634830729915 251 0
1634830849391 252 0
1634830968764 253 0
1634831088255 254 0
1634831207873 255 0
1634831327514 256 0
1634831447152 257 0
1634831566627 258 0
1634831686094 259 0
1634831805773 260 0
1634831926540 261 0
1634832045706 262 0
1634832164939 263 0
1634832284344 264 0
1634832403740 265 0
1634832523142 266 0
1634832642319 267 0
1634832761620 268 0
1634832880829 269 0
1634833000134 270 0
1634833120867 271 0
1634833240265 272 0
1634833359583 273 0
1634833478576 274 0
1634833597904 275 0
1634833717247 276 0
1634833836638 277 0
1634833955912 278 0
1634834075085 279 0
1634834194313 280 0
1634834314939 281 0
1634834434210 282 0
1634834553499 283 0
1634834672707 284 0
1634834791856 285 0
1634834911200 286 0
1634835030378 287 0
1634835149763 288 0
1634835269103 289 0
1634835388545 290 0
1634835509251 291 0
1634835628747 292 0
1634835747984 293 0
1634835867357 294 0
1634835986398 295 0
1634836105575 296 0
1634836224645 297 0
1634836343979 298 0
1634836463187 299 0
1634836582265 300 0
1634836702829 301 0
1634836822282 302 0
1634836941580 303 0
1634837060562 304 0
1634837179599 305 0
1634837298876 306 0
1634837418025 307 0
1634837537476 308 0
1634837656801 309 0
1634837775935 310 0
1634837896642 311 0
1634838015991 312 0
1634838135363 313 0
1634838254706 314 0
1634838373998 315 0
1634838493359 316 0
1634838612708 317 0
1634838732086 318 0
1634838851363 319 0
1634838970658 320 0
1634839091712 321 0
1634839211137 322 0
1634839330416 323 0
1634839449722 324 0
1634839568719 325 0
1634839688010 326 0
1634839807240 327 0
1634839926235 328 0
1634840045352 329 0
1634840164611 330 0
1634840285217 331 0
1634840404375 332 0
1634840523535 333 0
1634840642716 334 0
1634840761888 335 0
1634840881101 336 0
1634841000281 337 0
1634841119504 338 0
1634841238637 339 0
1634841357785 340 0
1634841478159 341 0
1634841597350 342 0
1634841716509 343 0
1634841835577 344 0
1634841954730 345 0
1634842074007 346 0
1634842193082 347 0
1634842312238 348 0
1634842431402 349 0
1634842550588 350 0
1634842671146 351 0
1634842790255 352 0
1634842909476 353 0
1634843028669 354 0
1634843147962 355 0
1634843267241 356 0
1634843386430 357 0
1634843505720 358 0
1634843625083 359 0
1634843744368 360 0
1634843865120 361 0
1634843984505 362 0
1634844103961 363 0
1634844223139 364 0
1634844342267 365 0
1634844461432 366 0
1634844580390 367 0
1634844699648 368 0
1634844818751 369 0
1634844937755 370 0
1634845058298 371 0
1634845177641 372 0
1634845296733 373 0
1634845415933 374 0
1634845535395 375 0
1634845654784 376 0
1634845774270 377 0
1634845893851 378 0
1634846015419 379 0
1634846134649 380 0
1634846255311 381 0
1634846374897 382 0
1634846494397 383 0
1634846613716 384 0
1634846733005 385 0
1634846852381 386 0
1634846971600 387 0
1634847090763 388 0
1634847209788 389 0
1634847328767 390 0
1634847448915 391 0
1634847567945 392 0
1634847686650 393 0
1634847805416 394 0
1634847924667 395 0
1634848043996 396 0
1634848163204 397 0
1634848282426 398 0
1634848401527 399 0
1634848521059 400 0
1634848641508 401 0
1634848760859 402 0
1634848879882 403 0
1634848999136 404 0
1634849118276 405 0
1634849237413 406 0
1634849356527 407 0
1634849475539 408 0
1634849594715 409 0
1634849713850 410 0
1634849835033 411 0
1634849954165 412 0
1634850073369 413 0
1634850192451 414 0
1634850311591 415 0
1634850430680 416 0
1634850549560 417 0
1634850668461 418 0
1634850787418 419 0
1634850906463 420 0
1634851026927 421 0
1634851146174 422 0
1634851265354 423 0
1634851384586 424 0
1634851503818 425 0
1634851622987 426 0
1634851742300 427 0
1634851861412 428 0
1634851980629 429 0
1634852099716 430 0
1634852220163 431 0
1634852339252 432 0
1634852458312 433 0
1634852577285 434 0
1634852696285 435 0
1634852815611 436 0
1634852934783 437 0
1634853053877 438 0
1634853172997 439 0
1634853292027 440 0
1634853412502 441 0
1634853531754 442 0
1634853650998 443 0
1634853769977 444 0
1634853889088 445 0
1634854008218 446 0
1634854127233 447 0
1634854246213 448 0
1634854365388 449 0
1634854484449 450 0
1634854604962 451 0
1634854724335 452 0
1634854843426 453 0
1634854962665 454 0
1634855081841 455 0
1634855201066 456 0
1634855320478 457 0
1634855439777 458 0
1634855558982 459 0
1634855678246 460 0
1634855798557 461 0
1634855917596 462 0
1634856036567 463 0
1634856155570 464 0
1634856274950 465 0
1634856394126 466 0
1634856513466 467 0
1634856632930 468 0
1634856752315 469 0
1634856871566 470 0
1634856992429 471 0
1634857111618 472 0
1634857230741 473 0
1634857349838 474 0
1634857468831 475 0
1634857587968 476 0
1634857707118 477 0
1634857826465 478 0
1634857945622 479 0
1634858064873 480 0
1634858185407 481 0
1634858304684 482 0
1634858423834 483 0
1634858543221 484 0
1634858662485 485 0
1634858781799 486 0
1634858901114 487 0
1634859020412 488 0
1634859139742 489 0
1634859259061 490 0
1634859379630 491 0
1634859499102 492 0
1634859618292 493 0
1634859737489 494 0
1634859856682 495 0
1634859975855 496 0
1634860095191 497 0
1634860214596 498 0
1634860333892 499 0
1634860453061 500 0
1634860573919 501 0
1634860693093 502 0
1634860812292 503 0
1634860931456 504 0
1634861050600 505 0
1634861169722 506 0
1634861288980 507 0
1634861408189 508 0
1634861527716 509 0
1634861647141 510 0
1634861767774 511 0
1634861886900 512 0
1634862006165 513 0
1634862125255 514 0
1634862244529 515 0
1634862364000 516 0
1634862483226 517 0
1634862602508 518 0
1634862721923 519 0
1634862841015 520 0
1634862962040 521 0
1634863081511 522 0
1634863200890 523 0
1634863320204 524 0
1634863439584 525 0
1634863558924 526 0
1634863678370 527 0
1634863797765 528 0
1634863917151 529 0
1634864036519 530 0
1634864157433 531 0
1634864276762 532 0
1634864395797 533 0
1634864514981 534 0
1634864633841 535 0
1634864752876 536 0
1634864871954 537 0
1634864990976 538 0
1634865109972 539 0
1634865229015 540 0
1634865349711 541 0
1634865468706 542 0
1634865587642 543 0
1634865706667 544 0
1634865825666 545 0
1634865944828 546 0
1634866064172 547 0
1634866183333 548 0
1634866302552 549 0
1634866421645 550 0
1634866542109 551 0
1634866661381 552 0
1634866780716 553 0
1634866900061 554 0
1634867019451 555 0
1634867138921 556 0
1634867258305 557 0
1634867377636 558 0
1634867496966 559 0
1634867616217 560 0
1634867736854 561 0
1634867856108 562 0
1634867975270 563 0
1634868094365 564 0
1634868213475 565 0
1634868332599 566 0
1634868451901 567 0
1634868570908 568 0
1634868689999 569 0
1634868809048 570 0
1634868929462 571 0
1634869048693 572 0
1634869167917 573 0
1634869287029 574 0
1634869406242 575 0
1634869525410 576 0
1634869644718 577 0
1634869763995 578 0
1634869883359 579 0
1634870002571 580 0
1634870123307 581 0
1634870242659 582 0
1634870362119 583 0
1634870481471 584 0
1634870600786 585 0
1634870720035 586 0
1634870839501 587 0
1634870958810 588 0
1634871078196 589 0
1634871197401 590 0
1634871318114 591 0
1634871437252 592 0
1634871556468 593 0
1634871675786 594 0
1634871795214 595 0
1634871914728 596 0
1634872034237 597 0
1634872154020 598 0
1634872273496 599 0
1634872393012 600 0
1634872513900 601 0
1634872633359 602 0
1634872752746 603 0
1634872872133 604 0
1634872991473 605 0
1634873110969 606 0
1634873230643 607 0
1634873350227 608 0
1634873469816 609 0
1634873589311 610 0
1634873710304 611 0
1634873829964 612 0
1634873949750 613 0
1634874069633 614 0
1634874189341 615 0
1634874309095 616 0
1634874428565 617 0
1634874548129 618 0
1634874667599 619 0
1634874787005 620 0
1634874907772 621 0
1634875027472 622 0
1634875146902 623 0
1634875266841 624 0
1634875386390 625 0
1634875505620 626 0
1634875624758 627 0
1634875743969 628 0
1634875863271 629 0
1634875986627 630 0
1634876110431 631 0
1634876233958 632 0
1634876357398 633 0
1634876479551 634 0
1634876602822 635 0
1634876726131 636 0
1634876849034 637 0
1634876971703 638 0
1634877093518 639 0
1634877215592 640 0
1634877340178 641 0
1634877463657 642 0
1634877587042 643 0
1634877711296 644 0
1634877834544 645 0
1634877957028 646 0
1634878078467 647 0
1634878201011 648 0
1634878324369 649 0
1634878448206 650 0
1634878572330 651 0
1634878695169 652 0
1634878818979 653 0
1634878942527 654 0
1634879065922 655 0
1634879188095 656 0
1634879310355 657 0
1634879431740 658 0
1634879554580 659 0
1634879676343 660 0
1634879799379 661 0
1634879921453 662 0
1634880045276 663 0
1634880168745 664 0
1634880291497 665 0
1634880413231 666 0
1634880535224 667 0
1634880658558 668 0
1634880780790 669 0
1634880904436 670 0
1634881028898 671 0
1634881151373 672 0
1634881273953 673 0
1634881396186 674 0
1634881519741 675 0
1634881641573 676 0
1634881764276 677 0
1634881886810 678 0
1634882009313 679 0
1634882133118 680 0
1634882257826 681 0
1634882380874 682 0
1634882504106 683 0
1634882626888 684 0
1634882750693 685 0
1634882871421 686 0
1634882992518 687 0
1634883117854 688 0
1634883239307 689 0
1634883360664 690 0
1634883483430 691 0
1634883603242 692 0
1634883723037 693 0
1634883844254 694 0
1634883966778 695 0
1634884088899 696 0
1634884209807 697 0
1634884330696 698 0
1634884450526 699 0
1634884571739 700 0
1634884694972 701 0
