1634800679567 1.83088219165802 0
1634800799611 0.46435433626174927 0
1634800919099 0.5929186344146729 0
1634801038982 0.2637666165828705 0
1634801158450 0.17818155884742737 0
1634801278129 0.13712725043296814 0
1634801397807 0.2963612973690033 0
1634801517538 0.3059875965118408 0
1634801636941 0.16259847581386566 0
1634801756364 0.18963029980659485 0
1634801875748 0.2823732793331146 0
1634801996878 0.4281972348690033 0
1634802116575 0.1787935197353363 0
1634802236126 0.15764746069908142 0
1634802355909 0.17551358044147491 0
1634802475480 0.34116047620773315 0
1634802595140 0.5044320821762085 0
1634802714692 0.16720722615718842 0
1634802834218 0.17233812808990479 0
1634802953959 0.22167670726776123 0
1634803073613 0.5776748657226562 0
1634803194716 0.1141836866736412 0
1634803314536 0.13655070960521698 0
1634803434066 0.5666781663894653 0
1634803553689 0.22401005029678345 0
1634803673331 0.07537513226270676 0
1634803793048 0.12275969237089157 0
1634803912436 0.13171178102493286 0
1634804031793 0.23424895107746124 0
1634804151516 0.29384779930114746 0
1634804271189 0.20022207498550415 0
1634804392282 0.19286629557609558 0
1634804511961 0.14133015275001526 0
1634804631572 0.2233683317899704 0
1634804751185 0.17371724545955658 0
1634804870908 0.26491522789001465 0
1634804990406 0.5678751468658447 0
1634805110297 0.13366150856018066 0
1634805229973 0.05611297860741615 0
1634805349908 0.1329195350408554 0
1634805469615 0.2598748803138733 0
1634805590653 0.12305785715579987 0
1634805710405 0.3218000829219818 0
1634805830187 0.22964756190776825 0
1634805949917 0.20643137395381927 0
1634806069605 0.07624106109142303 0
1634806189197 0.5592469573020935 0
1634806308784 0.1848011165857315 0
1634806428526 0.0900089219212532 0
1634806548353 0.15615956485271454 0
1634806667947 0.3264671564102173 0
1634806788920 0.14544492959976196 0
1634806908501 0.12338972836732864 0
1634807028320 0.2083481401205063 0
1634807148082 0.06732366234064102 0
1634807267910 0.2598717510700226 0
1634807387699 0.10365679115056992 0
1634807507487 0.36922597885131836 0
1634807627289 0.261016845703125 0
1634807746980 0.10917899757623672 0
1634807866791 0.2385053187608719 0
1634807987884 0.0741436779499054 0
1634808107473 0.27733564376831055 0
1634808227405 0.09210478514432907 0
1634808347096 0.05632954463362694 0
1634808466859 0.06975677609443665 0
1634808586759 0.31684550642967224 0
1634808706631 0.10107333958148956 0
1634808826146 0.5101105570793152 0
1634808945995 0.1672905534505844 0
1634809065639 0.18600668013095856 0
1634809186760 0.09402285516262054 0
1634809306514 0.13597682118415833 0
1634809426028 0.11885830760002136 0
1634809545717 0.4036344587802887 0
1634809665118 0.3396335542201996 0
1634809784747 0.46999967098236084 0
1634809904671 0.11502476781606674 0
1634810024469 0.0893017128109932 0
1634810144371 0.06121484562754631 0
1634810264137 0.05928761139512062 0
1634810385100 0.07386065274477005 0
1634810504769 0.18113155663013458 0
1634810624636 0.1017310619354248 0
1634810744420 0.3053470253944397 0
1634810864095 0.10203303396701813 0
1634810983649 0.13562725484371185 0
1634811103207 0.4531816244125366 0
1634811222920 0.1281573325395584 0
1634811342609 0.12578342854976654 0
1634811462431 0.052625495940446854 0
1634811583652 0.2774216830730438 0
1634811703328 0.12284461408853531 0
1634811823125 0.1557818353176117 0
1634811942820 0.07316426187753677 0
1634812062672 0.15173126757144928 0
1634812182202 0.07273858040571213 0
1634812301864 0.21333405375480652 0
1634812421479 0.11053942143917084 0
1634812540889 0.07697940617799759 0
1634812660223 0.14122699201107025 0
1634812781252 0.27013030648231506 0
1634812900841 0.14477987587451935 0
1634813020521 0.20623822510242462 0
1634813140218 0.0981975868344307 0
1634813259838 0.3884326219558716 0
1634813379678 0.149443581700325 0
1634813499467 0.14228573441505432 0
1634813619020 0.09372147172689438 0
1634813738438 0.0680883526802063 0
1634813857796 0.2775351107120514 0
1634813978888 0.2220057249069214 0
1634814098278 0.049264468252658844 0
1634814217736 0.15418189764022827 0
1634814337470 0.13821831345558167 0
1634814456984 0.33124545216560364 0
1634814576473 0.2588525116443634 0
1634814695997 0.06293074786663055 0
1634814815543 0.06547868996858597 0
1634814935039 0.27038660645484924 0
1634815054665 0.1585104763507843 0
1634815175624 0.30217456817626953 0
1634815295044 0.07336480170488358 0
1634815414775 0.326345294713974 0
1634815534375 0.2984611988067627 0
1634815653894 0.2794998288154602 0
1634815773286 0.093438059091568 0
1634815893013 0.1773919016122818 0
1634816012568 0.1405719816684723 0
1634816132036 0.45971161127090454 0
1634816251549 0.09723840653896332 0
1634816372520 0.18872074782848358 0
1634816492126 0.5076732039451599 0
1634816611705 0.17799459397792816 0
1634816731286 0.04926331713795662 0
1634816851019 0.323263555765152 0
1634816970634 0.07194828987121582 0
1634817090540 0.19309309124946594 0
1634817210180 0.4296784996986389 0
1634817330046 0.32145455479621887 0
1634817449833 0.08620502054691315 0
1634817571036 0.067978635430336 0
1634817690992 0.6697404384613037 0
1634817810589 0.1839694231748581 0
1634817930246 0.09308633208274841 0
1634818049850 0.19080214202404022 0
1634818169406 0.16210432350635529 0
1634818288981 0.2507556974887848 0
1634818408838 0.23806969821453094 0
1634818528716 0.2452808916568756 0
1634818648693 0.13625048100948334 0
1634818769763 0.29985311627388 0
1634818889266 0.3675213158130646 0
1634819008981 0.1282758116722107 0
1634819128506 0.3145294189453125 0
1634819248055 0.5396197438240051 0
1634819367817 0.1698913276195526 0
1634819487725 0.14213791489601135 0
1634819607282 0.06536293774843216 0
1634819727038 0.13027432560920715 0
1634819846716 0.07835499942302704 0
1634819967799 0.11317669600248337 0
1634820087264 0.12837593257427216 0
1634820206899 0.27902311086654663 0
1634820326511 0.1462583839893341 0
1634820446104 0.0667600929737091 0
1634820565767 0.2297426462173462 0
1634820685309 0.07328175753355026 0
1634820805161 0.5721089839935303 0
1634820924843 0.07460012286901474 0
1634821044448 0.43199437856674194 0
1634821165405 0.19912347197532654 0
1634821285199 0.05921710655093193 0
1634821404746 0.16458792984485626 0
1634821524244 0.3183632493019104 0
1634821643854 0.05641669034957886 0
1634821763510 0.16872362792491913 0
1634821883105 0.26823723316192627 0
1634822002674 0.07320770621299744 0
1634822122039 0.18152262270450592 0
1634822241434 0.0642300546169281 0
1634822362467 0.17003004252910614 0
1634822481830 0.08428924530744553 0
1634822601465 0.25963112711906433 0
1634822721071 0.42432302236557007 0
1634822840615 0.11038777977228165 0
1634822959986 0.17771433293819427 0
1634823079566 0.1582425981760025 0
1634823199044 0.15549564361572266 0
1634823318491 0.4254511892795563 0
1634823438011 0.21227367222309113 0
1634823558958 0.05124262720346451 0
1634823678499 0.21878039836883545 0
1634823797944 0.049140263348817825 0
1634823917347 0.22293491661548615 0
1634824036879 0.10669829696416855 0
1634824156367 0.2987107038497925 0
1634824275921 0.0637798011302948 0
1634824395395 0.08115461468696594 0
1634824514685 0.10967431962490082 0
1634824633848 0.19072778522968292 0
1634824754746 0.11936713010072708 0
1634824874217 0.14410516619682312 0
1634824993593 0.05003412440419197 0
1634825113280 0.1732340008020401 0
1634825232574 0.13172182440757751 0
1634825351835 0.0627865418791771 0
1634825471213 0.07183178514242172 0
1634825590303 0.14583511650562286 0
1634825709477 0.13906492292881012 0
1634825828790 0.08519309014081955 0
1634825949688 0.21509519219398499 0
1634826069126 0.42885565757751465 0
1634826188667 0.17445997893810272 0
1634826307818 0.2665746808052063 0
1634826427290 0.32270345091819763 0
1634826546806 0.13428093492984772 0
1634826666471 0.20698371529579163 0
1634826785812 0.46441665291786194 0
1634826905153 0.09602385759353638 0
1634827024722 0.09751031547784805 0
1634827145399 0.34707313776016235 0
1634827264498 0.09380184859037399 0
1634827383841 0.10984431207180023 0
1634827503012 0.05357532203197479 0
1634827622302 0.06551571190357208 0
1634827741558 0.14829325675964355 0
1634827860846 0.1328524500131607 0
1634827980217 0.191743403673172 0
1634828099678 0.06558305770158768 0
1634828218884 0.4636750817298889 0
1634828339461 0.11056773364543915 0
1634828458924 0.08187299221754074 0
1634828578475 0.1767069548368454 0
1634828697882 0.20331807434558868 0
1634828817311 0.04004194959998131 0
1634828936656 0.12278237193822861 0
1634829055914 0.14126501977443695 0
1634829175273 0.23185724020004272 0
1634829294636 0.14748020470142365 0
1634829413849 0.43385520577430725 0
1634829534765 0.42832639813423157 0
1634829654142 0.17458967864513397 0
1634829773506 0.09338148683309555 0
1634829892918 0.2767690122127533 0
1634830012127 0.100087009370327 0
1634830131622 0.26308169960975647 0
1634830251040 0.07459649443626404 0
1634830370476 0.04720422625541687 0
1634830490058 0.1765417754650116 0
1634830609433 0.07978930324316025 0
1634830729931 0.2657296359539032 0
1634830849406 0.05010100081562996 0
1634830968764 0.3850768506526947 0
1634831088271 0.10877405852079391 0
1634831207889 0.08477837592363358 0
1634831327529 0.06140023097395897 0
1634831447167 0.5086485147476196 0
1634831566642 0.2394263744354248 0
1634831686109 0.46453410387039185 0
1634831805773 0.3371830880641937 0
1634831926556 0.04352233186364174 0
1634832045706 0.2862911820411682 0
1634832164954 0.23018012940883636 0
1634832284344 0.06344784051179886 0
1634832403756 0.507963240146637 0
1634832523158 0.08441183716058731 0
1634832642319 0.0701054036617279 0
1634832761620 0.20216448605060577 0
1634832880845 0.2766503691673279 0
1634833000150 0.15071873366832733 0
1634833120883 0.19204893708229065 0
1634833240281 0.127301886677742 0
1634833359599 0.05176763981580734 0
1634833478591 0.13840118050575256 0
1634833597921 0.26558437943458557 0
1634833717262 0.06411754339933395 0
1634833836653 0.3357665538787842 0
1634833955912 0.6188575625419617 0
1634834075101 0.10729815065860748 0
1634834194329 0.4295846223831177 0
1634834314939 0.18814915418624878 0
1634834434226 0.14846396446228027 0
1634834553515 0.21144172549247742 0
1634834672723 0.20748797059059143 0
1634834791871 0.2014642357826233 0
1634834911216 0.05856828764081001 0
1634835030378 0.16786226630210876 0
1634835149779 0.14617668092250824 0
1634835269119 0.11507688462734222 0
1634835388561 0.1992892175912857 0
1634835509266 0.15703175961971283 0
1634835628763 0.40475940704345703 0
1634835747984 0.1145414263010025 0
1634835867373 0.09508097916841507 0
1634835986414 0.22736117243766785 0
1634836105590 0.24513748288154602 0
1634836224661 0.07722744345664978 0
1634836343995 0.6944782137870789 0
1634836463187 0.0748191624879837 0
1634836582280 0.4009670317173004 0
1634836702844 0.21799486875534058 0
1634836822299 0.07369975000619888 0
1634836941595 0.11481179296970367 0
1634837060578 0.5328603386878967 0
1634837179599 0.25779855251312256 0
1634837298891 0.29848214983940125 0
1634837418040 0.06998264789581299 0
1634837537492 0.1543179750442505 0
1634837656801 0.07541010528802872 0
1634837775951 0.08809931576251984 0
1634837896642 0.33590078353881836 0
1634838016006 0.2556552290916443 0
1634838135363 0.11116825044155121 0
1634838254722 0.07249601930379868 0
1634838374014 0.20265936851501465 0
1634838493374 0.3653471767902374 0
1634838612723 0.5203336477279663 0
1634838732101 0.21670641005039215 0
1634838851378 0.12368937581777573 0
1634838970674 0.0916428491473198 0
1634839091727 0.06915585696697235 0
1634839211153 0.0746137872338295 0
1634839330432 0.1627999246120453 0
1634839449738 0.19496400654315948 0
1634839568735 0.2728109359741211 0
1634839688026 0.5368689894676208 0
1634839807255 0.1740635484457016 0
1634839926250 0.1745944619178772 0
1634840045352 0.1831441968679428 0
1634840164627 0.1878482848405838 0
1634840285217 0.05012847110629082 0
1634840404391 0.1842603087425232 0
1634840523550 0.2173808515071869 0
1634840642732 0.04383929818868637 0
1634840761903 0.05193100869655609 0
1634840881101 0.5097266435623169 0
1634841000296 0.07723282277584076 0
1634841119520 0.10950550436973572 0
1634841238652 0.1076214611530304 0
1634841357801 0.09776218235492706 0
1634841478159 0.22675174474716187 0
1634841597350 0.06583140045404434 0
1634841716525 0.1442427933216095 0
1634841835593 0.3656337559223175 0
1634841954745 0.04096473380923271 0
1634842074023 0.23169152438640594 0
1634842193098 0.06141484156250954 0
1634842312253 0.2143888771533966 0
1634842431417 0.3438338339328766 0
1634842550588 0.08474550396203995 0
1634842671162 0.12683100998401642 0
1634842790270 0.18749305605888367 0
1634842909476 0.061217330396175385 0
1634843028685 0.2799837291240692 0
1634843147978 0.16559725999832153 0
1634843267257 0.35367879271507263 0
1634843386446 0.1896003633737564 0
1634843505736 0.0430777333676815 0
1634843625098 0.12000712007284164 0
1634843744384 0.17552566528320312 0
1634843865135 0.2839307188987732 0
1634843984505 0.0442090667784214 0
1634844103976 0.3179681599140167 0
1634844223154 0.10884002596139908 0
1634844342283 0.040676042437553406 0
1634844461447 0.09727321565151215 0
1634844580406 0.13030387461185455 0
1634844699664 0.6252549886703491 0
1634844818767 0.1037822812795639 0
1634844937771 0.07314731925725937 0
1634845058298 0.08234706521034241 0
1634845177657 0.028893131762742996 0
1634845296749 0.0838954970240593 0
1634845415949 0.4996291995048523 0
1634845535395 0.464367151260376 0
1634845654799 0.15789975225925446 0
1634845774285 0.146484375 0
1634845893866 0.25511208176612854 0
1634846015434 0.2709157466888428 0
1634846134665 0.6155374050140381 0
1634846255326 0.32192400097846985 0
1634846374912 0.5630789399147034 0
1634846494413 0.10848080366849899 0
1634846613732 0.42776480317115784 0
1634846733020 0.08367124944925308 0
1634846852397 0.27014219760894775 0
1634846971615 0.08130404353141785 0
1634847090779 0.3440185487270355 0
1634847209804 0.4314076900482178 0
1634847328782 0.133435919880867 0
1634847448931 0.2614550292491913 0
1634847567960 0.16384446620941162 0
1634847686665 0.07315246760845184 0
1634847805431 0.32260021567344666 0
1634847924682 0.029770847409963608 0
1634848044011 0.14617039263248444 0
1634848163220 0.3202574551105499 0
1634848282442 0.12336892634630203 0
1634848401543 0.11125464737415314 0
1634848521075 0.4821036458015442 0
1634848641508 0.14303308725357056 0
1634848760875 0.09763991832733154 0
1634848879898 0.32276788353919983 0
1634848999151 0.17109796404838562 0
1634849118292 0.5347519516944885 0
1634849237429 0.1660589575767517 0
1634849356527 0.08633768558502197 0
1634849475554 0.05633125454187393 0
1634849594731 0.32327380776405334 0
1634849713866 0.3130961060523987 0
1634849835049 0.2184053212404251 0
1634849954181 0.47692784667015076 0
1634850073385 0.09284349530935287 0
1634850192467 0.26182106137275696 0
1634850311606 0.23349760472774506 0
1634850430696 0.528148889541626 0
1634850549560 0.0430457666516304 0
1634850668476 0.322964072227478 0
1634850787434 0.10859082639217377 0
1634850906479 0.19234205782413483 0
1634851026943 0.3227473795413971 0
1634851146190 0.2903672456741333 0
1634851265370 0.08576853573322296 0
1634851384601 0.310769259929657 0
1634851503833 0.5671274065971375 0
1634851622987 0.17378175258636475 0
1634851742315 0.06721752882003784 0
1634851861428 0.041170310229063034 0
1634851980629 0.21381986141204834 0
1634852099731 0.2001117765903473 0
1634852220179 0.33084818720817566 0
1634852339268 0.026394858956336975 0
1634852458328 0.27726736664772034 0
1634852577300 0.23899699747562408 0
1634852696301 0.11905193328857422 0
1634852815627 0.2302868664264679 0
1634852934798 0.2208215743303299 0
1634853053892 0.16439136862754822 0
1634853173012 0.13350942730903625 0
1634853292043 0.06526467204093933 0
1634853412518 0.315975546836853 0
1634853531754 0.29709547758102417 0
1634853651013 0.06321197748184204 0
1634853769992 0.32057610154151917 0
1634853889104 0.1498018354177475 0
1634854008233 0.528437077999115 0
1634854127249 0.11517918109893799 0
1634854246213 0.09443671256303787 0
1634854365404 0.03585019335150719 0
1634854484465 0.1804567128419876 0
1634854604978 0.4696806073188782 0
1634854724335 0.5313000082969666 0
1634854843426 0.03577732667326927 0
1634854962680 0.250227689743042 0
1634855081857 0.18410779535770416 0
1634855201082 0.09083733707666397 0
1634855320478 0.4640575647354126 0
1634855439793 0.2586803436279297 0
1634855558998 0.12878940999507904 0
1634855678262 0.2122664451599121 0
1634855798573 0.11369670927524567 0
1634855917612 0.04507003724575043 0
1634856036567 0.23575915396213531 0
1634856155585 0.07667085528373718 0
1634856274966 0.3102366626262665 0
1634856394141 0.14399024844169617 0
1634856513466 0.20345039665699005 0
1634856632947 0.10719241946935654 0
1634856752330 0.14248178899288177 0
1634856871566 0.19278453290462494 0
1634856992445 0.49855688214302063 0
1634857111634 0.1304941475391388 0
1634857230757 0.2001732438802719 0
1634857349854 0.15788964927196503 0
1634857468847 0.1257706731557846 0
1634857587983 0.12997719645500183 0
1634857707118 0.09858722239732742 0
1634857826481 0.1528289020061493 0
1634857945637 0.04537796974182129 0
1634858064873 0.21417935192584991 0
1634858185423 0.27836254239082336 0
1634858304699 0.22969381511211395 0
1634858423850 0.08388493955135345 0
1634858543237 0.3067915439605713 0
1634858662501 0.20410703122615814 0
1634858781815 0.11376208811998367 0
1634858901130 0.38086995482444763 0
1634859020428 0.049720995128154755 0
1634859139758 0.08837220817804337 0
1634859259076 0.12725363671779633 0
1634859379646 0.07503481954336166 0
1634859499102 0.02428101748228073 0
1634859618308 0.11346717178821564 0
1634859737489 0.20824918150901794 0
1634859856697 0.03735405206680298 0
1634859975871 0.07701126486063004 0
1634860095191 0.29993605613708496 0
1634860214612 0.3514777421951294 0
1634860333892 0.10931673645973206 0
1634860453077 0.33868828415870667 0
1634860573934 0.14747224748134613 0
1634860693109 0.06699313968420029 0
1634860812308 0.08998733013868332 0
1634860931471 0.2750888168811798 0
1634861050600 0.0400373637676239 0
1634861169738 0.11739243566989899 0
1634861288995 0.2805756628513336 0
1634861408205 0.20297856628894806 0
1634861527731 0.11696460843086243 0
1634861647157 0.11829086393117905 0
1634861767789 0.3503985106945038 0
1634861886916 0.04891104996204376 0
1634862006181 0.28202444314956665 0
1634862125270 0.09708211570978165 0
1634862244529 0.2698342204093933 0
1634862364016 0.3162892758846283 0
1634862483241 0.32642337679862976 0
1634862602524 0.048987556248903275 0
1634862721939 0.07015540450811386 0
1634862841031 0.2617546021938324 0
1634862962056 0.5088518857955933 0
1634863081526 0.5570132732391357 0
1634863200906 0.2786867022514343 0
1634863320219 0.12824305891990662 0
1634863439584 0.18925154209136963 0
1634863558940 0.34822559356689453 0
1634863678370 0.18809281289577484 0
1634863797780 0.27478495240211487 0
1634863917167 0.16849489510059357 0
1634864036535 0.09130595624446869 0
1634864157433 0.14904282987117767 0
1634864276778 0.1495680809020996 0
1634864395812 0.06409003585577011 0
1634864514997 0.15214990079402924 0
1634864633856 0.034564096480607986 0
1634864752892 0.13456428050994873 0
1634864871969 0.3578954339027405 0
1634864990992 0.06940887123346329 0
1634865109987 0.25487229228019714 0
1634865229030 0.14299902319908142 0
1634865349711 0.250948965549469 0
1634865468722 0.2655200660228729 0
1634865587658 0.08089932054281235 0
1634865706682 0.3120596408843994 0
1634865825682 0.08422005921602249 0
1634865944844 0.0975554957985878 0
1634866064172 0.08547902852296829 0
1634866183349 0.20346036553382874 0
1634866302567 0.048243045806884766 0
1634866421645 0.4094087779521942 0
1634866542124 0.08470355719327927 0
1634866661381 0.35985440015792847 0
1634866780731 0.1731833964586258 0
1634866900077 0.2820950150489807 0
1634867019467 0.2707429826259613 0
1634867138936 0.343338280916214 0
1634867258321 0.05464302375912666 0
1634867377651 0.05705481022596359 0
1634867496982 0.04475414752960205 0
1634867616232 0.1714319884777069 0
1634867736854 0.2568034529685974 0
1634867856124 0.11473216116428375 0
1634867975285 0.2907315194606781 0
1634868094381 0.1372310370206833 0
1634868213491 0.3136022388935089 0
1634868332615 0.3788549304008484 0
1634868451916 0.5084213614463806 0
1634868570924 0.3434862494468689 0
1634868690015 0.07642356306314468 0
1634868809064 0.29915452003479004 0
1634868929478 0.6156253814697266 0
1634869048708 0.19208797812461853 0
1634869167933 0.10535550117492676 0
1634869287045 0.2803797423839569 0
1634869406258 0.27177008986473083 0
1634869525426 0.45623621344566345 0
1634869644734 0.3169543743133545 0
1634869763995 0.21287322044372559 0
1634869883374 0.17083987593650818 0
1634870002586 0.17976532876491547 0
1634870123307 0.5274075269699097 0
1634870242674 0.6688616871833801 0
1634870362135 0.08655612915754318 0
1634870481487 0.26142019033432007 0
1634870600802 0.22228652238845825 0
1634870720035 0.03866558521986008 0
1634870839517 0.2593020796775818 0
1634870958826 0.07818323373794556 0
1634871078212 0.03763642534613609 0
1634871197401 0.2882204055786133 0
1634871318114 0.21381637454032898 0
1634871437252 0.13258148729801178 0
1634871556483 0.5758621692657471 0
1634871675801 0.05577637627720833 0
1634871795230 0.06365393102169037 0
1634871914744 0.052020035684108734 0
1634872034252 0.3667437732219696 0
1634872154035 0.24280601739883423 0
1634872273511 0.23103761672973633 0
1634872393028 0.12025080621242523 0
1634872513916 0.16046977043151855 0
1634872633375 0.31673136353492737 0
1634872752747 0.05603664368391037 0
1634872872148 0.5237955451011658 0
1634872991488 0.25696858763694763 0
1634873110985 0.23383846879005432 0
1634873230643 0.07622265815734863 0
1634873350243 0.0763792172074318 0
1634873469832 0.06583487242460251 0
1634873589327 0.12843279540538788 0
1634873710320 0.31278517842292786 0
1634873829980 0.07499691843986511 0
1634873949765 0.23682886362075806 0
1634874069649 0.3665386736392975 0
1634874189356 0.10390914231538773 0
1634874309111 0.13533852994441986 0
1634874428581 0.06601203978061676 0
1634874548145 0.22576011717319489 0
1634874667614 0.037914667278528214 0
1634874787005 0.07571833580732346 0
1634874907787 0.03183763846755028 0
1634875027488 0.1252005696296692 0
1634875146902 0.04807402566075325 0
1634875266857 0.5289474725723267 0
1634875386406 0.19006650149822235 0
1634875505636 0.1367979347705841 0
1634875624773 0.6547737121582031 0
1634875743985 0.10994437336921692 0
1634875863271 0.2983885407447815 0
1634875986643 0.05600610375404358 0
1634876110443 0.39996570348739624 0
1634876233971 0.5910541415214539 0
1634876357410 0.18227577209472656 0
1634876479564 0.1941322535276413 0
1634876602836 0.15249678492546082 0
1634876726144 0.03901148959994316 0
1634876849047 0.1575758159160614 0
1634876971716 0.20503808557987213 0
1634877093534 0.23639702796936035 0
1634877215592 0.2372858077287674 0
1634877340190 0.0386124812066555 0
1634877463669 0.42564132809638977 0
1634877587063 0.3213355839252472 0
1634877711310 0.1992456465959549 0
1634877834560 0.1614706963300705 0
1634877957028 0.11360027641057968 0
1634878078480 0.026347149163484573 0
1634878201037 0.15413574874401093 0
1634878324382 0.09984833002090454 0
1634878448213 0.16302043199539185 0
1634878572341 0.22718754410743713 0
1634878695184 0.1963067352771759 0
1634878818998 0.13690879940986633 0
1634878942540 0.07353362441062927 0
1634879065935 0.08042803406715393 0
1634879188108 0.16223593056201935 0
1634879310355 0.14821629226207733 0
1634879431759 0.12709806859493256 0
1634879554593 0.03612440451979637 0
1634879676356 0.533772885799408 0
1634879799394 0.08983412384986877 0
1634879921469 0.3449268341064453 0
1634880045289 0.050935033708810806 0
1634880168760 0.06130922958254814 0
1634880291513 0.1689254492521286 0
1634880413246 0.18134832382202148 0
1634880535240 0.2586670219898224 0
1634880658571 0.0685901939868927 0
1634880780802 0.04590762034058571 0
1634880904449 0.10868256539106369 0
1634881028906 0.30835211277008057 0
1634881151373 0.29789999127388 0
1634881273957 0.26174986362457275 0
1634881396196 0.47550061345100403 0
1634881519769 0.14751426875591278 0
1634881641588 0.2886170744895935 0
1634881764289 0.08091698586940765 0
1634881886822 0.05162104591727257 0
1634882009331 0.09900911152362823 0
1634882133131 0.11374370753765106 0
1634882257838 0.0885877013206482 0
1634882380887 0.3305051326751709 0
1634882504119 0.1401265561580658 0
1634882626901 0.5330591797828674 0
1634882750693 0.21251021325588226 0
1634882871421 0.5209190845489502 0
1634882992523 0.41226136684417725 0
1634883117866 0.21332532167434692 0
1634883239325 0.35761335492134094 0
1634883360672 0.08705173432826996 0
1634883483448 0.5108448266983032 0
1634883603252 0.4012143313884735 0
1634883723045 0.06266582757234573 0
1634883844268 0.08015789836645126 0
1634883966791 0.22185470163822174 0
1634884088907 0.14168864488601685 0
1634884209820 0.14128121733665466 0
1634884330716 0.0595923475921154 0
1634884450534 0.06817810982465744 0
1634884571752 0.04206343740224838 0
1634884694984 0.4641321897506714 0
