1634800679567 0.9375765025615692 0
1634800799611 0.6600185036659241 0
1634800919099 0.493106871843338 0
1634801038998 0.621731162071228 0
1634801158450 0.47505562007427216 0
1634801278129 0.5746968388557434 0
1634801397807 0.5582067966461182 0
1634801517554 0.6252271234989166 0
1634801636941 0.6394001096487045 0
1634801756364 0.6372712552547455 0
1634801875748 0.6632055342197418 0
1634801996894 0.3205029144883156 0
1634802116575 0.6789289861917496 0
1634802236126 0.4938952624797821 0
1634802355909 0.6416910290718079 0
1634802475495 0.6450671255588531 0
1634802595140 0.34706243686378 0
1634802714692 0.6469191610813141 0
1634802834218 0.6047310829162598 0
1634802953959 0.5403119027614594 0
1634803073613 0.27903233002871275 0
1634803194716 0.27880946546792984 0
1634803314536 0.7305697202682495 0
1634803434082 0.6103141009807587 0
1634803553689 0.6182040870189667 0
1634803673331 0.6245308220386505 0
1634803793048 0.49739590287208557 0
1634803912436 0.6630924344062805 0
1634804031793 0.3171669505536556 0
1634804151531 0.24300889484584332 0
1634804271189 0.3958774209022522 0
1634804392282 0.3207293227314949 0
1634804511961 0.6900569647550583 0
1634804631572 0.5279719829559326 0
1634804751185 0.30665795505046844 0
1634804870908 0.7353938221931458 0
1634804990422 0.6439504325389862 0
1634805110297 0.816286027431488 0
1634805229989 0.6957206428050995 0
1634805349908 0.6238358020782471 0
1634805469615 0.7884025275707245 0
1634805590668 0.6184056401252747 0
1634805710405 0.8566093146800995 0
1634805830202 0.4563949555158615 0
1634805949917 0.35448799282312393 0
1634806069605 0.4521937593817711 0
1634806189197 0.7388160228729248 0
1634806308784 0.8015221953392029 0
1634806428526 0.548213966190815 0
1634806548353 0.339911799877882 0
1634806667963 0.6926900446414948 0
1634806788920 0.7388409674167633 0
1634806908501 0.4042993262410164 0
1634807028320 0.6587783396244049 0
1634807148082 0.6417746543884277 0
1634807267910 0.739469051361084 0
1634807387699 0.3848218619823456 0
1634807507502 0.689096599817276 0
1634807627289 0.3131489548832178 0
1634807746995 0.6944147050380707 0
1634807866791 0.6465685367584229 0
1634807987900 0.22681060060858727 0
1634808107473 0.679232656955719 0
1634808227405 0.7002200186252594 0
1634808347096 0.35746704787015915 0
1634808466859 0.7554827332496643 0
1634808586774 0.4334828555583954 0
1634808706646 0.6850430071353912 0
1634808826146 0.609425276517868 0
1634808945995 0.6557780504226685 0
1634809065639 0.43189970403909683 0
1634809186776 0.3199306111782789 0
1634809306514 0.35222460702061653 0
1634809426028 0.46681026369333267 0
1634809545732 0.2688240706920624 0
1634809665133 0.6035359352827072 0
1634809784747 0.5683100819587708 0
1634809904671 0.3168322183191776 0
1634810024469 0.3373539038002491 0
1634810144387 0.6978614330291748 0
1634810264137 0.3405812717974186 0
1634810385100 0.6560944318771362 0
1634810504769 0.694305419921875 0
1634810624636 0.6942943334579468 0
1634810744436 0.6732659637928009 0
1634810864095 0.48622075468301773 0
1634810983649 0.8117455244064331 0
1634811103207 0.7787188589572906 0
1634811222935 0.6159734427928925 0
1634811342624 0.6984456181526184 0
1634811462431 0.698284775018692 0
1634811583652 0.7746133804321289 0
1634811703328 0.7584636807441711 0
1634811823125 0.6692230403423309 0
1634811942820 0.38140422105789185 0
1634812062672 0.5415757149457932 0
1634812182202 0.48915835469961166 0
1634812301864 0.788130134344101 0
1634812421495 0.8690171837806702 0
1634812540889 0.6797827482223511 0
1634812660223 0.7850351631641388 0
1634812781252 0.6789343059062958 0
1634812900841 0.7468070685863495 0
1634813020521 0.3687419518828392 0
1634813140234 0.7652455270290375 0
1634813259838 0.5380935072898865 0
1634813379678 0.9978805184364319 0
1634813499467 0.40876014344394207 0
1634813619036 0.5187228694558144 0
1634813738438 0.32027807645499706 0
1634813857796 0.5674271211028099 0
1634813978888 0.035962922498583794 0
1634814098278 0.39505457133054733 0
1634814217736 0.3284314554184675 0
1634814337486 0.7991514801979065 0
1634814456984 0.7774291932582855 0
1634814576488 0.31630939338356256 0
1634814695997 0.47564253211021423 0
1634814815543 0.46217139065265656 0
1634814935054 0.4499068558216095 0
1634815054665 0.6994141042232513 0
1634815175624 0.4888966530561447 0
1634815295044 0.9923599064350128 0
1634815414775 0.7706211507320404 0
1634815534375 0.8037284016609192 0
1634815653910 0.47838912159204483 0
1634815773302 0.6266458928585052 0
1634815893029 0.7753860056400299 0
1634816012568 0.7352970838546753 0
1634816132036 0.8496399223804474 0
1634816251565 0.4951848275959492 0
1634816372520 0.7957786619663239 0
1634816492126 0.7867262065410614 0
1634816611705 0.6674846112728119 0
1634816731286 0.46133390441536903 0
1634816851034 0.7664061188697815 0
1634816970634 0.5297589749097824 0
1634817090540 0.39271849347278476 0
1634817210180 0.8700345158576965 0
1634817330061 0.6389570534229279 0
1634817449848 0.6971901953220367 0
1634817571036 0.7700495719909668 0
1634817691008 0.7935196161270142 0
1634817810589 0.4192654639482498 0
1634817930246 0.8084547221660614 0
1634818049850 0.7757420539855957 0
1634818169406 0.7673008441925049 0
1634818288981 0.7283649742603302 0
1634818408838 0.6761473715305328 0
1634818528716 0.4174666330218315 0
1634818648693 0.6702868342399597 0
1634818769779 0.8115525841712952 0
1634818889266 0.7946294844150543 0
1634819008981 0.32143716560676694 0
1634819128506 0.3335099555552006 0
1634819248071 0.6738247275352478 0
1634819367817 0.34365690872073174 0
1634819487725 0.7493740618228912 0
1634819607298 0.7410397827625275 0
1634819727053 0.7424818575382233 0
1634819846716 0.6149521470069885 0
1634819967815 0.677023857831955 0
1634820087264 0.6742765307426453 0
1634820206915 0.7939797043800354 0
1634820326511 0.14254752174019814 0
1634820446104 0.3764820396900177 0
1634820565767 0.7749327421188354 0
1634820685309 0.3183248662389815 0
1634820805161 0.66740882396698 0
1634820924843 0.37409748136997223 0
1634821044448 0.7767826318740845 0
1634821165421 0.7027983069419861 0
1634821285199 0.6771558523178101 0
1634821404746 0.8302195966243744 0
1634821524244 0.7072654962539673 0
1634821643854 0.7983435392379761 0
1634821763510 0.6877442300319672 0
1634821883121 0.7058222591876984 0
1634822002674 0.6898689568042755 0
1634822122039 0.7077804505825043 0
1634822241434 0.7044548690319061 0
1634822362483 0.7043221890926361 0
1634822481845 0.6270241588354111 0
1634822601465 0.21788812056183815 0
1634822721071 0.6758837401866913 0
1634822840630 0.3472738452255726 0
1634822959986 0.7971964478492737 0
1634823079566 0.7945553958415985 0
1634823199044 0.31057792715728283 0
1634823318491 0.65988489985466 0
1634823438027 0.6648900210857391 0
1634823558958 0.8056779205799103 0
1634823678499 0.5410429239273071 0
1634823797944 0.3138222452253103 0
1634823917347 0.7222513556480408 0
1634824036879 0.6631505191326141 0
1634824156367 0.6611728668212891 0
1634824275937 0.6609778106212616 0
1634824395395 0.6610256135463715 0
1634824514685 0.6610658168792725 0
1634824633848 0.6609483957290649 0
1634824754762 0.7457717955112457 0
1634824874217 0.7505296766757965 0
1634824993609 0.7963261008262634 0
1634825113280 0.7199235260486603 0
1634825232589 0.43035703524947166 0
1634825351835 0.7754377126693726 0
1634825471213 0.7873577773571014 0
1634825590303 0.7457607388496399 0
1634825709477 0.8898998200893402 0
1634825828790 0.7077828049659729 0
1634825949688 0.6685271859169006 0
1634826069126 0.600466713309288 0
1634826188667 0.7667275071144104 0
1634826307834 0.7589883506298065 0
1634826427305 0.7447547614574432 0
1634826546806 0.5180142521858215 0
1634826666471 0.7519768476486206 0
1634826785812 0.4304879270493984 0
1634826905169 0.7578026652336121 0
1634827024722 0.8189612925052643 0
1634827145414 0.6771744191646576 0
1634827264498 0.3990424396470189 0
1634827383841 0.4274463579058647 0
1634827503012 0.4022807851433754 0
1634827622302 0.40502256341278553 0
1634827741558 0.2827503830194473 0
1634827860846 0.5651078820228577 0
1634827980232 0.6771781146526337 0
1634828099678 0.804997980594635 0
1634828218884 0.7558696866035461 0
1634828339461 0.4222699888050556 0
1634828458924 0.668038547039032 0
1634828578475 0.6739445924758911 0
1634828697882 0.7084316611289978 0
1634828817311 0.6681894958019257 0
1634828936656 0.6657140552997589 0
1634829055914 0.6672670543193817 0
1634829175289 0.6673162281513214 0
1634829294636 0.6673330068588257 0
1634829413849 0.8062752187252045 0
1634829534765 0.5910365283489227 0
1634829654142 0.3193915290758014 0
1634829773522 0.6681449115276337 0
1634829892918 0.6708828806877136 0
1634830012143 0.8040113747119904 0
1634830131622 0.8026836514472961 0
1634830251040 0.7850572466850281 0
1634830370476 0.7834786176681519 0
1634830490074 0.3155463240109384 0
1634830609433 0.3413313291966915 0
1634830729931 0.6925381124019623 0
1634830849406 0.68287792801857 0
1634830968779 0.5608087182044983 0
1634831088271 0.6687286198139191 0
1634831207904 0.34726519137620926 0
1634831327529 0.3274659514427185 0
1634831447167 0.671081155538559 0
1634831566642 0.7503975629806519 0
1634831686109 0.3152833441272378 0
1634831805788 0.7805301249027252 0
1634831926556 0.3856710344552994 0
1634832045722 0.7556541562080383 0
1634832164954 0.7607521414756775 0
1634832284360 0.8745167851448059 0
1634832403756 0.868878960609436 0
1634832523158 0.7607686221599579 0
1634832642334 0.820675402879715 0
1634832761635 0.790608137845993 0
1634832880845 0.8467289507389069 0
1634833000166 0.7538025677204132 0
1634833120883 0.8707237839698792 0
1634833240281 0.44765621796250343 0
1634833359599 0.18191470205783844 0
1634833478607 0.40199595503509045 0
1634833597921 0.0449764970690012 0
1634833717262 0.6719815135002136 0
1634833836653 0.8774468898773193 0
1634833955928 0.8743000626564026 0
1634834075101 0.8651231527328491 0
1634834194329 0.8802505433559418 0
1634834314955 0.7545137703418732 0
1634834434241 0.7678589522838593 0
1634834553515 0.8312185704708099 0
1634834672723 0.7895801067352295 0
1634834791887 0.7888420522212982 0
1634834911216 0.4693767800927162 0
1634835030394 0.05848133936524391 0
1634835149779 0.8598803281784058 0
1634835269119 0.318724213168025 0
1634835388561 0.8730221092700958 0
1634835509266 0.4958346337080002 0
1634835628763 0.40852628322318196 0
1634835748000 0.7679218053817749 0
1634835867373 0.14211178943514824 0
1634835986414 0.3420488741248846 0
1634836105590 0.31380118848755956 0
1634836224661 0.7519952058792114 0
1634836344010 0.6674816310405731 0
1634836463203 0.6674149036407471 0
1634836582280 0.673757404088974 0
1634836702844 0.721776694059372 0
1634836822299 0.7563672661781311 0
1634836941595 0.6672434210777283 0
1634837060578 0.671229898929596 0
1634837179615 0.6672897338867188 0
1634837298907 0.6972774267196655 0
1634837418040 0.618823766708374 0
1634837537492 0.6166349947452545 0
1634837656816 0.6114718616008759 0
1634837775951 0.6128225326538086 0
1634837896658 0.6468257904052734 0
1634838016006 0.6191311776638031 0
1634838135378 0.4731535166501999 0
1634838254722 0.3624703660607338 0
1634838374014 0.5136951804161072 0
1634838493390 0.6192410588264465 0
1634838612723 0.34473222866654396 0
1634838732101 0.70937579870224 0
1634838851394 0.618648111820221 0
1634838970674 0.618675172328949 0
1634839091727 0.6186740398406982 0
1634839211153 0.6186739504337311 0
1634839330432 0.618672788143158 0
1634839449738 0.6186727583408356 0
1634839568735 0.6186722815036774 0
1634839688026 0.6191891729831696 0
1634839807255 0.4646039456129074 0
1634839926250 0.6275560259819031 0
1634840045368 0.6186842918395996 0
1634840164627 0.6186729371547699 0
1634840285232 0.6257079243659973 0
1634840404391 0.6250639259815216 0
1634840523550 0.6250638961791992 0
1634840642732 0.6250639259815216 0
1634840761919 0.6446781754493713 0
1634840881117 0.6288337409496307 0
1634841000296 0.6186662018299103 0
1634841119520 0.6186719238758087 0
1634841238652 0.6186718940734863 0
1634841357801 0.6186718046665192 0
1634841478174 0.6186720132827759 0
1634841597366 0.37998542189598083 0
1634841716525 0.6186719238758087 0
1634841835593 0.6186718940734863 0
1634841954745 0.6186718940734863 0
1634842074023 0.6186718940734863 0
1634842193098 0.6186718940734863 0
1634842312253 0.6186718940734863 0
1634842431417 0.6186718940734863 0
1634842550604 0.6186718940734863 0
1634842671162 0.6186759173870087 0
1634842790270 0.6205863356590271 0
1634842909492 0.6186767220497131 0
1634843028685 0.6186718940734863 0
1634843147978 0.59288689494133 0
1634843267257 0.7297110855579376 0
1634843386446 0.7297099530696869 0
1634843505736 0.7297101020812988 0
1634843625098 0.7372700273990631 0
1634843744384 0.631536066532135 0
1634843865135 0.6315290927886963 0
1634843984521 0.6315289437770844 0
1634844103976 0.6186871230602264 0
1634844223154 0.6186720728874207 0
1634844342283 0.6186718940734863 0
1634844461447 0.6186718940734863 0
1634844580406 0.6186718940734863 0
1634844699664 0.6186718940734863 0
1634844818767 0.6186718940734863 0
1634844937771 0.6186718940734863 0
1634845058313 0.6186718940734863 0
1634845177657 0.6186718940734863 0
1634845296749 0.3468994311988354 0
1634845415949 0.6186671257019043 0
1634845535410 0.6186723709106445 0
1634845654815 0.6186718940734863 0
1634845774301 0.6186718940734863 0
1634845893866 0.6186718940734863 0
1634846015434 0.6186718940734863 0
1634846134665 0.6186718940734863 0
1634846255326 0.6186718940734863 0
1634846374912 0.6186718940734863 0
1634846494413 0.6186525821685791 0
1634846613732 0.6192573308944702 0
1634846733020 0.6210485100746155 0
1634846852397 0.6186701655387878 0
1634846971615 0.7111999988555908 0
1634847090779 0.5562782734632492 0
1634847209819 0.3445015996694565 0
1634847328782 0.673634946346283 0
1634847448931 0.7090437412261963 0
1634847567960 0.7106333374977112 0
1634847686665 0.5185990929603577 0
1634847805431 0.7062568664550781 0
1634847924683 0.7161163985729218 0
1634848044011 0.5985496938228607 0
1634848163220 0.32959312200546265 0
1634848282442 0.4702542871236801 0
1634848401543 0.7094104290008545 0
1634848521075 0.7094555497169495 0
1634848641524 0.709445595741272 0
1634848760875 0.7094185650348663 0
1634848879898 0.7094137370586395 0
1634848999151 0.7094115912914276 0
1634849118292 0.7094008326530457 0
1634849237429 0.7093905806541443 0
1634849356543 0.7093786895275116 0
1634849475554 0.49905068427324295 0
1634849594731 0.7094167470932007 0
1634849713881 0.7094092667102814 0
1634849835049 0.3239717995747924 0
1634849954196 0.7546727359294891 0
1634850073385 0.4274333715438843 0
1634850192467 0.7094180583953857 0
1634850311606 0.7093475461006165 0
1634850430696 0.7093943357467651 0
1634850549575 0.7093887329101562 0
1634850668476 0.7094057202339172 0
1634850787434 0.6151877492666245 0
1634850906495 0.7147286236286163 0
1634851026943 0.7031604647636414 0
1634851146190 0.6228161603212357 0
1634851265370 0.7121998369693756 0
1634851384601 0.7032012939453125 0
1634851503833 0.7029861211776733 0
1634851623003 0.8216293752193451 0
1634851742315 0.6035625636577606 0
1634851861428 0.6055131405591965 0
1634851980644 0.6055601239204407 0
1634852099747 0.6055354177951813 0
1634852220179 0.6055129319429398 0
1634852339268 0.4720219075679779 0
1634852458343 0.5218792706727982 0
1634852577300 0.5255714952945709 0
1634852696301 0.5213557481765747 0
1634852815627 0.6186807453632355 0
1634852934798 0.6187362372875214 0
1634853053892 0.618675947189331 0
1634853173012 0.6186728477478027 0
1634853292043 0.6186729073524475 0
1634853412518 0.6186720132827759 0
1634853531770 0.618672251701355 0
1634853651013 0.6186722815036774 0
1634853770008 0.6186719536781311 0
1634853889104 0.6043294966220856 0
1634854008233 0.6187842190265656 0
1634854127249 0.6186839640140533 0
1634854246229 0.618677407503128 0
1634854365404 0.6186779141426086 0
1634854484465 0.6186745464801788 0
1634854604978 0.6186720728874207 0
1634854724351 0.618671715259552 0
1634854843442 0.6186720132827759 0
1634854962680 0.6186718940734863 0
1634855081857 0.625063955783844 0
1634855201082 0.6186744272708893 0
1634855320494 0.4114353284239769 0
1634855439793 0.6254289448261261 0
1634855558998 0.6252315640449524 0
1634855678262 0.6247884929180145 0
1634855798573 0.3885628879070282 0
1634855917612 0.6490063965320587 0
1634856036582 0.3747859187424183 0
1634856155585 0.6251376569271088 0
1634856274966 0.625074028968811 0
1634856394141 0.625068873167038 0
1634856513482 0.6250652968883514 0
1634856632947 0.6250644326210022 0
1634856752330 0.6250637769699097 0
1634856871582 0.6250638365745544 0
1634856992445 0.6250638961791992 0
1634857111634 0.6250638961791992 0
1634857230757 0.6186677515506744 0
1634857349854 0.6186721920967102 0
1634857468847 0.6186718940734863 0
1634857587983 0.6186720430850983 0
1634857707133 0.6186719238758087 0
1634857826481 0.6186719834804535 0
1634857945654 0.6186721324920654 0
1634858064888 0.6186718940734863 0
1634858185423 0.6186718940734863 0
1634858304699 0.6186718940734863 0
1634858423850 0.6186718940734863 0
1634858543237 0.6186718940734863 0
1634858662501 0.6186718940734863 0
1634858781815 0.6186718940734863 0
1634858901130 0.6294960975646973 0
1634859020428 0.6186720728874207 0
1634859139758 0.6186718940734863 0
1634859259076 0.6186718940734863 0
1634859379646 0.6186718940734863 0
1634859499118 0.6186718940734863 0
1634859618324 0.6186718940734863 0
1634859737505 0.6186718940734863 0
1634859856697 0.6186721622943878 0
1634859975871 0.6186769604682922 0
1634860095206 0.6186718940734863 0
1634860214612 0.6188189387321472 0
1634860333908 0.6186719834804535 0
1634860453077 0.6188851892948151 0
1634860573934 0.6186718940734863 0
1634860693109 0.6186718940734863 0
1634860812308 0.6186718940734863 0
1634860931487 0.6186718940734863 0
1634861050615 0.6192757785320282 0
1634861169738 0.6187039613723755 0
1634861288995 0.8337686657905579 0
1634861408205 0.7116102874279022 0
1634861527731 0.6044020652770996 0
1634861647157 0.34987421706318855 0
1634861767789 0.6125868260860443 0
1634861886916 0.6123797595500946 0
1634862006181 0.37645428627729416 0
1634862125270 0.5052723586559296 0
1634862244545 0.2906342223286629 0
1634862364016 0.5225871205329895 0
1634862483241 0.639611005783081 0
1634862602524 0.6447583734989166 0
1634862721939 0.6186717748641968 0
1634862841031 0.6190557181835175 0
1634862962056 0.618678480386734 0
1634863081526 0.6167133152484894 0
1634863200906 0.6186715960502625 0
1634863320219 0.6259013116359711 0
1634863439599 0.6186719238758087 0
1634863558940 0.6186709702014923 0
1634863678385 0.6186719238758087 0
1634863797780 0.618672788143158 0
1634863917182 0.6186710298061371 0
1634864036535 0.6190666556358337 0
1634864157449 0.618671715259552 0
1634864276778 0.618701696395874 0
1634864395812 0.6186025440692902 0
1634864514997 0.6186718940734863 0
1634864633872 0.6186719238758087 0
1634864752892 0.6186703443527222 0
1634864871969 0.6186720132827759 0
1634864990992 0.6216823756694794 0
1634865109987 0.6186718940734863 0
1634865229046 0.6186618506908417 0
1634865349726 0.6187281310558319 0
1634865468722 0.6186723411083221 0
1634865587658 0.6124798655509949 0
1634865706682 0.6106461584568024 0
1634865825682 0.6123615205287933 0
1634865944860 0.6123560070991516 0
1634866064188 0.6123537421226501 0
1634866183349 0.6123551428318024 0
1634866302567 0.6123529672622681 0
1634866421660 0.6123529076576233 0
1634866542124 0.6123530566692352 0
1634866661396 0.7414385378360748 0
1634866780731 0.6332945823669434 0
1634866900077 0.43699219822883606 0
1634867019467 0.6250717341899872 0
1634867138936 0.6250655353069305 0
1634867258321 0.625063955783844 0
1634867377651 0.3616609275341034 0
1634867496982 0.6319976150989532 0
1634867616232 0.48589546978473663 0
1634867736870 0.6939999163150787 0
1634867856139 0.5119004398584366 0
1634867975285 0.6276535093784332 0
1634868094381 0.35543353855609894 0
1634868213491 0.6119577586650848 0
1634868332615 0.5379604995250702 0
1634868451916 0.4487242251634598 0
1634868570924 0.6188300549983978 0
1634868690031 0.3423668257892132 0
1634868809064 0.618679940700531 0
1634868929478 0.612361878156662 0
1634869048724 0.6123590469360352 0
1634869167933 0.6123460829257965 0
1634869287060 0.6123534440994263 0
1634869406258 0.61235311627388 0
1634869525426 0.6123529076576233 0
1634869644734 0.6123531758785248 0
1634869764010 0.6123595237731934 0
1634869883374 0.6123530566692352 0
1634870002586 0.6123525500297546 0
1634870123323 0.6123529672622681 0
1634870242690 0.5389179587364197 0
1634870362135 0.6125114560127258 0
1634870481487 0.6119489371776581 0
1634870600817 0.6123565137386322 0
1634870720050 0.6123682260513306 0
1634870839517 0.6123538017272949 0
1634870958826 0.6123582720756531 0
1634871078227 0.6123532354831696 0
1634871197417 0.6123536229133606 0
1634871318130 0.6123532652854919 0
1634871437268 0.6123528778553009 0
1634871556483 0.6123529970645905 0
1634871675801 0.6123506724834442 0
1634871795230 0.6123533844947815 0
1634871914744 0.612859457731247 0
1634872034268 0.3630523942410946 0
1634872154035 0.35478124395012856 0
1634872273511 0.6186771988868713 0
1634872393028 0.6186748445034027 0
1634872513916 0.6139885783195496 0
1634872633375 0.6186726987361908 0
1634872752763 0.618673175573349 0
1634872872148 0.6187026798725128 0
1634872991488 0.6186780333518982 0
1634873110985 0.6186719238758087 0
1634873230658 0.6186733245849609 0
1634873350258 0.6188485622406006 0
1634873469832 0.6186718642711639 0
1634873589327 0.6186747550964355 0
1634873710320 0.6186719238758087 0
1634873829980 0.6195707619190216 0
1634873949765 0.6186735033988953 0
1634874069649 0.6186718940734863 0
1634874189356 0.6186705827713013 0
1634874309111 0.6219665110111237 0
1634874428581 0.6186718940734863 0
1634874548145 0.6186690926551819 0
1634874667614 0.6186718046665192 0
1634874787021 0.6186719238758087 0
1634874907787 0.6186718940734863 0
1634875027488 0.6186720132827759 0
1634875146918 0.6186718940734863 0
1634875266857 0.6251214444637299 0
1634875386421 0.5211871564388275 0
1634875505636 0.5211887806653976 0
1634875624773 0.521242767572403 0
1634875743985 0.521184891462326 0
1634875863287 0.5211849212646484 0
1634875986658 0.5211825519800186 0
1634876110446 0.521184891462326 0
1634876233976 0.521184891462326 0
1634876357414 0.5211849063634872 0
1634876479568 0.521184891462326 0
1634876602840 0.521184891462326 0
1634876726148 0.3455536961555481 0
1634876849052 0.6186719238758087 0
1634876971720 0.6186809539794922 0
1634877093534 0.6186718940734863 0
1634877215608 0.6186718940734863 0
1634877340193 0.6186704337596893 0
1634877463673 0.6186718940734863 0
1634877587063 0.37292395532131195 0
1634877711314 0.6186938285827637 0
1634877834560 0.6186718940734863 0
1634877957047 0.6186716258525848 0
1634878078484 0.6186709702014923 0
1634878201041 0.6186811029911041 0
1634878324386 0.6186725497245789 0
1634878448213 0.6187138557434082 0
1634878572345 0.6186718940734863 0
1634878695184 0.6186714470386505 0
1634878819003 0.6172257959842682 0
1634878942544 0.6186730861663818 0
1634879065940 0.6186718344688416 0
1634879188112 0.6186718940734863 0
1634879310371 0.6186719238758087 0
1634879431763 0.6186718940734863 0
1634879554597 0.6186718940734863 0
1634879676360 0.6186718940734863 0
1634879799394 0.6186746954917908 0
1634879921469 0.6186721622943878 0
1634880045293 0.6186720430850983 0
1634880168764 0.6186719238758087 0
1634880291513 0.6186944544315338 0
1634880413246 0.6186718940734863 0
1634880535240 0.3856410086154938 0
1634880658575 0.6229059994220734 0
1634880780806 0.6158657670021057 0
1634880904453 0.6190512180328369 0
1634881028906 0.619207501411438 0
1634881151390 0.6187906563282013 0
1634881273957 0.618679016828537 0
1634881396201 0.6186745762825012 0
1634881519773 0.6186736226081848 0
1634881641588 0.6186723709106445 0
1634881764293 0.6186724901199341 0
1634881886826 0.6186723709106445 0
1634882009331 0.6186712980270386 0
1634882133135 0.6186719536781311 0
1634882257841 0.6186719834804535 0
1634882380891 0.6186720132827759 0
1634882504123 0.6186720430850983 0
1634882626903 0.6186742782592773 0
1634882750708 0.6186779737472534 0
1634882871440 0.6186719834804535 0
1634882992523 0.6186720728874207 0
1634883117870 0.6186719536781311 0
1634883239329 0.6186719536781311 0
1634883360684 0.6186720132827759 0
1634883483450 0.6186718940734863 0
1634883603252 0.6184850633144379 0
1634883723055 0.6186728775501251 0
1634883844272 0.6186726093292236 0
1634883966796 0.6186728179454803 0
1634884088917 0.6186718940734863 0
1634884209824 0.6186718940734863 0
1634884330716 0.6186718940734863 0
1634884450534 0.6186718940734863 0
1634884571756 0.6186718940734863 0
1634884694988 0.6455415487289429 0
