1634800679564 1.9096410870552063 0
1634800799595 0.5957600921392441 0
1634800919099 0.34641362726688385 0
1634801038982 0.2894512265920639 0
1634801158435 0.4933147579431534 0
1634801278113 0.27941136434674263 0
1634801397807 0.2993522472679615 0
1634801517538 0.26554262079298496 0
1634801636941 0.2677986938506365 0
1634801756348 0.2700448455289006 0
1634801875748 0.27067849319428205 0
1634801996878 0.30088816583156586 0
1634802116560 0.27324697747826576 0
1634802236126 0.26134149450808764 0
1634802355893 0.26157077122479677 0
1634802475480 0.2609647959470749 0
1634802595140 0.055176046676933765 0
1634802714675 0.26007690466940403 0
1634802834203 0.26249316800385714 0
1634802953959 0.26350514590740204 0
1634803073613 0.2944459281861782 0
1634803194716 0.2696207743138075 0
1634803314536 0.24926462015719153 0
1634803434066 0.2755968887358904 0
1634803553689 0.2711954154074192 0
1634803673331 0.26650479435920715 0
1634803793033 0.3258035033941269 0
1634803912436 0.25453999266028404 0
1634804031793 0.22420365270227194 0
1634804151516 0.24583393428474665 0
1634804271189 0.2668427024036646 0
1634804392266 0.2616413086652756 0
1634804511961 0.2537734522484243 0
1634804631572 0.2800078587606549 0
1634804751185 0.2750968784093857 0
1634804870908 0.25599254574626684 0
1634804990406 0.2523515373468399 0
1634805110297 0.2563043683767319 0
1634805229973 0.09444976784288883 0
1634805349908 0.09332932718098164 0
1634805469600 0.0717902323231101 0
1634805590653 0.030113832093775272 0
1634805710389 0.020329629769548774 0
1634805830187 0.08453516010195017 0
1634805949917 0.11671023070812225 0
1634806069605 0.053477926179766655 0
1634806189181 0.0830184331862256 0
1634806308784 0.03681772202253342 0
1634806428526 0.053458948503248394 0
1634806548353 0.07886217162013054 0
1634806667947 0.09594043716788292 0
1634806788920 0.07806316297501326 0
1634806908486 0.15745742619037628 0
1634807028305 0.09379828907549381 0
1634807148082 0.07935022283345461 0
1634807267910 0.06950220465660095 0
1634807387699 0.13966756965965033 0
1634807507487 0.0853563379496336 0
1634807627289 0.10106571018695831 0
1634807746980 0.09541800618171692 0
1634807866791 0.1254851371049881 0
1634807987884 0.1397729478776455 0
1634808107457 0.09152303636074066 0
1634808227389 0.09419304691255093 0
1634808347080 0.07354479935020208 0
1634808466843 0.07016989355906844 0
1634808586759 0.08301608450710773 0
1634808706631 0.10248827189207077 0
1634808826146 0.08445371687412262 0
1634808945995 0.09671973809599876 0
1634809065639 0.0964369922876358 0
1634809186760 0.08536749333143234 0
1634809306499 0.08047457784414291 0
1634809426028 0.23623011587187648 0
1634809545717 0.07051140069961548 0
1634809665118 0.17128839902579784 0
1634809784747 0.18307014368474483 0
1634809904671 0.07502090046182275 0
1634810024469 0.07132251840084791 0
1634810144371 0.09360356628894806 0
1634810264137 0.1702195554971695 0
1634810385085 0.0970620084553957 0
1634810504769 0.08714758977293968 0
1634810624636 0.10031192190945148 0
1634810744420 0.07785364985466003 0
1634810864095 0.0741130318492651 0
1634810983649 0.022342593409121037 0
1634811103207 0.07190794462803751 0
1634811222920 0.10273893550038338 0
1634811342609 0.08256197907030582 0
1634811462431 0.08849658444523811 0
1634811583652 0.07207652367651463 0
1634811703312 0.07386289909482002 0
1634811823109 0.09628687612712383 0
1634811942820 0.08325361274182796 0
1634812062657 0.14013702981173992 0
1634812182202 0.016327521298080683 0
1634812301864 0.038434626534581184 0
1634812421479 0.04139162786304951 0
1634812540889 0.029039819724857807 0
1634812660208 0.030607817694544792 0
1634812781252 0.03624456748366356 0
1634812900841 0.014424826251342893 0
1634813020505 0.03646432049572468 0
1634813140218 0.0373179716989398 0
1634813259838 0.02040392765775323 0
1634813379678 0.0011838571808766574 0
1634813499452 0.017194715735968202 0
1634813619020 0.02496673073619604 0
1634813738422 0.07256435975432396 0
1634813857796 0.013463216018863022 0
1634813978873 0.01823252730537206 0
1634814098278 0.06840961123816669 0
1634814217720 0.06849479209631681 0
1634814337470 0.07082883891416714 0
1634814456984 0.07159299228806049 0
1634814576473 0.09500332735478878 0
1634814695997 0.09692312963306904 0
1634814815543 0.0707767058047466 0
1634814935039 0.07187911262735724 0
1634815054665 0.08260735496878624 0
1634815175608 0.02848626021295786 0
1634815295044 0.004588474635966122 0
1634815414760 0.0319356694817543 0
1634815534375 0.02550375834107399 0
1634815653894 0.029094630852341652 0
1634815773286 0.0021345613931771368 0
1634815893013 0.03326763864606619 0
1634816012568 0.04243174381554127 0
1634816132036 0.02702344406861812 0
1634816251549 0.009693111293017864 0
1634816372520 0.06608598519233055 0
1634816492126 0.06664573319721967 0
1634816611690 0.0894189178943634 0
1634816731271 0.08081936836242676 0
1634816851019 0.07057036191690713 0
1634816970634 0.018871806794777513 0
1634817090540 0.017142509226687253 0
1634817210180 0.016958292806521058 0
1634817330046 0.13952026329934597 0
1634817449833 0.06942536495625973 0
1634817571036 0.07429074216634035 0
1634817690992 0.07045935801579617 0
1634817810589 0.16516681015491486 0
1634817930246 0.07024014962735237 0
1634818049834 0.0733186334837228 0
1634818169406 0.07251160591840744 0
1634818288966 0.07756700972095132 0
1634818408838 0.08950169943273067 0
1634818528700 0.06821686401963234 0
1634818648693 0.0874917134642601 0
1634818769763 0.061666167981456965 0
1634818889266 0.06266412464901805 0
1634819008981 0.0851381178945303 0
1634819128491 0.08559995330870152 0
1634819248055 0.08518521673977375 0
1634819367801 0.16464732214808464 0
1634819487725 0.0712844911031425 0
1634819607282 0.07363162096589804 0
1634819727038 0.0713021052069962 0
1634819846700 0.07114552240818739 0
1634819967799 0.08691125921905041 0
1634820087264 0.07945048343390226 0
1634820206899 0.06588667255709879 0
1634820326511 0.022223633946850896 0
1634820446104 0.08042905479669571 0
1634820565767 0.06753612356260419 0
1634820685309 0.09214457497000694 0
1634820805145 0.08941519446671009 0
1634820924843 0.09329125098884106 0
1634821044433 0.06845868960954249 0
1634821165405 0.07845779042690992 0
1634821285199 0.08688624016940594 0
1634821404731 0.06651525822235271 0
1634821524244 0.08258359506726265 0
1634821643838 0.0704070340434555 0
1634821763495 0.08856615051627159 0
1634821883105 0.08295769523829222 0
1634822002674 0.08669143542647362 0
1634822122039 0.08367899619042873 0
1634822241418 0.08254845812916756 0
1634822362467 0.08254811353981495 0
1634822481830 0.08650081884115934 0
1634822601465 0.09145116060972214 0
1634822721055 0.09479896537959576 0
1634822840615 0.09504394419491291 0
1634822959970 0.07032124343822943 0
1634823079566 0.070277712031384 0
1634823199029 0.07031746408028994 0
1634823318491 0.07564325397834182 0
1634823438011 0.09401598200201988 0
1634823558958 0.07077088544610888 0
1634823678483 0.09426511637866497 0
1634823797928 0.07260489952750504 0
1634823917331 0.0807166388258338 0
1634824036879 0.09399168007075787 0
1634824156367 0.09391371160745621 0
1634824275921 0.09392246976494789 0
1634824395379 0.09388218633830547 0
1634824514685 0.09387367591261864 0
1634824633848 0.09388523176312447 0
1634824754746 0.04011160135269165 0
1634824874202 0.04053736478090286 0
1634824993593 0.06501495640259236 0
1634825113280 0.08396084699779749 0
1634825232574 0.07660185359418392 0
1634825351819 0.030822458676993847 0
1634825471213 0.02938647475093603 0
1634825590303 0.0405329205095768 0
1634825709477 0.016646946634864435 0
1634825828790 0.08269953168928623 0
1634825949688 0.09132173657417297 0
1634826069110 0.07016166113317013 0
1634826188667 0.0334618603810668 0
1634826307818 0.04060812667012215 0
1634826427290 0.040221886709332466 0
1634826546806 0.023549127858132124 0
1634826666471 0.040401943027973175 0
1634826785812 0.020251031266525388 0
1634826905153 0.043052222579717636 0
1634827024722 0.025223868899047375 0
1634827145399 0.022729648742824793 0
1634827264482 0.01792103669140488 0
1634827383841 0.016673013466061093 0
1634827502997 0.027225105091929436 0
1634827622302 0.036060621961951256 0
1634827741543 0.017949595348909497 0
1634827860831 0.07809673063457012 0
1634827980217 0.08527117781341076 0
1634828099678 0.059171014348976314 0
1634828218884 0.06451404141262174 0
1634828339461 0.019286774622742087 0
1634828458924 0.089433453977108 0
1634828578459 0.08789084851741791 0
1634828697866 0.08298314269632101 0
1634828817295 0.08945203572511673 0
1634828936656 0.09058989584445953 0
1634829055898 0.08944212645292282 0
1634829175273 0.08941754326224327 0
1634829294621 0.0894164964556694 0
1634829413834 0.06763580697588623 0
1634829534765 0.08715836517512798 0
1634829654126 0.06636851513758302 0
1634829773506 0.08946841023862362 0
1634829892918 0.08942995592951775 0
1634830012127 0.0658814207999967 0
1634830131606 0.0659783976880135 0
1634830251040 0.06721352797467262 0
1634830370476 0.06776296463795006 0
1634830490058 0.06602505969931372 0
1634830609433 0.06731078599113971 0
1634830729931 0.08044487610459328 0
1634830849406 0.08476350642740726 0
1634830968764 0.06833962234668434 0
1634831088271 0.08950351178646088 0
1634831207889 0.07491462212055922 0
1634831327529 0.07609822135418653 0
1634831447167 0.0751342810690403 0
1634831566642 0.07220122683793306 0
1634831686109 0.07495601195842028 0
1634831805773 0.06984598841518164 0
1634831926540 0.022642222233116627 0
1634832045706 0.0381108270958066 0
1634832164954 0.03861828055232763 0
1634832284344 0.015255559352226555 0
1634832403740 0.015871137497015297 0
1634832523142 0.03552959579974413 0
1634832642319 0.022710563614964485 0
1634832761620 0.02885988913476467 0
1634832880845 0.023936206474900246 0
1634833000150 0.03804360702633858 0
1634833120883 0.015468083787709475 0
1634833240281 0.02233734494075179 0
1634833359583 0.07614587247371674 0
1634833478591 0.017215986037626863 0
1634833597921 0.06226026691729203 0
1634833717262 0.07835281826555729 0
1634833836653 0.014093241654336452 0
1634833955912 0.013532436569221318 0
1634834075085 0.01683115353807807 0
1634834194313 0.015154861146584153 0
1634834314939 0.03817209228873253 0
1634834434226 0.03919551149010658 0
1634834553515 0.01897547533735633 0
1634834672723 0.026824199594557285 0
1634834791871 0.026665224693715572 0
1634834911216 0.015155479777604342 0
1634835030378 0.015235615792335011 0
1634835149779 0.00489792472217232 0
1634835269119 0.016203382052481174 0
1634835388561 0.013464672141708434 0
1634835509251 0.014108430361375213 0
1634835628763 0.033850330859422684 0
1634835747984 0.03349383734166622 0
1634835867373 0.053760812210384756 0
1634835986414 0.06663604968343861 0
1634836105590 0.0801412919536233 0
1634836224661 0.07432844303548336 0
1634836343995 0.08944646082818508 0
1634836463187 0.0894490834325552 0
1634836582280 0.08513395301997662 0
1634836702844 0.03865231014788151 0
1634836822299 0.04478742554783821 0
1634836941580 0.03809633944183588 0
1634837060578 0.08949719369411469 0
1634837179599 0.08943545073270798 0
1634837298891 0.09084742143750191 0
1634837418040 0.13149269670248032 0
1634837537492 0.1314980462193489 0
1634837656801 0.13881118595600128 0
1634837775951 0.1371006742119789 0
1634837896642 0.14407241344451904 0
1634838016006 0.13161930441856384 0
1634838135363 0.13219555467367172 0
1634838254722 0.1448882818222046 0
1634838374014 0.09801056236028671 0
1634838493374 0.13149254769086838 0
1634838612708 0.07811241410672665 0
1634838732101 0.08842578530311584 0
1634838851378 0.13152489066123962 0
1634838970658 0.13149358332157135 0
1634839091727 0.13149266690015793 0
1634839211137 0.13149263709783554 0
1634839330432 0.13149266690015793 0
1634839449722 0.1314934343099594 0
1634839568719 0.1314929723739624 0
1634839688026 0.13149291276931763 0
1634839807255 0.11900155618786812 0
1634839926250 0.12719255685806274 0
1634840045352 0.13149260729551315 0
1634840164611 0.13149242103099823 0
1634840285217 0.12718239426612854 0
1634840404375 0.12718239426612854 0
1634840523550 0.12718239426612854 0
1634840642732 0.12718239426612854 0
1634840761903 0.11512891948223114 0
1634840881101 0.10784215107560158 0
1634841000296 0.13149242103099823 0
1634841119504 0.13149242103099823 0
1634841238637 0.13149242103099823 0
1634841357785 0.13149242103099823 0
1634841478159 0.13149242103099823 0
1634841597350 0.13149242103099823 0
1634841716509 0.13149242103099823 0
1634841835593 0.13149242103099823 0
1634841954730 0.13149242103099823 0
1634842074023 0.13149242103099823 0
1634842193098 0.13149242103099823 0
1634842312253 0.13149242103099823 0
1634842431417 0.13149242103099823 0
1634842550588 0.13149242103099823 0
1634842671162 0.13149260729551315 0
1634842790270 0.13149257749319077 0
1634842909476 0.13149242103099823 0
1634843028685 0.13149242103099823 0
1634843147962 0.13149242103099823 0
1634843267257 0.08006427437067032 0
1634843386430 0.08006427437067032 0
1634843505736 0.08006427437067032 0
1634843625083 0.07809233851730824 0
1634843744368 0.12301846593618393 0
1634843865135 0.12301849573850632 0
1634843984505 0.12301846593618393 0
1634844103976 0.13149242103099823 0
1634844223154 0.13149242103099823 0
1634844342283 0.13149242103099823 0
1634844461447 0.13149242103099823 0
1634844580406 0.13149242103099823 0
1634844699664 0.13149242103099823 0
1634844818767 0.13149242103099823 0
1634844937755 0.13149242103099823 0
1634845058298 0.13149242103099823 0
1634845177657 0.13149242103099823 0
1634845296749 0.13149242103099823 0
1634845415933 0.13149242103099823 0
1634845535395 0.13149242103099823 0
1634845654799 0.13149242103099823 0
1634845774285 0.13149242103099823 0
1634845893866 0.13149242103099823 0
1634846015434 0.13149242103099823 0
1634846134649 0.13149242103099823 0
1634846255311 0.13149242103099823 0
1634846374912 0.13149242103099823 0
1634846494413 0.13149242103099823 0
1634846613716 0.1316416636109352 0
1634846733020 0.1314949318766594 0
1634846852397 0.13149388879537582 0
1634846971600 0.07809294294565916 0
1634847090779 0.08077345322817564 0
1634847209804 0.08012622036039829 0
1634847328782 0.08941961452364922 0
1634847448931 0.08259675931185484 0
1634847567960 0.07809640560299158 0
1634847686665 0.08285469748079777 0
1634847805416 0.08039699029177427 0
1634847924667 0.08356735669076443 0
1634848044011 0.0787205221131444 0
1634848163220 0.07590729836374521 0
1634848282442 0.0758225554600358 0
1634848401543 0.075780363753438 0
1634848521075 0.07575720082968473 0
1634848641508 0.07575446180999279 0
1634848760875 0.0757558774203062 0
1634848879882 0.07575644459575415 0
1634848999136 0.07575513888150454 0
1634849118276 0.0757565014064312 0
1634849237429 0.07575884275138378 0
1634849356527 0.07576368656009436 0
1634849475554 0.07577231246978045 0
1634849594715 0.07575651537626982 0
1634849713866 0.07576316408813 0
1634849835049 0.08510526083409786 0
1634849954181 0.05055342707782984 0
1634850073385 0.0757680032402277 0
1634850192467 0.07575985044240952 0
1634850311606 0.07576115243136883 0
1634850430696 0.07576042506843805 0
1634850549560 0.07576364930719137 0
1634850668461 0.07576096709817648 0
1634850787434 0.16890473756939173 0
1634850906479 0.07204425800591707 0
1634851026943 0.08025810867547989 0
1634851146174 0.07188864331692457 0
1634851265354 0.08017208613455296 0
1634851384601 0.08007847517728806 0
1634851503818 0.08007993176579475 0
1634851622987 0.02667150180786848 0
1634851742315 0.1757718464359641 0
1634851861412 0.1756992619484663 0
1634851980629 0.17570474185049534 0
1634852099731 0.17570414301007986 0
1634852220163 0.1757003040984273 0
1634852339268 0.1752293948084116 0
1634852458328 0.18259461969137192 0
1634852577300 0.2271166369318962 0
1634852696301 0.22711683064699173 0
1634852815627 0.1314929723739624 0
1634852934798 0.13149257749319077 0
1634853053892 0.13149266690015793 0
1634853173012 0.1314927265048027 0
1634853292043 0.13149257749319077 0
1634853412518 0.13149269670248032 0
1634853531754 0.13149266690015793 0
1634853651013 0.13149260729551315 0
1634853769992 0.1314927265048027 0
1634853889088 0.14190564304590225 0
1634854008233 0.13150134682655334 0
1634854127233 0.13149291276931763 0
1634854246213 0.13149404525756836 0
1634854365404 0.13149254769086838 0
1634854484449 0.13149245083332062 0
1634854604978 0.13149245083332062 0
1634854724335 0.13149245083332062 0
1634854843426 0.13149245083332062 0
1634854962665 0.13149245083332062 0
1634855081857 0.12718242406845093 0
1634855201066 0.13149242103099823 0
1634855320478 0.13154259324073792 0
1634855439793 0.1271836757659912 0
1634855558982 0.12718266993761063 0
1634855678262 0.12717698514461517 0
1634855798557 0.0740263657644391 0
1634855917612 0.11297319456934929 0
1634856036567 0.12729504704475403 0
1634856155570 0.12718477845191956 0
1634856274966 0.12718258053064346 0
1634856394141 0.12718269973993301 0
1634856513466 0.12718245387077332 0
1634856632947 0.12718245387077332 0
1634856752330 0.1271825209259987 0
1634856871566 0.127191960811615 0
1634856992429 0.1271825209259987 0
1634857111634 0.12718245387077332 0
1634857230757 0.1314953863620758 0
1634857349854 0.13149257749319077 0
1634857468831 0.13149245083332062 0
1634857587983 0.13149242103099823 0
1634857707118 0.13149242103099823 0
1634857826481 0.13149245083332062 0
1634857945637 0.13149499148130417 0
1634858064873 0.13149242103099823 0
1634858185423 0.13149245083332062 0
1634858304699 0.13149242103099823 0
1634858423850 0.13149242103099823 0
1634858543237 0.13149242103099823 0
1634858662501 0.13149242103099823 0
1634858781815 0.13149242103099823 0
1634858901130 0.13149242103099823 0
1634859020428 0.13149242103099823 0
1634859139742 0.13149242103099823 0
1634859259076 0.13149242103099823 0
1634859379646 0.13149242103099823 0
1634859499102 0.13149242103099823 0
1634859618308 0.13149242103099823 0
1634859737489 0.13149242103099823 0
1634859856682 0.13149242103099823 0
1634859975855 0.13149281591176987 0
1634860095191 0.13149242103099823 0
1634860214612 0.13149242103099823 0
1634860333892 0.13149242103099823 0
1634860453077 0.13149242103099823 0
1634860573934 0.13149242103099823 0
1634860693093 0.13149242103099823 0
1634860812292 0.13149242103099823 0
1634860931471 0.13149242103099823 0
1634861050600 0.13150498270988464 0
1634861169738 0.13149242103099823 0
1634861288995 0.06581926186481724 0
1634861408205 0.08568711951375008 0
1634861527731 0.14193732291460037 0
1634861647157 0.10110306367278099 0
1634861767774 0.1359485536813736 0
1634861886916 0.13594858348369598 0
1634862006181 0.13166281580924988 0
1634862125270 0.18423399329185486 0
1634862244529 0.1275120973587036 0
1634862364000 0.1233966052532196 0
1634862483241 0.11900321394205093 0
1634862602524 0.11512916535139084 0
1634862721939 0.13149263709783554 0
1634862841031 0.1315336599946022 0
1634862962056 0.13149257749319077 0
1634863081526 0.13285240530967712 0
1634863200906 0.1314941644668579 0
1634863320204 0.13152152299880981 0
1634863439584 0.13149242103099823 0
1634863558924 0.13149306178092957 0
1634863678370 0.13149242103099823 0
1634863797765 0.13149242103099823 0
1634863917167 0.13149257749319077 0
1634864036519 0.131518192589283 0
1634864157433 0.13149263709783554 0
1634864276778 0.13149242103099823 0
1634864395812 0.13149242103099823 0
1634864514981 0.13149303197860718 0
1634864633856 0.13149242103099823 0
1634864752892 0.13149352371692657 0
1634864871969 0.13149242103099823 0
1634864990992 0.13149245083332062 0
1634865109972 0.13149242103099823 0
1634865229030 0.13149935752153397 0
1634865349711 0.1314941644668579 0
1634865468706 0.131492480635643 0
1634865587642 0.1359506994485855 0
1634865706667 0.13595250248908997 0
1634865825682 0.13594886660575867 0
1634865944844 0.13594858348369598 0
1634866064172 0.1359485536813736 0
1634866183349 0.1359485536813736 0
1634866302567 0.1359485536813736 0
1634866421645 0.1359485536813736 0
1634866542109 0.1359485536813736 0
1634866661381 0.07811902929097414 0
1634866780731 0.12719527631998062 0
1634866900061 0.1271912269294262 0
1634867019451 0.12718239426612854 0
1634867138936 0.12718239426612854 0
1634867258321 0.12718261033296585 0
1634867377651 0.12302463129162788 0
1634867496966 0.12287236750125885 0
1634867616232 0.13028770312666893 0
1634867736854 0.09387344494462013 0
1634867856124 0.08036866690963507 0
1634867975270 0.12718292325735092 0
1634868094365 0.12313050031661987 0
1634868213475 0.14133428782224655 0
1634868332599 0.2204018458724022 0
1634868451901 0.3556879535317421 0
1634868570924 0.13149458914995193 0
1634868690015 0.13149245083332062 0
1634868809064 0.1314927563071251 0
1634868929478 0.1359487697482109 0
1634869048708 0.13596362620592117 0
1634869167917 0.1359487995505333 0
1634869287045 0.13594922423362732 0
1634869406242 0.13594862073659897 0
1634869525426 0.13594868034124374 0
1634869644734 0.1359487995505333 0
1634869763995 0.13594980537891388 0
1634869883374 0.13596836477518082 0
1634870002586 0.13594858348369598 0
1634870123307 0.13594874739646912 0
1634870242674 0.13607188314199448 0
1634870362135 0.1359757035970688 0
1634870481471 0.13624783605337143 0
1634870600802 0.1359492614865303 0
1634870720035 0.1359485536813736 0
1634870839501 0.1359485536813736 0
1634870958826 0.1359485536813736 0
1634871078212 0.13594861328601837 0
1634871197401 0.1359485536813736 0
1634871318114 0.1359485536813736 0
1634871437252 0.13594871014356613 0
1634871556468 0.1359485536813736 0
1634871675801 0.13595032691955566 0
1634871795214 0.13595256209373474 0
1634871914744 0.13595237582921982 0
1634872034252 0.13149373978376389 0
1634872154020 0.13149260729551315 0
1634872273511 0.13149242103099823 0
1634872393012 0.1314929723739624 0
1634872513916 0.13149242103099823 0
1634872633359 0.13149242103099823 0
1634872752747 0.13149242103099823 0
1634872872133 0.13149242103099823 0
1634872991473 0.13150400668382645 0
1634873110985 0.131492480635643 0
1634873230643 0.13149242103099823 0
1634873350243 0.13149242103099823 0
1634873469816 0.13149245083332062 0
1634873589327 0.13149242103099823 0
1634873710304 0.131492480635643 0
1634873829980 0.13152073323726654 0
1634873949765 0.131492480635643 0
1634874069649 0.13149242103099823 0
1634874189356 0.13149242103099823 0
1634874309095 0.13149242103099823 0
1634874428581 0.13149242103099823 0
1634874548145 0.13149242103099823 0
1634874667599 0.13149303197860718 0
1634874787005 0.13149242103099823 0
1634874907772 0.13149242103099823 0
1634875027488 0.13149242103099823 0
1634875146902 0.13149242103099823 0
1634875266841 0.12718239426612854 0
1634875386406 0.22715940326452255 0
1634875505636 0.2271166369318962 0
1634875624773 0.2271166369318962 0
1634875743969 0.2271166369318962 0
1634875863271 0.2271166369318962 0
1634875986643 0.2271166369318962 0
1634876110439 0.2271166369318962 0
1634876233967 0.2271166369318962 0
1634876357406 0.2271166369318962 0
1634876479560 0.2271166369318962 0
1634876602831 0.2271166369318962 0
1634876726140 0.13238737732172012 0
1634876849043 0.13149242103099823 0
1634876971712 0.13149242103099823 0
1634877093534 0.13149242103099823 0
1634877215592 0.13149242103099823 0
1634877340186 0.1314934343099594 0
1634877463665 0.13149242103099823 0
1634877587061 0.13174112886190414 0
1634877711306 0.13153543323278427 0
1634877834560 0.13149263709783554 0
1634877957028 0.13149263709783554 0
1634878078476 0.13149306178092957 0
1634878201033 0.13149245083332062 0
1634878324378 0.131492480635643 0
1634878448213 0.13149245083332062 0
1634878572338 0.13149242103099823 0
1634878695169 0.13149242103099823 0
1634878818979 0.13365436345338821 0
1634878942536 0.1314931884407997 0
1634879065931 0.13149242103099823 0
1634879188104 0.13149245083332062 0
1634879310355 0.13149242103099823 0
1634879431753 0.13149242103099823 0
1634879554589 0.13149245083332062 0
1634879676352 0.13149242103099823 0
1634879799394 0.13149242103099823 0
1634879921469 0.13149242103099823 0
1634880045285 0.13149242103099823 0
1634880168755 0.13149242103099823 0
1634880291513 0.13149245083332062 0
1634880413231 0.13149242103099823 0
1634880535240 0.12385068461298943 0
1634880658567 0.13149309158325195 0
1634880780798 0.1353100910782814 0
1634880904445 0.13149355351924896 0
1634881028906 0.1316598802804947 0
1634881151373 0.13149242103099823 0
1634881273957 0.13149281591176987 0
1634881396191 0.13149242103099823 0
1634881519765 0.13149242103099823 0
1634881641573 0.13149242103099823 0
1634881764285 0.13149242103099823 0
1634881886818 0.13149242103099823 0
1634882009331 0.13149291276931763 0
1634882133126 0.13149242103099823 0
1634882257834 0.13149242103099823 0
1634882380883 0.13149242103099823 0
1634882504115 0.131492480635643 0
1634882626897 0.13149242103099823 0
1634882750693 0.13149242103099823 0
1634882871421 0.13149242103099823 0
1634882992523 0.13149242103099823 0
1634883117856 0.13149242103099823 0
1634883239315 0.13149242103099823 0
1634883360672 0.13149358332157135 0
1634883483438 0.13149242103099823 0
1634883603252 0.13162138313055038 0
1634883723045 0.13149242103099823 0
1634883844263 0.13149242103099823 0
1634883966787 0.13149242103099823 0
1634884088907 0.13149242103099823 0
1634884209816 0.13149242103099823 0
1634884330706 0.13149242103099823 0
1634884450534 0.13149242103099823 0
1634884571748 0.13149242103099823 0
1634884694980 0.10433609411120415 0
