1634800679567 1.4586763381958008 0
1634800799611 0.5025366544723511 0
1634800919099 0.4307170808315277 0
1634801038982 0.21255268156528473 0
1634801158450 0.4469497799873352 0
1634801278129 0.24412603676319122 0
1634801397807 0.249230295419693 0
1634801517538 0.13903625309467316 0
1634801636941 0.2860649824142456 0
1634801756364 0.3058277368545532 0
1634801875748 0.28683605790138245 0
1634801996894 0.2708750367164612 0
1634802116575 0.3204212188720703 0
1634802236126 0.12422019988298416 0
1634802355909 0.07087190449237823 0
1634802475495 0.1615159958600998 0
1634802595140 0.17747236788272858 0
1634802714692 0.5579622983932495 0
1634802834218 0.7421091794967651 0
1634802953959 0.25313156843185425 0
1634803073613 0.16320018470287323 0
1634803194716 0.4857600927352905 0
1634803314536 0.05882810801267624 0
1634803434082 0.11950269341468811 0
1634803553689 0.08386271446943283 0
1634803673331 0.338163286447525 0
1634803793048 0.1998387724161148 0
1634803912436 0.30194905400276184 0
1634804031793 0.659951388835907 0
1634804151516 0.5696480870246887 0
1634804271189 0.5447806119918823 0
1634804392282 0.18613821268081665 0
1634804511961 0.35765454173088074 0
1634804631572 0.34064340591430664 0
1634804751185 0.39486196637153625 0
1634804870908 0.05710329860448837 0
1634804990406 0.35802164673805237 0
1634805110297 0.5414168834686279 0
1634805229989 0.1402856409549713 0
1634805349908 0.050618428736925125 0
1634805469615 0.6130626797676086 0
1634805590653 0.3253709375858307 0
1634805710405 0.03139200434088707 0
1634805830187 0.04339856654405594 0
1634805949917 0.5093286037445068 0
1634806069605 0.29182595014572144 0
1634806189197 0.43611228466033936 0
1634806308784 0.3506677448749542 0
1634806428526 0.031776778399944305 0
1634806548353 0.0857149139046669 0
1634806667947 0.2506519556045532 0
1634806788920 0.17523635923862457 0
1634806908501 0.3538707494735718 0
1634807028320 0.29635366797447205 0
1634807148082 0.3362593650817871 0
1634807267910 0.5519207119941711 0
1634807387699 0.11364515125751495 0
1634807507502 0.47112610936164856 0
1634807627289 0.07532603293657303 0
1634807746995 0.1547349989414215 0
1634807866791 0.15801896154880524 0
1634807987884 0.35010865330696106 0
1634808107473 0.1547515094280243 0
1634808227405 0.11114013940095901 0
1634808347096 0.3697325587272644 0
1634808466859 0.48594075441360474 0
1634808586774 0.48716360330581665 0
1634808706646 0.18280532956123352 0
1634808826146 0.31680649518966675 0
1634808945995 0.09067612886428833 0
1634809065639 0.07991407066583633 0
1634809186760 0.15269562602043152 0
1634809306514 0.09645884484052658 0
1634809426028 0.2037532925605774 0
1634809545732 0.11253667622804642 0
1634809665118 0.1512748897075653 0
1634809784747 0.06830546259880066 0
1634809904671 0.39582058787345886 0
1634810024469 0.028168020769953728 0
1634810144387 0.04637005552649498 0
1634810264137 0.028446044772863388 0
1634810385100 0.2808911204338074 0
1634810504769 0.20389840006828308 0
1634810624636 0.34772348403930664 0
1634810744420 0.2805017828941345 0
1634810864095 0.2615903317928314 0
1634810983649 0.4253484308719635 0
1634811103207 0.19907253980636597 0
1634811222920 0.4239744544029236 0
1634811342609 0.40501484274864197 0
1634811462431 0.3092457354068756 0
1634811583652 0.26797980070114136 0
1634811703328 0.12768834829330444 0
1634811823125 0.3592488765716553 0
1634811942820 0.14438137412071228 0
1634812062672 0.4551560580730438 0
1634812182202 0.46080851554870605 0
1634812301864 0.2969547510147095 0
1634812421495 0.09415458887815475 0
1634812540889 0.31770166754722595 0
1634812660223 0.2760862410068512 0
1634812781252 0.4236772656440735 0
1634812900841 0.038228996098041534 0
1634813020521 0.46276265382766724 0
1634813140218 0.1273619681596756 0
1634813259838 0.05530182644724846 0
1634813379678 0.026857536286115646 0
1634813499467 0.3356981873512268 0
1634813619036 0.1731421947479248 0
1634813738438 0.0636843666434288 0
1634813857796 0.5257737636566162 0
1634813978888 0.0892658606171608 0
1634814098278 0.05731242150068283 0
1634814217736 0.16539457440376282 0
1634814337486 0.23215782642364502 0
1634814456984 0.5401474237442017 0
1634814576473 0.5128511190414429 0
1634814695997 0.35893112421035767 0
1634814815543 0.1526467353105545 0
1634814935039 0.45504745841026306 0
1634815054665 0.08097513765096664 0
1634815175624 0.08227963745594025 0
1634815295044 0.1141706332564354 0
1634815414775 0.15318037569522858 0
1634815534375 0.29501354694366455 0
1634815653894 0.18632502853870392 0
1634815773286 0.3238062560558319 0
1634815893013 0.31447678804397583 0
1634816012568 0.48234400153160095 0
1634816132036 0.462735652923584 0
1634816251549 0.3164535462856293 0
1634816372520 0.40991589426994324 0
1634816492126 0.11141576617956161 0
1634816611705 0.17678043246269226 0
1634816731286 0.4792214035987854 0
1634816851034 0.42438310384750366 0
1634816970634 0.46419090032577515 0
1634817090540 0.0997280552983284 0
1634817210180 0.13774019479751587 0
1634817330046 0.3039471209049225 0
1634817449848 0.46859294176101685 0
1634817571036 0.3099616467952728 0
1634817691008 0.3282715678215027 0
1634817810589 0.047600310295820236 0
1634817930246 0.4434391260147095 0
1634818049850 0.46127980947494507 0
1634818169406 0.10791031271219254 0
1634818288981 0.10805169492959976 0
1634818408838 0.4383948743343353 0
1634818528716 0.11770515888929367 0
1634818648693 0.22308377921581268 0
1634818769779 0.28458231687545776 0
1634818889266 0.40437090396881104 0
1634819008981 0.44781631231307983 0
1634819128506 0.09091001749038696 0
1634819248071 0.04652492329478264 0
1634819367817 0.19401909410953522 0
1634819487725 0.23680056631565094 0
1634819607298 0.37392717599868774 0
1634819727053 0.35625386238098145 0
1634819846716 0.4640982151031494 0
1634819967815 0.46130815148353577 0
1634820087264 0.5805871486663818 0
1634820206899 0.3204260468482971 0
1634820326511 0.1577553153038025 0
1634820446104 0.32451608777046204 0
1634820565767 0.2055674046278 0
1634820685309 0.2546270787715912 0
1634820805161 0.47336751222610474 0
1634820924843 0.5757433176040649 0
1634821044448 0.3104330897331238 0
1634821165405 0.27554622292518616 0
1634821285199 0.32189053297042847 0
1634821404746 0.58148193359375 0
1634821524244 0.2568643391132355 0
1634821643854 0.5680033564567566 0
1634821763510 0.17759931087493896 0
1634821883121 0.19721850752830505 0
1634822002674 0.36578696966171265 0
1634822122039 0.415375292301178 0
1634822241434 0.08347667753696442 0
1634822362467 0.4396411180496216 0
1634822481830 0.12337883561849594 0
1634822601465 0.09834284335374832 0
1634822721071 0.30090099573135376 0
1634822840630 0.46271130442619324 0
1634822959986 0.13923896849155426 0
1634823079566 0.2295055240392685 0
1634823199044 0.09446576982736588 0
1634823318491 0.09483492374420166 0
1634823438027 0.30615249276161194 0
1634823558958 0.2336384654045105 0
1634823678499 0.5361486673355103 0
1634823797944 0.41370511054992676 0
1634823917347 0.3068181872367859 0
1634824036879 0.08126618713140488 0
1634824156367 0.17710734903812408 0
1634824275937 0.2564923167228699 0
1634824395395 0.17265485227108002 0
1634824514685 0.33170852065086365 0
1634824633848 0.09469589591026306 0
1634824754762 0.5518991947174072 0
1634824874217 0.06046217679977417 0
1634824993593 0.2868472933769226 0
1634825113280 0.3965841829776764 0
1634825232589 0.22465017437934875 0
1634825351835 0.21114471554756165 0
1634825471213 0.039915040135383606 0
1634825590303 0.2700466215610504 0
1634825709477 0.14397166669368744 0
1634825828790 0.18016822636127472 0
1634825949688 0.5192078948020935 0
1634826069126 0.2829239070415497 0
1634826188667 0.18819192051887512 0
1634826307834 0.13493284583091736 0
1634826427290 0.3410975933074951 0
1634826546806 0.14460556209087372 0
1634826666471 0.14408287405967712 0
1634826785812 0.050362590700387955 0
1634826905169 0.4563767611980438 0
1634827024722 0.4514036774635315 0
1634827145399 0.1819153130054474 0
1634827264498 0.20870530605316162 0
1634827383841 0.021171262487769127 0
1634827503012 0.31240636110305786 0
1634827622302 0.2178969830274582 0
1634827741558 0.06853756308555603 0
1634827860846 0.3434225916862488 0
1634827980217 0.11337733268737793 0
1634828099678 0.17588509619235992 0
1634828218884 0.532762348651886 0
1634828339461 0.3246919810771942 0
1634828458924 0.35805171728134155 0
1634828578475 0.2944018542766571 0
1634828697882 0.4369899034500122 0
1634828817311 0.37302079796791077 0
1634828936656 0.46553361415863037 0
1634829055914 0.04908749833703041 0
1634829175289 0.16096973419189453 0
1634829294636 0.1822613626718521 0
1634829413849 0.5687088966369629 0
1634829534765 0.26201751828193665 0
1634829654142 0.28057464957237244 0
1634829773506 0.11194048821926117 0
1634829892918 0.01349955890327692 0
1634830012127 0.5347794890403748 0
1634830131622 0.3179359436035156 0
1634830251040 0.03278401866555214 0
1634830370476 0.43164297938346863 0
1634830490058 0.11240532249212265 0
1634830609433 0.5011208057403564 0
1634830729931 0.22526627779006958 0
1634830849406 0.09075183421373367 0
1634830968779 0.18469633162021637 0
1634831088271 0.4785620868206024 0
1634831207904 0.2810783088207245 0
1634831327529 0.2414505034685135 0
1634831447167 0.2506963610649109 0
1634831566642 0.2680016756057739 0
1634831686109 0.2970487177371979 0
1634831805788 0.5187852382659912 0
1634831926556 0.27180996537208557 0
1634832045706 0.1912643164396286 0
1634832164954 0.3713642954826355 0
1634832284360 0.17042626440525055 0
1634832403756 0.3734830319881439 0
1634832523158 0.2875524163246155 0
1634832642334 0.45606040954589844 0
1634832761635 0.15225915610790253 0
1634832880845 0.11746694147586823 0
1634833000150 0.032317645847797394 0
1634833120883 0.2860928475856781 0
1634833240281 0.37637948989868164 0
1634833359599 0.4274933934211731 0
1634833478591 0.035031914710998535 0
1634833597921 0.02635839581489563 0
1634833717262 0.24253296852111816 0
1634833836653 0.246335968375206 0
1634833955928 0.12799373269081116 0
1634834075101 0.4496523141860962 0
1634834194329 0.2864581346511841 0
1634834314955 0.238902285695076 0
1634834434226 0.2738425135612488 0
1634834553515 0.13020482659339905 0
1634834672723 0.027464397251605988 0
1634834791871 0.26675549149513245 0
1634834911216 0.08941268175840378 0
1634835030394 0.3666572570800781 0
1634835149779 0.14463381469249725 0
1634835269119 0.24158897995948792 0
1634835388561 0.4839153289794922 0
1634835509266 0.02555706538259983 0
1634835628763 0.2598206102848053 0
1634835748000 0.36951202154159546 0
1634835867373 0.2575286030769348 0
1634835986414 0.13394209742546082 0
1634836105590 0.240940660238266 0
1634836224661 0.41864603757858276 0
1634836343995 0.1762622743844986 0
1634836463203 0.18465614318847656 0
1634836582280 0.4131770431995392 0
1634836702844 0.21396999061107635 0
1634836822299 0.3872905969619751 0
1634836941595 0.03243519365787506 0
1634837060578 0.11489446461200714 0
1634837179615 0.0631488561630249 0
1634837298891 0.017613239586353302 0
1634837418040 0.10684338212013245 0
1634837537492 0.218567356467247 0
1634837656816 0.14960739016532898 0
1634837775951 0.17390231788158417 0
1634837896642 0.6205239295959473 0
1634838016006 0.4599861800670624 0
1634838135378 0.23540884256362915 0
1634838254722 0.3249189257621765 0
1634838374014 0.4656442403793335 0
1634838493374 0.03041645511984825 0
1634838612723 0.21442638337612152 0
1634838732101 0.41687002778053284 0
1634838851378 0.23256337642669678 0
1634838970674 0.030617279931902885 0
1634839091727 0.24163702130317688 0
1634839211153 0.49031102657318115 0
1634839330432 0.27837443351745605 0
1634839449738 0.24753403663635254 0
1634839568735 0.643868625164032 0
1634839688026 0.05231071636080742 0
1634839807255 0.09529966115951538 0
1634839926250 0.4525205194950104 0
1634840045368 0.4327218234539032 0
1634840164627 0.17278167605400085 0
1634840285232 0.29811686277389526 0
1634840404391 0.32399049401283264 0
1634840523550 0.32653313875198364 0
1634840642732 0.3097919821739197 0
1634840761903 0.4613909125328064 0
1634840881117 0.24702408909797668 0
1634841000296 0.6171460151672363 0
1634841119520 0.09527420252561569 0
1634841238652 0.27842655777931213 0
1634841357801 0.20140239596366882 0
1634841478174 0.0833706185221672 0
1634841597366 0.352084219455719 0
1634841716525 0.2214600145816803 0
1634841835593 0.08089129626750946 0
1634841954745 0.050039634108543396 0
1634842074023 0.20195020735263824 0
1634842193098 0.21771718561649323 0
1634842312253 0.3629815876483917 0
1634842431417 0.30712297558784485 0
1634842550604 0.4276788532733917 0
1634842671162 0.4804675281047821 0
1634842790270 0.20259249210357666 0
1634842909476 0.18881891667842865 0
1634843028685 0.35154980421066284 0
1634843147978 0.425846666097641 0
1634843267257 0.12225963920354843 0
1634843386446 0.08942583203315735 0
1634843505736 0.03875045105814934 0
1634843625098 0.2608281970024109 0
1634843744384 0.47058168053627014 0
1634843865135 0.2634444236755371 0
1634843984521 0.27061834931373596 0
1634844103976 0.1218167245388031 0
1634844223154 0.15726448595523834 0
1634844342283 0.6040353178977966 0
1634844461447 0.13278719782829285 0
1634844580406 0.2776987552642822 0
1634844699664 0.40231379866600037 0
1634844818767 0.22692734003067017 0
1634844937771 0.1394738107919693 0
1634845058298 0.25838586688041687 0
1634845177657 0.3784008324146271 0
1634845296749 0.41564616560935974 0
1634845415949 0.5968537926673889 0
1634845535395 0.13412152230739594 0
1634845654799 0.23000694811344147 0
1634845774285 0.32606470584869385 0
1634845893866 0.20544734597206116 0
1634846015434 0.628673255443573 0
1634846134665 0.08561272919178009 0
1634846255326 0.03893893212080002 0
1634846374912 0.41228172183036804 0
1634846494413 0.523368239402771 0
1634846613732 0.24006406962871552 0
1634846733020 0.1577918380498886 0
1634846852397 0.3509143590927124 0
1634846971615 0.32126450538635254 0
1634847090779 0.5256111025810242 0
1634847209804 0.17904461920261383 0
1634847328782 0.19143258035182953 0
1634847448931 0.17094142735004425 0
1634847567960 0.24623341858386993 0
1634847686665 0.210780069231987 0
1634847805431 0.29971587657928467 0
1634847924683 0.3295014500617981 0
1634848044011 0.1856362223625183 0
1634848163220 0.38531845808029175 0
1634848282442 0.05975218489766121 0
1634848401543 0.5922038555145264 0
1634848521075 0.1809469312429428 0
1634848641524 0.10212142020463943 0
1634848760875 0.12611864507198334 0
1634848879898 0.20984861254692078 0
1634848999151 0.3668554127216339 0
1634849118292 0.328136682510376 0
1634849237429 0.553779125213623 0
1634849356527 0.5612421035766602 0
1634849475554 0.07920674979686737 0
1634849594731 0.49353426694869995 0
1634849713866 0.11741932481527328 0
1634849835049 0.42074549198150635 0
1634849954181 0.0939100831747055 0
1634850073385 0.06262853741645813 0
1634850192467 0.302398681640625 0
1634850311606 0.2281937450170517 0
1634850430696 0.6267906427383423 0
1634850549575 0.5956695675849915 0
1634850668476 0.5204291343688965 0
1634850787434 0.19554172456264496 0
1634850906479 0.24373693764209747 0
1634851026943 0.16582880914211273 0
1634851146190 0.20642749965190887 0
1634851265370 0.08327359706163406 0
1634851384601 0.29536816477775574 0
1634851503833 0.02297927252948284 0
1634851622987 0.11650808155536652 0
1634851742315 0.4226822853088379 0
1634851861428 0.15125931799411774 0
1634851980629 0.2666443884372711 0
1634852099731 0.29225730895996094 0
1634852220179 0.3466144800186157 0
1634852339268 0.5189312696456909 0
1634852458328 0.3413926661014557 0
1634852577300 0.15130463242530823 0
1634852696301 0.2375868260860443 0
1634852815627 0.06325741112232208 0
1634852934798 0.3770895004272461 0
1634853053892 0.13670440018177032 0
1634853173012 0.18196401000022888 0
1634853292043 0.4951784014701843 0
1634853412518 0.4273853600025177 0
1634853531770 0.3933553099632263 0
1634853651013 0.25007161498069763 0
1634853769992 0.4209264814853668 0
1634853889104 0.3558991849422455 0
1634854008233 0.02559712342917919 0
1634854127249 0.373101145029068 0
1634854246229 0.021685587242245674 0
1634854365404 0.4175748825073242 0
1634854484465 0.46366673707962036 0
1634854604978 0.49369874596595764 0
1634854724351 0.23433086276054382 0
1634854843442 0.30667755007743835 0
1634854962680 0.21885845065116882 0
1634855081857 0.14822466671466827 0
1634855201082 0.2486814707517624 0
1634855320494 0.5349395275115967 0
1634855439793 0.3105051815509796 0
1634855558998 0.5224676132202148 0
1634855678262 0.5634424686431885 0
1634855798573 0.323947012424469 0
1634855917612 0.6868724226951599 0
1634856036582 0.023659395053982735 0
1634856155585 0.12391636520624161 0
1634856274966 0.3127017915248871 0
1634856394141 0.2513342797756195 0
1634856513482 0.2574847340583801 0
1634856632947 0.08169198036193848 0
1634856752330 0.0395171232521534 0
1634856871566 0.22734807431697845 0
1634856992445 0.5497451424598694 0
1634857111634 0.2079073190689087 0
1634857230757 0.41461920738220215 0
1634857349854 0.31766048073768616 0
1634857468847 0.21895401179790497 0
1634857587983 0.00996378343552351 0
1634857707133 0.6859173774719238 0
1634857826481 0.49520382285118103 0
1634857945637 0.14356018602848053 0
1634858064888 0.25934281945228577 0
1634858185423 0.5274668335914612 0
1634858304699 0.1791926771402359 0
1634858423850 0.04288112744688988 0
1634858543237 0.3110767602920532 0
1634858662501 0.08650124818086624 0
1634858781815 0.03976511210203171 0
1634858901130 0.16213683784008026 0
1634859020428 0.14437070488929749 0
1634859139758 0.14436188340187073 0
1634859259076 0.03691168501973152 0
1634859379646 0.1715802550315857 0
1634859499118 0.32552438974380493 0
1634859618308 0.5767492651939392 0
1634859737505 0.6155540943145752 0
1634859856697 0.46655839681625366 0
1634859975871 0.4493394196033478 0
1634860095191 0.13319429755210876 0
1634860214612 0.1872980296611786 0
1634860333908 0.15565091371536255 0
1634860453077 0.08566674590110779 0
1634860573934 0.3641614615917206 0
1634860693109 0.055266737937927246 0
1634860812308 0.5026932954788208 0
1634860931471 0.03208274766802788 0
1634861050615 0.027625160291790962 0
1634861169738 0.10982643067836761 0
1634861288995 0.3254959285259247 0
1634861408205 0.595284104347229 0
1634861527731 0.452976793050766 0
1634861647157 0.4157390296459198 0
1634861767789 0.23659072816371918 0
1634861886916 0.30229106545448303 0
1634862006181 0.08315259218215942 0
1634862125270 0.2874657213687897 0
1634862244545 0.38338813185691833 0
1634862364016 0.06523911654949188 0
1634862483241 0.4003894031047821 0
1634862602524 0.17690294981002808 0
1634862721939 0.39159664511680603 0
1634862841031 0.26546430587768555 0
1634862962056 0.059743717312812805 0
1634863081526 0.600795328617096 0
1634863200906 0.43108242750167847 0
1634863320219 0.27002355456352234 0
1634863439599 0.617864727973938 0
1634863558940 0.07777605950832367 0
1634863678385 0.15964119136333466 0
1634863797780 0.22475042939186096 0
1634863917167 0.4224701523780823 0
1634864036535 0.17762164771556854 0
1634864157433 0.07725907117128372 0
1634864276778 0.026431992650032043 0
1634864395812 0.32126879692077637 0
1634864514997 0.1963546872138977 0
1634864633856 0.4833260178565979 0
1634864752892 0.19426710903644562 0
1634864871969 0.40689754486083984 0
1634864990992 0.3165997266769409 0
1634865109987 0.4126776158809662 0
1634865229030 0.3378106653690338 0
1634865349726 0.2224835306406021 0
1634865468722 0.24447743594646454 0
1634865587658 0.24542583525180817 0
1634865706682 0.3698532283306122 0
1634865825682 0.1742212474346161 0
1634865944844 0.05377960950136185 0
1634866064188 0.4166659712791443 0
1634866183349 0.2804405689239502 0
1634866302567 0.12409357726573944 0
1634866421660 0.13466797769069672 0
1634866542124 0.2782711386680603 0
1634866661396 0.08666639029979706 0
1634866780731 0.03415617719292641 0
1634866900077 0.32478103041648865 0
1634867019467 0.16728048026561737 0
1634867138936 0.3618967831134796 0
1634867258321 0.057324234396219254 0
1634867377651 0.2591283619403839 0
1634867496982 0.2086000293493271 0
1634867616232 0.22306157648563385 0
1634867736854 0.3304247558116913 0
1634867856124 0.19791048765182495 0
1634867975285 0.014792005531489849 0
1634868094381 0.31289467215538025 0
1634868213491 0.48898112773895264 0
1634868332615 0.03372541815042496 0
1634868451916 0.09965261816978455 0
1634868570924 0.08699630200862885 0
1634868690015 0.6567627191543579 0
1634868809064 0.5411117076873779 0
1634868929478 0.13767050206661224 0
1634869048708 0.315227746963501 0
1634869167933 0.33695676922798157 0
1634869287045 0.4887336790561676 0
1634869406258 0.18573807179927826 0
1634869525426 0.05022186040878296 0
1634869644734 0.3452502489089966 0
1634869763995 0.5065885782241821 0
1634869883374 0.1150505319237709 0
1634870002586 0.36382371187210083 0
1634870123323 0.560656726360321 0
1634870242674 0.023718230426311493 0
1634870362135 0.02727319858968258 0
1634870481487 0.5437686443328857 0
1634870600802 0.09877441823482513 0
1634870720035 0.08586008846759796 0
1634870839517 0.5310214757919312 0
1634870958826 0.5586658120155334 0
1634871078212 0.4000585377216339 0
1634871197417 0.41750937700271606 0
1634871318130 0.30655014514923096 0
1634871437268 0.030853671953082085 0
1634871556483 0.0771695226430893 0
1634871675801 0.26683253049850464 0
1634871795230 0.19158484041690826 0
1634871914744 0.2120629996061325 0
1634872034268 0.1313558667898178 0
1634872154035 0.13076399266719818 0
1634872273511 0.15731178224086761 0
1634872393028 0.4576282501220703 0
1634872513916 0.3740309774875641 0
1634872633375 0.04210498183965683 0
1634872752747 0.4516274034976959 0
1634872872148 0.120622918009758 0
1634872991488 0.13241131603717804 0
1634873110985 0.3211694359779358 0
1634873230658 0.07379912585020065 0
1634873350243 0.3630128502845764 0
1634873469832 0.48560619354248047 0
1634873589327 0.30124154686927795 0
1634873710320 0.4886554181575775 0
1634873829980 0.41020631790161133 0
1634873949765 0.37490418553352356 0
1634874069649 0.07705804705619812 0
1634874189356 0.529228150844574 0
1634874309111 0.04140555486083031 0
1634874428581 0.015749704092741013 0
1634874548145 0.3919413983821869 0
1634874667614 0.21624280512332916 0
1634874787021 0.5361698269844055 0
1634874907787 0.24510321021080017 0
1634875027488 0.0894855484366417 0
1634875146918 0.24170389771461487 0
1634875266857 0.5245934128761292 0
1634875386406 0.22593800723552704 0
1634875505636 0.2830665409564972 0
1634875624773 0.3483544886112213 0
1634875743985 0.4969213008880615 0
1634875863287 0.5340929627418518 0
1634875986643 0.43879231810569763 0
1634876110444 0.10875465720891953 0
1634876233974 0.3940427303314209 0
1634876357412 0.16260354220867157 0
1634876479566 0.15572093427181244 0
1634876602839 0.5723031759262085 0
1634876726146 0.07498881220817566 0
1634876849049 0.2871503233909607 0
1634876971718 0.4013260006904602 0
1634877093534 0.27656087279319763 0
1634877215608 0.6298247575759888 0
1634877340191 0.26325517892837524 0
1634877463671 0.03439237177371979 0
1634877587063 0.5503820776939392 0
1634877711312 0.10401945561170578 0
1634877834560 0.12372216582298279 0
1634877957043 0.4720838665962219 0
1634878078482 0.11723630875349045 0
1634878201039 0.16472984850406647 0
1634878324384 0.312631219625473 0
1634878448213 0.04316238686442375 0
1634878572343 0.08626703917980194 0
1634878695184 0.12093368917703629 0
1634878819000 0.03348464518785477 0
1634878942542 0.3749958872795105 0
1634879065937 0.09674646705389023 0
1634879188110 0.10871022939682007 0
1634879310355 0.0190507210791111 0
1634879431761 0.3094234764575958 0
1634879554595 0.1644221544265747 0
1634879676358 0.24846285581588745 0
1634879799394 0.4721333980560303 0
1634879921469 0.382520854473114 0
1634880045291 0.2445751577615738 0
1634880168762 0.25510939955711365 0
1634880291513 0.19508272409439087 0
1634880413246 0.11546321958303452 0
1634880535240 0.41850242018699646 0
1634880658573 0.11830347031354904 0
1634880780804 0.19032400846481323 0
1634880904451 0.18126477301120758 0
1634881028906 0.6856079697608948 0
1634881151373 0.09750452637672424 0
1634881273957 0.0646490827202797 0
1634881396201 0.35333725810050964 0
1634881519771 0.17084325850009918 0
1634881641588 0.49693626165390015 0
1634881764291 0.42152222990989685 0
1634881886824 0.05562836304306984 0
1634882009331 0.44597315788269043 0
1634882133133 0.032725438475608826 0
1634882257839 0.34153059124946594 0
1634882380889 0.006093607749789953 0
1634882504121 0.6422844529151917 0
1634882626903 0.2350783795118332 0
1634882750693 0.503151535987854 0
1634882871438 0.30727261304855347 0
1634882992523 0.333488404750824 0
1634883117868 0.1991845816373825 0
1634883239327 0.08877059817314148 0
1634883360682 0.1331540048122406 0
1634883483450 0.3932201862335205 0
1634883603252 0.3399933874607086 0
1634883723045 0.43611806631088257 0
1634883844270 0.05246647819876671 0
1634883966793 0.10118433833122253 0
1634884088907 0.14206326007843018 0
1634884209822 0.6535175442695618 0
1634884330716 0.1399587094783783 0
1634884450534 0.07426638901233673 0
1634884571754 0.09951118379831314 0
1634884694986 0.29647573828697205 0
