1634526313720 0 0
1634526316076 0 0
1634526317421 0 0
1634526318770 0 0
1634526320118 0 0
1634526321446 0 0
1634526322776 0 0
1634526324105 0 0
1634526325434 0 0
1634526326763 0 0
1634526328092 0 0
1634526330439 0 0
1634526331768 0 0
1634526333098 0 0
1634526334427 0 0
1634526335807 0 0
1634526337200 0 0
1634526338529 0 0
1634526339886 0 0
1634526341215 0 0
1634526342544 0 0
1634526344948 0 0
1634526346277 0 0
1634526347607 0 0
1634526348936 0 0
1634526350266 0 0
1634526351595 0 0
1634526352925 0 0
1634526354253 0 0
1634526355585 0 0
1634526356959 0 0
1634526359430 0 0
1634526360807 0 0
1634526362216 0 0
1634526363591 0 0
1634526364920 0 0
1634526366273 0 0
1634526367626 0 0
1634526368955 0 0
1634526370284 0 0
1634526371613 0 0
1634526374067 0 0
1634526375396 0 0
1634526376740 0 0
1634526378093 0 0
1634526379469 0 0
1634526380865 0 0
1634526382242 0 0
1634526383603 0 0
1634526384964 0 0
1634526386309 0 0
1634526388786 0 0
1634526390135 0 0
1634526391478 0 0
1634526392851 0 0
1634526394247 0 0
1634526395627 0 0
1634526396977 0 0
1634526398306 0 0
1634526399685 0 0
1634526401043 0 0
1634526403496 0 0
1634526404842 0 0
1634526406210 0 0
1634526407555 0 0
1634526408886 0 0
1634526410230 0 0
1634526411559 0 0
1634526412888 0 0
1634526414217 0 0
1634526415546 0 0
1634526417986 0 0
1634526419315 0 0
1634526420644 0 0
1634526421973 0 0
1634526423303 0 0
1634526424633 0 0
1634526425962 0 0
1634526427308 0 0
1634526428653 0 0
1634526430013 0 0
1634526432418 0 0
1634526433777 0 0
1634526435147 0 0
1634526436522 0 0
1634526437962 0 0
1634526439355 0 0
1634526440732 0 0
1634526442093 0 0
1634526443485 0 0
1634526444861 0 0
1634526447275 0 0
1634526448620 0 0
1634526449985 0 0
1634526451330 0 0
1634526452693 0 0
1634526454039 0 0
1634526455368 0 0
1634526456697 0 0
1634526458027 0 0
1634526459356 0 0
1634526461889 0 0
1634526463233 0 0
1634526464562 0 0
1634526465907 0 0
1634526467237 0 0
1634526468583 0 0
1634526469911 0 0
1634526471282 0 0
1634526472612 0 0
1634526473941 0 0
1634526476386 0 0
1634526477716 0 0
1634526479045 0 0
1634526480374 0 0
1634526481703 0 0
1634526483033 0 0
1634526484362 0 0
1634526485691 0 0
1634526487020 0 0
1634526488350 0 0
1634526490733 0 0
1634526492078 0 0
1634526493407 0 0
1634526494736 0 0
1634526496065 0 0
1634526497394 0 0
1634526498723 0 0
1634526500052 0 0
1634526501381 0 0
1634526502711 0 0
1634526505103 0 0
1634526506432 0 0
1634526507763 0 0
1634526509092 0 0
1634526510423 0 0
1634526511753 0 0
1634526513083 0 0
1634526514412 0 0
1634526515741 0 0
1634526517070 0 0
1634526519561 0 0
1634526520890 0 0
1634526522220 0 0
1634526523549 0 0
1634526524878 0 0
1634526526223 0 0
1634526527538 0 0
1634526528866 0 0
1634526530195 0 0
1634526531524 0 0
1634526533919 0 0
1634526535269 0 0
1634526536629 0 0
1634526537959 0 0
1634526539288 0 0
1634526540619 0 0
1634526541963 0 0
1634526543293 0 0
1634526544622 0 0
1634526545936 0 0
1634526548335 0 0
1634526549683 0 0
1634526551012 0 0
1634526552346 0 0
1634526553690 0 0
1634526555019 0 0
1634526556348 0 0
1634526557709 0 0
1634526559084 0 0
1634526560476 0 0
1634526562910 0 0
1634526564286 0 0
1634526565662 0 0
1634526567054 0 0
1634526568393 0 0
1634526569759 0 0
1634526571101 0 0
1634526572430 0 0
1634526573779 0 0
1634526575120 0 0
1634526577548 0 0
1634526578910 0 0
1634526580255 0 0
1634526581580 0 0
1634526582920 0 0
1634526584262 0 0
1634526585627 0 0
1634526586972 0 0
1634526588318 0 0
1634526589661 0 0
1634526592247 0 0
1634526593594 0 0
1634526594978 0 0
1634526596346 0 0
1634526597683 0 0
1634526599031 0 0
1634526600379 0 0
1634526601719 0 0
1634526603057 0 0
1634526604410 0 0
1634526606866 0 0
1634526608215 0 0
1634526609545 0 0
1634526610883 0 0
1634526612212 0 0
1634526613560 0 0
1634526614893 0 0
1634526616240 0 0
1634526617578 0 0
1634526618913 0 0
1634526621351 0 0
1634526622745 0 0
1634526624095 0 0
1634526625479 0 0
1634526626843 0 0
1634526628192 0 0
1634526629547 0 0
1634526630895 0 0
1634526632272 0 0
1634526633623 0 0
1634526636077 0 0
1634526637440 0 0
1634526638789 0 0
1634526640150 0 0
1634526641502 0 0
1634526642853 0 0
1634526644190 0 0
1634526645541 0 0
1634526646877 0 0
1634526648208 0 0
1634526650612 0 0
1634526651947 0 0
1634526653312 0 0
1634526654694 0 0
1634526656062 0 0
1634526657412 0 0
1634526658749 0 0
1634526660084 0 0
1634526661428 0 0
1634526662814 0 0
1634526665259 0 0
1634526666588 0 0
1634526667936 0 0
1634526669311 0 0
1634526670714 0 0
1634526672119 0 0
1634526673480 0 0
1634526674845 0 0
1634526676183 0 0
1634526677447 0 0
1634526679994 0 0
1634526681324 0 0
1634526682686 0 0
1634526684022 0 0
1634526685364 0 0
1634526686742 0 0
