1628987366053 0 0
1628987367054 0 0
1628987368018 0 0
1628987368974 0 0
1628987369931 0 0
1628987370922 0 0
1628987371881 0 0
1628987372843 0 0
1628987373801 0 0
1628987374749 0 0
1628987375701 0 0
1628987376857 0 0
1628987377817 0 0
1628987378764 0 0
1628987379713 0 0
1628987380663 0 0
1628987381609 0 0
1628987382558 0 0
1628987383499 0 0
1628987384450 0 0
1628987385395 0 0
1628987386341 0 0
1628987387296 0 0
1628987388255 0 0
1628987389209 0 0
1628987390162 0 0
1628987391117 0 0
1628987392068 0 0
1628987393019 0 0
1628987393974 0 0
1628987394932 0 0
1628987395886 0 0
1628987396846 0 0
1628987397804 0 0
1628987398758 0 0
1628987399703 0 0
1628987400655 0 0
1628987401595 0 0
1628987402500 0 0
1628987403415 0 0
1628987404332 0 0
1628987405259 0 0
1628987406192 0 0
1628987407123 0 0
1628987408052 0 0
1628987408960 0 0
1628987409876 0 0
1628987410794 0 0
1628987411729 0 0
1628987412640 0 0
1628987413556 0 0
1628987414472 0 0
1628987415392 0 0
1628987416316 0 0
1628987417240 0 0
1628987418140 0 0
1628987419037 0 0
1628987419939 0 0
1628987420833 0 0
1628987421722 0 0
1628987422618 0 0
1628987423511 0 0
1628987424402 0 0
1628987425293 0 0
1628987426188 0 0
1628987427084 0 0
1628987427980 0 0
1628987428875 0 0
1628987429762 0 0
1628987430653 0 0
1628987431551 0 0
1628987432445 0 0
1628987433345 0 0
1628987434237 0 0
1628987435137 0 0
1628987436033 0 0
1628987436926 0 0
1628987437822 0 0
1628987438711 0 0
1628987439611 0 0
1628987440526 0 0
1628987441433 0 0
1628987442348 0 0
1628987443267 0 0
1628987444192 0 0
1628987445119 0 0
1628987446051 0 0
1628987446974 0 0
1628987447868 0 0
1628987448753 0 0
1628987449640 0 0
1628987450533 0 0
1628987451432 0 0
1628987452331 0 0
1628987453224 0 0
1628987454118 0 0
1628987455013 0 0
1628987455902 0 0
1628987456797 0 0
1628987457687 0 0
1628987458581 0 0
1628987459515 0 0
1628987460463 0 0
1628987461456 0 0
1628987462414 0 0
1628987463387 0 0
1628987464327 0 0
1628987465277 0 0
1628987466221 0 0
1628987467164 0 0
1628987468105 0 0
1628987469044 0 0
1628987469988 0 0
1628987470924 0 0
1628987471872 0 0
1628987472824 0 0
1628987473751 0 0
1628987474678 0 0
1628987475604 0 0
1628987476525 0 0
1628987477454 0 0
1628987478371 0 0
1628987479270 0 0
1628987480168 0 0
1628987481068 0 0
1628987481969 0 0
1628987482861 0 0
1628987483759 0 0
1628987484654 0 0
1628987485550 0 0
1628987486446 0 0
1628987487344 0 0
1628987488246 0 0
1628987489145 0 0
1628987490045 0 0
1628987490938 0 0
1628987491832 0 0
1628987492728 0 0
1628987493621 0 0
1628987494515 0 0
1628987495414 0 0
1628987496311 0 0
1628987497212 0 0
1628987498125 0 0
1628987499049 0 0
1628987499952 0 0
1628987500845 0 0
1628987501740 0 0
1628987502641 0 0
1628987503537 0 0
1628987504435 0 0
1628987505327 0 0
1628987506223 0 0
1628987507122 0 0
1628987508012 0 0
1628987508914 0 0
1628987509806 0 0
1628987510699 0 0
1628987511599 0 0
1628987512488 0 0
1628987513415 0 0
1628987514322 0 0
1628987515223 0 0
1628987516120 0 0
1628987517019 0 0
1628987517905 0 0
1628987518827 0 0
1628987519721 0 0
1628987520613 0 0
1628987521510 0 0
1628987522403 0 0
1628987523300 0 0
1628987524198 0 0
1628987525091 0 0
1628987525992 0 0
1628987526885 0 0
1628987527785 0 0
1628987528678 0 0
1628987529582 0 0
1628987530484 0 0
1628987531396 0 0
1628987532331 0 0
1628987533256 0 0
1628987534174 0 0
1628987535095 0 0
1628987536024 0 0
1628987536952 0 0
1628987537855 0 0
1628987538757 0 0
1628987539651 0 0
1628987540546 0 0
1628987541434 0 0
1628987542334 0 0
1628987543237 0 0
1628987544127 0 0
1628987545024 0 0
1628987545912 0 0
1628987546812 0 0
1628987547709 0 0
1628987548608 0 0
1628987549508 0 0
1628987550405 0 0
1628987551304 0 0
1628987552203 0 0
1628987553097 0 0
1628987553989 0 0
1628987554882 0 0
1628987555774 0 0
1628987556662 0 0
1628987557565 0 0
1628987558465 0 0
1628987559366 0 0
1628987560265 0 0
1628987561157 0 0
1628987562060 0 0
1628987562959 0 0
1628987563860 0 0
1628987564749 0 0
1628987565645 0 0
1628987566542 0 0
1628987567441 0 0
1628987568341 0 0
1628987569233 0 0
1628987570128 0 0
1628987571025 0 0
1628987571914 0 0
1628987572804 0 0
1628987573699 0 0
1628987574594 0 0
1628987575489 0 0
1628987576397 0 0
1628987577301 0 0
1628987578195 0 0
1628987579092 0 0
1628987580006 0 0
1628987580930 0 0
1628987581845 0 0
1628987582740 0 0
1628987583638 0 0
1628987584527 0 0
1628987585434 0 0
1628987586335 0 0
1628987587235 0 0
1628987588133 0 0
1628987589031 0 0
1628987589932 0 0
1628987590833 0 0
1628987591742 0 0
1628987592642 0 0
1628987593537 0 0
1628987594436 0 0
1628987595331 0 0
1628987596226 0 0
1628987597122 0 0
1628987598013 0 0
1628987598910 0 0
1628987599803 0 0
1628987600697 0 0
1628987601597 0 0
1628987602493 0 0
1628987603395 0 0
1628987604313 0 0
1628987605207 0 0
1628987606103 0 0
1628987607002 0 0
1628987607900 0 0
1628987608795 0 0
1628987609723 0 0
1628987610621 0 0
1628987611520 0 0
1628987612416 0 0
1628987613314 0 0
1628987614212 0 0
1628987615101 0 0
1628987616002 0 0
1628987616893 0 0
1628987617787 0 0
1628987618687 0 0
1628987619591 0 0
1628987620493 0 0
1628987621395 0 0
1628987622290 0 0
1628987623185 0 0
1628987624083 0 0
1628987624977 0 0
1628987625876 0 0
1628987626774 0 0
1628987627670 0 0
1628987628564 0 0
1628987629475 0 0
1628987630380 0 0
1628987631290 0 0
1628987632187 0 0
1628987633091 0 0
1628987633990 0 0
1628987634884 0 0
1628987635781 0 0
1628987636684 0 0
1628987637586 0 0
1628987638483 0 0
1628987639383 0 0
1628987640282 0 0
1628987641176 0 0
1628987642071 0 0
1628987642974 0 0
1628987643870 0 0
1628987644770 0 0
1628987645668 0 0
1628987646572 0 0
1628987647472 0 0
1628987648374 0 0
1628987649259 0 0
1628987650178 0 0
1628987651084 0 0
1628987651988 0 0
1628987652887 0 0
1628987653785 0 0
1628987654673 0 0
1628987655566 0 0
1628987656462 0 0
1628987657364 0 0
1628987658260 0 0
1628987659160 0 0
1628987660062 0 0
1628987660956 0 0
1628987661848 0 0
1628987662747 0 0
1628987663639 0 0
1628987664538 0 0
1628987665438 0 0
1628987666334 0 0
1628987667231 0 0
1628987668129 0 0
1628987669021 0 0
1628987669913 0 0
1628987670806 0 0
1628987671696 0 0
1628987672618 0 0
1628987673550 0 0
1628987674478 0 0
1628987675398 0 0
1628987676294 0 0
1628987677185 0 0
1628987678087 0 0
1628987678981 0 0
1628987679877 0 0
1628987680774 0 0
1628987681668 0 0
1628987682562 0 0
1628987683457 0 0
1628987684356 0 0
1628987685253 0 0
1628987686155 0 0
1628987687053 0 0
1628987687958 0 0
1628987688856 0 0
1628987689753 0 0
1628987690652 0 0
1628987691548 0 0
1628987692444 0 0
1628987693337 0 0
1628987694234 0 0
1628987695134 0 0
1628987696030 0 0
1628987696927 0 0
1628987697825 0 0
1628987698718 0 0
1628987699627 0 0
1628987700525 0 0
1628987701416 0 0
1628987702333 0 0
1628987703264 0 0
1628987704196 0 0
1628987705107 0 0
1628987706002 0 0
1628987706897 0 0
1628987707797 0 0
1628987708698 0 0
1628987709598 0 0
1628987710498 0 0
1628987711400 0 0
1628987712321 0 0
1628987713259 0 0
1628987714189 0 0
1628987715101 0 0
1628987716002 0 0
1628987716900 0 0
1628987717795 0 0
1628987718695 0 0
1628987719595 0 0
1628987720495 0 0
1628987721390 0 0
1628987722287 0 0
1628987723178 0 0
1628987724070 0 0
1628987724968 0 0
1628987725866 0 0
1628987726766 0 0
1628987727666 0 0
1628987728560 0 0
1628987729456 0 0
1628987730355 0 0
1628987731249 0 0
1628987732146 0 0
1628987733043 0 0
1628987733945 0 0
1628987734843 0 0
1628987735737 0 0
1628987736632 0 0
1628987737527 0 0
1628987738431 0 0
1628987739362 0 0
1628987740284 0 0
1628987741209 0 0
1628987742140 0 0
1628987743075 0 0
1628987744013 0 0
1628987744935 0 0
1628987745853 0 0
1628987746781 0 0
1628987747713 0 0
1628987748636 0 0
1628987749567 0 0
1628987750473 0 0
1628987751370 0 0
1628987752276 0 0
1628987753176 0 0
1628987754073 0 0
1628987754973 0 0
1628987755868 0 0
1628987756775 0 0
1628987757700 0 0
1628987758625 0 0
1628987759547 0 0
1628987760448 0 0
1628987761337 0 0
1628987762228 0 0
1628987763125 0 0
1628987764023 0 0
1628987764915 0 0
1628987765817 0 0
1628987766716 0 0
1628987767612 0 0
1628987768510 0 0
1628987769407 0 0
1628987770299 0 0
1628987771226 0 0
1628987772159 0 0
1628987773078 0 0
1628987773974 0 0
1628987774869 0 0
1628987775772 0 0
1628987776669 0 0
1628987777560 0 0
1628987778461 0 0
1628987779358 0 0
1628987780246 0 0
1628987781140 0 0
1628987782037 0 0
1628987782930 0 0
1628987783828 0 0
1628987784718 0 0
1628987785610 0 0
1628987786507 0 0
1628987787403 0 0
1628987788300 0 0
1628987789207 0 0
1628987790099 0 0
1628987790994 0 0
1628987791882 0 0
1628987792780 0 0
1628987793682 0 0
1628987794574 0 0
1628987795494 0 0
1628987796389 0 0
1628987797290 0 0
1628987798187 0 0
1628987799082 0 0
1628987799981 0 0
1628987800878 0 0
1628987801778 0 0
1628987802673 0 0
1628987803566 0 0
1628987804457 0 0
1628987805350 0 0
1628987806242 0 0
1628987807143 0 0
1628987808041 0 0
1628987808937 0 0
1628987809827 0 0
1628987810726 0 0
1628987811621 0 0
1628987812513 0 0
1628987813408 0 0
1628987814301 0 0
1628987815200 0 0
1628987816105 0 0
1628987816995 0 0
1628987817887 0 0
1628987818781 0 0
1628987819682 0 0
1628987820578 0 0
1628987821472 0 0
1628987822372 0 0
1628987823262 0 0
1628987824158 0 0
1628987825059 0 0
1628987825949 0 0
1628987826843 0 0
1628987827736 0 0
1628987828629 0 0
1628987829519 0 0
1628987830409 0 0
1628987831308 0 0
1628987832203 0 0
1628987833110 0 0
1628987834011 0 0
1628987834910 0 0
1628987835811 0 0
1628987836713 0 0
1628987837619 0 0
1628987838516 0 0
1628987839410 0 0
1628987840306 0 0
1628987841202 0 0
1628987842096 0 0
1628987842994 0 0
1628987843895 0 0
1628987844795 0 0
1628987845685 0 0
1628987846577 0 0
1628987847471 0 0
1628987848371 0 0
1628987849283 0 0
1628987850179 0 0
1628987851075 0 0
1628987851974 0 0
1628987852888 0 0
1628987853784 0 0
1628987854681 0 0
1628987855574 0 0
1628987856530 0 0
1628987857486 0 0
1628987858443 0 0
1628987859405 0 0
1628987860353 0 0
1628987861311 0 0
1628987862260 0 0
1628987863219 0 0
1628987864170 0 0
1628987865088 0 0
1628987865988 0 0
1628987866890 0 0
1628987867786 0 0
