1628987366125 25.757068634033203 0
1628987367105 22.9030818939209 0
1628987368070 22.904239654541016 0
1628987369026 22.847169876098633 0
1628987369983 20.859941482543945 0
1628987370980 19.499765396118164 0
1628987371934 25.803701400756836 0
1628987372894 21.497894287109375 0
1628987373853 22.862831115722656 0
1628987374801 24.096302032470703 0
1628987375945 26.841270446777344 0
1628987376908 21.291973114013672 0
1628987377868 28.896831512451172 0
1628987378818 21.65363311767578 0
1628987379768 22.420299530029297 0
1628987380714 22.280029296875 0
1628987381661 19.84231948852539 0
1628987382611 24.211669921875 0
1628987383551 22.665523529052734 0
1628987384500 19.342300415039062 0
1628987385447 25.283018112182617 0
1628987386394 22.16718292236328 0
1628987387351 20.291126251220703 0
1628987388309 23.89889144897461 0
1628987389262 13.864570617675781 0
1628987390214 22.000757217407227 0
1628987391170 21.673561096191406 0
1628987392122 24.28482437133789 0
1628987393072 21.717891693115234 0
1628987394025 20.773590087890625 0
1628987394986 21.511959075927734 0
1628987395940 22.147329330444336 0
1628987396899 23.42023277282715 0
1628987397855 20.44844627380371 0
1628987398809 19.83654022216797 0
1628987399755 21.557910919189453 0
1628987400706 20.910669326782227 0
1628987401644 19.243267059326172 0
1628987402554 21.92891502380371 0
1628987403465 20.69735336303711 0
1628987404384 24.330825805664062 0
1628987405313 9.123591423034668 0
1628987406248 21.950790405273438 0
1628987407174 20.61652183532715 0
1628987408101 25.87590980529785 0
1628987409009 21.248350143432617 0
1628987409923 21.030384063720703 0
1628987410849 20.744178771972656 0
1628987411780 21.16250228881836 0
1628987412689 19.017019271850586 0
1628987413605 22.13986587524414 0
1628987414521 19.345523834228516 0
1628987415443 27.281070709228516 0
1628987416369 20.64846420288086 0
1628987417284 26.542499542236328 0
1628987418182 21.764404296875 0
1628987419078 26.90877914428711 0
1628987419981 23.705148696899414 0
1628987420876 22.26491355895996 0
1628987421764 22.179096221923828 0
1628987422663 21.094406127929688 0
1628987423553 22.190746307373047 0
1628987424443 24.478801727294922 0
1628987425336 20.953306198120117 0
1628987426231 25.741897583007812 0
1628987427125 21.05590057373047 0
1628987428022 22.660974502563477 0
1628987428916 24.262317657470703 0
1628987429805 21.874786376953125 0
1628987430695 22.614179611206055 0
1628987431595 9.160736083984375 0
1628987432486 20.94416046142578 0
1628987433388 20.77590560913086 0
1628987434282 22.622669219970703 0
1628987435179 18.472639083862305 0
1628987436075 22.771808624267578 0
1628987436967 20.55224609375 0
1628987437863 19.49646759033203 0
1628987438755 21.223154067993164 0
1628987439660 19.166091918945312 0
1628987440574 5.12464714050293 0
1628987441482 20.740795135498047 0
1628987442401 25.83195686340332 0
1628987443320 19.946369171142578 0
1628987444242 18.619586944580078 0
1628987445170 19.793106079101562 0
1628987446101 19.24197006225586 0
1628987447020 18.323789596557617 0
1628987447908 21.48392105102539 0
1628987448794 28.779640197753906 0
1628987449684 19.668752670288086 0
1628987450575 22.186870574951172 0
1628987451472 21.838701248168945 0
1628987452371 19.809202194213867 0
1628987453268 18.6480655670166 0
1628987454162 20.344905853271484 0
1628987455055 20.342819213867188 0
1628987455944 18.627643585205078 0
1628987456839 21.994718551635742 0
1628987457729 20.424190521240234 0
1628987458634 6.043295860290527 0
1628987459567 4.79416036605835 0
1628987460529 5.2163310050964355 0
1628987461509 4.6965203285217285 0
1628987462466 19.22733497619629 0
1628987463440 19.68658447265625 0
1628987464380 18.530101776123047 0
1628987465328 6.292140960693359 0
1628987466276 19.759593963623047 0
1628987467215 18.853404998779297 0
1628987468161 22.49125099182129 0
1628987469094 23.325275421142578 0
1628987470038 20.27275848388672 0
1628987470976 18.191368103027344 0
1628987471923 18.07505989074707 0
1628987472873 19.173227310180664 0
1628987473802 19.914989471435547 0
1628987474730 18.935260772705078 0
1628987475655 21.338775634765625 0
1628987476577 22.525684356689453 0
1628987477507 19.443130493164062 0
1628987478414 19.003677368164062 0
1628987479312 3.8721439838409424 0
1628987480209 23.178430557250977 0
1628987481112 19.19814682006836 0
1628987482009 18.443845748901367 0
1628987482903 18.8099365234375 0
1628987483802 18.750919342041016 0
1628987484696 4.8945136070251465 0
1628987485591 18.660358428955078 0
1628987486488 21.92137336730957 0
1628987487390 23.287290573120117 0
1628987488289 18.056842803955078 0
1628987489186 24.683250427246094 0
1628987490085 20.702091217041016 0
1628987490978 20.250211715698242 0
1628987491873 19.447031021118164 0
1628987492770 19.675392150878906 0
1628987493663 19.269208908081055 0
1628987494557 18.59957504272461 0
1628987495456 20.270065307617188 0
1628987496355 19.33800506591797 0
1628987497254 21.334203720092773 0
1628987498174 25.436574935913086 0
1628987499098 20.39120864868164 0
1628987499995 19.719947814941406 0
1628987500886 24.24176597595215 0
1628987501782 21.361282348632812 0
1628987502682 19.85959243774414 0
1628987503577 19.670608520507812 0
1628987504479 17.64013671875 0
1628987505369 22.61066436767578 0
1628987506265 20.27025604248047 0
1628987507162 20.07861328125 0
1628987508060 17.77727508544922 0
1628987508954 24.048171997070312 0
1628987509847 19.033084869384766 0
1628987510741 19.25943374633789 0
1628987511641 20.289554595947266 0
1628987512538 18.6702938079834 0
1628987513463 19.873825073242188 0
1628987514364 17.920387268066406 0
1628987515266 18.33386993408203 0
1628987516161 18.397594451904297 0
1628987517059 18.81789779663086 0
1628987517953 18.06615447998047 0
1628987518869 18.916275024414062 0
1628987519762 21.92517852783203 0
1628987520654 18.741323471069336 0
1628987521552 18.32177734375 0
1628987522442 22.497713088989258 0
1628987523343 21.428119659423828 0
1628987524242 18.56806755065918 0
1628987525131 19.1953067779541 0
1628987526034 20.37810516357422 0
1628987526929 20.292959213256836 0
1628987527827 19.6505126953125 0
1628987528719 22.796031951904297 0
1628987529627 19.856731414794922 0
1628987530526 19.75410270690918 0
1628987531450 19.075960159301758 0
1628987532383 19.854660034179688 0
1628987533304 22.12222671508789 0
1628987534224 5.2624077796936035 0
1628987535145 3.8766911029815674 0
1628987536074 19.529813766479492 0
1628987537001 17.361064910888672 0
1628987537901 19.306640625 0
1628987538799 21.198410034179688 0
1628987539691 22.741466522216797 0
1628987540587 19.282577514648438 0
1628987541476 18.05325698852539 0
1628987542375 18.640979766845703 0
1628987543278 19.712032318115234 0
1628987544168 24.43179702758789 0
1628987545065 18.759777069091797 0
1628987545954 19.677101135253906 0
1628987546855 18.540422439575195 0
1628987547752 18.798044204711914 0
1628987548651 25.20878791809082 0
1628987549554 18.622482299804688 0
1628987550446 20.52191925048828 0
1628987551346 18.517942428588867 0
1628987552244 18.342342376708984 0
1628987553138 18.476520538330078 0
1628987554032 19.240798950195312 0
1628987554924 22.072189331054688 0
1628987555814 4.0377278327941895 0
1628987556705 18.824920654296875 0
1628987557609 18.682926177978516 0
1628987558508 19.89226531982422 0
1628987559410 18.26087188720703 0
1628987560306 20.45187759399414 0
1628987561198 23.190593719482422 0
1628987562102 19.55712890625 0
1628987563000 20.12900161743164 0
1628987563900 18.188230514526367 0
1628987564791 18.467716217041016 0
1628987565686 19.377981185913086 0
1628987566584 18.931636810302734 0
1628987567482 19.900564193725586 0
1628987568380 21.107318878173828 0
1628987569276 18.4973087310791 0
1628987570168 18.261045455932617 0
1628987571065 20.895835876464844 0
1628987571954 19.490272521972656 0
1628987572844 18.892179489135742 0
1628987573741 21.928905487060547 0
1628987574637 10.832446098327637 0
1628987575532 18.089801788330078 0
1628987576439 20.381973266601562 0
1628987577342 19.192214965820312 0
1628987578236 19.012693405151367 0
1628987579134 18.191932678222656 0
1628987580056 18.11275863647461 0
1628987580979 20.035537719726562 0
1628987581886 3.86027455329895 0
1628987582783 4.465261936187744 0
1628987583678 19.22030258178711 0
1628987584582 21.08926773071289 0
1628987585475 18.50147247314453 0
1628987586377 18.473976135253906 0
1628987587277 18.838623046875 0
1628987588177 18.442859649658203 0
1628987589076 20.892295837402344 0
1628987589975 18.00994873046875 0
1628987590883 22.128822326660156 0
1628987591784 18.045570373535156 0
1628987592682 21.06088638305664 0
1628987593579 18.38113784790039 0
1628987594475 18.131473541259766 0
1628987595372 19.580982208251953 0
1628987596268 21.598560333251953 0
1628987597162 22.259723663330078 0
1628987598054 19.061077117919922 0
1628987598951 4.327794551849365 0
1628987599844 18.406585693359375 0
1628987600739 18.79178237915039 0
1628987601638 20.42045021057129 0
1628987602535 19.385181427001953 0
1628987603436 20.16130828857422 0
1628987604355 20.482648849487305 0
1628987605248 18.75210952758789 0
1628987606146 20.028221130371094 0
1628987607043 20.195499420166016 0
1628987607943 19.545795440673828 0
1628987608843 17.775192260742188 0
1628987609766 19.285507202148438 0
1628987610662 19.292095184326172 0
1628987611562 17.98741912841797 0
1628987612458 18.312103271484375 0
1628987613356 22.645156860351562 0
1628987614256 18.868122100830078 0
1628987615145 21.330608367919922 0
1628987616043 19.44613265991211 0
1628987616934 18.284746170043945 0
1628987617829 18.055809020996094 0
1628987618729 18.346675872802734 0
1628987619631 18.990245819091797 0
1628987620535 2.3791487216949463 0
1628987621437 19.221336364746094 0
1628987622332 17.69386863708496 0
1628987623229 21.72376251220703 0
1628987624124 24.27896499633789 0
1628987625017 20.121665954589844 0
1628987625919 18.125329971313477 0
1628987626815 18.79897117614746 0
1628987627711 18.53045082092285 0
1628987628616 20.328758239746094 0
1628987629519 18.806528091430664 0
1628987630423 20.395713806152344 0
1628987631332 18.053936004638672 0
1628987632230 17.93829345703125 0
1628987633134 17.918445587158203 0
1628987634033 3.4177238941192627 0
1628987634927 19.942134857177734 0
1628987635822 19.771839141845703 0
1628987636726 17.803524017333984 0
1628987637627 20.039119720458984 0
1628987638523 18.257244110107422 0
1628987639426 20.908157348632812 0
1628987640324 21.80242919921875 0
1628987641220 22.376802444458008 0
1628987642114 18.345012664794922 0
1628987643017 22.072757720947266 0
1628987643913 22.00620460510254 0
1628987644812 19.927024841308594 0
1628987645713 19.3172550201416 0
1628987646615 20.087493896484375 0
1628987647518 22.369564056396484 0
1628987648415 17.639827728271484 0
1628987649310 19.51441192626953 0
1628987650229 17.559383392333984 0
1628987651128 19.538936614990234 0
1628987652033 5.12289571762085 0
1628987652929 19.606924057006836 0
1628987653825 18.222965240478516 0
1628987654717 17.883495330810547 0
1628987655609 21.342487335205078 0
1628987656504 19.660249710083008 0
1628987657408 19.39495849609375 0
1628987658303 17.286754608154297 0
1628987659203 17.64971923828125 0
1628987660103 19.53788948059082 0
1628987660997 23.885746002197266 0
1628987661890 19.045034408569336 0
1628987662788 18.226116180419922 0
1628987663684 19.924713134765625 0
1628987664579 17.32082748413086 0
1628987665481 18.75638198852539 0
1628987666376 20.257831573486328 0
1628987667274 17.727733612060547 0
1628987668169 17.64380645751953 0
1628987669061 20.27754783630371 0
1628987669953 4.027329444885254 0
1628987670846 18.552474975585938 0
1628987671744 17.45846176147461 0
1628987672668 18.072738647460938 0
1628987673603 5.370972156524658 0
1628987674531 17.92345428466797 0
1628987675439 22.47769546508789 0
1628987676334 19.564611434936523 0
1628987677228 22.210514068603516 0
1628987678129 19.049503326416016 0
1628987679024 6.427276134490967 0
1628987679918 19.522193908691406 0
1628987680817 23.834348678588867 0
1628987681710 19.304664611816406 0
1628987682603 19.645641326904297 0
1628987683497 19.15987205505371 0
1628987684398 19.016586303710938 0
1628987685296 18.404272079467773 0
1628987686197 21.018075942993164 0
1628987687094 19.076745986938477 0
1628987687999 21.66152572631836 0
1628987688898 19.0247745513916 0
1628987689797 19.05783462524414 0
1628987690693 20.640975952148438 0
1628987691590 18.484569549560547 0
1628987692484 17.39345359802246 0
1628987693379 18.358877182006836 0
1628987694277 18.17993927001953 0
1628987695175 17.202922821044922 0
1628987696072 18.512210845947266 0
1628987696969 18.082294464111328 0
1628987697867 19.202796936035156 0
1628987698767 17.365694046020508 0
1628987699670 19.874425888061523 0
1628987700567 17.953319549560547 0
1628987701458 19.778148651123047 0
1628987702387 21.931215286254883 0
1628987703318 19.127445220947266 0
1628987704243 19.190521240234375 0
1628987705147 19.611276626586914 0
1628987706044 5.7366108894348145 0
1628987706939 18.069671630859375 0
1628987707841 23.082956314086914 0
1628987708739 17.50372886657715 0
1628987709641 20.455825805664062 0
1628987710539 22.37381935119629 0
1628987711442 17.611169815063477 0
1628987712370 18.751548767089844 0
1628987713313 4.522785663604736 0
1628987714237 18.578468322753906 0
1628987715142 17.415115356445312 0
1628987716043 17.7138671875 0
1628987716941 17.370277404785156 0
1628987717837 19.18878173828125 0
1628987718739 17.865869522094727 0
1628987719637 22.566539764404297 0
1628987720536 18.202306747436523 0
1628987721432 18.597740173339844 0
1628987722328 17.3579044342041 0
1628987723221 19.295146942138672 0
1628987724113 17.895225524902344 0
1628987725010 20.029373168945312 0
1628987725912 17.881134033203125 0
1628987726808 5.194009780883789 0
1628987727708 18.278480529785156 0
1628987728602 19.030105590820312 0
1628987729500 17.998992919921875 0
1628987730398 18.432144165039062 0
1628987731291 19.92098045349121 0
1628987732188 19.587879180908203 0
1628987733085 20.85430335998535 0
1628987733987 19.041629791259766 0
1628987734883 19.495325088500977 0
1628987735778 19.28813934326172 0
1628987736674 17.777145385742188 0
1628987737569 18.242225646972656 0
1628987738483 17.03365707397461 0
1628987739409 21.551956176757812 0
1628987740334 18.408676147460938 0
1628987741259 17.93020248413086 0
1628987742187 18.49456214904785 0
1628987743123 17.686641693115234 0
1628987744061 19.452884674072266 0
1628987744982 17.64976692199707 0
1628987745902 17.746122360229492 0
1628987746829 18.130245208740234 0
1628987747762 20.979415893554688 0
1628987748689 19.3852481842041 0
1628987749617 18.46090316772461 0
1628987750514 20.92966079711914 0
1628987751412 18.048465728759766 0
1628987752321 2.7521848678588867 0
1628987753217 20.276832580566406 0
1628987754114 20.184131622314453 0
1628987755015 20.096881866455078 0
1628987755910 19.818126678466797 0
1628987756826 21.982410430908203 0
1628987757752 21.764446258544922 0
1628987758678 20.746198654174805 0
1628987759589 19.264812469482422 0
1628987760488 19.883102416992188 0
1628987761377 19.92902374267578 0
1628987762270 6.115540027618408 0
1628987763167 4.982722759246826 0
1628987764064 17.987998962402344 0
1628987764957 19.023643493652344 0
1628987765859 4.004106521606445 0
1628987766756 5.773595333099365 0
1628987767655 17.679176330566406 0
1628987768551 20.86977767944336 0
1628987769449 19.424755096435547 0
1628987770351 17.12601089477539 0
1628987771278 17.894140243530273 0
1628987772208 19.040882110595703 0
1628987773119 18.21605682373047 0
1628987774016 22.52931785583496 0
1628987774912 18.7954044342041 0
1628987775813 3.9295716285705566 0
1628987776710 19.799198150634766 0
1628987777602 18.067855834960938 0
1628987778502 3.4928832054138184 0
1628987779398 18.65631866455078 0
1628987780288 19.543996810913086 0
1628987781181 21.115257263183594 0
1628987782080 18.034591674804688 0
1628987782974 17.625690460205078 0
1628987783869 18.668359756469727 0
1628987784760 18.965513229370117 0
1628987785652 17.124134063720703 0
1628987786548 18.971481323242188 0
1628987787446 22.103288650512695 0
1628987788343 20.904438018798828 0
1628987789247 18.33016014099121 0
1628987790140 22.027851104736328 0
1628987791034 17.52303695678711 0
1628987791923 17.576295852661133 0
1628987792821 18.231067657470703 0
1628987793723 17.531410217285156 0
1628987794626 17.79298210144043 0
1628987795534 19.771595001220703 0
1628987796433 17.366329193115234 0
1628987797332 17.805721282958984 0
1628987798228 18.79871940612793 0
1628987799125 19.091577529907227 0
1628987800026 18.082929611206055 0
1628987800919 21.81096649169922 0
1628987801823 20.322853088378906 0
1628987802715 5.107512474060059 0
1628987803606 18.635093688964844 0
1628987804500 19.12262725830078 0
1628987805392 19.831132888793945 0
1628987806284 21.148094177246094 0
1628987807184 18.258251190185547 0
1628987808084 19.25748062133789 0
1628987808978 18.506492614746094 0
1628987809868 18.93805503845215 0
1628987810768 17.303876876831055 0
1628987811662 18.58017921447754 0
1628987812555 18.471166610717773 0
1628987813449 22.061141967773438 0
1628987814343 19.665565490722656 0
1628987815242 21.295124053955078 0
1628987816146 4.153589725494385 0
1628987817035 22.301315307617188 0
1628987817928 19.43769073486328 0
1628987818823 19.475374221801758 0
1628987819723 18.493080139160156 0
1628987820621 17.849964141845703 0
1628987821514 18.263248443603516 0
1628987822415 17.547515869140625 0
1628987823307 18.229511260986328 0
1628987824200 21.213916778564453 0
1628987825098 17.151046752929688 0
1628987825989 19.300289154052734 0
1628987826884 21.846784591674805 0
1628987827777 17.2405948638916 0
1628987828670 18.494155883789062 0
1628987829559 17.81985855102539 0
1628987830449 19.104328155517578 0
1628987831349 3.4496099948883057 0
1628987832246 18.029722213745117 0
1628987833151 16.489076614379883 0
1628987834057 17.456180572509766 0
1628987834953 17.446456909179688 0
1628987835851 17.63411521911621 0
1628987836755 16.670490264892578 0
1628987837659 17.07927703857422 0
1628987838557 17.239158630371094 0
1628987839452 16.602977752685547 0
1628987840347 18.80809783935547 0
1628987841244 17.949464797973633 0
1628987842139 19.093080520629883 0
1628987843037 19.775638580322266 0
1628987843938 18.03527069091797 0
1628987844836 21.542476654052734 0
1628987845727 20.999780654907227 0
1628987846618 19.916736602783203 0
1628987847513 17.024045944213867 0
1628987848414 17.171737670898438 0
1628987849325 17.015426635742188 0
1628987850221 20.773204803466797 0
1628987851116 18.994239807128906 0
1628987852022 18.226512908935547 0
1628987852930 18.415302276611328 0
1628987853825 17.715595245361328 0
1628987854721 18.065937042236328 0
1628987855627 17.73174476623535 0
1628987856583 17.741092681884766 0
1628987857540 18.313888549804688 0
1628987858495 20.294357299804688 0
1628987859454 17.819307327270508 0
1628987860405 19.450664520263672 0
1628987861361 21.567787170410156 0
1628987862313 17.79281234741211 0
1628987863272 17.913799285888672 0
1628987864223 16.56363296508789 0
1628987865131 17.86896514892578 0
1628987866032 18.624794006347656 0
1628987866931 19.74152374267578 0
1628987867828 17.72882080078125 0
