1628987366210 16.115126609802246 0
1628987367185 15.096380233764648 0
1628987368150 13.327968120574951 0
1628987369105 13.697176456451416 0
1628987370062 12.887789964675903 0
1628987371055 12.132596492767334 0
1628987372014 15.674203872680664 0
1628987372971 13.229660034179688 0
1628987373930 14.056390762329102 0
1628987374880 14.775734901428223 0
1628987376023 16.733165740966797 0
1628987376986 12.952881813049316 0
1628987377945 18.033007621765137 0
1628987378892 13.310252904891968 0
1628987379845 13.20513105392456 0
1628987380791 13.447600841522217 0
1628987381738 12.735874891281128 0
1628987382687 14.967571258544922 0
1628987383632 12.291266679763794 0
1628987384576 12.564656019210815 0
1628987385524 14.931962966918945 0
1628987386473 13.609757423400879 0
1628987387429 12.107334613800049 0
1628987388387 14.596458911895752 0
1628987389345 8.528549194335938 0
1628987390294 13.722188949584961 0
1628987391246 13.4746572971344 0
1628987392200 14.741844177246094 0
1628987393152 13.250449419021606 0
1628987394105 12.909627199172974 0
1628987395064 12.698813915252686 0
1628987396019 13.745368480682373 0
1628987396979 14.099878311157227 0
1628987397933 12.61594820022583 0
1628987398887 12.111197710037231 0
1628987399832 13.221567869186401 0
1628987400782 12.46775197982788 0
1628987401719 11.714741468429565 0
1628987402624 13.028455257415771 0
1628987403541 13.188790321350098 0
1628987404460 13.339332342147827 0
1628987405397 4.873901844024658 0
1628987406324 13.023322105407715 0
1628987407252 13.19125509262085 0
1628987408172 15.160053253173828 0
1628987409083 13.09841513633728 0
1628987409994 12.865320920944214 0
1628987410931 12.601299047470093 0
1628987411853 12.972253561019897 0
1628987412761 11.763893365859985 0
1628987413678 13.158761501312256 0
1628987414594 12.126225471496582 0
1628987415522 17.106233596801758 0
1628987416445 13.16273021697998 0
1628987417350 16.145633697509766 0
1628987418246 13.43206238746643 0
1628987419139 18.18857765197754 0
1628987420044 15.577037811279297 0
1628987420938 13.494465351104736 0
1628987421826 14.086698532104492 0
1628987422725 14.025066375732422 0
1628987423618 13.456883192062378 0
1628987424506 15.391643047332764 0
1628987425400 13.786133289337158 0
1628987426296 16.063807487487793 0
1628987427189 12.930277347564697 0
1628987428085 14.416754722595215 0
1628987428979 14.926194667816162 0
1628987429867 13.917512893676758 0
1628987430759 14.064116477966309 0
1628987431657 5.4604270458221436 0
1628987432553 12.784433364868164 0
1628987433454 13.299945831298828 0
1628987434346 13.824061393737793 0
1628987435241 11.999753952026367 0
1628987436138 13.735870838165283 0
1628987437031 13.228524446487427 0
1628987437924 12.48416781425476 0
1628987438820 13.571861743927002 0
1628987439733 12.247448682785034 0
1628987440651 2.802337408065796 0
1628987441559 13.135380268096924 0
1628987442475 16.566850662231445 0
1628987443395 12.789926052093506 0
1628987444318 11.976943969726562 0
1628987445251 12.111475467681885 0
1628987446178 11.791492700576782 0
1628987447081 11.913294315338135 0
1628987447969 13.43842363357544 0
1628987448855 18.490903854370117 0
1628987449747 12.71660828590393 0
1628987450641 13.514129161834717 0
1628987451541 13.895482540130615 0
1628987452437 13.086756944656372 0
1628987453329 12.08115816116333 0
1628987454224 12.583900928497314 0
1628987455118 12.649128198623657 0
1628987456006 11.795902252197266 0
1628987456901 13.98361349105835 0
1628987457791 12.501676559448242 0
1628987458712 3.1847403794527054 0
1628987459642 2.6206560134887695 0
1628987460620 2.512420639395714 0
1628987461593 2.646020147949457 0
1628987462555 12.715558528900146 0
1628987463517 12.07292127609253 0
1628987464460 11.786629438400269 0
1628987465411 3.6856828024610877 0
1628987466352 12.19407320022583 0
1628987467293 11.990489482879639 0
1628987468231 14.622447490692139 0
1628987469173 14.433721542358398 0
1628987470117 12.657582759857178 0
1628987471052 11.432361125946045 0
1628987472020 11.49023950099945 0
1628987472951 12.304005146026611 0
1628987473875 12.524278163909912 0
1628987474804 11.630334496498108 0
1628987475726 13.388684749603271 0
1628987476653 14.112018585205078 0
1628987477577 12.447543382644653 0
1628987478476 12.215551376342773 0
1628987479375 2.357160408049822 0
1628987480271 13.77793264389038 0
1628987481175 12.509033203125 0
1628987482069 11.854914426803589 0
1628987482966 11.777746438980103 0
1628987483862 12.12029767036438 0
1628987484759 1.6623282879590988 0
1628987485654 11.32973599433899 0
1628987486549 13.80637502670288 0
1628987487452 15.078054428100586 0
1628987488351 11.684783220291138 0
1628987489251 15.595686435699463 0
1628987490146 12.911627531051636 0
1628987491041 12.938794136047363 0
1628987491934 12.152679443359375 0
1628987492832 12.341221332550049 0
1628987493727 12.373289823532104 0
1628987494620 11.439202547073364 0
1628987495518 12.880902290344238 0
1628987496420 12.568487644195557 0
1628987497321 13.631105422973633 0
1628987498249 15.943368911743164 0
1628987499164 12.858887195587158 0
1628987500056 12.512106657028198 0
1628987500948 15.529312133789062 0
1628987501843 13.429978370666504 0
1628987502745 12.395573139190674 0
1628987503645 12.451709747314453 0
1628987504538 11.332259893417358 0
1628987505432 14.500197410583496 0
1628987506331 12.503120422363281 0
1628987507224 12.46180534362793 0
1628987508123 11.436572313308716 0
1628987509015 15.527193069458008 0
1628987509909 11.892990827560425 0
1628987510806 11.969712972640991 0
1628987511702 12.614257335662842 0
1628987512617 11.818929195404053 0
1628987513528 12.434220314025879 0
1628987514431 11.179979085922241 0
1628987515327 11.560518264770508 0
1628987516221 11.371956467628479 0
1628987517121 11.84226131439209 0
1628987518033 11.52769160270691 0
1628987518930 11.901765823364258 0
1628987519825 13.557790756225586 0
1628987520715 11.736063957214355 0
1628987521614 11.624134182929993 0
1628987522506 13.994817733764648 0
1628987523405 13.634451866149902 0
1628987524304 11.642264604568481 0
1628987525197 11.747271299362183 0
1628987526098 13.096604108810425 0
1628987526993 12.798282146453857 0
1628987527890 12.369515419006348 0
1628987528787 14.186394691467285 0
1628987529689 12.669455528259277 0
1628987530592 12.673211336135864 0
1628987531532 12.283828735351562 0
1628987532455 12.566257953643799 0
1628987533377 14.209132671356201 0
1628987534301 3.0289503522217274 0
1628987535223 2.1495391922071576 0
1628987536148 11.588604927062988 0
1628987537065 11.290343284606934 0
1628987537965 12.12814450263977 0
1628987538863 13.132481575012207 0
1628987539754 14.79472541809082 0
1628987540648 11.758818864822388 0
1628987541541 11.220447301864624 0
1628987542441 11.743618965148926 0
1628987543339 12.485081195831299 0
1628987544232 15.573991775512695 0
1628987545126 11.836363315582275 0
1628987546018 12.304741382598877 0
1628987546917 11.857032775878906 0
1628987547815 11.768807172775269 0
1628987548714 15.884712219238281 0
1628987549617 12.06936264038086 0
1628987550507 12.295764923095703 0
1628987551408 11.313232183456421 0
1628987552308 11.832839012145996 0
1628987553200 11.706538200378418 0
1628987554094 11.568826675415039 0
1628987554984 14.239605903625488 0
1628987555872 2.13866394944489 0
1628987556769 11.757749557495117 0
1628987557673 11.464655876159668 0
1628987558576 12.516403436660767 0
1628987559472 11.518455028533936 0
1628987560367 12.920400619506836 0
1628987561261 14.568183898925781 0
1628987562165 12.247299194335938 0
1628987563060 12.40133547782898 0
1628987563961 11.455076456069946 0
1628987564854 11.511414527893066 0
1628987565748 11.936219453811646 0
1628987566647 11.791401386260986 0
1628987567548 12.747684478759766 0
1628987568440 13.122443675994873 0
1628987569338 11.462957382202148 0
1628987570231 11.312525868415833 0
1628987571125 13.38285756111145 0
1628987572016 12.577978372573853 0
1628987572909 12.093877077102661 0
1628987573801 13.579716682434082 0
1628987574699 6.342244423925877 0
1628987575601 11.239994049072266 0
1628987576502 12.815619468688965 0
1628987577405 11.81126856803894 0
1628987578301 12.05940580368042 0
1628987579204 11.61964201927185 0
1628987580127 11.398621320724487 0
1628987581053 12.887903690338135 0
1628987581948 2.2645106874406338 0
1628987582845 2.2546421959996223 0
1628987583740 12.043282985687256 0
1628987584646 13.32239294052124 0
1628987585539 11.54001522064209 0
1628987586441 11.418962955474854 0
1628987587339 11.820411682128906 0
1628987588239 11.679495573043823 0
1628987589140 12.878141403198242 0
1628987590041 11.190264701843262 0
1628987590948 14.169994354248047 0
1628987591849 11.039112091064453 0
1628987592744 13.076274394989014 0
1628987593644 12.063498497009277 0
1628987594537 11.439571022987366 0
1628987595436 12.223067283630371 0
1628987596331 13.791452884674072 0
1628987597222 14.283737182617188 0
1628987598115 11.714166402816772 0
1628987599012 2.2590303560718894 0
1628987599906 11.679746627807617 0
1628987600802 11.689991474151611 0
1628987601701 12.628325700759888 0
1628987602604 12.31130075454712 0
1628987603497 12.615107297897339 0
1628987604417 12.965591192245483 0
1628987605311 11.810680866241455 0
1628987606208 12.95948600769043 0
1628987607107 12.727504014968872 0
1628987608004 12.174783706665039 0
1628987608917 11.25844144821167 0
1628987609828 12.128405094146729 0
1628987610727 11.935262203216553 0
1628987611627 11.267771363258362 0
1628987612520 11.6396324634552 0
1628987613418 14.307833194732666 0
1628987614315 12.12683653831482 0
1628987615209 13.233946323394775 0
1628987616106 12.066958904266357 0
1628987616996 11.65031909942627 0
1628987617891 11.352073550224304 0
1628987618792 11.320068359375 0
1628987619696 12.040800094604492 0
1628987620601 1.5501121189445257 0
1628987621500 10.939654350280762 0
1628987622394 11.594052076339722 0
1628987623292 14.009592533111572 0
1628987624185 15.101903915405273 0
1628987625081 12.318682670593262 0
1628987625981 11.43323302268982 0
1628987626876 11.69994044303894 0
1628987627772 12.03739070892334 0
1628987628684 12.848422765731812 0
1628987629582 11.670516967773438 0
1628987630486 12.889010667800903 0
1628987631396 11.301435708999634 0
1628987632296 11.361017227172852 0
1628987633196 11.080119609832764 0
1628987634095 1.4295306205749512 0
1628987634989 12.508153438568115 0
1628987635886 12.335439920425415 0
1628987636789 10.991606712341309 0
1628987637693 12.766248226165771 0
1628987638588 11.287506103515625 0
1628987639488 13.133028984069824 0
1628987640385 13.506169319152832 0
1628987641284 14.251603126525879 0
1628987642178 11.499508619308472 0
1628987643080 14.056772232055664 0
1628987643977 14.03138017654419 0
1628987644875 12.32272720336914 0
1628987645776 12.283829689025879 0
1628987646679 12.670866966247559 0
1628987647582 14.430619239807129 0
1628987648476 10.741541147232056 0
1628987649387 12.353101015090942 0
1628987650295 11.125016689300537 0
1628987651191 12.247156143188477 0
1628987652094 3.1746339770033956 0
1628987652991 12.061329364776611 0
1628987653885 11.48070216178894 0
1628987654779 11.34677767753601 0
1628987655670 13.4790678024292 0
1628987656571 12.434391021728516 0
1628987657470 12.314001083374023 0
1628987658365 10.49129331111908 0
1628987659268 10.982173562049866 0
1628987660166 12.42009973526001 0
1628987661058 15.008259296417236 0
1628987661952 11.807317733764648 0
1628987662850 11.490053653717041 0
1628987663751 12.6982421875 0
1628987664643 10.73548436164856 0
1628987665543 11.474751472473145 0
1628987666436 12.89289379119873 0
1628987667339 11.304280757904053 0
1628987668231 11.02519679069519 0
1628987669120 12.747903823852539 0
1628987670016 2.2122392803430557 0
1628987670908 11.665759801864624 0
1628987671824 11.126250982284546 0
1628987672745 11.138708591461182 0
1628987673680 3.2344243687111884 0
1628987674605 11.255859971046448 0
1628987675499 14.097523212432861 0
1628987676395 12.363646030426025 0
1628987677296 13.751916885375977 0
1628987678189 11.875914573669434 0
1628987679087 3.861268792883493 0
1628987679979 11.811227321624756 0
1628987680879 15.597593784332275 0
1628987681772 12.1693856716156 0
1628987682663 12.338234901428223 0
1628987683562 12.330950260162354 0
1628987684463 11.800007581710815 0
1628987685362 11.45342230796814 0
1628987686259 13.576988220214844 0
1628987687156 12.081307172775269 0
1628987688062 13.426679611206055 0
1628987688963 12.052313566207886 0
1628987689859 12.25257396697998 0
1628987690753 13.104382991790771 0
1628987691650 11.232256412506104 0
1628987692543 10.95764970779419 0
1628987693442 11.48317003250122 0
1628987694337 11.33498477935791 0
1628987695238 10.833065271377563 0
1628987696137 11.474515438079834 0
1628987697030 11.046125173568726 0
1628987697931 12.175433158874512 0
1628987698835 10.911437392234802 0
1628987699731 12.104141235351562 0
1628987700630 11.32223391532898 0
1628987701527 12.610771656036377 0
1628987702462 13.878607749938965 0
1628987703394 12.286300659179688 0
1628987704309 12.017094612121582 0
1628987705209 12.19214916229248 0
1628987706104 3.629421228542924 0
1628987707001 11.258826732635498 0
1628987707906 14.627844333648682 0
1628987708804 10.912972688674927 0
1628987709704 12.810290336608887 0
1628987710603 13.921253681182861 0
1628987711507 11.230802059173584 0
1628987712449 11.852519273757935 0
1628987713389 2.537888922728598 0
1628987714309 11.6457839012146 0
1628987715205 10.972848653793335 0
1628987716103 10.963715553283691 0
1628987717002 10.825577735900879 0
1628987717902 12.113865375518799 0
1628987718801 10.8930344581604 0
1628987719699 14.59881591796875 0
1628987720598 11.065808534622192 0
1628987721494 12.116163492202759 0
1628987722390 10.984318375587463 0
1628987723283 11.785306692123413 0
1628987724176 11.113396167755127 0
1628987725073 12.564752101898193 0
1628987725973 11.01410973072052 0
1628987726873 2.8863582452759147 0
1628987727770 11.278997421264648 0
1628987728665 11.765665531158447 0
1628987729562 11.349234342575073 0
1628987730459 11.495252847671509 0
1628987731354 12.46908450126648 0
1628987732250 12.290295839309692 0
1628987733152 12.969882488250732 0
1628987734049 12.064901113510132 0
1628987734946 11.942909479141235 0
1628987735840 12.236721515655518 0
1628987736735 11.13716435432434 0
1628987737635 11.268563508987427 0
1628987738559 10.622854948043823 0
1628987739482 13.495307922363281 0
1628987740405 11.671284675598145 0
1628987741337 11.025782823562622 0
1628987742263 11.239665269851685 0
1628987743199 11.307741641998291 0
1628987744133 11.92133355140686 0
1628987745052 10.934447526931763 0
1628987745981 11.065358877182007 0
1628987746906 11.230215549468994 0
1628987747833 13.309954166412354 0
1628987748762 12.29220986366272 0
1628987749683 11.360473394393921 0
1628987750576 13.231907367706299 0
1628987751472 11.948596954345703 0
1628987752384 1.4813949400559068 0
1628987753280 11.51221227645874 0
1628987754176 13.460227966308594 0
1628987755077 12.850085735321045 0
1628987755981 12.165679454803467 0
1628987756901 13.940572261810303 0
1628987757827 13.908950805664062 0
1628987758752 13.208157062530518 0
1628987759654 11.998933792114258 0
1628987760549 12.45938515663147 0
1628987761437 12.126802444458008 0
1628987762331 3.075846415013075 0
1628987763230 2.5819107927381992 0
1628987764123 10.58504831790924 0
1628987765019 11.508445739746094 0
1628987765919 1.9395815427415073 0
1628987766820 3.5078937413636595 0
1628987767717 11.143198490142822 0
1628987768612 12.648576259613037 0
1628987769511 12.421157836914062 0
1628987770426 10.737239480018616 0
1628987771357 11.217678546905518 0
1628987772284 11.995621681213379 0
1628987773182 11.210079193115234 0
1628987774080 14.710319995880127 0
1628987774977 11.673833847045898 0
1628987775875 2.8114965930581093 0
1628987776771 12.150431394577026 0
1628987777669 11.264500379562378 0
1628987778563 2.1468745563179255 0
1628987779459 11.544841766357422 0
1628987780348 12.241588354110718 0
1628987781243 13.4946870803833 0
1628987782141 11.25343370437622 0
1628987783038 11.060283899307251 0
1628987783929 11.422389268875122 0
1628987784821 11.988368034362793 0
1628987785715 10.685560703277588 0
1628987786610 11.823291778564453 0
1628987787510 14.31795358657837 0
1628987788404 12.621726274490356 0
1628987789310 11.201634645462036 0
1628987790200 14.220205307006836 0
1628987791094 11.023896217346191 0
1628987791990 10.86195993423462 0
1628987792885 11.488678455352783 0
1628987793782 10.980039596557617 0
1628987794699 10.944491624832153 0
1628987795594 12.543428897857666 0
1628987796495 10.513583898544312 0
1628987797396 11.513112783432007 0
1628987798295 11.58464765548706 0
1628987799186 11.790889739990234 0
1628987800088 11.42463731765747 0
1628987800981 14.044031143188477 0
1628987801884 12.910072326660156 0
1628987802776 3.103688593953848 0
1628987803667 11.992513179779053 0
1628987804559 12.042257070541382 0
1628987805452 12.718182802200317 0
1628987806346 13.131290435791016 0
1628987807245 11.345712423324585 0
1628987808146 11.82984471321106 0
1628987809041 11.528238773345947 0
1628987809932 12.118710994720459 0
1628987810831 10.744584083557129 0
1628987811722 11.26127028465271 0
1628987812617 11.515398979187012 0
1628987813512 14.444072723388672 0
1628987814404 11.989827871322632 0
1628987815305 13.499297618865967 0
1628987816208 2.3300773426890373 0
1628987817098 14.395737648010254 0
1628987817988 12.224408864974976 0
1628987818884 12.216580152511597 0
1628987819786 11.710243701934814 0
1628987820682 11.350857973098755 0
1628987821577 11.284446716308594 0
1628987822474 11.124406576156616 0
1628987823367 11.299803018569946 0
1628987824263 12.979647159576416 0
1628987825160 10.573911905288696 0
1628987826052 12.160743474960327 0
1628987826946 13.75554084777832 0
1628987827839 10.868534088134766 0
1628987828732 11.634702205657959 0
1628987829620 10.988956928253174 0
1628987830511 11.893710136413574 0
1628987831410 1.9146084003150463 0
1628987832314 10.978203535079956 0
1628987833214 10.45758318901062 0
1628987834118 10.931015968322754 0
1628987835017 10.573968291282654 0
1628987835915 11.004122495651245 0
1628987836821 10.567906618118286 0
1628987837721 10.50833523273468 0
1628987838617 10.658368587493896 0
1628987839515 10.22930645942688 0
1628987840411 11.926618576049805 0
1628987841307 11.03624176979065 0
1628987842201 12.007118701934814 0
1628987843100 12.518642902374268 0
1628987844000 11.525416374206543 0
1628987844896 13.897844791412354 0
1628987845790 12.642855167388916 0
1628987846681 12.39182186126709 0
1628987847575 10.508570671081543 0
1628987848478 10.746821880340576 0
1628987849387 10.029733657836914 0
1628987850283 13.382441520690918 0
1628987851180 11.98475170135498 0
1628987852092 11.30231237411499 0
1628987852991 11.64151930809021 0
1628987853891 11.288892030715942 0
1628987854782 10.990678548812866 0
1628987855704 11.092479705810547 0
1628987856661 11.027238368988037 0
1628987857618 11.328630924224854 0
1628987858577 12.947092056274414 0
1628987859534 10.696354866027832 0
1628987860481 12.342726707458496 0
1628987861425 13.666362285614014 0
1628987862389 11.17597770690918 0
1628987863347 11.151987791061401 0
1628987864293 10.078920483589172 0
1628987865196 10.998611688613892 0
1628987866095 11.696174144744873 0
1628987866996 12.523351192474365 0
1628987867893 11.167247295379639 0
