1634271722935 0 0
1634271724744 1 0
1634271725542 2 0
1634271726340 3 0
1634271727122 4 0
1634271727936 5 0
1634271728734 6 0
1634271729531 7 0
1634271730332 8 0
1634271731133 9 0
1634271731948 10 0
1634271732745 11 0
1634271733558 12 0
1634271734357 13 0
1634271735154 14 0
1634271735936 15 0
1634271736734 16 0
1634271737546 17 0
1634271738357 18 0
1634271739148 19 0
1634271739946 20 0
1634271741718 21 0
1634271742510 22 0
1634271743304 23 0
1634271744103 24 0
1634271744915 25 0
1634271745713 26 0
1634271746558 27 0
1634271747387 28 0
1634271748181 29 0
1634271748987 30 0
1634271749840 31 0
1634271750664 32 0
1634271751492 33 0
1634271752306 34 0
1634271753103 35 0
1634271753900 36 0
1634271754683 37 0
1634271755499 38 0
1634271756289 39 0
1634271757071 40 0
1634271758914 41 0
1634271759710 42 0
1634271760508 43 0
1634271761364 44 0
1634271762195 45 0
1634271762993 46 0
1634271763821 47 0
1634271764636 48 0
1634271765465 49 0
1634271766309 50 0
1634271767107 51 0
1634271767919 52 0
1634271768717 53 0
1634271769514 54 0
1634271770338 55 0
1634271771117 56 0
1634271771915 57 0
1634271772698 58 0
1634271773479 59 0
1634271774277 60 0
1634271776002 61 0
1634271776821 62 0
1634271777602 63 0
1634271778384 64 0
1634271779184 65 0
1634271779996 66 0
1634271780810 67 0
1634271781651 68 0
1634271782445 69 0
1634271783243 70 0
1634271784045 71 0
1634271784843 72 0
1634271785645 73 0
1634271786428 74 0
1634271787266 75 0
1634271788073 76 0
1634271788871 77 0
1634271789683 78 0
1634271790481 79 0
1634271791294 80 0
1634271793063 81 0
1634271793885 82 0
1634271794665 83 0
1634271795484 84 0
1634271796275 85 0
1634271797093 86 0
1634271797892 87 0
1634271798682 88 0
1634271799482 89 0
1634271800279 90 0
1634271801108 91 0
1634271801953 92 0
1634271802754 93 0
1634271803586 94 0
1634271804414 95 0
1634271805243 96 0
1634271806070 97 0
1634271806916 98 0
1634271807729 99 0
1634271808573 100 0
1634271810341 101 0
1634271811170 102 0
1634271811999 103 0
1634271812806 104 0
1634271813573 105 0
1634271814385 106 0
1634271815199 107 0
1634271815981 108 0
1634271816794 109 0
1634271817609 110 0
1634271818405 111 0
1634271819201 112 0
1634271819995 113 0
1634271820788 114 0
1634271821610 115 0
1634271822414 116 0
1634271823196 117 0
1634271823993 118 0
1634271824775 119 0
1634271825575 120 0
1634271827327 121 0
1634271828123 122 0
1634271828921 123 0
1634271829704 124 0
1634271830533 125 0
1634271831336 126 0
1634271832118 127 0
1634271832916 128 0
1634271833732 129 0
1634271834529 130 0
1634271835327 131 0
1634271836124 132 0
1634271836922 133 0
1634271837726 134 0
1634271838507 135 0
1634271839316 136 0
1634271840101 137 0
1634271840899 138 0
1634271841697 139 0
1634271842308 140 0
1634271843889 141 0
1634271844682 142 0
1634271845480 143 0
1634271846294 144 0
1634271847107 145 0
1634271847907 146 0
1634271848720 147 0
1634271849507 148 0
1634271850325 149 0
1634271851168 150 0
1634271852014 151 0
1634271852844 152 0
1634271853657 153 0
1634271854490 154 0
1634271855305 155 0
1634271856151 156 0
1634271856964 157 0
1634271857792 158 0
1634271858606 159 0
1634271859449 160 0
1634271861227 161 0
1634271862072 162 0
1634271862916 163 0
1634271863740 164 0
1634271864580 165 0
1634271865398 166 0
1634271866209 167 0
1634271867007 168 0
1634271867790 169 0
1634271868602 170 0
1634271869431 171 0
1634271870228 172 0
1634271871026 173 0
1634271871830 174 0
1634271872645 175 0
1634271873446 176 0
1634271874258 177 0
1634271875056 178 0
1634271875853 179 0
1634271876666 180 0
1634271878400 181 0
1634271879198 182 0
1634271879996 183 0
1634271880787 184 0
1634271881595 185 0
1634271882382 186 0
1634271883180 187 0
1634271883977 188 0
1634271884775 189 0
1634271885557 190 0
1634271886354 191 0
1634271887152 192 0
1634271887950 193 0
1634271888732 194 0
1634271889546 195 0
1634271890342 196 0
1634271891125 197 0
1634271891937 198 0
1634271892736 199 0
1634271893537 200 0
1634271895405 201 0
1634271896199 202 0
1634271897012 203 0
1634271897794 204 0
1634271898575 205 0
1634271899358 206 0
1634271900170 207 0
1634271900968 208 0
1634271901749 209 0
1634271902561 210 0
1634271903352 211 0
1634271904149 212 0
1634271904963 213 0
1634271905744 214 0
1634271906526 215 0
1634271907324 216 0
1634271908122 217 0
1634271908920 218 0
1634271909717 219 0
1634271910515 220 0
1634271912222 221 0
1634271913024 222 0
1634271913820 223 0
1634271914622 224 0
1634271915431 225 0
1634271916243 226 0
1634271917072 227 0
1634271917905 228 0
1634271918703 229 0
1634271919554 230 0
1634271920383 231 0
1634271921196 232 0
1634271922024 233 0
1634271922870 234 0
1634271923715 235 0
1634271924543 236 0
1634271925372 237 0
1634271926200 238 0
1634271927029 239 0
1634271927890 240 0
1634271929695 241 0
1634271930524 242 0
1634271931369 243 0
1634271932201 244 0
1634271933045 245 0
1634271933859 246 0
1634271934697 247 0
1634271935492 248 0
1634271936297 249 0
1634271937089 250 0
1634271937895 251 0
1634271938689 252 0
1634271939476 253 0
1634271940259 254 0
1634271941025 255 0
1634271941839 256 0
1634271942636 257 0
1634271943434 258 0
1634271944267 259 0
1634271945074 260 0
1634271946963 261 0
1634271947769 262 0
1634271948584 263 0
1634271949398 264 0
1634271950227 265 0
1634271951056 266 0
1634271951853 267 0
1634271952667 268 0
1634271953480 269 0
1634271954285 270 0
1634271955086 271 0
1634271955930 272 0
1634271956743 273 0
1634271957572 274 0
1634271958397 275 0
1634271959211 276 0
1634271960008 277 0
1634271960837 278 0
1634271961665 279 0
1634271962541 280 0
1634271964389 281 0
1634271965210 282 0
1634271966019 283 0
1634271966824 284 0
1634271967618 285 0
1634271968400 286 0
1634271969198 287 0
1634271969996 288 0
1634271970783 289 0
1634271971591 290 0
1634271972382 291 0
1634271973165 292 0
1634271973978 293 0
1634271974761 294 0
1634271975559 295 0
1634271976371 296 0
1634271977169 297 0
1634271977967 298 0
1634271978765 299 0
1634271979547 300 0
1634271981273 301 0
1634271982072 302 0
1634271982880 303 0
1634271983683 304 0
1634271984508 305 0
1634271985306 306 0
1634271986118 307 0
1634271986931 308 0
1634271987761 309 0
1634271988574 310 0
1634271989390 311 0
1634271990227 312 0
1634271991025 313 0
1634271991823 314 0
1634271992619 315 0
1634271993419 316 0
1634271994215 317 0
1634271995013 318 0
1634271995829 319 0
1634271996603 320 0
1634271998291 321 0
1634271999089 322 0
1634271999901 323 0
1634272000699 324 0
1634272001497 325 0
1634272002306 326 0
1634272003141 327 0
1634272003959 328 0
1634272004742 329 0
1634272005555 330 0
1634272006369 331 0
1634272007214 332 0
1634272008043 333 0
1634272008841 334 0
1634272009654 335 0
1634272010461 336 0
1634272011274 337 0
