1634271722935 0.8113593459129333 0
1634271724744 0.5674837827682495 0
1634271725542 0.28725242614746094 0
1634271726340 0.538333535194397 0
1634271727122 0.2823721170425415 0
1634271727936 0.2555607557296753 0
1634271728734 0.533604621887207 0
1634271729531 0.45289668440818787 0
1634271730336 0.19035856425762177 0
1634271731133 0.2566213309764862 0
1634271731948 0.27204465866088867 0
1634271732745 0.44668421149253845 0
1634271733558 0.20815646648406982 0
1634271734357 0.18656150996685028 0
1634271735154 0.23008611798286438 0
1634271735952 0.4340183734893799 0
1634271736734 0.10893434286117554 0
1634271737562 0.5192819833755493 0
1634271738361 0.3756103515625 0
1634271739164 0.3755683898925781 0
1634271739946 0.5379196405410767 0
1634271741718 0.536562442779541 0
1634271742514 0.23987150192260742 0
1634271743304 0.14792269468307495 0
1634271744119 0.23921343684196472 0
1634271744915 0.5305764079093933 0
1634271745729 0.36365413665771484 0
1634271746574 0.3623630404472351 0
1634271747391 0.22559168934822083 0
1634271748181 0.42727765440940857 0
1634271749003 0.41185706853866577 0
1634271749844 0.23304742574691772 0
1634271750664 0.49555036425590515 0
1634271751508 0.13985948264598846 0
1634271752306 0.49252066016197205 0
1634271753103 0.49109846353530884 0
1634271753900 0.2223738431930542 0
1634271754683 0.4880451560020447 0
1634271755503 0.1258334368467331 0
1634271756304 0.5103100538253784 0
1634271757071 0.14402954280376434 0
1634271758918 0.5078848600387573 0
1634271759710 0.3937332332134247 0
1634271760523 0.12013474106788635 0
1634271761368 0.20965604484081268 0
1634271762195 0.47895359992980957 0
1634271762993 0.5003918409347534 0
1634271763821 0.4746854305267334 0
1634271764636 0.4976000189781189 0
1634271765465 0.1591894030570984 0
1634271766309 0.49531126022338867 0
1634271767122 0.11624442040920258 0
1634271767919 0.37982726097106934 0
1634271768717 0.10706526041030884 0
1634271769514 0.46542811393737793 0
1634271770342 0.1070915013551712 0
1634271771133 0.4877079427242279 0
1634271771915 0.48600825667381287 0
1634271772698 0.13074706494808197 0
1634271773494 0.08728452771902084 0
1634271774277 0.21935825049877167 0
1634271776002 0.16692066192626953 0
1634271776825 0.3661726117134094 0
1634271777602 0.47725123167037964 0
1634271778384 0.31033262610435486 0
1634271779200 0.47387075424194336 0
1634271779996 0.08954470604658127 0
1634271780810 0.4711788296699524 0
1634271781655 0.3048364520072937 0
1634271782445 0.468960702419281 0
1634271783259 0.46708744764328003 0
1634271784061 0.4666323661804199 0
1634271784843 0.35376620292663574 0
1634271785661 0.11015721410512924 0
1634271786432 0.29704779386520386 0
1634271787271 0.46120309829711914 0
1634271788073 0.16959676146507263 0
1634271788871 0.29305899143218994 0
1634271789683 0.1900549829006195 0
1634271790497 0.16314351558685303 0
1634271791294 0.09318314492702484 0
1634271793063 0.07914716005325317 0
1634271793889 0.15139690041542053 0
1634271794665 0.08077390491962433 0
1634271795488 0.18247514963150024 0
1634271796280 0.07188071310520172 0
1634271797096 0.42231225967407227 0
1634271797897 0.08610489219427109 0
1634271798682 0.15305745601654053 0
1634271799498 0.1012955754995346 0
1634271800279 0.2027372568845749 0
1634271801108 0.1514638066291809 0
1634271801953 0.2081960141658783 0
1634271802759 0.2060336321592331 0
1634271803586 0.2724813222885132 0
1634271804414 0.43699461221694946 0
1634271805247 0.4352383613586426 0
1634271806085 0.40993016958236694 0
1634271806931 0.40907204151153564 0
1634271807729 0.0731615424156189 0
1634271808573 0.43160027265548706 0
1634271810357 0.09672917425632477 0
1634271811170 0.1332550048828125 0
1634271811999 0.14279238879680634 0
1634271812806 0.13548880815505981 0
1634271813589 0.42665064334869385 0
1634271814385 0.06676791608333588 0
1634271815199 0.4239724278450012 0
1634271815997 0.2581336498260498 0
1634271816794 0.2572125494480133 0
1634271817609 0.1319282054901123 0
1634271818421 0.25555574893951416 0
1634271819205 0.25466716289520264 0
1634271819999 0.13423609733581543 0
1634271820788 0.14657080173492432 0
1634271821614 0.30926787853240967 0
1634271822414 0.3929312229156494 0
1634271823212 0.15130166709423065 0
1634271823993 0.18106552958488464 0
1634271824791 0.38874778151512146 0
1634271825575 0.23226973414421082 0
1634271827327 0.13440564274787903 0
1634271828123 0.128403440117836 0
1634271828921 0.15840229392051697 0
1634271829719 0.24693655967712402 0
1634271830538 0.1246533915400505 0
1634271831336 0.1229616031050682 0
1634271832134 0.12128917872905731 0
1634271832916 0.38116177916526794 0
1634271833732 0.3802093267440796 0
1634271834529 0.29099753499031067 0
1634271835343 0.1401999294757843 0
1634271836124 0.12543822824954987 0
1634271836922 0.3765810430049896 0
1634271837730 0.29020577669143677 0
1634271838523 0.126779243350029 0
1634271839320 0.10680633783340454 0
1634271840101 0.39743101596832275 0
1634271840899 0.09729759395122528 0
1634271841697 0.37221091985702515 0
1634271842324 0.3710063397884369 0
1634271843893 0.28134822845458984 0
1634271844682 0.2281581163406372 0
1634271845496 0.1013583168387413 0
1634271846309 0.39148545265197754 0
1634271847107 0.2544013261795044 0
1634271847907 0.2774764597415924 0
1634271848724 0.0890987366437912 0
1634271849507 0.25643765926361084 0
1634271850325 0.38773247599601746 0
1634271851168 0.2585783302783966 0
1634271852030 0.0876845046877861 0
1634271852844 0.22006559371948242 0
1634271853673 0.08578038215637207 0
1634271854494 0.21827667951583862 0
1634271855320 0.3578302264213562 0
1634271856151 0.08929766714572906 0
1634271856964 0.38031327724456787 0
1634271857792 0.09421857446432114 0
1634271858621 0.1113833636045456 0
1634271859449 0.37787574529647827 0
1634271861243 0.2668963074684143 0
1634271862072 0.26853257417678833 0
1634271862916 0.3759688138961792 0
1634271863756 0.11605053395032883 0
1634271864584 0.2615569233894348 0
1634271865398 0.21848079562187195 0
1634271866213 0.1545674055814743 0
1634271867011 0.2735922038555145 0
1634271867790 0.20651063323020935 0
1634271868602 0.20674298703670502 0
1634271869431 0.3696362376213074 0
1634271870243 0.0851949080824852 0
1634271871026 0.25609445571899414 0
1634271871830 0.20306794345378876 0
1634271872649 0.10120626538991928 0
1634271873446 0.34195560216903687 0
1634271874258 0.20162765681743622 0
1634271875056 0.3650612235069275 0
1634271875853 0.06871578097343445 0
1634271876666 0.07468744367361069 0
1634271878400 0.11654877662658691 0
1634271879198 0.1973784863948822 0
1634271879996 0.258273720741272 0
1634271880803 0.195793017745018 0
1634271881599 0.1952560842037201 0
1634271882382 0.16560098528862 0
1634271883180 0.2488701343536377 0
1634271883977 0.33360832929611206 0
1634271884775 0.06830029934644699 0
1634271885573 0.08264819532632828 0
1634271886354 0.35579657554626465 0
1634271887168 0.1697399914264679 0
1634271887950 0.18980185687541962 0
1634271888732 0.2916491627693176 0
1634271889546 0.3524966835975647 0
1634271890342 0.1872093379497528 0
1634271891140 0.07895448803901672 0
1634271891937 0.09042027592658997 0
1634271892736 0.3504975438117981 0
1634271893541 0.06499522924423218 0
1634271895409 0.1761162281036377 0
1634271896199 0.17754022777080536 0
1634271897012 0.3473142981529236 0
1634271897794 0.09417925775051117 0
1634271898575 0.3460664749145508 0
1634271899373 0.34526342153549194 0
1634271900186 0.29983776807785034 0
1634271900968 0.17976289987564087 0
1634271901765 0.09911837428808212 0
1634271902565 0.3429499566555023 0
1634271903368 0.3174281120300293 0
1634271904165 0.11116200685501099 0
1634271904963 0.3403007984161377 0
1634271905744 0.1848038285970688 0
1634271906526 0.1851769983768463 0
1634271907324 0.07018531858921051 0
1634271908122 0.22548918426036835 0
1634271908920 0.22519612312316895 0
1634271909717 0.05628177151083946 0
1634271910515 0.3082907795906067 0
1634271912226 0.30893218517303467 0
1634271913029 0.18917524814605713 0
1634271913820 0.08345076441764832 0
1634271914626 0.22146931290626526 0
1634271915431 0.0829785019159317 0
1634271916243 0.30868858098983765 0
1634271917088 0.05060179531574249 0
1634271917905 0.307503342628479 0
1634271918703 0.3313755691051483 0
1634271919558 0.1934092491865158 0
1634271920398 0.1941097229719162 0
1634271921196 0.3056918978691101 0
1634271922024 0.06394320726394653 0
1634271922870 0.19558003544807434 0
1634271923715 0.05140548571944237 0
1634271924543 0.3164408802986145 0
1634271925372 0.08163309097290039 0
1634271926200 0.19731232523918152 0
1634271927029 0.19829188287258148 0
1634271927890 0.16128870844841003 0
1634271929700 0.3255164325237274 0
1634271930524 0.3191269338130951 0
1634271931385 0.3194676339626312 0
1634271932201 0.3243047595024109 0
1634271933045 0.20043602585792542 0
1634271933875 0.158644437789917 0
1634271934701 0.15847617387771606 0
1634271935492 0.3217329978942871 0
1634271936297 0.05148915946483612 0
1634271937089 0.05239196866750717 0
1634271937895 0.3220483660697937 0
1634271938693 0.06157642602920532 0
1634271939476 0.15580011904239655 0
1634271940274 0.3200073838233948 0
1634271941041 0.20485690236091614 0
1634271941839 0.08540668338537216 0
1634271942636 0.3188336491584778 0
1634271943434 0.31821510195732117 0
1634271944271 0.05296897888183594 0
1634271945089 0.05783486366271973 0
1634271946967 0.2952914237976074 0
1634271947769 0.20725226402282715 0
1634271948588 0.08714769780635834 0
1634271949398 0.04640696570277214 0
1634271950227 0.3284764289855957 0
1634271951056 0.08384186029434204 0
1634271951869 0.31570690870285034 0
1634271952682 0.08149239420890808 0
1634271953480 0.20162665843963623 0
1634271954289 0.330662339925766 0
1634271955086 0.3308587968349457 0
1634271955930 0.09133738279342651 0
1634271956743 0.14854097366333008 0
1634271957572 0.21171586215496063 0
1634271958397 0.33229607343673706 0
1634271959211 0.2875095307826996 0
1634271960008 0.14690572023391724 0
1634271960837 0.09216012805700302 0
1634271961665 0.05141732841730118 0
1634271962541 0.1462046355009079 0
1634271964400 0.2139403074979782 0
1634271965210 0.3341711163520813 0
1634271966019 0.047970086336135864 0
1634271966828 0.3093772530555725 0
1634271967633 0.14449463784694672 0
1634271968400 0.3096505403518677 0
1634271969198 0.2843360900878906 0
1634271969996 0.33606553077697754 0
1634271970798 0.3089791238307953 0
1634271971595 0.19570110738277435 0
1634271972382 0.28337880969047546 0
1634271973165 0.21708767116069794 0
1634271973978 0.3373943269252777 0
1634271974776 0.3075416684150696 0
1634271975574 0.06743171811103821 0
1634271976371 0.21801850199699402 0
1634271977169 0.30576279759407043 0
1634271977967 0.33887574076652527 0
1634271978765 0.3058326840400696 0
1634271979563 0.3055444657802582 0
1634271981273 0.1921885907649994 0
1634271982072 0.1397067904472351 0
1634271982880 0.30513429641723633 0
1634271983687 0.19168999791145325 0
1634271984508 0.052603334188461304 0
1634271985306 0.13880491256713867 0
1634271986134 0.30325502157211304 0
1634271986947 0.30309051275253296 0
1634271987761 0.30356258153915405 0
1634271988574 0.3032824993133545 0
1634271989394 0.2220064103603363 0
1634271990227 0.22202353179454803 0
1634271991025 0.2222653031349182 0
1634271991838 0.30173882842063904 0
1634271992619 0.27723342180252075 0
1634271993419 0.27691298723220825 0
1634271994215 0.13628076016902924 0
1634271995029 0.1033589243888855 0
1634271995829 0.13683858513832092 0
1634271996607 0.13622267544269562 0
1634271998307 0.1883964240550995 0
1634271999105 0.18851032853126526 0
1634271999901 0.2762914001941681 0
1634272000699 0.3441513478755951 0
1634272001497 0.34527039527893066 0
1634272002306 0.1044059619307518 0
1634272003145 0.13479700684547424 0
1634272003963 0.1045481264591217 0
1634272004742 0.10538562387228012 0
1634272005555 0.10464870184659958 0
1634272006384 0.29854661226272583 0
1634272007214 0.10643192380666733 0
1634272008043 0.2982179522514343 0
1634272008841 0.10540811717510223 0
1634272009670 0.2734914720058441 0
1634272010461 0.27424344420433044 0
1634272011274 0.04554429650306702 0
