1634268665447 0 0
1634268667031 0 0
1634268667218 0 0
1634268667421 0 0
1634268667610 0 0
1634268667798 0 0
1634268667986 0 0
1634268668189 0 0
1634268668380 0 0
1634268668571 0 0
1634268668762 0 0
1634268668954 0 0
1634268669132 0 0
1634268669320 0 0
1634268669523 0 0
1634268669710 0 0
1634268669898 0 0
1634268670087 0 0
1634268670275 0 0
1634268670464 0 0
1634268670667 0 0
1634268672182 0 0
1634268672370 0 0
1634268672573 0 0
1634268672760 0 0
1634268672948 0 0
1634268673137 0 0
1634268673324 0 0
1634268673527 0 0
1634268673715 0 0
1634268673902 0 0
1634268674108 0 0
1634268674309 0 0
1634268674509 0 0
1634268674711 0 0
1634268674899 0 0
1634268675108 0 0
1634268675311 0 0
1634268675512 0 0
1634268675714 0 0
1634268675914 0 0
1634268677478 0 0
1634268677666 0 0
1634268677853 0 0
1634268678042 0 0
1634268678245 0 0
1634268678428 0 0
1634268678632 0 0
1634268678820 0 0
1634268679007 0 0
1634268679195 0 0
1634268679398 0 0
1634268679590 0 0
1634268679794 0 0
1634268679982 0 0
1634268680185 0 0
1634268680372 0 0
1634268680576 0 0
1634268680763 0 0
1634268680966 0 0
1634268681154 0 0
1634268682687 0 0
1634268682874 0 0
1634268683081 0 0
1634268683276 0 0
1634268683469 0 0
1634268683660 0 0
1634268683852 0 0
1634268684043 0 0
1634268684227 0 0
1634268684414 0 0
1634268684601 0 0
1634268684804 0 0
1634268684992 0 0
1634268685179 0 0
1634268685368 0 0
1634268685556 0 0
1634268685760 0 0
1634268685963 0 0
1634268686156 0 0
1634268686359 0 0
1634268687992 0 0
1634268688179 0 0
1634268688382 0 0
1634268688599 0 0
1634268688802 0 0
1634268688990 0 0
1634268689198 0 0
1634268689405 0 0
1634268689613 0 0
1634268689811 0 0
1634268690008 0 0
1634268690195 0 0
1634268690383 0 0
1634268690586 0 0
1634268690793 0 0
1634268690981 0 0
1634268691184 0 0
1634268691371 0 0
1634268691575 0 0
1634268691762 0 0
1634268693399 0 0
1634268693603 0 0
1634268693790 0 0
1634268693978 0 0
1634268694165 0 0
1634268694368 0 0
1634268694556 0 0
1634268694759 0 0
1634268694947 0 0
1634268695151 0 0
1634268695338 0 0
1634268695541 0 0
1634268695729 0 0
1634268695932 0 0
1634268696135 0 0
1634268696323 0 0
1634268696511 0 0
1634268696714 0 0
1634268696901 0 0
1634268697104 0 0
1634268698750 0 0
1634268698938 0 0
1634268699146 0 0
1634268699344 0 0
1634268699547 0 0
1634268699743 0 0
1634268699952 0 0
1634268700148 0 0
1634268700368 0 0
1634268700571 0 0
1634268700758 0 0
1634268700977 0 0
1634268701164 0 0
1634268701367 0 0
1634268701570 0 0
1634268701759 0 0
1634268701962 0 0
1634268702165 0 0
1634268702354 0 0
1634268702557 0 0
1634268704171 0 0
1634268704358 0 0
1634268704547 0 0
1634268704750 0 0
1634268704937 0 0
1634268705140 0 0
1634268705345 0 0
1634268705548 0 0
1634268705735 0 0
1634268705940 0 0
1634268706134 0 0
1634268706337 0 0
1634268706548 0 0
1634268706744 0 0
1634268706940 0 0
1634268707134 0 0
1634268707337 0 0
1634268707540 0 0
1634268707743 0 0
1634268707930 0 0
1634268709538 0 0
1634268709741 0 0
1634268709946 0 0
1634268710133 0 0
1634268710352 0 0
1634268710539 0 0
1634268710742 0 0
1634268710930 0 0
1634268711133 0 0
1634268711322 0 0
1634268711525 0 0
1634268711728 0 0
1634268711931 0 0
1634268712118 0 0
1634268712321 0 0
1634268712524 0 0
1634268712713 0 0
1634268712916 0 0
1634268713119 0 0
1634268713307 0 0
1634268714971 0 0
1634268715166 0 0
1634268715362 0 0
1634268715554 0 0
1634268715745 0 0
1634268715938 0 0
1634268716147 0 0
1634268716348 0 0
1634268716556 0 0
1634268716760 0 0
1634268716964 0 0
1634268717167 0 0
1634268717358 0 0
1634268717545 0 0
1634268717748 0 0
1634268717936 0 0
1634268718124 0 0
1634268718327 0 0
1634268718530 0 0
1634268718719 0 0
1634268720289 0 0
1634268720476 0 0
1634268720676 0 0
1634268720863 0 0
1634268721051 0 0
1634268721268 0 0
1634268721466 0 0
1634268721692 0 0
1634268721905 0 0
1634268722102 0 0
1634268722290 0 0
1634268722508 0 0
1634268722696 0 0
1634268722899 0 0
1634268723086 0 0
1634268723290 0 0
1634268723478 0 0
1634268723681 0 0
1634268723884 0 0
1634268724072 0 0
1634268725700 0 0
1634268725893 0 0
1634268726085 0 0
1634268726270 0 0
1634268726489 0 0
1634268726686 0 0
1634268726889 0 0
1634268727108 0 0
1634268727311 0 0
1634268727518 0 0
1634268727737 0 0
1634268727933 0 0
1634268728145 0 0
1634268728345 0 0
1634268728545 0 0
1634268728739 0 0
1634268728935 0 0
1634268729117 0 0
1634268729335 0 0
1634268729523 0 0
1634268731101 0 0
1634268731299 0 0
1634268731498 0 0
1634268731703 0 0
1634268731911 0 0
1634268732114 0 0
1634268732321 0 0
1634268732532 0 0
1634268732738 0 0
1634268732944 0 0
1634268733151 0 0
1634268733349 0 0
1634268733538 0 0
1634268733743 0 0
1634268733930 0 0
1634268734133 0 0
1634268734321 0 0
1634268734509 0 0
1634268734713 0 0
1634268734900 0 0
1634268736542 0 0
1634268736745 0 0
1634268736934 0 0
1634268737137 0 0
1634268737345 0 0
1634268737558 0 0
1634268737766 0 0
1634268737971 0 0
1634268738177 0 0
1634268738373 0 0
1634268738562 0 0
1634268738765 0 0
1634268738953 0 0
