1634268665447 1.3951836228370667 0
1634268667047 1.1948975324630737 0
1634268667234 0.9540802836418152 0
1634268667421 0.811233252286911 0
1634268667610 0.8124337792396545 0
1634268667798 0.7170316874980927 0
1634268668002 0.6999607384204865 0
1634268668195 0.6737034022808075 0
1634268668385 0.6163859963417053 0
1634268668577 0.5905268788337708 0
1634268668768 0.575424313545227 0
1634268668959 0.5522834062576294 0
1634268669148 0.5456292927265167 0
1634268669335 0.604785293340683 0
1634268669523 0.6071040034294128 0
1634268669710 0.5376490950584412 0
1634268669898 0.5912478268146515 0
1634268670087 0.5303489565849304 0
1634268670290 0.5010871589183807 0
1634268670479 0.49925369024276733 0
1634268670672 0.5443255603313446 0
1634268672198 0.5268852114677429 0
1634268672385 0.7283591032028198 0
1634268672573 0.5716862678527832 0
1634268672760 0.5535286664962769 0
1634268672963 0.5301751494407654 0
1634268673152 0.5678315162658691 0
1634268673340 0.527960866689682 0
1634268673527 0.5892459154129028 0
1634268673715 0.527906209230423 0
1634268673914 0.5092824250459671 0
1634268674113 0.5347438156604767 0
1634268674316 0.5426944345235825 0
1634268674514 0.5194894224405289 0
1634268674716 0.5080300271511078 0
1634268674915 0.4839441478252411 0
1634268675113 0.4856824278831482 0
1634268675317 0.5974233150482178 0
1634268675518 0.5261298418045044 0
1634268675720 0.4784644544124603 0
1634268675920 0.4774945229291916 0
1634268677478 0.4727153480052948 0
1634268677666 0.44595368206501007 0
1634268677869 0.4682617038488388 0
1634268678058 0.6179984658956528 0
1634268678245 0.49521830677986145 0
1634268678444 0.4837668091058731 0
1634268678632 0.4771990180015564 0
1634268678820 0.5056620389223099 0
1634268679007 0.47677208483219147 0
1634268679210 0.4289621263742447 0
1634268679398 0.43266649544239044 0
1634268679590 0.4535377621650696 0
1634268679794 0.4501991868019104 0
1634268679998 0.44145065546035767 0
1634268680185 0.43166810274124146 0
1634268680372 0.43781493604183197 0
1634268680576 0.44203563034534454 0
1634268680779 0.4319600462913513 0
1634268680966 0.41934017837047577 0
1634268681169 0.4035707712173462 0
1634268682703 0.45108963549137115 0
1634268682890 0.5171565115451813 0
1634268683088 0.46219776570796967 0
1634268683281 0.41987746953964233 0
1634268683474 0.4407249987125397 0
1634268683666 0.445619136095047 0
1634268683858 0.40437377989292145 0
1634268684048 0.4181176424026489 0
1634268684227 0.40749964118003845 0
1634268684430 0.40217362344264984 0
1634268684617 0.40318992733955383 0
1634268684804 0.4121565967798233 0
1634268684992 0.40843619406223297 0
1634268685179 0.39208370447158813 0
1634268685384 0.3851717486977577 0
1634268685571 0.37603209912776947 0
1634268685760 0.3770299255847931 0
1634268685963 0.41584552824497223 0
1634268686156 0.431667760014534 0
1634268686359 0.4094857722520828 0
1634268687998 0.3936276137828827 0
1634268688194 0.39842547476291656 0
1634268688397 0.3824225291609764 0
1634268688599 0.37785642594099045 0
1634268688802 0.4022147133946419 0
1634268689005 0.5659307986497879 0
1634268689204 0.47393935918807983 0
1634268689413 0.41190822422504425 0
1634268689619 0.4029546529054642 0
1634268689817 0.41900934278964996 0
1634268690014 0.4325684756040573 0
1634268690195 0.5450230836868286 0
1634268690398 0.5597768723964691 0
1634268690601 0.5423252880573273 0
1634268690793 0.4566061645746231 0
1634268690997 0.4045615941286087 0
1634268691184 0.3894103169441223 0
1634268691387 0.3806999772787094 0
1634268691575 0.37841738015413284 0
1634268691778 0.4013589173555374 0
1634268693399 0.41347862780094147 0
1634268693603 0.49742889404296875 0
1634268693790 0.43072864413261414 0
1634268693993 0.5205481648445129 0
1634268694181 0.4653892070055008 0
1634268694368 0.43969570100307465 0
1634268694571 0.4455610662698746 0
1634268694759 0.4340415745973587 0
1634268694963 0.44487524032592773 0
1634268695151 0.43765905499458313 0
1634268695354 0.4683751165866852 0
1634268695541 0.4305538982152939 0
1634268695744 0.41067832708358765 0
1634268695932 0.39337608218193054 0
1634268696135 0.4133492559194565 0
1634268696323 0.419291689991951 0
1634268696526 0.4118362069129944 0
1634268696714 0.4248286932706833 0
1634268696917 0.4338308423757553 0
1634268697104 0.4199361205101013 0
1634268698765 0.4356699138879776 0
1634268698954 0.3888017535209656 0
1634268699152 0.3896806091070175 0
1634268699350 0.39809149503707886 0
1634268699553 0.37185876071453094 0
1634268699750 0.36308538913726807 0
1634268699958 0.35877978056669235 0
1634268700163 0.35859860479831696 0
1634268700368 0.3633175566792488 0
1634268700571 0.36951179802417755 0
1634268700774 0.3670748770236969 0
1634268700977 0.3741789907217026 0
1634268701180 0.3654077500104904 0
1634268701383 0.36693980544805527 0
1634268701570 0.36978888511657715 0
1634268701759 0.41113772988319397 0
1634268701962 0.39594927430152893 0
1634268702165 0.39595094323158264 0
1634268702370 0.3907001465559006 0
1634268702557 0.3674236312508583 0
1634268704171 0.3614289239048958 0
1634268704374 0.3682633563876152 0
1634268704562 0.35970671474933624 0
1634268704750 0.36527326703071594 0
1634268704937 0.36906779557466507 0
1634268705140 0.3536045029759407 0
1634268705360 0.35375411808490753 0
1634268705548 0.3566053882241249 0
1634268705752 0.3526693880558014 0
1634268705940 0.35298752039670944 0
1634268706140 0.3724360838532448 0
1634268706347 0.351877398788929 0
1634268706554 0.35767892748117447 0
1634268706750 0.3634953126311302 0
1634268706946 0.3617605119943619 0
1634268707134 0.352872870862484 0
1634268707352 0.3596581146121025 0
1634268707540 0.3557709977030754 0
1634268707743 0.3790307492017746 0
1634268707946 0.46656613051891327 0
1634268709554 0.3816910982131958 0
1634268709741 0.3756723552942276 0
1634268709946 0.39019352197647095 0
1634268710149 0.355524405837059 0
1634268710352 0.3483745902776718 0
1634268710555 0.35064923018217087 0
1634268710742 0.3496878147125244 0
1634268710945 0.3418624699115753 0
1634268711133 0.33840834349393845 0
1634268711337 0.3404811844229698 0
1634268711540 0.3523247539997101 0
1634268711728 0.3479478061199188 0
1634268711931 0.3405735269188881 0
1634268712134 0.33193185925483704 0
1634268712321 0.33421827107667923 0
1634268712524 0.34011731296777725 0
1634268712729 0.34826552867889404 0
1634268712916 0.3514131009578705 0
1634268713119 0.3394225463271141 0
1634268713322 0.3335593640804291 0
1634268714971 0.3353929966688156 0
1634268715172 0.3465479835867882 0
1634268715367 0.3519013449549675 0
1634268715560 0.3351598381996155 0
1634268715751 0.3307206332683563 0
1634268715946 0.33557289838790894 0
1634268716154 0.3372463807463646 0
1634268716355 0.3383396118879318 0
1634268716562 0.32875753939151764 0
1634268716766 0.32825929671525955 0
1634268716970 0.33299754559993744 0
1634268717173 0.3541449010372162 0
1634268717358 0.34161029756069183 0
1634268717561 0.3362198919057846 0
1634268717748 0.3302788808941841 0
1634268717936 0.32887260615825653 0
1634268718140 0.33288363367319107 0
1634268718327 0.3303253799676895 0
1634268718530 0.32438768446445465 0
1634268718735 0.3217831030488014 0
1634268720289 0.32932286709547043 0
1634268720476 0.33142605423927307 0
1634268720676 0.3494432866573334 0
1634268720863 0.34574222564697266 0
1634268721066 0.34143615514039993 0
1634268721274 0.33047541975975037 0
1634268721475 0.3440292775630951 0
1634268721698 0.5205320417881012 0
1634268721912 0.7370876967906952 0
1634268722102 0.560840904712677 0
1634268722305 0.47042229771614075 0
1634268722508 0.4069269448518753 0
1634268722696 0.37682053446769714 0
1634268722899 0.35851427912712097 0
1634268723102 0.3523733764886856 0
1634268723290 0.3395597115159035 0
1634268723494 0.348939411342144 0
1634268723681 0.3589203879237175 0
1634268723884 0.3406078442931175 0
1634268724087 0.33249183744192123 0
1634268725705 0.33205652236938477 0
1634268725898 0.3368309810757637 0
1634268726085 0.3437899127602577 0
1634268726286 0.3407697379589081 0
1634268726489 0.33465947955846786 0
1634268726701 0.32863274216651917 0
1634268726904 0.3323194980621338 0
1634268727108 0.33158009499311447 0
1634268727311 0.3274148255586624 0
1634268727534 0.3345610871911049 0
1634268727737 0.3304760009050369 0
1634268727949 0.3276505693793297 0
1634268728153 0.321413055062294 0
1634268728351 0.3388538733124733 0
1634268728551 0.32452408224344254 0
1634268728745 0.3248940333724022 0
1634268728941 0.3228913024067879 0
1634268729132 0.32187651842832565 0
1634268729335 0.3194728195667267 0
1634268729538 0.32102201133966446 0
1634268731101 0.3243841305375099 0
1634268731304 0.3265530914068222 0
1634268731504 0.31993985921144485 0
1634268731709 0.31945157796144485 0
1634268731917 0.32277628779411316 0
1634268732120 0.3304714933037758 0
1634268732327 0.3384777829051018 0
1634268732540 0.35207752883434296 0
1634268732744 0.3324480280280113 0
1634268732952 0.33195657283067703 0
1634268733158 0.3270060420036316 0
1634268733349 0.3216532990336418 0
1634268733554 0.32285963743925095 0
1634268733743 0.32599957287311554 0
1634268733930 0.32093924283981323 0
1634268734133 0.3141412287950516 0
1634268734321 0.31400328129529953 0
1634268734525 0.31833240389823914 0
1634268734713 0.33106255531311035 0
1634268734900 0.34155892580747604 0
1634268736557 0.35386335104703903 0
1634268736745 0.3351932391524315 0
1634268736934 0.321397602558136 0
1634268737137 0.318886362016201 0
1634268737353 0.317009836435318 0
1634268737564 0.32491718977689743 0
1634268737773 0.32566533982753754 0
1634268737977 0.3322305679321289 0
1634268738183 0.3225124850869179 0
1634268738373 0.3199886605143547 0
1634268738562 0.3236262649297714 0
1634268738765 0.3151751384139061 0
1634268738968 0.3101615458726883 0
