1634268665447 3.4768776893615723 0
1634268667031 1.2642663717269897 0
1634268667234 1.0979316234588623 0
1634268667421 1.3311653137207031 0
1634268667610 1.7026982307434082 0
1634268667798 1.202446699142456 0
1634268667986 1.101252794265747 0
1634268668191 1.2213078737258911 0
1634268668382 1.2579939365386963 0
1634268668573 1.080345869064331 0
1634268668764 1.1137735843658447 0
1634268668956 1.1787327527999878 0
1634268669132 1.0807969570159912 0
1634268669335 1.3782126903533936 0
1634268669523 0.9202739596366882 0
1634268669710 1.7303171157836914 0
1634268669898 1.0414013862609863 0
1634268670087 0.9413027763366699 0
1634268670275 0.9390760064125061 0
1634268670479 0.9704698324203491 0
1634268670667 1.0664079189300537 0
1634268672182 1.4302709102630615 0
1634268672385 1.3054534196853638 0
1634268672573 1.1807729005813599 0
1634268672760 1.1388813257217407 0
1634268672948 1.0647441148757935 0
1634268673137 1.0949409008026123 0
1634268673340 1.1789066791534424 0
1634268673527 1.100731611251831 0
1634268673715 0.9516241550445557 0
1634268673902 0.9486695528030396 0
1634268674109 1.0388548374176025 0
1634268674312 1.027292251586914 0
1634268674511 0.9006009101867676 0
1634268674712 0.8601893186569214 0
1634268674899 0.815445601940155 0
1634268675110 0.8699377775192261 0
1634268675313 1.0107008218765259 0
1634268675514 0.9308778047561646 0
1634268675716 0.7971866130828857 0
1634268675916 0.7337051630020142 0
1634268677478 0.8147131204605103 0
1634268677666 0.9200615286827087 0
1634268677853 0.9774019122123718 0
1634268678058 1.0741944313049316 0
1634268678245 0.9567186832427979 0
1634268678444 0.8591130971908569 0
1634268678632 0.9381394386291504 0
1634268678820 0.838420033454895 0
1634268679007 0.9412814378738403 0
1634268679210 1.0138461589813232 0
1634268679398 0.9964255094528198 0
1634268679590 0.8515748977661133 0
1634268679794 0.7549527287483215 0
1634268679982 0.7150498628616333 0
1634268680185 0.6821767091751099 0
1634268680372 0.8397654294967651 0
1634268680576 0.8055524230003357 0
1634268680763 0.7905948162078857 0
1634268680966 0.7709716558456421 0
1634268681154 0.8199621438980103 0
1634268682687 0.8992061614990234 0
1634268682890 0.8806486129760742 0
1634268683084 0.8028280138969421 0
1634268683277 0.8824689388275146 0
1634268683471 0.7863062620162964 0
1634268683662 0.6889093518257141 0
1634268683854 0.7437686920166016 0
1634268684045 0.8313608169555664 0
1634268684227 0.6385953426361084 0
1634268684414 0.709812343120575 0
1634268684617 0.7416698932647705 0
1634268684804 0.735872745513916 0
1634268684992 0.7054191827774048 0
1634268685179 0.679201066493988 0
1634268685368 0.6912046670913696 0
1634268685571 0.6781094074249268 0
1634268685760 0.708111047744751 0
1634268685963 0.7195545434951782 0
1634268686156 0.7123600244522095 0
1634268686359 0.6797201633453369 0
1634268687994 0.6617414951324463 0
1634268688194 0.6880689263343811 0
1634268688397 0.6627764701843262 0
1634268688599 0.7293174862861633 0
1634268688802 1.4725234508514404 0
1634268689005 0.882654070854187 0
1634268689200 0.7495930194854736 0
1634268689408 0.6624554991722107 0
1634268689615 0.6342023015022278 0
1634268689813 0.7565737962722778 0
1634268690010 2.495333671569824 0
1634268690195 0.9213677644729614 0
1634268690398 0.9178160429000854 0
1634268690586 0.9050561785697937 0
1634268690793 0.7937558889389038 0
1634268690981 0.7710102200508118 0
1634268691184 0.8508378267288208 0
1634268691371 0.9158457517623901 0
1634268691575 1.0145922899246216 0
1634268691778 1.1015167236328125 0
1634268693399 1.1948230266571045 0
1634268693603 1.0695005655288696 0
1634268693790 1.0949394702911377 0
1634268693978 1.088698387145996 0
1634268694181 0.9238797426223755 0
1634268694368 0.837661862373352 0
1634268694556 0.8404399156570435 0
1634268694759 0.8458027243614197 0
1634268694947 0.7682496309280396 0
1634268695151 0.7799450159072876 0
1634268695338 0.7662756443023682 0
1634268695541 0.6971069574356079 0
1634268695729 0.6895785331726074 0
1634268695932 0.7019662857055664 0
1634268696135 0.762374758720398 0
1634268696323 0.7204773426055908 0
1634268696526 0.7285370826721191 0
1634268696714 0.76321941614151 0
1634268696917 0.8308824300765991 0
1634268697104 0.9127336144447327 0
1634268698750 0.8879739046096802 0
1634268698954 0.6682894229888916 0
1634268699148 0.7265965938568115 0
1634268699346 0.7355300188064575 0
1634268699549 0.7058825492858887 0
1634268699745 0.6965558528900146 0
1634268699954 0.7031165361404419 0
1634268700163 0.6625598669052124 0
1634268700368 0.6615108251571655 0
1634268700571 0.6865221261978149 0
1634268700774 0.728235125541687 0
1634268700977 0.704486072063446 0
1634268701164 0.6561069488525391 0
1634268701367 0.6500684022903442 0
1634268701570 0.6817291378974915 0
1634268701759 0.7726260423660278 0
1634268701962 0.7340590357780457 0
1634268702165 0.7467880249023438 0
1634268702354 0.7184574604034424 0
1634268702557 0.6558347940444946 0
1634268704171 0.6808133721351624 0
1634268704358 0.6893161535263062 0
1634268704562 0.6860612630844116 0
1634268704750 0.6474602818489075 0
1634268704937 0.6405725479125977 0
1634268705140 0.6244282722473145 0
1634268705345 0.6614585518836975 0
1634268705548 0.6597411632537842 0
1634268705735 0.6309006214141846 0
1634268705940 0.6427018642425537 0
1634268706136 0.6615347266197205 0
1634268706341 0.6376215815544128 0
1634268706550 0.6405203938484192 0
1634268706746 0.6500948667526245 0
1634268706942 0.6609148383140564 0
1634268707134 0.6656746864318848 0
1634268707352 0.6580076217651367 0
1634268707540 0.7004506587982178 0
1634268707743 0.8259413838386536 0
1634268707930 0.8133829832077026 0
1634268709538 0.7085588574409485 0
1634268709741 0.6769625544548035 0
1634268709946 0.6825480461120605 0
1634268710149 0.6616575717926025 0
1634268710352 0.6540002822875977 0
1634268710555 0.6430977582931519 0
1634268710742 0.6433240175247192 0
1634268710930 0.6521731019020081 0
1634268711133 0.6484535336494446 0
1634268711337 0.6469697952270508 0
1634268711525 0.6485736966133118 0
1634268711728 0.6555187702178955 0
1634268711931 0.6533506512641907 0
1634268712118 0.6301345825195312 0
1634268712321 0.621410608291626 0
1634268712524 0.6433531045913696 0
1634268712713 0.6639008522033691 0
1634268712916 0.6594258546829224 0
1634268713119 0.6534313559532166 0
1634268713322 0.6475707292556763 0
1634268714971 0.6590608358383179 0
1634268715168 0.6724729537963867 0
1634268715364 0.6599369049072266 0
1634268715556 0.635966420173645 0
1634268715747 0.6370598077774048 0
1634268715941 0.6567663550376892 0
1634268716149 0.6281286478042603 0
1634268716351 0.6206134557723999 0
1634268716558 0.6207829713821411 0
1634268716762 0.6532801985740662 0
1634268716966 0.6324410438537598 0
1634268717169 0.6525660753250122 0
1634268717358 0.6320708990097046 0
1634268717545 0.6310628056526184 0
1634268717748 0.629310131072998 0
1634268717936 0.6288651823997498 0
1634268718140 0.6236218214035034 0
1634268718327 0.618354320526123 0
1634268718530 0.6131620407104492 0
1634268718719 0.6130903959274292 0
1634268720289 0.616165041923523 0
1634268720476 0.6331079006195068 0
1634268720676 0.6442064046859741 0
1634268720863 0.6467028856277466 0
1634268721051 0.6462300419807434 0
1634268721270 0.6540674567222595 0
1634268721469 0.8163896799087524 0
1634268721695 2.014411449432373 0
1634268721908 1.2108513116836548 0
1634268722102 1.0462809801101685 0
1634268722305 0.8926994204521179 0
1634268722508 0.7872791290283203 0
1634268722696 0.7475889921188354 0
1634268722899 0.7101923227310181 0
1634268723086 0.7175926566123962 0
1634268723290 0.7488183379173279 0
1634268723478 0.7666124105453491 0
1634268723681 0.7395420074462891 0
1634268723884 0.7133864164352417 0
1634268724087 0.6924722194671631 0
1634268725702 0.6793500185012817 0
1634268725895 0.7184379696846008 0
1634268726085 0.7280930280685425 0
1634268726286 0.7021628618240356 0
1634268726489 0.6705310344696045 0
1634268726701 0.6566183567047119 0
1634268726889 0.6685683727264404 0
1634268727108 0.6603758335113525 0
1634268727311 0.656010627746582 0
1634268727518 0.6592029333114624 0
1634268727737 0.6545666456222534 0
1634268727933 0.6557586193084717 0
1634268728148 0.6531007289886475 0
1634268728347 0.6594338417053223 0
1634268728547 0.6534278392791748 0
1634268728741 0.6631908416748047 0
1634268728937 0.6493650078773499 0
1634268729132 0.6341913938522339 0
1634268729335 0.6325721740722656 0
1634268729538 0.6359556913375854 0
1634268731101 0.6174123883247375 0
1634268731301 0.6217883825302124 0
1634268731500 0.6150810122489929 0
1634268731705 0.6344982981681824 0
1634268731913 0.6599475741386414 0
1634268732116 0.6930674910545349 0
1634268732323 0.6992292404174805 0
1634268732535 0.7035584449768066 0
1634268732740 0.6725790500640869 0
1634268732946 0.7190810441970825 0
1634268733154 0.7072938680648804 0
1634268733349 0.7005555033683777 0
1634268733554 0.6504141688346863 0
1634268733743 0.6967219114303589 0
1634268733930 0.6316465139389038 0
1634268734133 0.6347896456718445 0
1634268734321 0.6565676331520081 0
1634268734509 0.7051793932914734 0
1634268734713 0.6729519963264465 0
1634268734900 0.6827611327171326 0
1634268736557 0.6842163801193237 0
1634268736745 0.6571839451789856 0
1634268736934 0.624355673789978 0
1634268737137 0.6362930536270142 0
1634268737348 0.6783047914505005 0
1634268737560 0.7745158672332764 0
1634268737768 0.7650541067123413 0
1634268737973 0.7909949421882629 0
1634268738179 0.6882901191711426 0
1634268738373 0.6958292722702026 0
1634268738562 0.7024416923522949 0
1634268738765 0.7047939300537109 0
1634268738953 0.7084585428237915 0
