1634268665447 2.081694006919861 0
1634268667031 0.06936881318688393 0
1634268667234 0.1438513733446598 0
1634268667421 0.5199320316314697 0
1634268667610 0.8902643620967865 0
1634268667798 0.4854150414466858 0
1634268668002 0.4012920409440994 0
1634268668193 0.547604501247406 0
1634268668384 0.6416078805923462 0
1634268668575 0.4898189306259155 0
1634268668766 0.5383493304252625 0
1634268668957 0.6264493465423584 0
1634268669148 0.5351676344871521 0
1634268669335 0.773427352309227 0
1634268669523 0.3131699413061142 0
1634268669710 1.192668080329895 0
1634268669898 0.45015352964401245 0
1634268670087 0.4109538495540619 0
1634268670290 0.4379888325929642 0
1634268670479 0.4712161123752594 0
1634268670672 0.5220823585987091 0
1634268672198 0.9033857882022858 0
1634268672385 0.5770942568778992 0
1634268672573 0.6090866029262543 0
1634268672760 0.5853526890277863 0
1634268672948 0.5345689654350281 0
1634268673152 0.5271093398332596 0
1634268673340 0.650945782661438 0
1634268673527 0.511485755443573 0
1634268673715 0.4237179309129715 0
1634268673902 0.43938712775707245 0
1634268674111 0.5041110068559647 0
1634268674314 0.484597846865654 0
1634268674513 0.3811115026473999 0
1634268674714 0.3521592617034912 0
1634268674899 0.33150144666433334 0
1634268675112 0.3842553645372391 0
1634268675314 0.4132775366306305 0
1634268675517 0.4047478884458542 0
1634268675718 0.318722128868103 0
1634268675918 0.2562106102705002 0
1634268677478 0.34199774265289307 0
1634268677666 0.47410787642002106 0
1634268677869 0.5091401785612106 0
1634268678058 0.45619599521160126 0
1634268678245 0.4615003168582916 0
1634268678444 0.37534624338150024 0
1634268678632 0.460940420627594 0
1634268678820 0.33275800198316574 0
1634268679007 0.46450938284397125 0
1634268679210 0.5848839730024338 0
1634268679398 0.5637590289115906 0
1634268679590 0.3980370908975601 0
1634268679794 0.30475352704524994 0
1634268679998 0.2735992297530174 0
1634268680185 0.2505086436867714 0
1634268680372 0.4019504711031914 0
1634268680576 0.36351679265499115 0
1634268680763 0.35863471776247025 0
1634268680966 0.3516314849257469 0
1634268681154 0.4163912981748581 0
1634268682687 0.44811657071113586 0
1634268682890 0.36349210143089294 0
1634268683086 0.3406302332878113 0
1634268683279 0.4625914543867111 0
1634268683473 0.3455813080072403 0
1634268683664 0.24329021573066711 0
1634268683856 0.3393949270248413 0
1634268684046 0.4132431745529175 0
1634268684227 0.23109567165374756 0
1634268684414 0.3076387047767639 0
1634268684617 0.33848001062870026 0
1634268684804 0.32371610403060913 0
1634268684992 0.29698296636343 0
1634268685179 0.2871173769235611 0
1634268685368 0.3060328960418701 0
1634268685571 0.3020772933959961 0
1634268685760 0.3310810923576355 0
1634268685963 0.3037089556455612 0
1634268686156 0.28069231659173965 0
1634268686359 0.2702344208955765 0
1634268687996 0.2681138664484024 0
1634268688194 0.28964342921972275 0
1634268688397 0.28035394474864006 0
1634268688599 0.3514610528945923 0
1634268688802 1.0703088492155075 0
1634268689005 0.3167232796549797 0
1634268689202 0.2756536565721035 0
1634268689411 0.25054728984832764 0
1634268689617 0.23124765790998936 0
1634268689815 0.3375644385814667 0
1634268690012 2.062765121459961 0
1634268690195 0.3763447105884552 0
1634268690398 0.3580391854047775 0
1634268690586 0.3627309203147888 0
1634268690793 0.3371497318148613 0
1634268690997 0.36644861102104187 0
1634268691184 0.4614274799823761 0
1634268691387 0.5351457595825195 0
1634268691575 0.6361749023199081 0
1634268691778 0.700157880783081 0
1634268693399 0.781344473361969 0
1634268693603 0.5720717459917068 0
1634268693790 0.66421078145504 0
1634268693993 0.568150132894516 0
1634268694181 0.4584904909133911 0
1634268694368 0.3979661613702774 0
1634268694571 0.3948788642883301 0
1634268694759 0.41176117956638336 0
1634268694947 0.323374405503273 0
1634268695151 0.3422859162092209 0
1634268695338 0.29790056496858597 0
1634268695541 0.266553096473217 0
1634268695729 0.2789002135396004 0
1634268695932 0.30859023332595825 0
1634268696135 0.34902556240558624 0
1634268696323 0.30118566006422043 0
1634268696526 0.31670084595680237 0
1634268696714 0.3383907377719879 0
1634268696917 0.3970516324043274 0
1634268697104 0.49279747903347015 0
1634268698765 0.45230402052402496 0
1634268698954 0.27948763966560364 0
1634268699150 0.3369160145521164 0
1634268699348 0.33743852376937866 0
1634268699551 0.3340238109230995 0
1634268699747 0.3334704488515854 0
1634268699956 0.34433672577142715 0
1634268700163 0.30396124720573425 0
1634268700368 0.2981933057308197 0
1634268700571 0.3170103281736374 0
1634268700774 0.3611602634191513 0
1634268700977 0.3303070664405823 0
1634268701164 0.29069918394088745 0
1634268701367 0.2831285744905472 0
1634268701570 0.3119402378797531 0
1634268701759 0.36148834228515625 0
1634268701962 0.3381097614765167 0
1634268702165 0.3508370965719223 0
1634268702354 0.3277573138475418 0
1634268702557 0.2884111776947975 0
1634268704171 0.31938447058200836 0
1634268704358 0.32105281949043274 0
1634268704562 0.3263545632362366 0
1634268704750 0.28218701481819153 0
1634268704937 0.271504782140255 0
1634268705140 0.27082376927137375 0
1634268705345 0.30770443379879 0
1634268705548 0.3031357601284981 0
1634268705735 0.27823127061128616 0
1634268705940 0.28971437364816666 0
1634268706138 0.2890986055135727 0
1634268706344 0.28574416786432266 0
1634268706552 0.28284143656492233 0
1634268706748 0.2865995392203331 0
1634268706944 0.2991543188691139 0
1634268707134 0.3128018379211426 0
1634268707352 0.2983494997024536 0
1634268707540 0.34467966854572296 0
1634268707743 0.4469106048345566 0
1634268707930 0.3468168079853058 0
1634268709538 0.3268677815794945 0
1634268709741 0.30129020661115646 0
1634268709946 0.292354516685009 0
1634268710149 0.30613313615322113 0
1634268710352 0.3056257367134094 0
1634268710555 0.2924485579133034 0
1634268710742 0.2936362251639366 0
1634268710945 0.31031063944101334 0
1634268711133 0.31004519015550613 0
1634268711337 0.30648863315582275 0
1634268711525 0.2962489351630211 0
1634268711728 0.3075709864497185 0
1634268711931 0.3127771243453026 0
1634268712134 0.2982027232646942 0
1634268712321 0.28719235211610794 0
1634268712524 0.303235799074173 0
1634268712729 0.3156352937221527 0
1634268712916 0.3080127462744713 0
1634268713119 0.31400881707668304 0
1634268713322 0.3140113651752472 0
1634268714971 0.3236677870154381 0
1634268715170 0.32592498511075974 0
1634268715365 0.3080355226993561 0
1634268715558 0.3008066192269325 0
1634268715749 0.30633921921253204 0
1634268715943 0.3211934417486191 0
1634268716151 0.29088228195905685 0
1634268716353 0.2822737917304039 0
1634268716560 0.2920254319906235 0
1634268716764 0.3250209167599678 0
1634268716968 0.29944344609975815 0
1634268717171 0.2984211817383766 0
1634268717358 0.29046057909727097 0
1634268717561 0.2948428951203823 0
1634268717748 0.29903125762939453 0
1634268717936 0.29999255761504173 0
1634268718140 0.29073819145560265 0
1634268718327 0.28802891448140144 0
1634268718530 0.2887743152678013 0
1634268718719 0.2913072854280472 0
1634268720289 0.2868421897292137 0
1634268720476 0.30168189108371735 0
1634268720676 0.29476312547922134 0
1634268720863 0.30096062272787094 0
1634268721066 0.3047938793897629 0
1634268721272 0.32359203696250916 0
1634268721473 0.4723603427410126 0
1634268721697 1.4938793331384659 0
1634268721910 0.473763644695282 0
1634268722102 0.4854400306940079 0
1634268722305 0.4222770780324936 0
1634268722508 0.3803521692752838 0
1634268722696 0.3707684874534607 0
1634268722899 0.3516780659556389 0
1634268723086 0.36521928757429123 0
1634268723290 0.409258633852005 0
1634268723478 0.4176729768514633 0
1634268723681 0.38062168657779694 0
1634268723884 0.37277860194444656 0
1634268724087 0.35998041182756424 0
1634268725703 0.3472934812307358 0
1634268725896 0.38160698115825653 0
1634268726085 0.38430312275886536 0
1634268726286 0.36139312386512756 0
1634268726489 0.3358715772628784 0
1634268726701 0.32798561453819275 0
1634268726904 0.33624885231256485 0
1634268727108 0.3287957161664963 0
1634268727311 0.3285958021879196 0
1634268727518 0.3246418163180351 0
1634268727737 0.3240906596183777 0
1634268727933 0.328108012676239 0
1634268728151 0.33168769627809525 0
1634268728349 0.3205799385905266 0
1634268728549 0.32890380173921585 0
1634268728743 0.3382967785000801 0
1634268728939 0.3264737203717232 0
1634268729132 0.31231484562158585 0
1634268729335 0.31309930980205536 0
1634268729538 0.3149337023496628 0
1634268731101 0.2930282764136791 0
1634268731303 0.2952352985739708 0
1634268731502 0.29514117538928986 0
1634268731707 0.3150467202067375 0
1634268731915 0.3371713235974312 0
1634268732118 0.36259599030017853 0
1634268732325 0.3607514202594757 0
1634268732537 0.3514809086918831 0
1634268732742 0.3401310443878174 0
1634268732949 0.38712450861930847 0
1634268733156 0.38028785586357117 0
1634268733349 0.3789021968841553 0
1634268733554 0.32755453884601593 0
1634268733743 0.37072232365608215 0
1634268733930 0.3107072338461876 0
1634268734133 0.3206484392285347 0
1634268734321 0.34256433695554733 0
1634268734525 0.38684698939323425 0
1634268734713 0.3418894335627556 0
1634268734900 0.34120219200849533 0
1634268736557 0.3303529843688011 0
1634268736745 0.3219907134771347 0
1634268736934 0.30295807868242264 0
1634268737137 0.31740670651197433 0
1634268737351 0.3612949401140213 0
1634268737562 0.44959867000579834 0
1634268737771 0.43938876688480377 0
1634268737975 0.45876435935497284 0
1634268738181 0.3657776713371277 0
1634268738373 0.37584060430526733 0
1634268738562 0.3788154274225235 0
1634268738765 0.38961878418922424 0
1634268738953 0.39829695224761963 0
