1640164966847 0 0
1640164988622 0 0
1640164998944 0 0
1640165009114 0 0
1640165019401 0 0
1640165028980 0 0
1640165038422 0 0
1640165047761 0 0
1640165057084 0 0
1640165067013 0 0
1640165076885 0 0
1640165086673 0 0
1640165096355 0 0
1640165106281 0 0
1640165115982 0 0
1640165125771 0 0
1640165135538 0 0
1640165145245 0 0
1640165155420 0 0
1640165165249 0 0
1640165175292 0 0
1640165186624 0 0
1640165196246 0 0
1640165206509 0 0
1640165216947 0 0
1640165226621 0 0
1640165236278 0 0
1640165245868 0 0
1640165255133 0 0
1640165264574 0 0
1640165274066 0 0
1640165283134 0 0
1640165292318 0 0
1640165301418 0 0
1640165310417 0 0
1640165319406 0 0
1640165328454 0 0
1640165337594 0 0
1640165346496 0 0
1640165355644 0 0
1640165364768 0 0
1640165375532 0 0
1640165384485 0 0
1640165393480 0 0
1640165402487 0 0
1640165411471 0 0
1640165420560 0 0
1640165429573 0 0
1640165438593 0 0
1640165448156 0 0
1640165457835 0 0
1640165466884 0 0
1640165476526 0 0
1640165485658 0 0
1640165494799 0 0
1640165503841 0 0
1640165512985 0 0
1640165522078 0 0
1640165531147 0 0
1640165540217 0 0
1640165549300 0 0
1640165559929 0 0
1640165569058 0 0
1640165578070 0 0
1640165587058 0 0
1640165596067 0 0
1640165604896 0 0
1640165614056 0 0
1640165623285 0 0
1640165632289 0 0
1640165641252 0 0
1640165650324 0 0
1640165659388 0 0
1640165668524 0 0
1640165677547 0 0
1640165686556 0 0
1640165695637 0 0
1640165704680 0 0
1640165714011 0 0
1640165724670 0 0
1640165734343 0 0
1640165745361 0 0
1640165754548 0 0
1640165763728 0 0
1640165772933 0 0
1640165782110 0 0
1640165791379 0 0
1640165800584 0 0
1640165809917 0 0
1640165819069 0 0
1640165828393 0 0
1640165837639 0 0
1640165848756 0 0
1640165861084 0 0
1640165873467 0 0
1640165884820 0 0
1640165894598 0 0
1640165903730 0 0
1640165914105 0 0
1640165923945 0 0
1640165933172 0 0
1640165944283 0 0
1640165953282 0 0
1640165962445 0 0
1640165971525 0 0
1640165980641 0 0
1640165989633 0 0
1640165998778 0 0
1640166007863 0 0
1640166017041 0 0
1640166026137 0 0
1640166035096 0 0
1640166044119 0 0
1640166053143 0 0
1640166062192 0 0
1640166071452 0 0
1640166080470 0 0
1640166089718 0 0
1640166098767 0 0
1640166107835 0 0
1640166116842 0 0
1640166127896 0 0
1640166136934 0 0
1640166145947 0 0
1640166154972 0 0
1640166163968 0 0
1640166172867 0 0
1640166181932 0 0
1640166191076 0 0
1640166200126 0 0
1640166209084 0 0
1640166218177 0 0
1640166227308 0 0
1640166236346 0 0
1640166245377 0 0
1640166254486 0 0
1640166263350 0 0
1640166272228 0 0
1640166281237 0 0
1640166290270 0 0
1640166299276 0 0
1640166309794 0 0
1640166318903 0 0
1640166327974 0 0
1640166337151 0 0
1640166346311 0 0
1640166355567 0 0
1640166364632 0 0
1640166373694 0 0
1640166382623 0 0
1640166391597 0 0
1640166400583 0 0
1640166409767 0 0
1640166418747 0 0
1640166427644 0 0
1640166436599 0 0
1640166445626 0 0
1640166454799 0 0
1640166463729 0 0
1640166472777 0 0
1640166481773 0 0
1640166492319 0 0
1640166501414 0 0
1640166510498 0 0
1640166519595 0 0
1640166528791 0 0
1640166537821 0 0
1640166546902 0 0
1640166556021 0 0
1640166565017 0 0
1640166573972 0 0
1640166582960 0 0
1640166591832 0 0
1640166600720 0 0
1640166609739 0 0
1640166618759 0 0
1640166627980 0 0
1640166636982 0 0
1640166646109 0 0
1640166655346 0 0
1640166664375 0 0
1640166675017 0 0
1640166684050 0 0
1640166693133 0 0
1640166702208 0 0
1640166711118 0 0
1640166720241 0 0
1640166729401 0 0
1640166738548 0 0
1640166747653 0 0
1640166756685 0 0
1640166765714 0 0
1640166774503 0 0
1640166783538 0 0
1640166792553 0 0
1640166801605 0 0
1640166810515 0 0
1640166819523 0 0
1640166828540 0 0
1640166837719 0 0
1640166846904 0 0
1640166857607 0 0
1640166866743 0 0
1640166875957 0 0
1640166885119 0 0
1640166894233 0 0
1640166903300 0 0
1640166912529 0 0
1640166921645 0 0
1640166930628 0 0
1640166939589 0 0
1640166948687 0 0
1640166957885 0 0
1640166966913 0 0
1640166975977 0 0
1640166984990 0 0
1640166994092 0 0
1640167003222 0 0
1640167012324 0 0
1640167021589 0 0
1640167030636 0 0
1640167041435 0 0
1640167050521 0 0
1640167059459 0 0
1640167068517 0 0
1640167077617 0 0
1640167086668 0 0
1640167095597 0 0
1640167104676 0 0
1640167113575 0 0
1640167122525 0 0
1640167131543 0 0
1640167140683 0 0
1640167149701 0 0
1640167158789 0 0
1640167167804 0 0
1640167176833 0 0
1640167185985 0 0
1640167195014 0 0
1640167204238 0 0
1640167213461 0 0
1640167224132 0 0
1640167233290 0 0
1640167242413 0 0
1640167251456 0 0
1640167260383 0 0
1640167269473 0 0
1640167278505 0 0
1640167287574 0 0
1640167296629 0 0
1640167305807 0 0
1640167314776 0 0
1640167323818 0 0
1640167332926 0 0
1640167341905 0 0
1640167350989 0 0
1640167359903 0 0
1640167369033 0 0
1640167378074 0 0
1640167386994 0 0
1640167395964 0 0
1640167406566 0 0
1640167415553 0 0
1640167424665 0 0
1640167433757 0 0
1640167442820 0 0
1640167451903 0 0
1640167460989 0 0
1640167470115 0 0
1640167479201 0 0
1640167488163 0 0
1640167497165 0 0
1640167506338 0 0
1640167515397 0 0
1640167524358 0 0
1640167533659 0 0
1640167542776 0 0
1640167551868 0 0
1640167560968 0 0
1640167570021 0 0
1640167579299 0 0
1640167589823 0 0
1640167598847 0 0
1640167608010 0 0
1640167617202 0 0
1640167626266 0 0
1640167635153 0 0
1640167644201 0 0
1640167653333 0 0
1640167662444 0 0
1640167671566 0 0
1640167680539 0 0
1640167689646 0 0
1640167698781 0 0
1640167707971 0 0
1640167717079 0 0
1640167726114 0 0
1640167735244 0 0
1640167744339 0 0
1640167753460 0 0
1640167762533 0 0
1640167773643 0 0
1640167782679 0 0
1640167791659 0 0
1640167800735 0 0
1640167809701 0 0
1640167818706 0 0
1640167827775 0 0
1640167836605 0 0
1640167845683 0 0
1640167854735 0 0
1640167863750 0 0
1640167872896 0 0
1640167881957 0 0
1640167891003 0 0
1640167900025 0 0
1640167909163 0 0
1640167918267 0 0
1640167927271 0 0
1640167936273 0 0
1640167945310 0 0
1640167956100 0 0
1640167965220 0 0
1640167974169 0 0
1640167983151 0 0
1640167992325 0 0
1640168001109 0 0
1640168010099 0 0
1640168019123 0 0
1640168028170 0 0
1640168037187 0 0
1640168046173 0 0
1640168055174 0 0
1640168064120 0 0
1640168073154 0 0
1640168082009 0 0
1640168091047 0 0
1640168100006 0 0
1640168109079 0 0
1640168118122 0 0
1640168127134 0 0
1640168137769 0 0
1640168146879 0 0
1640168155989 0 0
1640168165147 0 0
1640168174297 0 0
1640168183318 0 0
1640168192449 0 0
1640168201504 0 0
1640168210479 0 0
1640168219534 0 0
1640168228631 0 0
1640168237649 0 0
1640168246772 0 0
1640168255748 0 0
1640168264763 0 0
1640168273843 0 0
1640168282869 0 0
1640168292072 0 0
1640168301149 0 0
1640168310288 0 0
1640168320767 0 0
1640168329827 0 0
1640168338855 0 0
1640168348128 0 0
1640168357147 0 0
1640168366148 0 0
1640168375162 0 0
1640168384231 0 0
1640168393345 0 0
1640168402315 0 0
1640168411373 0 0
1640168420299 0 0
1640168429458 0 0
1640168438684 0 0
1640168447688 0 0
1640168456675 0 0
1640168465786 0 0
1640168474865 0 0
1640168483933 0 0
1640168492984 0 0
1640168504099 0 0
1640168513201 0 0
1640168522251 0 0
1640168531282 0 0
1640168540396 0 0
1640168549442 0 0
1640168558466 0 0
1640168567501 0 0
1640168576426 0 0
1640168585514 0 0
1640168594686 0 0
1640168603655 0 0
1640168612726 0 0
1640168621768 0 0
1640168630716 0 0
1640168639786 0 0
1640168648959 0 0
1640168658137 0 0
1640168667289 0 0
1640168676314 0 0
1640168686806 0 0
1640168695812 0 0
1640168704829 0 0
1640168713834 0 0
1640168722823 0 0
1640168732139 0 0
1640168741375 0 0
1640168750509 0 0
1640168759510 0 0
1640168768652 0 0
1640168777829 0 0
1640168786863 0 0
1640168796049 0 0
1640168805152 0 0
1640168814190 0 0
1640168823270 0 0
1640168832410 0 0
1640168841447 0 0
1640168850438 0 0
1640168859510 0 0
1640168870176 0 0
1640168879348 0 0
1640168888400 0 0
1640168897546 0 0
1640168906696 0 0
1640168915930 0 0
1640168925081 0 0
1640168934201 0 0
1640168943131 0 0
1640168952160 0 0
1640168961293 0 0
1640168970332 0 0
1640168979300 0 0
1640168988304 0 0
1640168997448 0 0
1640169006659 0 0
1640169015757 0 0
1640169024827 0 0
1640169033912 0 0
1640169043034 0 0
1640169053660 0 0
1640169062822 0 0
1640169071903 0 0
1640169080969 0 0
1640169089991 0 0
1640169099068 0 0
1640169108161 0 0
1640169117232 0 0
1640169126279 0 0
1640169135383 0 0
1640169144562 0 0
1640169153669 0 0
1640169162819 0 0
1640169171864 0 0
1640169180998 0 0
1640169190096 0 0
1640169199404 0 0
1640169208533 0 0
1640169217596 0 0
1640169226592 0 0
1640169237198 0 0
1640169246517 0 0
1640169255506 0 0
1640169264605 0 0
1640169273682 0 0
1640169282790 0 0
1640169291864 0 0
1640169300944 0 0
1640169310069 0 0
1640169319111 0 0
1640169328187 0 0
1640169337484 0 0
1640169346578 0 0
1640169355691 0 0
1640169364881 0 0
1640169373972 0 0
1640169383042 0 0
1640169392108 0 0
1640169401099 0 0
1640169409987 0 0
1640169420475 0 0
1640169429629 0 0
1640169438622 0 0
1640169447799 0 0
1640169456792 0 0
1640169466015 0 0
1640169475135 0 0
1640169484162 0 0
1640169493259 0 0
1640169502404 0 0
1640169511536 0 0
1640169520565 0 0
1640169529411 0 0
1640169538643 0 0
1640169547674 0 0
1640169556650 0 0
1640169565812 0 0
1640169574888 0 0
1640169584235 0 0
1640169593335 0 0
1640169604600 0 0
1640169613750 0 0
1640169623009 0 0
1640169632099 0 0
1640169641488 0 0
1640169650568 0 0
1640169659822 0 0
1640169669021 0 0
1640169678203 0 0
1640169687416 0 0
1640169696459 0 0
1640169705655 0 0
1640169714969 0 0
1640169724004 0 0
1640169733080 0 0
1640169742095 0 0
1640169751195 0 0
1640169760448 0 0
1640169769625 0 0
1640169778730 0 0
1640169789252 0 0
1640169798325 0 0
1640169807300 0 0
1640169816206 0 0
1640169825221 0 0
1640169834321 0 0
1640169843324 0 0
1640169852411 0 0
1640169861412 0 0
1640169870405 0 0
1640169879398 0 0
1640169888403 0 0
1640169897383 0 0
1640169906465 0 0
1640169915367 0 0
1640169924498 0 0
1640169933656 0 0
1640169942757 0 0
1640169951770 0 0
1640169960804 0 0
1640169971385 0 0
1640169980566 0 0
1640169989705 0 0
1640169998795 0 0
1640170007669 0 0
1640170016707 0 0
1640170025673 0 0
1640170034698 0 0
1640170043748 0 0
1640170052724 0 0
1640170061768 0 0
1640170070880 0 0
1640170079895 0 0
1640170088866 0 0
1640170097924 0 0
1640170106951 0 0
1640170115992 0 0
1640170125008 0 0
1640170134090 0 0
1640170143180 0 0
1640170153679 0 0
1640170162671 0 0
1640170171718 0 0
1640170180769 0 0
1640170189804 0 0
1640170198770 0 0
1640170207743 0 0
1640170216673 0 0
1640170225749 0 0
1640170234805 0 0
1640170244011 0 0
1640170253143 0 0
1640170262183 0 0
1640170271177 0 0
1640170280276 0 0
1640170289289 0 0
1640170298427 0 0
1640170307566 0 0
1640170316628 0 0
1640170325700 0 0
1640170336409 0 0
1640170345494 0 0
1640170354493 0 0
1640170363715 0 0
1640170372806 0 0
1640170381846 0 0
1640170391014 0 0
1640170399948 0 0
1640170408970 0 0
1640170418044 0 0
1640170426935 0 0
1640170436143 0 0
1640170445284 0 0
1640170454303 0 0
1640170463431 0 0
1640170472663 0 0
1640170481757 0 0
1640170490837 0 0
1640170499995 0 0
1640170508982 0 0
1640170519599 0 0
1640170528742 0 0
1640170537872 0 0
1640170547175 0 0
1640170556309 0 0
1640170565270 0 0
1640170574390 0 0
1640170583413 0 0
1640170592542 0 0
1640170601640 0 0
1640170610815 0 0
1640170619937 0 0
1640170629045 0 0
1640170638092 0 0
1640170647174 0 0
1640170656234 0 0
1640170665203 0 0
1640170674303 0 0
1640170683272 0 0
1640170692269 0 0
1640170702930 0 0
1640170712068 0 0
1640170721121 0 0
1640170730178 0 0
1640170739295 0 0
1640170748298 0 0
1640170757436 0 0
1640170766420 0 0
1640170775440 0 0
1640170784533 0 0
1640170793585 0 0
1640170802754 0 0
1640170812050 0 0
1640170821080 0 0
1640170830147 0 0
1640170839268 0 0
1640170848476 0 0
1640170857592 0 0
1640170866689 0 0
1640170875774 0 0
1640170887233 0 0
1640170896329 0 0
1640170905397 0 0
1640170914490 0 0
1640170923566 0 0
1640170932706 0 0
1640170941832 0 0
1640170950858 0 0
1640170959958 0 0
1640170968975 0 0
1640170978037 0 0
1640170987039 0 0
1640170996103 0 0
1640171005022 0 0
1640171013966 0 0
1640171022797 0 0
1640171031934 0 0
1640171040885 0 0
1640171050041 0 0
1640171059126 0 0
1640171069942 0 0
1640171079022 0 0
1640171088027 0 0
1640171097024 0 0
1640171106272 0 0
1640171115286 0 0
1640171124262 0 0
1640171133525 0 0
1640171142683 0 0
1640171151837 0 0
1640171160996 0 0
1640171170174 0 0
1640171179206 0 0
1640171188310 0 0
1640171197433 0 0
1640171206686 0 0
1640171215741 0 0
1640171224729 0 0
1640171233734 0 0
1640171242858 0 0
1640171253502 0 0
1640171262599 0 0
1640171271646 0 0
1640171280856 0 0
1640171289932 0 0
1640171299010 0 0
1640171307958 0 0
1640171316984 0 0
1640171325972 0 0
1640171335166 0 0
1640171344284 0 0
1640171353386 0 0
1640171362562 0 0
1640171371698 0 0
1640171380725 0 0
1640171389843 0 0
1640171398992 0 0
1640171408011 0 0
1640171417097 0 0
1640171426387 0 0
1640171437077 0 0
1640171446142 0 0
1640171455185 0 0
1640171464265 0 0
1640171473345 0 0
1640171482486 0 0
1640171491617 0 0
1640171500788 0 0
1640171509896 0 0
1640171518966 0 0
1640171528048 0 0
1640171537073 0 0
1640171546050 0 0
1640171555102 0 0
1640171564207 0 0
1640171573485 0 0
1640171582563 0 0
1640171591587 0 0
1640171600736 0 0
1640171609914 0 0
1640171620548 0 0
1640171629713 0 0
1640171638827 0 0
1640171647898 0 0
1640171656927 0 0
1640171666043 0 0
1640171675064 0 0
1640171684042 0 0
1640171692968 0 0
1640171701953 0 0
1640171711101 0 0
1640171720128 0 0
1640171729184 0 0
1640171738288 0 0
1640171747344 0 0
1640171756529 0 0
1640171765586 0 0
1640171774509 0 0
1640171783511 0 0
1640171792570 0 0
1640171803031 0 0
1640171812138 0 0
1640171821119 0 0
1640171830221 0 0
1640171839298 0 0
1640171848260 0 0
1640171857380 0 0
1640171866430 0 0
1640171875516 0 0
1640171884513 0 0
1640171893374 0 0
1640171902429 0 0
1640171911622 0 0
1640171920627 0 0
1640171929640 0 0
1640171938763 0 0
1640171947757 0 0
1640171956682 0 0
1640171965504 0 0
1640171974492 0 0
1640171984978 0 0
1640171993940 0 0
1640172003080 0 0
1640172012010 0 0
1640172020890 0 0
1640172029992 0 0
1640172039208 0 0
1640172048266 0 0
1640172057338 0 0
1640172066506 0 0
1640172075685 0 0
1640172084633 0 0
1640172093716 0 0
1640172102782 0 0
1640172111832 0 0
1640172120803 0 0
1640172129775 0 0
1640172138712 0 0
1640172147759 0 0
1640172156995 0 0
1640172167584 0 0
1640172176733 0 0
1640172185780 0 0
1640172194827 0 0
1640172203938 0 0
1640172213029 0 0
1640172222086 0 0
1640172231225 0 0
1640172240359 0 0
1640172249481 0 0
1640172258749 0 0
1640172267882 0 0
1640172277034 0 0
1640172286157 0 0
1640172295337 0 0
1640172304615 0 0
1640172313747 0 0
1640172322954 0 0
1640172332207 0 0
1640172341208 0 0
1640172352814 0 0
1640172361981 0 0
1640172371083 0 0
1640172380114 0 0
1640172389183 0 0
1640172398234 0 0
1640172407336 0 0
1640172416556 0 0
1640172425568 0 0
1640172434762 0 0
1640172443900 0 0
1640172453141 0 0
1640172462177 0 0
1640172471172 0 0
1640172480211 0 0
1640172489330 0 0
1640172498412 0 0
1640172507557 0 0
1640172516501 0 0
1640172525664 0 0
1640172536329 0 0
1640172545434 0 0
1640172554457 0 0
1640172563597 0 0
1640172572596 0 0
1640172581643 0 0
1640172590586 0 0
1640172599648 0 0
1640172608718 0 0
1640172617698 0 0
1640172626682 0 0
1640172635792 0 0
1640172644881 0 0
1640172653913 0 0
1640172663052 0 0
1640172672214 0 0
1640172681358 0 0
1640172690547 0 0
1640172699686 0 0
1640172708732 0 0
1640172719147 0 0
1640172728270 0 0
1640172737401 0 0
1640172746520 0 0
1640172755570 0 0
1640172764803 0 0
1640172774076 0 0
1640172783174 0 0
1640172792212 0 0
1640172801285 0 0
1640172810340 0 0
1640172819392 0 0
1640172828726 0 0
1640172837876 0 0
1640172846889 0 0
1640172856000 0 0
1640172865088 0 0
1640172874009 0 0
1640172883187 0 0
1640172892333 0 0
1640172902917 0 0
1640172912088 0 0
1640172921256 0 0
1640172930422 0 0
1640172939679 0 0
1640172948625 0 0
1640172957620 0 0
1640172966697 0 0
1640172975797 0 0
1640172984799 0 0
1640172993971 0 0
1640173003227 0 0
1640173012433 0 0
1640173021494 0 0
1640173030530 0 0
1640173039596 0 0
1640173048605 0 0
1640173057609 0 0
1640173066799 0 0
1640173075962 0 0
1640173086503 0 0
1640173095822 0 0
1640173104832 0 0
1640173113871 0 0
1640173123069 0 0
1640173132135 0 0
1640173141313 0 0
1640173150398 0 0
1640173159376 0 0
1640173168558 0 0
1640173177800 0 0
1640173186793 0 0
1640173195905 0 0
1640173205051 0 0
1640173214046 0 0
1640173223195 0 0
1640173232174 0 0
1640173241363 0 0
1640173250461 0 0
1640173259492 0 0
1640173270131 0 0
1640173279222 0 0
1640173288278 0 0
1640173297394 0 0
1640173306457 0 0
1640173315511 0 0
1640173324743 0 0
1640173333827 0 0
1640173342796 0 0
1640173351882 0 0
1640173361075 0 0
1640173370162 0 0
1640173379151 0 0
1640173388552 0 0
1640173397674 0 0
1640173406697 0 0
1640173415774 0 0
1640173424972 0 0
1640173434191 0 0
1640173443400 0 0
1640173454004 0 0
1640173463061 0 0
1640173472106 0 0
1640173481191 0 0
1640173490296 0 0
1640173499367 0 0
1640173508422 0 0
1640173517380 0 0
1640173526374 0 0
1640173535543 0 0
1640173544486 0 0
1640173553464 0 0
1640173562490 0 0
1640173571473 0 0
1640173580612 0 0
1640173589707 0 0
1640173598708 0 0
1640173607737 0 0
1640173616810 0 0
1640173626004 0 0
1640173636614 0 0
1640173645703 0 0
1640173654754 0 0
1640173663805 0 0
1640173672912 0 0
1640173681808 0 0
1640173690987 0 0
1640173699978 0 0
1640173709035 0 0
1640173718191 0 0
1640173727214 0 0
1640173736216 0 0
1640173745303 0 0
1640173754436 0 0
1640173763554 0 0
1640173772695 0 0
1640173781690 0 0
1640173790679 0 0
1640173799782 0 0
1640173808922 0 0
1640173819377 0 0
1640173828484 0 0
1640173837719 0 0
1640173846867 0 0
1640173856046 0 0
1640173865180 0 0
1640173874378 0 0
1640173883595 0 0
1640173892673 0 0
1640173901684 0 0
1640173910748 0 0
1640173919882 0 0
1640173929049 0 0
1640173938020 0 0
1640173947082 0 0
1640173956200 0 0
1640173965323 0 0
1640173974440 0 0
1640173983430 0 0
1640173992458 0 0
1640174002976 0 0
1640174012110 0 0
1640174021135 0 0
1640174030230 0 0
1640174039356 0 0
1640174048380 0 0
1640174057512 0 0
1640174066560 0 0
1640174075600 0 0
1640174084621 0 0
1640174093583 0 0
1640174102903 0 0
1640174112034 0 0
1640174121300 0 0
1640174130411 0 0
1640174139533 0 0
1640174148623 0 0
1640174157689 0 0
1640174166827 0 0
