1640164966858 7.681651830673218 0
1640164988633 2.159225821495056 0
1640164998955 0.8608413636684418 0
1640165009126 0.7450657375156879 0
1640165019412 1.419685959815979 0
1640165028992 0.8591531962156296 0
1640165038433 0.18213685601949692 0
1640165047772 0.48977184295654297 0
1640165057097 0.8143763542175293 0
1640165067025 0.636778324842453 0
1640165076897 1.0037198960781097 0
1640165086686 1.2726049721240997 0
1640165096367 0.5946128666400909 0
1640165106295 1.012639582157135 0
1640165115994 1.5123356580734253 0
1640165125782 0.6636878326535225 0
1640165135554 0.375657394528389 0
1640165145257 1.1037526056170464 0
1640165155431 0.8771269470453262 0
1640165165262 1.3038450479507446 0
1640165175304 1.0152174830436707 0
1640165186636 0.10732349380850792 0
1640165196258 0.922591507434845 0
1640165206522 0.9699965566396713 0
1640165216959 1.0510411262512207 0
1640165226633 1.666248857975006 0
1640165236290 0.6005101064220071 0
1640165245879 0.5823281705379486 0
1640165255144 1.7263962626457214 0
1640165264585 0.9443836212158203 0
1640165274077 1.0285787880420685 0
1640165283145 0.45732223242521286 0
1640165292338 0.9256556481122971 0
1640165301430 1.6798596382141113 0
1640165310428 0.20201177522540092 0
1640165319417 1.5077964067459106 0
1640165328478 1.1978734731674194 0
1640165337605 0.35533309914171696 0
1640165346508 0.7194193564355373 0
1640165355657 0.957735687494278 0
1640165364779 0.4980412572622299 0
1640165375543 1.2622593641281128 0
1640165384496 1.0599125027656555 0
1640165393491 0.5423416197299957 0
1640165402497 1.2098602652549744 0
1640165411482 0.7834023535251617 0
1640165420570 1.0068456530570984 0
1640165429584 0.7863357961177826 0
1640165438603 0.3891191780567169 0
1640165448167 0.668134868144989 0
1640165457846 0.25878580659627914 0
1640165466895 0.5109208226203918 0
1640165476537 0.7495516389608383 0
1640165485669 0.5776363164186478 0
1640165494810 0.29705810546875 0
1640165503852 1.0037473440170288 0
1640165512996 1.021316111087799 0
1640165522089 1.0544389486312866 0
1640165531158 0.3556016832590103 0
1640165540229 0.33392496407032013 0
1640165549311 0.6562370359897614 0
1640165559940 0.5512639582157135 0
1640165569069 1.0236870106309652 0
1640165578081 1.0147382616996765 0
1640165587069 0.8684936463832855 0
1640165596077 1.3174163699150085 0
1640165604907 0.7706127613782883 0
1640165614067 0.7587973475456238 0
1640165623297 1.0699660778045654 0
1640165632300 0.921525239944458 0
1640165641262 1.4094916582107544 0
1640165650334 0.6445079147815704 0
1640165659399 1.1463117599487305 0
1640165668535 1.059609293937683 0
1640165677558 1.6374085545539856 0
1640165686567 1.5447183847427368 0
1640165695648 0.518728029448539 0
1640165704691 0.8229761719703674 0
1640165714024 0.6496912445873022 0
1640165724680 2.14504212141037 0
1640165734354 0.5484848171472549 0
1640165745371 1.4386085271835327 0
1640165754559 1.0236438810825348 0
1640165763738 1.8612212538719177 0
1640165772945 0.5695001184940338 0
1640165782120 0.3919357992708683 0
1640165791390 1.3711377382278442 0
1640165800596 1.5454589128494263 0
1640165809928 1.5076844692230225 0
1640165819079 2.0451531410217285 0
1640165828404 1.0818248689174652 0
1640165837650 3.338984191417694 0
1640165848773 0.8686577379703522 0
1640165861100 0.7022296488285065 0
1640165873486 1.3731955289840698 0
1640165884831 0.8368297517299652 0
1640165894608 0.30776843428611755 0
1640165903740 1.3014741241931915 0
1640165914120 1.0366571843624115 0
1640165923956 1.0710871517658234 0
1640165933184 1.2452665567398071 0
1640165944294 0.8435489684343338 0
1640165953294 0.6479433253407478 0
1640165962455 0.9348412603139877 0
1640165971536 1.268189787864685 0
1640165980651 1.7966860681772232 0
1640165989644 0.9800153076648712 0
1640165998789 0.5584220588207245 0
1640166007874 0.6740693002939224 0
1640166017052 1.9267955422401428 0
1640166026147 0.8289234712719917 0
1640166035107 1.0234871357679367 0
1640166044129 0.2735610604286194 0
1640166053154 0.706373855471611 0
1640166062203 0.7480038702487946 0
1640166071463 1.4520055651664734 0
1640166080480 0.5787316262722015 0
1640166089729 0.77510866522789 0
1640166098778 0.5814679265022278 0
1640166107845 0.44288434088230133 0
1640166116852 0.9933844804763794 0
1640166127906 1.1465020775794983 0
1640166136944 1.7759591341018677 0
1640166145958 1.1344059705734253 0
1640166154982 0.3010242283344269 0
1640166163979 0.4889349043369293 0
1640166172878 0.8896092176437378 0
1640166181942 2.2913366556167603 0
1640166191087 1.6985560655593872 0
1640166200137 1.3430516719818115 0
1640166209094 1.2986503839492798 0
1640166218188 0.11744605377316475 0
1640166227318 0.4065445028245449 0
1640166236356 0.5726600289344788 0
1640166245389 0.8500895500183105 0
1640166254497 0.9877461493015289 0
1640166263360 0.8430505692958832 0
1640166272238 1.2347076535224915 0
1640166281247 0.7387679219245911 0
1640166290281 1.4116272926330566 0
1640166299287 0.5106360018253326 0
1640166309805 0.5683375298976898 0
1640166318913 1.776677131652832 0
1640166327985 0.690911740064621 0
1640166337163 1.7404628694057465 0
1640166346323 1.069082349538803 0
1640166355577 1.0911462157964706 0
1640166364642 2.027099609375 0
1640166373705 1.0555716753005981 0
1640166382635 2.0318790674209595 0
1640166391608 0.6013625860214233 0
1640166400595 1.4380658864974976 0
1640166409777 0.6877155564725399 0
1640166418757 0.4094497635960579 0
1640166427654 1.3034419417381287 0
1640166436609 0.9993077516555786 0
1640166445637 1.8968199491500854 0
1640166454809 0.7957215309143066 0
1640166463740 0.7568873167037964 0
1640166472788 0.7778516709804535 0
1640166481784 0.9603105038404465 0
1640166492329 1.018987089395523 0
1640166501425 1.4078283607959747 0
1640166510509 0.9851170778274536 0
1640166519606 0.8569925427436829 0
1640166528802 1.9431123733520508 0
1640166537832 0.8854955434799194 0
1640166546913 2.2642165422439575 0
1640166556032 0.7849488258361816 0
1640166565029 0.6342419683933258 0
1640166573982 0.38324764370918274 0
1640166582971 1.382161421701312 0
1640166591843 1.5342743396759033 0
1640166600731 1.379056453704834 0
1640166609749 1.6283259391784668 0
1640166618770 1.7251423597335815 0
1640166627991 2.2885003089904785 0
1640166636993 1.5919582843780518 0
1640166646120 0.8304649591445923 0
1640166655357 0.18560800328850746 0
1640166664386 2.1832584142684937 0
1640166675028 0.8240891993045807 0
1640166684061 1.5416283011436462 0
1640166693143 1.9302464127540588 0
1640166702220 0.8798077702522278 0
1640166711129 0.8977051079273224 0
1640166720251 1.2547455579042435 0
1640166729411 2.3608217239379883 0
1640166738559 1.334333911538124 0
1640166747664 1.936262607574463 0
1640166756695 1.0697858035564423 0
1640166765724 1.0333703458309174 0
1640166774513 0.5605225041508675 0
1640166783548 0.7215344309806824 0
1640166792564 2.041701316833496 0
1640166801616 1.6249922513961792 0
1640166810525 2.0926647186279297 0
1640166819534 2.007776141166687 0
1640166828550 1.4325909912586212 0
1640166837729 1.350054383277893 0
1640166846915 0.717903733253479 0
1640166857617 1.6335971653461456 0
1640166866754 1.1148557495325804 0
1640166875968 1.838528573513031 0
1640166885130 1.4190446734428406 0
1640166894244 2.754227876663208 0
1640166903311 0.7914751768112183 0
1640166912539 1.2286786139011383 0
1640166921656 1.3529062271118164 0
1640166930639 1.4500094652175903 0
1640166939600 2.5330257415771484 0
1640166948698 0.9992002248764038 0
1640166957896 1.1501994132995605 0
1640166966923 2.2644424438476562 0
1640166975988 1.188553124666214 0
1640166985001 1.7899271249771118 0
1640166994103 2.408215820789337 0
1640167003233 0.6688492000102997 0
1640167012335 1.8491151928901672 0
1640167021602 2.481707453727722 0
1640167030647 2.3079360723495483 0
1640167041449 3.065672278404236 0
1640167050531 1.0156098902225494 0
1640167059470 1.725657880306244 0
1640167068528 0.6700725266709924 0
1640167077628 1.7274951338768005 0
1640167086679 1.534617304801941 0
1640167095608 1.7033532410860062 0
1640167104687 2.5653331875801086 0
1640167113588 0.6621664762496948 0
1640167122537 0.9614864140748978 0
1640167131554 1.4700591564178467 0
1640167140694 0.9138722121715546 0
1640167149712 1.3470678329467773 0
1640167158800 0.9618576765060425 0
1640167167815 3.15861713886261 0
1640167176843 1.2738782316446304 0
1640167185997 0.8417110070586205 0
1640167195025 1.3463196754455566 0
1640167204249 1.5960341691970825 0
1640167213473 1.1807281374931335 0
1640167224142 1.5757940411567688 0
1640167233301 1.0811797380447388 0
1640167242424 0.4443753771483898 0
1640167251466 1.283565640449524 0
1640167260394 1.0212671160697937 0
1640167269484 1.6460321545600891 0
1640167278516 1.1083394885063171 0
1640167287585 1.0163864195346832 0
1640167296640 1.4412133693695068 0
1640167305817 1.561431884765625 0
1640167314786 1.7653405964374542 0
1640167323829 1.671316146850586 0
1640167332938 2.366827130317688 0
1640167341916 1.4278693199157715 0
1640167351000 1.2534592747688293 0
1640167359914 0.2936216127127409 0
1640167369045 0.7035081312060356 0
1640167378084 1.6909289956092834 0
1640167387004 1.4876333475112915 0
1640167395976 1.203527808189392 0
1640167406577 1.9018149971961975 0
1640167415564 1.3143291175365448 0
1640167424676 1.827868402004242 0
1640167433768 1.913128286600113 0
1640167442831 1.1156082153320312 0
1640167451914 0.9993562400341034 0
1640167461000 1.1629233956336975 0
1640167470126 2.635089159011841 0
1640167479212 1.5670028328895569 0
1640167488174 1.1535207778215408 0
1640167497176 1.5421991348266602 0
1640167506348 0.7430887073278427 0
1640167515408 1.2768192291259766 0
1640167524369 2.079784631729126 0
1640167533670 1.2975543439388275 0
1640167542786 3.499011754989624 0
1640167551878 1.6542898416519165 0
1640167560979 2.3950417041778564 0
1640167570032 1.5896767526865005 0
1640167579310 1.8357115387916565 0
1640167589834 1.288546085357666 0
1640167598857 1.0500558018684387 0
1640167608021 2.0083571076393127 0
1640167617212 1.8239812850952148 0
1640167626276 2.772539734840393 0
1640167635163 1.4060849696397781 0
1640167644212 0.6948768198490143 0
1640167653344 1.6403778791427612 0
1640167662456 1.5760719776153564 0
1640167671577 1.3270902633666992 0
1640167680550 2.0043909549713135 0
1640167689656 1.84388667345047 0
1640167698792 1.2278683483600616 0
1640167707982 0.5022837072610855 0
1640167717090 2.839909076690674 0
1640167726125 1.3759398460388184 0
1640167735256 0.6086102426052094 0
1640167744350 1.6914255619049072 0
1640167753471 1.6414239406585693 0
1640167762544 1.5240411162376404 0
1640167773653 1.751152515411377 0
1640167782689 1.152942806482315 0
1640167791670 1.449495017528534 0
1640167800745 1.7728265523910522 0
1640167809711 0.8331548869609833 0
1640167818717 1.7069736123085022 0
1640167827786 1.7701265811920166 0
1640167836616 1.5085397362709045 0
1640167845694 2.085517942905426 0
1640167854746 0.6491367239505053 0
1640167863760 2.302499532699585 0
1640167872907 1.1559694409370422 0
1640167881968 1.0637847185134888 0
1640167891014 1.1588861048221588 0
1640167900036 2.3113659024238586 0
1640167909173 1.7653174996376038 0
1640167918277 1.8076146841049194 0
1640167927282 2.2592105865478516 0
1640167936284 1.6349639892578125 0
1640167945320 0.8843288868665695 0
1640167956111 2.4420636892318726 0
1640167965231 0.9327478855848312 0
1640167974180 2.097409248352051 0
1640167983161 1.0751497149467468 0
1640167992336 0.9568960815668106 0
1640168001121 1.6936691999435425 0
1640168010109 1.3017216324806213 0
1640168019135 0.8103858232498169 0
1640168028180 1.6009966135025024 0
1640168037198 2.4901599884033203 0
1640168046184 1.368014931678772 0
1640168055185 1.3443230390548706 0
1640168064131 0.2449809778481722 0
1640168073165 1.1947361826896667 0
1640168082021 1.2514950037002563 0
1640168091059 0.6488040443509817 0
1640168100018 1.0212119035422802 0
1640168109090 1.760779082775116 0
1640168118132 1.6522095799446106 0
1640168127145 2.0113607048988342 0
1640168137779 1.6301575899124146 0
1640168146889 1.9322437047958374 0
1640168156000 2.2970820665359497 0
1640168165158 1.1545566022396088 0
1640168174308 2.953083038330078 0
1640168183329 1.941285252571106 0
1640168192459 3.431212067604065 0
1640168201514 1.55595862865448 0
1640168210490 0.8461340069770813 0
1640168219545 1.263049677014351 0
1640168228642 0.6010522991418839 0
1640168237660 1.0519394278526306 0
1640168246783 1.1015191674232483 0
1640168255759 1.6113553047180176 0
1640168264774 2.2172370553016663 0
1640168273854 0.9220345318317413 0
1640168282880 1.137234941124916 0
1640168292082 1.3855858445167542 0
1640168301160 2.4894750118255615 0
1640168310298 1.68368698656559 0
1640168320777 1.740061640739441 0
1640168329837 1.6916574835777283 0
1640168338866 2.3451204001903534 0
1640168348138 0.8830459117889404 0
1640168357157 0.8783942461013794 0
1640168366159 1.821796953678131 0
1640168375172 0.9036605358123779 0
1640168384241 0.6448835730552673 0
1640168393355 1.6785719394683838 0
1640168402326 1.6636303067207336 0
1640168411383 1.79787215590477 0
1640168420310 1.452453076839447 0
1640168429469 1.0028280913829803 0
1640168438694 1.8637201189994812 0
1640168447698 0.47646134719252586 0
1640168456685 2.138271540403366 0
1640168465796 1.4035310447216034 0
1640168474876 1.4140306115150452 0
1640168483943 1.4846100211143494 0
1640168492995 2.128839075565338 0
1640168504109 1.2435264587402344 0
1640168513211 1.3171645104885101 0
1640168522263 2.9839917421340942 0
1640168531293 1.155926138162613 0
1640168540407 1.8095834255218506 0
1640168549453 2.5425735116004944 0
1640168558477 1.794816255569458 0
1640168567512 1.7469049096107483 0
1640168576437 1.0329309403896332 0
1640168585525 1.457515835762024 0
1640168594698 1.7318218350410461 0
1640168603666 2.742096424102783 0
1640168612737 2.491672456264496 0
1640168621780 2.0728757977485657 0
1640168630727 1.208487868309021 0
1640168639797 0.6429059356451035 0
1640168648970 1.179046869277954 0
1640168658148 1.8073448538780212 0
1640168667300 1.2158551216125488 0
1640168676325 0.5589733086526394 0
1640168686816 1.4971806406974792 0
1640168695824 1.2435930967330933 0
1640168704840 2.8137093782424927 0
1640168713844 1.0824843049049377 0
1640168722833 2.1747573614120483 0
1640168732149 1.5187248587608337 0
1640168741386 2.0135509967803955 0
1640168750520 1.97324138879776 0
1640168759521 2.3056834936141968 0
1640168768663 1.9473000168800354 0
1640168777839 3.4190021753311157 0
1640168786874 1.7911580801010132 0
1640168796059 0.8449359834194183 0
1640168805163 1.9082766771316528 0
1640168814201 1.6005391478538513 0
1640168823281 1.672248363494873 0
1640168832421 1.9833567142486572 0
1640168841458 1.6044554114341736 0
1640168850448 2.031405746936798 0
1640168859521 2.258930206298828 0
1640168870188 0.4898842163383961 0
1640168879360 0.6964980065822601 0
1640168888410 3.0069454312324524 0
1640168897558 2.2512423992156982 0
1640168906706 1.9268118143081665 0
1640168915940 0.9104662835597992 0
1640168925092 1.3236296772956848 0
1640168934211 1.453664779663086 0
1640168943142 1.5363653600215912 0
1640168952171 1.5208967328071594 0
1640168961304 1.176386147737503 0
1640168970342 1.5605642795562744 0
1640168979310 0.6648629084229469 0
1640168988315 0.8750327229499817 0
1640168997459 2.6756516695022583 0
1640169006670 1.9448224306106567 0
1640169015768 1.6837842464447021 0
1640169024838 0.9582052230834961 0
1640169033924 2.2188782691955566 0
1640169043044 2.1171890050172806 0
1640169053670 1.8395262956619263 0
1640169062833 1.1590995788574219 0
1640169071913 1.695918470621109 0
1640169080980 0.49007104337215424 0
1640169090001 1.0597447603940964 0
1640169099080 2.902862548828125 0
1640169108172 1.5010116696357727 0
1640169117243 1.3724941611289978 0
1640169126290 1.6181814670562744 0
1640169135394 2.4957250356674194 0
1640169144573 1.0231165289878845 0
1640169153680 2.574201822280884 0
1640169162831 1.0410038828849792 0
1640169171875 1.530816674232483 0
1640169181009 1.585978090763092 0
1640169190107 2.593023896217346 0
1640169199415 2.534543991088867 0
1640169208544 1.1799413561820984 0
1640169217606 1.9457650184631348 0
1640169226602 0.6824016869068146 0
1640169237209 2.108120322227478 0
1640169246528 2.2571258544921875 0
1640169255518 1.2158357501029968 0
1640169264617 1.2299120724201202 0
1640169273693 2.1562251448631287 0
1640169282801 2.2745052576065063 0
1640169291874 1.598857581615448 0
1640169300955 1.139459252357483 0
1640169310080 1.6057170629501343 0
1640169319121 0.37968455255031586 0
1640169328198 0.9963487982749939 0
1640169337495 1.7125428915023804 0
1640169346589 0.9330134689807892 0
1640169355702 2.3696141242980957 0
1640169364891 1.4689151048660278 0
1640169373983 1.428678035736084 0
1640169383053 0.7815079391002655 0
1640169392118 0.672544326633215 0
1640169401109 2.717709183692932 0
1640169409998 1.9994173645973206 0
1640169420485 1.687640130519867 0
1640169429639 1.3939835131168365 0
1640169438632 1.736562967300415 0
1640169447810 1.357654333114624 0
1640169456803 1.444790542125702 0
1640169466026 2.230561852455139 0
1640169475146 1.9830384850502014 0
1640169484172 1.8527312278747559 0
1640169493269 1.0538358092308044 0
1640169502414 2.5955324172973633 0
1640169511546 0.5961335301399231 0
1640169520575 1.0877474248409271 0
1640169529422 2.0876100063323975 0
1640169538653 1.2154639065265656 0
1640169547684 1.8048028945922852 0
1640169556661 1.7890554666519165 0
1640169565822 0.9732659161090851 0
1640169574899 1.944336175918579 0
1640169584247 0.8510017096996307 0
1640169593346 1.7384108901023865 0
1640169604611 1.5075234770774841 0
1640169613761 1.3795730769634247 0
1640169623020 1.4885846227407455 0
1640169632110 1.9081354141235352 0
1640169641499 1.0610079169273376 0
1640169650579 2.398712635040283 0
1640169659833 1.7543817162513733 0
1640169669031 1.545652687549591 0
1640169678215 0.9715578556060791 0
1640169687427 1.7112601846456528 0
1640169696470 1.3473061323165894 0
1640169705665 2.206881880760193 0
1640169714980 1.9686315655708313 0
1640169724015 1.363357424736023 0
1640169733091 2.5846989154815674 0
1640169742105 1.6234772205352783 0
1640169751207 1.893167495727539 0
1640169760460 1.370369702577591 0
1640169769636 1.212463915348053 0
1640169778740 1.247462809085846 0
1640169789262 1.4870548844337463 0
1640169798336 1.5393399000167847 0
1640169807311 1.3415743708610535 0
1640169816217 0.729341596364975 0
1640169825231 1.2798450887203217 0
1640169834332 1.6651504635810852 0
1640169843334 0.7615315914154053 0
1640169852422 1.4600624442100525 0
1640169861423 1.3554508090019226 0
1640169870416 1.6816045045852661 0
1640169879408 1.3072166442871094 0
1640169888414 1.5438867211341858 0
1640169897394 1.4876636266708374 0
1640169906476 1.673176646232605 0
1640169915378 2.6624767780303955 0
1640169924508 2.179875075817108 0
1640169933666 1.278179556131363 0
1640169942768 1.6460623741149902 0
1640169951781 2.0755040049552917 0
1640169960815 1.1165073215961456 0
1640169971396 1.5891271233558655 0
1640169980577 0.8226823508739471 0
1640169989716 1.9975650310516357 0
1640169998805 1.481185257434845 0
1640170007679 1.1563271582126617 0
1640170016717 1.0477260947227478 0
1640170025684 1.798621416091919 0
1640170034708 1.2806840538978577 0
1640170043758 0.771849513053894 0
1640170052735 2.1292689442634583 0
1640170061778 1.1941993832588196 0
1640170070891 1.2422350645065308 0
1640170079906 0.8942520618438721 0
1640170088876 1.2137993574142456 0
1640170097934 2.474247455596924 0
1640170106962 1.1379985213279724 0
1640170116003 1.52773779630661 0
1640170125019 1.2772643566131592 0
1640170134100 2.0547800064086914 0
1640170143191 0.760709673166275 0
1640170153690 1.0946853458881378 0
1640170162682 1.022628128528595 0
1640170171728 1.1737433969974518 0
1640170180780 1.115757167339325 0
1640170189815 1.5406080484390259 0
1640170198781 1.2001821398735046 0
1640170207754 1.7829956412315369 0
1640170216683 1.9357484579086304 0
1640170225760 1.5452626943588257 0
1640170234815 1.1420421749353409 0
1640170244022 2.8003867864608765 0
1640170253154 0.7123133949935436 0
1640170262194 2.507534384727478 0
1640170271188 1.2072722613811493 0
1640170280287 0.9569195508956909 0
1640170289299 0.9755770266056061 0
1640170298437 0.9637070000171661 0
1640170307577 1.2569613456726074 0
1640170316638 1.4100551307201385 0
1640170325710 1.1590155363082886 0
1640170336419 1.928494155406952 0
1640170345505 1.246555745601654 0
1640170354504 1.0146858096122742 0
1640170363726 2.019335150718689 0
1640170372816 1.0183476209640503 0
1640170381856 1.6081714630126953 0
1640170391025 1.5251460075378418 0
1640170399958 2.4325245022773743 0
1640170408981 1.310771256685257 0
1640170418055 1.0381376147270203 0
1640170426946 1.8827167749404907 0
1640170436154 1.08639594912529 0
1640170445295 2.897312879562378 0
1640170454314 2.01508766412735 0
1640170463442 2.0505062341690063 0
1640170472673 2.221774101257324 0
1640170481767 2.4817094802856445 0
1640170490848 1.124031662940979 0
1640170500005 1.093390703201294 0
1640170508993 1.141253262758255 0
1640170519609 0.59273961186409 0
1640170528752 2.1324864625930786 0
1640170537882 1.3289229273796082 0
1640170547186 1.330623209476471 0
1640170556320 1.612682580947876 0
1640170565281 2.1185978651046753 0
1640170574401 2.2772645950317383 0
1640170583424 2.1974474787712097 0
1640170592553 1.6438515186309814 0
1640170601650 1.9789414703845978 0
1640170610826 1.1962422728538513 0
1640170619948 0.8648465573787689 0
1640170629056 1.2488261461257935 0
1640170638102 2.0445125699043274 0
1640170647185 1.3829490542411804 0
1640170656245 1.383618324995041 0
1640170665214 2.557763934135437 0
1640170674314 1.6256135702133179 0
1640170683282 0.9591122642159462 0
1640170692280 1.692562460899353 0
1640170702942 1.463712453842163 0
1640170712079 1.3138732314109802 0
1640170721132 1.3202314972877502 0
1640170730189 1.5885115265846252 0
1640170739306 1.71892249584198 0
1640170748309 1.5924933552742004 0
1640170757446 1.3029059171676636 0
1640170766432 1.1113334894180298 0
1640170775451 1.064210593700409 0
1640170784545 1.59075927734375 0
1640170793596 0.9873440861701965 0
1640170802765 2.0296913385391235 0
1640170812062 1.5013970136642456 0
1640170821091 1.0746614933013916 0
1640170830158 1.6787094175815582 0
1640170839279 2.076798677444458 0
1640170848488 1.8639646768569946 0
1640170857603 1.604512333869934 0
1640170866700 1.7171688079833984 0
1640170875784 0.8753936737775803 0
1640170887245 1.0763546824455261 0
1640170896340 0.8664320707321167 0
1640170905408 1.4466572552919388 0
1640170914501 2.4742836952209473 0
1640170923576 0.9991989135742188 0
1640170932717 2.0475478768348694 0
1640170941844 1.6844196915626526 0
1640170950868 1.2576342821121216 0
1640170959969 1.522715985774994 0
1640170968985 1.22915118932724 0
1640170978047 2.920675039291382 0
1640170987050 1.5192439556121826 0
1640170996114 1.1991735696792603 0
1640171005033 0.6086232662200928 0
1640171013977 1.9582077860832214 0
1640171022807 1.6218427419662476 0
1640171031944 1.5168136358261108 0
1640171040896 1.489983856678009 0
1640171050052 0.8888628631830215 0
1640171059137 1.5263177752494812 0
1640171069953 1.4653398394584656 0
1640171079032 1.2365549802780151 0
1640171088037 2.5349040031433105 0
1640171097034 1.9234877228736877 0
1640171106283 0.8584619164466858 0
1640171115297 2.0554604530334473 0
1640171124274 1.0935791730880737 0
1640171133537 1.0148532390594482 0
1640171142694 1.8349836468696594 0
1640171151847 1.123698890209198 0
1640171161007 1.4117224514484406 0
1640171170184 1.8757017254829407 0
1640171179216 1.9762459993362427 0
1640171188322 1.0320748388767242 0
1640171197443 1.290638267993927 0
1640171206697 1.550747275352478 0
1640171215752 2.1405579447746277 0
1640171224740 1.2659767270088196 0
1640171233745 2.246667802333832 0
1640171242868 1.3845869898796082 0
1640171253513 2.815446376800537 0
1640171262609 2.1078391075134277 0
1640171271658 1.3886966705322266 0
1640171280867 1.4990749955177307 0
1640171289942 1.1492436230182648 0
1640171299021 1.3120281398296356 0
1640171307969 1.63143652677536 0
1640171316995 1.4609476923942566 0
1640171325982 2.354489743709564 0
1640171335177 2.1853561401367188 0
1640171344296 1.2982023358345032 0
1640171353397 0.9556468725204468 0
1640171362573 0.8771934807300568 0
1640171371708 2.084047496318817 0
1640171380736 1.0145326852798462 0
1640171389853 1.7458882331848145 0
1640171399003 1.1666404008865356 0
1640171408023 1.3827370405197144 0
1640171417107 0.8880216479301453 0
1640171426398 1.117689073085785 0
1640171437087 2.221430242061615 0
1640171446152 1.2822282910346985 0
1640171455196 0.8820795640349388 0
1640171464276 0.9750180542469025 0
1640171473356 2.0328959226608276 0
1640171482497 2.3669357299804688 0
1640171491628 1.7817254066467285 0
1640171500799 1.7871102094650269 0
1640171509906 2.0066146850585938 0
1640171518977 2.1834696531295776 0
1640171528060 1.4890339970588684 0
1640171537084 1.408180832862854 0
1640171546060 1.1719619929790497 0
1640171555113 0.8183994889259338 0
1640171564218 1.182960331439972 0
1640171573496 1.3123242855072021 0
1640171582574 0.6150003671646118 0
1640171591598 1.0771037936210632 0
1640171600747 1.8261723518371582 0
1640171609925 0.946115106344223 0
1640171620559 1.3917266130447388 0
1640171629724 1.1303244829177856 0
1640171638838 1.708805799484253 0
1640171647909 1.1693965792655945 0
1640171656937 2.011815220117569 0
1640171666054 2.430338978767395 0
1640171675075 2.280714273452759 0
1640171684054 1.7915501594543457 0
1640171692979 1.2560844421386719 0
1640171701964 2.0308139324188232 0
1640171711111 1.4934075474739075 0
1640171720138 1.2766769230365753 0
1640171729195 1.991358757019043 0
1640171738299 0.953828752040863 0
1640171747354 1.9070650339126587 0
1640171756539 2.1227478981018066 0
1640171765597 1.1287155747413635 0
1640171774520 1.6096367239952087 0
1640171783521 1.295328974723816 0
1640171792581 1.6797417998313904 0
1640171803041 1.4016498029232025 0
1640171812150 2.4264780282974243 0
1640171821130 1.5136192440986633 0
1640171830232 1.6723577380180359 0
1640171839309 2.5764389038085938 0
1640171848271 0.5812364667654037 0
1640171857391 2.273448944091797 0
1640171866440 1.1374157071113586 0
1640171875527 0.899115189909935 0
1640171884525 1.9864702224731445 0
1640171893384 2.6109293699264526 0
1640171902440 1.03678297996521 0
1640171911633 1.3043270111083984 0
1640171920638 2.4337812662124634 0
1640171929651 1.7465598583221436 0
1640171938773 1.4341036081314087 0
1640171947768 1.5767821669578552 0
1640171956692 1.832240641117096 0
1640171965514 1.2204027771949768 0
1640171974503 1.7479609251022339 0
1640171984988 1.792375735938549 0
1640171993951 1.5418250188231468 0
1640172003092 2.1310553550720215 0
1640172012020 0.9695421457290649 0
1640172020900 2.8765084743499756 0
1640172030002 1.5651519894599915 0
1640172039220 0.5013335943222046 0
1640172048277 1.4882278442382812 0
1640172057348 1.3685880899429321 0
1640172066517 1.3327809572219849 0
1640172075696 1.9988768696784973 0
1640172084644 1.506045937538147 0
1640172093727 0.6225235909223557 0
1640172102793 1.3395739197731018 0
1640172111842 1.3748465776443481 0
1640172120814 1.4280667304992676 0
1640172129785 1.1119644343852997 0
1640172138723 1.3560175001621246 0
1640172147771 1.832728385925293 0
1640172157006 2.284203886985779 0
1640172167595 2.562422513961792 0
1640172176744 1.7523674368858337 0
1640172185791 2.496150255203247 0
1640172194837 1.2853598594665527 0
1640172203949 2.590638518333435 0
1640172213040 3.212468385696411 0
1640172222097 2.274533748626709 0
1640172231236 2.2824060916900635 0
1640172240370 1.2996592968702316 0
1640172249492 2.6630625128746033 0
1640172258760 1.451062262058258 0
1640172267893 1.8320050239562988 0
1640172277045 1.7819861769676208 0
1640172286168 1.4222678542137146 0
1640172295347 1.5469704270362854 0
1640172304627 0.9073072373867035 0
1640172313758 2.3682827949523926 0
1640172322965 1.5978586971759796 0
1640172332218 2.175895869731903 0
1640172341218 1.364980399608612 0
1640172352824 1.8348501920700073 0
1640172361992 1.1439664661884308 0
1640172371094 1.3363536596298218 0
1640172380125 1.0794019550085068 0
1640172389194 1.662648320198059 0
1640172398245 1.1673080623149872 0
1640172407347 1.6299819946289062 0
1640172416567 2.2085004448890686 0
1640172425668 1.9137662649154663 0
1640172434772 1.6355597972869873 0
1640172443910 1.3067158460617065 0
1640172453151 1.7785934805870056 0
1640172462188 2.4417595863342285 0
1640172471182 1.307737648487091 0
1640172480222 1.5241948366165161 0
1640172489340 1.7632463574409485 0
1640172498423 1.0908291190862656 0
1640172507568 2.033297061920166 0
1640172516511 1.276975691318512 0
1640172525675 1.6902936697006226 0
1640172536359 1.5676020085811615 0
1640172545444 1.525048553943634 0
1640172554468 1.2155814170837402 0
1640172563608 1.8310246467590332 0
1640172572607 1.7087106108665466 0
1640172581654 1.1575608998537064 0
1640172590597 1.335858166217804 0
1640172599659 1.4273011684417725 0
1640172608729 0.986990213394165 0
1640172617709 0.8224573489278555 0
1640172626693 0.5822535008192062 0
1640172635803 0.5694972425699234 0
1640172644892 1.90217125415802 0
1640172653923 1.5956836938858032 0
1640172663063 1.0817221403121948 0
1640172672225 1.3669053316116333 0
1640172681368 1.5605989396572113 0
1640172690560 1.119510531425476 0
1640172699698 1.136913925409317 0
1640172708743 1.3734862804412842 0
1640172719158 1.214730754494667 0
1640172728280 2.272864580154419 0
1640172737413 1.0817845463752747 0
1640172746531 1.1015161871910095 0
1640172755581 0.5738949030637741 0
1640172764814 1.957793951034546 0
1640172774087 2.3932220339775085 0
1640172783185 1.9439066052436829 0
1640172792223 1.7908892631530762 0
1640172801295 2.358845293521881 0
1640172810352 1.6694869995117188 0
1640172819403 1.3778036236763 0
1640172828737 1.53639155626297 0
1640172837888 0.7918051779270172 0
1640172846900 1.183875560760498 0
1640172856010 0.9801279604434967 0
1640172865100 1.8651275038719177 0
1640172874019 0.6307463049888611 0
1640172883198 1.5571072697639465 0
1640172892344 1.7367764115333557 0
1640172902929 1.4848036170005798 0
1640172912102 2.092132568359375 0
1640172921268 1.0494581460952759 0
1640172930433 2.4224849343299866 0
1640172939690 2.5735509395599365 0
1640172948636 1.7983242869377136 0
1640172957631 1.7421919107437134 0
1640172966708 2.502568542957306 0
1640172975807 0.8976410329341888 0
1640172984810 0.919263482093811 0
1640172993981 3.2319695949554443 0
1640173003237 1.6579317450523376 0
1640173012444 2.0927735567092896 0
1640173021505 1.6392098665237427 0
1640173030542 1.9941454529762268 0
1640173039607 1.7348544597625732 0
1640173048615 2.7192530632019043 0
1640173057620 1.9160906076431274 0
1640173066810 1.8122138977050781 0
1640173075973 0.72419423609972 0
1640173086513 1.5190319418907166 0
1640173095833 1.047557771205902 0
1640173104843 1.9387710094451904 0
1640173113881 1.366897851228714 0
1640173123079 1.0684138536453247 0
1640173132146 2.2388755083084106 0
1640173141324 0.9243894815444946 0
1640173150408 1.4934306144714355 0
1640173159386 1.7772656679153442 0
1640173168568 1.1341268867254257 0
1640173177810 1.6957954466342926 0
1640173186803 2.316659688949585 0
1640173195915 1.5801829099655151 0
1640173205062 0.6272760331630707 0
1640173214058 2.027874231338501 0
1640173223205 1.3757925629615784 0
1640173232185 1.025344468653202 0
1640173241373 1.2548828721046448 0
1640173250472 1.7207675576210022 0
1640173259503 1.697346568107605 0
1640173270143 0.8778962939977646 0
1640173279233 2.557430863380432 0
1640173288289 1.8872815370559692 0
1640173297404 1.6665313243865967 0
1640173306468 1.225644290447235 0
1640173315522 1.4312560856342316 0
1640173324754 2.0228465795516968 0
1640173333838 2.3648836612701416 0
1640173342807 0.9509245157241821 0
1640173351892 0.9998301565647125 0
1640173361087 1.8661867380142212 0
1640173370172 2.399573862552643 0
1640173379161 1.7966628074645996 0
1640173388563 1.6821138560771942 0
1640173397685 1.9542213082313538 0
1640173406708 1.2975451052188873 0
1640173415785 2.6757782697677612 0
1640173424983 1.5279288291931152 0
1640173434201 2.526329278945923 0
1640173443411 1.2634702026844025 0
1640173454015 1.5420132875442505 0
1640173463072 1.76455157995224 0
1640173472116 1.9064154028892517 0
1640173481202 1.2383320033550262 0
1640173490306 1.842675119638443 0
1640173499377 1.3806341290473938 0
1640173508433 1.4029468894004822 0
1640173517390 1.9289606809616089 0
1640173526385 2.8219627737998962 0
1640173535554 1.938466191291809 0
1640173544497 2.013300895690918 0
1640173553474 0.5622057467699051 0
1640173562500 1.7483824491500854 0
1640173571485 2.157229423522949 0
1640173580622 1.1401338279247284 0
1640173589718 1.6064586639404297 0
1640173598718 0.5322322770953178 0
1640173607748 1.4535396099090576 0
1640173616821 3.1126201152801514 0
1640173626014 1.7850162982940674 0
1640173636626 2.5930335521698 0
1640173645714 1.4927130341529846 0
1640173654765 2.1900203227996826 0
1640173663816 1.2516189813613892 0
1640173672922 1.8679879903793335 0
1640173681818 2.382981538772583 0
1640173690997 2.1639612913131714 0
1640173699989 1.6532820463180542 0
1640173709046 2.860226035118103 0
1640173718201 1.257921576499939 0
1640173727224 1.4613166451454163 0
1640173736226 0.9041114747524261 0
1640173745314 0.7748896777629852 0
1640173754446 1.5758769512176514 0
1640173763565 1.4503380209207535 0
1640173772706 1.2739181518554688 0
1640173781700 1.5498245358467102 0
1640173790690 1.759028673171997 0
1640173799794 3.465532898902893 0
1640173808932 1.217563956975937 0
1640173819387 2.5396652221679688 0
1640173828497 2.438673734664917 0
1640173837731 1.9044923186302185 0
1640173846878 1.3792268633842468 0
1640173856056 1.9438964128494263 0
1640173865191 1.5235497951507568 0
1640173874389 1.1166029572486877 0
1640173883605 1.6920683979988098 0
1640173892684 1.7120174765586853 0
1640173901695 1.828540325164795 0
1640173910758 3.208592936396599 0
1640173919892 0.9735721019096673 0
1640173929059 1.4114525020122528 0
1640173938032 2.317467212677002 0
1640173947093 1.9285746216773987 0
1640173956211 1.1223913431167603 0
1640173965334 2.717857599258423 0
1640173974451 1.4087105989456177 0
1640173983440 1.1905916333198547 0
1640173992469 1.2028726041316986 0
1640174002987 0.8834750652313232 0
1640174012122 1.4521068334579468 0
1640174021145 2.065573215484619 0
1640174030241 1.892802119255066 0
1640174039367 2.1286845207214355 0
1640174048391 1.9614028930664062 0
1640174057523 1.1978493332862854 0
1640174066571 1.64481583237648 0
1640174075611 0.8789274990558624 0
1640174084633 0.9253603219985962 0
1640174093594 1.834355354309082 0
1640174102914 0.9204140715301037 0
1640174112045 1.73127281665802 0
1640174121311 1.655777096748352 0
1640174130422 2.0239699482917786 0
1640174139544 1.0040881484746933 0
1640174148634 1.29191255569458 0
1640174157701 1.8400362730026245 0
1640174166838 1.2989654839038849 0
