1640164966854 -1 0
1640164988629 -1 0
1640164998952 -1 0
1640165009123 -1 0
1640165019408 -1 0
1640165028988 -1 0
1640165038430 -1 0
1640165047768 -1 0
1640165057093 -1 0
1640165067021 -1 0
1640165076893 -1 0
1640165086681 -1 0
1640165096363 -1 0
1640165106291 -1 0
1640165115990 -1 0
1640165125778 -1 0
1640165135547 -1 0
1640165145253 -1 0
1640165155427 -1 0
1640165165258 -1 0
1640165175301 -1 0
1640165186632 -1 0
1640165196254 -1 0
1640165206517 -1 0
1640165216956 -1 0
1640165226629 -1 0
1640165236286 -1 0
1640165245875 -1 0
1640165255140 -1 0
1640165264582 -1 0
1640165274073 -1 0
1640165283141 -1 0
1640165292331 -1 0
1640165301426 -1 0
1640165310424 -1 0
1640165319413 -1 0
1640165328461 -1 0
1640165337601 -1 0
1640165346504 -1 0
1640165355654 -1 0
1640165364775 -1 0
1640165375539 -1 0
1640165384492 -1 0
1640165393487 -1 0
1640165402493 -1 0
1640165411478 -1 0
1640165420567 -1 0
1640165429580 -1 0
1640165438600 -1 0
1640165448163 -1 0
1640165457842 -1 0
1640165466891 -1 0
1640165476533 -1 0
1640165485665 -1 0
1640165494806 -1 0
1640165503848 -1 0
1640165512992 -1 0
1640165522085 -1 0
1640165531154 -1 0
1640165540226 -1 0
1640165549307 -1 0
1640165559936 -1 0
1640165569065 -1 0
1640165578078 -1 0
1640165587066 -1 0
1640165596074 -1 0
1640165604903 -1 0
1640165614063 -1 0
1640165623292 -1 0
1640165632296 -1 0
1640165641259 -1 0
1640165650331 -1 0
1640165659395 -1 0
1640165668532 -1 0
1640165677555 -1 0
1640165686563 -1 0
1640165695644 -1 0
1640165704687 -1 0
1640165714019 -1 0
1640165724677 -1 0
1640165734350 -1 0
1640165745368 -1 0
1640165754556 -1 0
1640165763735 -1 0
1640165772940 -1 0
1640165782117 -1 0
1640165791386 -1 0
1640165800591 -1 0
1640165809924 -1 0
1640165819076 -1 0
1640165828401 -1 0
1640165837647 -1 0
1640165848768 -1 0
1640165861096 -1 0
1640165873480 -1 0
1640165884827 -1 0
1640165894604 -1 0
1640165903737 -1 0
1640165914115 -1 0
1640165923952 -1 0
1640165933180 -1 0
1640165944290 -1 0
1640165953290 -1 0
1640165962452 -1 0
1640165971533 -1 0
1640165980648 -1 0
1640165989640 -1 0
1640165998785 -1 0
1640166007871 -1 0
1640166017048 -1 0
1640166026144 -1 0
1640166035104 -1 0
1640166044126 -1 0
1640166053151 -1 0
1640166062199 -1 0
1640166071459 -1 0
1640166080477 -1 0
1640166089725 -1 0
1640166098774 -1 0
1640166107842 -1 0
1640166116849 -1 0
1640166127903 -1 0
1640166136941 -1 0
1640166145955 -1 0
1640166154979 -1 0
1640166163975 -1 0
1640166172874 -1 0
1640166181939 -1 0
1640166191083 -1 0
1640166200134 -1 0
1640166209091 -1 0
1640166218184 -1 0
1640166227315 -1 0
1640166236353 -1 0
1640166245385 -1 0
1640166254493 -1 0
1640166263357 -1 0
1640166272235 -1 0
1640166281244 -1 0
1640166290277 -1 0
1640166299283 -1 0
1640166309802 -1 0
1640166318910 -1 0
1640166327981 -1 0
1640166337159 -1 0
1640166346319 -1 0
1640166355574 -1 0
1640166364639 -1 0
1640166373702 -1 0
1640166382631 -1 0
1640166391605 -1 0
1640166400590 -1 0
1640166409774 -1 0
1640166418754 -1 0
1640166427651 -1 0
1640166436606 -1 0
1640166445633 -1 0
1640166454806 -1 0
1640166463736 -1 0
1640166472785 -1 0
1640166481781 -1 0
1640166492326 -1 0
1640166501422 -1 0
1640166510505 -1 0
1640166519603 -1 0
1640166528799 -1 0
1640166537828 -1 0
1640166546909 -1 0
1640166556028 -1 0
1640166565025 -1 0
1640166573979 -1 0
1640166582967 -1 0
1640166591839 -1 0
1640166600727 -1 0
1640166609746 -1 0
1640166618767 -1 0
1640166627987 -1 0
1640166636989 -1 0
1640166646117 -1 0
1640166655353 -1 0
1640166664382 -1 0
1640166675024 -1 0
1640166684057 -1 0
1640166693140 -1 0
1640166702216 -1 0
1640166711125 -1 0
1640166720248 -1 0
1640166729408 -1 0
1640166738555 -1 0
1640166747660 -1 0
1640166756692 -1 0
1640166765721 -1 0
1640166774510 -1 0
1640166783545 -1 0
1640166792560 -1 0
1640166801612 -1 0
1640166810522 -1 0
1640166819530 -1 0
1640166828547 -1 0
1640166837726 -1 0
1640166846911 -1 0
1640166857614 -1 0
1640166866750 -1 0
1640166875964 -1 0
1640166885126 -1 0
1640166894240 -1 0
1640166903307 -1 0
1640166912536 -1 0
1640166921652 -1 0
1640166930635 -1 0
1640166939596 -1 0
1640166948695 -1 0
1640166957892 -1 0
1640166966920 -1 0
1640166975985 -1 0
1640166984997 -1 0
1640166994100 -1 0
1640167003229 -1 0
1640167012331 -1 0
1640167021598 -1 0
1640167030643 -1 0
1640167041445 -1 0
1640167050528 -1 0
1640167059467 -1 0
1640167068524 -1 0
1640167077625 -1 0
1640167086675 -1 0
1640167095605 -1 0
1640167104683 -1 0
1640167113582 -1 0
1640167122533 -1 0
1640167131551 -1 0
1640167140691 -1 0
1640167149708 -1 0
1640167158796 -1 0
1640167167811 -1 0
1640167176840 -1 0
1640167185993 -1 0
1640167195021 -1 0
1640167204245 -1 0
1640167213469 -1 0
1640167224139 -1 0
1640167233298 -1 0
1640167242420 -1 0
1640167251463 -1 0
1640167260390 -1 0
1640167269480 -1 0
1640167278512 -1 0
1640167287581 -1 0
1640167296636 -1 0
1640167305814 -1 0
1640167314783 -1 0
1640167323825 -1 0
1640167332934 -1 0
1640167341912 -1 0
1640167350996 -1 0
1640167359910 -1 0
1640167369040 -1 0
1640167378081 -1 0
1640167387001 -1 0
1640167395971 -1 0
1640167406574 -1 0
1640167415560 -1 0
1640167424672 -1 0
1640167433764 -1 0
1640167442827 -1 0
1640167451910 -1 0
1640167460996 -1 0
1640167470122 -1 0
1640167479208 -1 0
1640167488170 -1 0
1640167497172 -1 0
1640167506345 -1 0
1640167515404 -1 0
1640167524365 -1 0
1640167533666 -1 0
1640167542783 -1 0
1640167551875 -1 0
1640167560975 -1 0
1640167570029 -1 0
1640167579306 -1 0
1640167589831 -1 0
1640167598854 -1 0
1640167608018 -1 0
1640167617209 -1 0
1640167626273 -1 0
1640167635159 -1 0
1640167644208 -1 0
1640167653340 -1 0
1640167662452 -1 0
1640167671573 -1 0
1640167680547 -1 0
1640167689652 -1 0
1640167698788 -1 0
1640167707978 -1 0
1640167717086 -1 0
1640167726121 -1 0
1640167735252 -1 0
1640167744346 -1 0
1640167753467 -1 0
1640167762540 -1 0
1640167773650 -1 0
1640167782686 -1 0
1640167791666 -1 0
1640167800742 -1 0
1640167809708 -1 0
1640167818713 -1 0
1640167827782 -1 0
1640167836612 -1 0
1640167845690 -1 0
1640167854742 -1 0
1640167863757 -1 0
1640167872903 -1 0
1640167881964 -1 0
1640167891010 -1 0
1640167900032 -1 0
1640167909169 -1 0
1640167918274 -1 0
1640167927278 -1 0
1640167936280 -1 0
1640167945317 -1 0
1640167956108 -1 0
1640167965227 -1 0
1640167974176 -1 0
1640167983158 -1 0
1640167992332 -1 0
1640168001117 -1 0
1640168010106 -1 0
1640168019131 -1 0
1640168028177 -1 0
1640168037194 -1 0
1640168046180 -1 0
1640168055182 -1 0
1640168064127 -1 0
1640168073161 -1 0
1640168082017 -1 0
1640168091055 -1 0
1640168100014 -1 0
1640168109086 -1 0
1640168118129 -1 0
1640168127141 -1 0
1640168137776 -1 0
1640168146886 -1 0
1640168155996 -1 0
1640168165154 -1 0
1640168174304 -1 0
1640168183325 -1 0
1640168192456 -1 0
1640168201511 -1 0
1640168210486 -1 0
1640168219542 -1 0
1640168228638 -1 0
1640168237656 -1 0
1640168246779 -1 0
1640168255756 -1 0
1640168264770 -1 0
1640168273850 -1 0
1640168282876 -1 0
1640168292079 -1 0
1640168301156 -1 0
1640168310295 -1 0
1640168320774 -1 0
1640168329834 -1 0
1640168338862 -1 0
1640168348135 -1 0
1640168357154 -1 0
1640168366155 -1 0
1640168375169 -1 0
1640168384238 -1 0
1640168393351 -1 0
1640168402322 -1 0
1640168411380 -1 0
1640168420306 -1 0
1640168429465 -1 0
1640168438691 -1 0
1640168447695 -1 0
1640168456682 -1 0
1640168465792 -1 0
1640168474873 -1 0
1640168483940 -1 0
1640168492992 -1 0
1640168504106 -1 0
1640168513208 -1 0
1640168522259 -1 0
1640168531290 -1 0
1640168540404 -1 0
1640168549449 -1 0
1640168558473 -1 0
1640168567509 -1 0
1640168576434 -1 0
1640168585521 -1 0
1640168594694 -1 0
1640168603663 -1 0
1640168612734 -1 0
1640168621776 -1 0
1640168630723 -1 0
1640168639794 -1 0
1640168648966 -1 0
1640168658144 -1 0
1640168667296 -1 0
1640168676322 -1 0
1640168686813 -1 0
1640168695820 -1 0
1640168704836 -1 0
1640168713841 -1 0
1640168722830 -1 0
1640168732146 -1 0
1640168741382 -1 0
1640168750516 -1 0
1640168759517 -1 0
1640168768660 -1 0
1640168777836 -1 0
1640168786870 -1 0
1640168796056 -1 0
1640168805159 -1 0
1640168814198 -1 0
1640168823278 -1 0
1640168832417 -1 0
1640168841454 -1 0
1640168850445 -1 0
1640168859517 -1 0
1640168870184 -1 0
1640168879357 -1 0
1640168888407 -1 0
1640168897554 -1 0
1640168906703 -1 0
1640168915937 -1 0
1640168925089 -1 0
1640168934208 -1 0
1640168943138 -1 0
1640168952168 -1 0
1640168961301 -1 0
1640168970339 -1 0
1640168979307 -1 0
1640168988311 -1 0
1640168997455 -1 0
1640169006666 -1 0
1640169015765 -1 0
1640169024835 -1 0
1640169033921 -1 0
1640169043041 -1 0
1640169053667 -1 0
1640169062829 -1 0
1640169071910 -1 0
1640169080976 -1 0
1640169089998 -1 0
1640169099076 -1 0
1640169108168 -1 0
1640169117239 -1 0
1640169126286 -1 0
1640169135391 -1 0
1640169144569 -1 0
1640169153676 -1 0
1640169162827 -1 0
1640169171872 -1 0
1640169181006 -1 0
1640169190103 -1 0
1640169199411 -1 0
1640169208540 -1 0
1640169217603 -1 0
1640169226599 -1 0
1640169237206 -1 0
1640169246524 -1 0
1640169255513 -1 0
1640169264613 -1 0
1640169273690 -1 0
1640169282797 -1 0
1640169291871 -1 0
1640169300951 -1 0
1640169310076 -1 0
1640169319118 -1 0
1640169328194 -1 0
1640169337491 -1 0
1640169346585 -1 0
1640169355698 -1 0
1640169364888 -1 0
1640169373979 -1 0
1640169383049 -1 0
1640169392114 -1 0
1640169401106 -1 0
1640169409994 -1 0
1640169420482 -1 0
1640169429636 -1 0
1640169438629 -1 0
1640169447807 -1 0
1640169456799 -1 0
1640169466023 -1 0
1640169475142 -1 0
1640169484169 -1 0
1640169493266 -1 0
1640169502411 -1 0
1640169511543 -1 0
1640169520572 -1 0
1640169529419 -1 0
1640169538650 -1 0
1640169547681 -1 0
1640169556658 -1 0
1640169565819 -1 0
1640169574895 -1 0
1640169584243 -1 0
1640169593342 -1 0
1640169604607 -1 0
1640169613757 -1 0
1640169623016 -1 0
1640169632107 -1 0
1640169641495 -1 0
1640169650575 -1 0
1640169659830 -1 0
1640169669028 -1 0
1640169678211 -1 0
1640169687424 -1 0
1640169696466 -1 0
1640169705662 -1 0
1640169714976 -1 0
1640169724011 -1 0
1640169733087 -1 0
1640169742102 -1 0
1640169751202 -1 0
1640169760456 -1 0
1640169769632 -1 0
1640169778737 -1 0
1640169789258 -1 0
1640169798333 -1 0
1640169807307 -1 0
1640169816214 -1 0
1640169825228 -1 0
1640169834328 -1 0
1640169843331 -1 0
1640169852418 -1 0
1640169861419 -1 0
1640169870412 -1 0
1640169879405 -1 0
1640169888410 -1 0
1640169897391 -1 0
1640169906472 -1 0
1640169915375 -1 0
1640169924505 -1 0
1640169933663 -1 0
1640169942764 -1 0
1640169951776 -1 0
1640169960811 -1 0
1640169971393 -1 0
1640169980573 -1 0
1640169989712 -1 0
1640169998802 -1 0
1640170007676 -1 0
1640170016714 -1 0
1640170025680 -1 0
1640170034705 -1 0
1640170043755 -1 0
1640170052731 -1 0
1640170061775 -1 0
1640170070887 -1 0
1640170079902 -1 0
1640170088873 -1 0
1640170097931 -1 0
1640170106959 -1 0
1640170115999 -1 0
1640170125015 -1 0
1640170134097 -1 0
1640170143187 -1 0
1640170153686 -1 0
1640170162678 -1 0
1640170171725 -1 0
1640170180776 -1 0
1640170189811 -1 0
1640170198777 -1 0
1640170207750 -1 0
1640170216680 -1 0
1640170225756 -1 0
1640170234812 -1 0
1640170244019 -1 0
1640170253150 -1 0
1640170262190 -1 0
1640170271184 -1 0
1640170280283 -1 0
1640170289296 -1 0
1640170298434 -1 0
1640170307573 -1 0
1640170316635 -1 0
1640170325707 -1 0
1640170336416 -1 0
1640170345501 -1 0
1640170354501 -1 0
1640170363722 -1 0
1640170372813 -1 0
1640170381853 -1 0
1640170391021 -1 0
1640170399955 -1 0
1640170408977 -1 0
1640170418052 -1 0
1640170426942 -1 0
1640170436150 -1 0
1640170445292 -1 0
1640170454310 -1 0
1640170463438 -1 0
1640170472670 -1 0
1640170481764 -1 0
1640170490844 -1 0
1640170500001 -1 0
1640170508989 -1 0
1640170519605 -1 0
1640170528749 -1 0
1640170537879 -1 0
1640170547182 -1 0
1640170556316 -1 0
1640170565278 -1 0
1640170574397 -1 0
1640170583421 -1 0
1640170592549 -1 0
1640170601647 -1 0
1640170610823 -1 0
1640170619944 -1 0
1640170629053 -1 0
1640170638099 -1 0
1640170647181 -1 0
1640170656241 -1 0
1640170665210 -1 0
1640170674310 -1 0
1640170683279 -1 0
1640170692276 -1 0
1640170702938 -1 0
1640170712076 -1 0
1640170721129 -1 0
1640170730186 -1 0
1640170739302 -1 0
1640170748305 -1 0
1640170757443 -1 0
1640170766428 -1 0
1640170775447 -1 0
1640170784541 -1 0
1640170793592 -1 0
1640170802761 -1 0
1640170812058 -1 0
1640170821088 -1 0
1640170830154 -1 0
1640170839275 -1 0
1640170848483 -1 0
1640170857600 -1 0
1640170866696 -1 0
1640170875781 -1 0
1640170887240 -1 0
1640170896337 -1 0
1640170905404 -1 0
1640170914498 -1 0
1640170923573 -1 0
1640170932713 -1 0
1640170941840 -1 0
1640170950865 -1 0
1640170959966 -1 0
1640170968982 -1 0
1640170978043 -1 0
1640170987046 -1 0
1640170996110 -1 0
1640171005029 -1 0
1640171013973 -1 0
1640171022804 -1 0
1640171031941 -1 0
1640171040892 -1 0
1640171050048 -1 0
1640171059133 -1 0
1640171069949 -1 0
1640171079029 -1 0
1640171088034 -1 0
1640171097031 -1 0
1640171106279 -1 0
1640171115293 -1 0
1640171124270 -1 0
1640171133533 -1 0
1640171142690 -1 0
1640171151844 -1 0
1640171161003 -1 0
1640171170181 -1 0
1640171179213 -1 0
1640171188318 -1 0
1640171197440 -1 0
1640171206693 -1 0
1640171215748 -1 0
1640171224736 -1 0
1640171233741 -1 0
1640171242864 -1 0
1640171253509 -1 0
1640171262606 -1 0
1640171271654 -1 0
1640171280864 -1 0
1640171289939 -1 0
1640171299017 -1 0
1640171307966 -1 0
1640171316991 -1 0
1640171325979 -1 0
1640171335173 -1 0
1640171344291 -1 0
1640171353394 -1 0
1640171362570 -1 0
1640171371704 -1 0
1640171380733 -1 0
1640171389850 -1 0
1640171398999 -1 0
1640171408020 -1 0
1640171417104 -1 0
1640171426394 -1 0
1640171437084 -1 0
1640171446149 -1 0
1640171455193 -1 0
1640171464273 -1 0
1640171473353 -1 0
1640171482493 -1 0
1640171491624 -1 0
1640171500796 -1 0
1640171509903 -1 0
1640171518973 -1 0
1640171528055 -1 0
1640171537080 -1 0
1640171546057 -1 0
1640171555109 -1 0
1640171564214 -1 0
1640171573492 -1 0
1640171582570 -1 0
1640171591594 -1 0
1640171600743 -1 0
1640171609922 -1 0
1640171620556 -1 0
1640171629721 -1 0
1640171638834 -1 0
1640171647905 -1 0
1640171656934 -1 0
1640171666050 -1 0
1640171675071 -1 0
1640171684049 -1 0
1640171692975 -1 0
1640171701960 -1 0
1640171711108 -1 0
1640171720135 -1 0
1640171729192 -1 0
1640171738296 -1 0
1640171747351 -1 0
1640171756536 -1 0
1640171765593 -1 0
1640171774516 -1 0
1640171783518 -1 0
1640171792578 -1 0
1640171803038 -1 0
1640171812145 -1 0
1640171821126 -1 0
1640171830228 -1 0
1640171839306 -1 0
1640171848267 -1 0
1640171857387 -1 0
1640171866437 -1 0
1640171875523 -1 0
1640171884521 -1 0
1640171893381 -1 0
1640171902436 -1 0
1640171911629 -1 0
1640171920634 -1 0
1640171929648 -1 0
1640171938770 -1 0
1640171947764 -1 0
1640171956689 -1 0
1640171965511 -1 0
1640171974499 -1 0
1640171984985 -1 0
1640171993947 -1 0
1640172003088 -1 0
1640172012017 -1 0
1640172020897 -1 0
1640172029999 -1 0
1640172039215 -1 0
1640172048273 -1 0
1640172057345 -1 0
1640172066513 -1 0
1640172075692 -1 0
1640172084640 -1 0
1640172093723 -1 0
1640172102789 -1 0
1640172111838 -1 0
1640172120810 -1 0
1640172129782 -1 0
1640172138719 -1 0
1640172147766 -1 0
1640172157003 -1 0
1640172167591 -1 0
1640172176740 -1 0
1640172185788 -1 0
1640172194834 -1 0
1640172203945 -1 0
1640172213037 -1 0
1640172222093 -1 0
1640172231232 -1 0
1640172240367 -1 0
1640172249488 -1 0
1640172258757 -1 0
1640172267890 -1 0
1640172277041 -1 0
1640172286164 -1 0
1640172295344 -1 0
1640172304623 -1 0
1640172313754 -1 0
1640172322961 -1 0
1640172332215 -1 0
1640172341215 -1 0
1640172352821 -1 0
1640172361989 -1 0
1640172371090 -1 0
1640172380121 -1 0
1640172389190 -1 0
1640172398241 -1 0
1640172407343 -1 0
1640172416563 -1 0
1640172425664 -1 0
1640172434769 -1 0
1640172443907 -1 0
1640172453148 -1 0
1640172462185 -1 0
1640172471179 -1 0
1640172480218 -1 0
1640172489337 -1 0
1640172498419 -1 0
1640172507564 -1 0
1640172516508 -1 0
1640172525671 -1 0
1640172536353 -1 0
1640172545441 -1 0
1640172554464 -1 0
1640172563604 -1 0
1640172572603 -1 0
1640172581650 -1 0
1640172590593 -1 0
1640172599656 -1 0
1640172608725 -1 0
1640172617705 -1 0
1640172626690 -1 0
1640172635800 -1 0
1640172644888 -1 0
1640172653920 -1 0
1640172663059 -1 0
1640172672221 -1 0
1640172681365 -1 0
1640172690554 -1 0
1640172699695 -1 0
1640172708739 -1 0
1640172719155 -1 0
1640172728277 -1 0
1640172737409 -1 0
1640172746527 -1 0
1640172755577 -1 0
1640172764810 -1 0
1640172774083 -1 0
1640172783182 -1 0
1640172792220 -1 0
1640172801292 -1 0
1640172810348 -1 0
1640172819399 -1 0
1640172828733 -1 0
1640172837883 -1 0
1640172846896 -1 0
1640172856006 -1 0
1640172865096 -1 0
1640172874016 -1 0
1640172883195 -1 0
1640172892341 -1 0
1640172902925 -1 0
1640172912098 -1 0
1640172921264 -1 0
1640172930430 -1 0
1640172939687 -1 0
1640172948632 -1 0
1640172957627 -1 0
1640172966704 -1 0
1640172975804 -1 0
1640172984806 -1 0
1640172993978 -1 0
1640173003234 -1 0
1640173012440 -1 0
1640173021502 -1 0
1640173030538 -1 0
1640173039603 -1 0
1640173048612 -1 0
1640173057616 -1 0
1640173066806 -1 0
1640173075969 -1 0
1640173086510 -1 0
1640173095830 -1 0
1640173104839 -1 0
1640173113878 -1 0
1640173123076 -1 0
1640173132142 -1 0
1640173141320 -1 0
1640173150405 -1 0
1640173159383 -1 0
1640173168565 -1 0
1640173177807 -1 0
1640173186800 -1 0
1640173195911 -1 0
1640173205058 -1 0
1640173214053 -1 0
1640173223202 -1 0
1640173232181 -1 0
1640173241370 -1 0
1640173250469 -1 0
1640173259499 -1 0
1640173270139 -1 0
1640173279229 -1 0
1640173288285 -1 0
1640173297401 -1 0
1640173306464 -1 0
1640173315518 -1 0
1640173324751 -1 0
1640173333834 -1 0
1640173342804 -1 0
1640173351888 -1 0
1640173361083 -1 0
1640173370169 -1 0
1640173379158 -1 0
1640173388559 -1 0
1640173397681 -1 0
1640173406704 -1 0
1640173415781 -1 0
1640173424979 -1 0
1640173434198 -1 0
1640173443408 -1 0
1640173454011 -1 0
1640173463068 -1 0
1640173472112 -1 0
1640173481198 -1 0
1640173490302 -1 0
1640173499374 -1 0
1640173508429 -1 0
1640173517386 -1 0
1640173526381 -1 0
1640173535550 -1 0
1640173544493 -1 0
1640173553471 -1 0
1640173562497 -1 0
1640173571480 -1 0
1640173580619 -1 0
1640173589714 -1 0
1640173598715 -1 0
1640173607745 -1 0
1640173616818 -1 0
1640173626011 -1 0
1640173636621 -1 0
1640173645710 -1 0
1640173654762 -1 0
1640173663813 -1 0
1640173672919 -1 0
1640173681815 -1 0
1640173690994 -1 0
1640173699985 -1 0
1640173709043 -1 0
1640173718198 -1 0
1640173727221 -1 0
1640173736223 -1 0
1640173745311 -1 0
1640173754443 -1 0
1640173763561 -1 0
1640173772702 -1 0
1640173781697 -1 0
1640173790686 -1 0
1640173799790 -1 0
1640173808929 -1 0
1640173819383 -1 0
1640173828494 -1 0
1640173837727 -1 0
1640173846874 -1 0
1640173856053 -1 0
1640173865187 -1 0
1640173874385 -1 0
1640173883602 -1 0
1640173892680 -1 0
1640173901691 -1 0
1640173910755 -1 0
1640173919889 -1 0
1640173929055 -1 0
1640173938028 -1 0
1640173947089 -1 0
1640173956207 -1 0
1640173965330 -1 0
1640173974447 -1 0
1640173983437 -1 0
1640173992465 -1 0
1640174002984 -1 0
1640174012118 -1 0
1640174021142 -1 0
1640174030237 -1 0
1640174039364 -1 0
1640174048387 -1 0
1640174057519 -1 0
1640174066567 -1 0
1640174075608 -1 0
1640174084629 -1 0
1640174093590 -1 0
1640174102910 -1 0
1640174112041 -1 0
1640174121307 -1 0
1640174130418 -1 0
1640174139540 -1 0
1640174148630 -1 0
1640174157697 -1 0
1640174166835 -1 0
