1640164966870 7.728769779205322 0
1640164988644 3.0829458236694336 0
1640164998966 2.087614059448242 0
1640165009137 2.2124059200286865 0
1640165019424 1.2998414039611816 0
1640165029003 3.568366050720215 0
1640165038444 1.9291239976882935 0
1640165047783 1.7097830772399902 0
1640165057108 1.4946925640106201 0
1640165067037 2.7801589965820312 0
1640165076909 2.4345483779907227 0
1640165086697 0.9572465419769287 0
1640165096377 1.081898808479309 0
1640165106308 3.425762176513672 0
1640165116006 2.2136874198913574 0
1640165125798 1.3525209426879883 0
1640165135565 3.4903411865234375 0
1640165145268 0.8659954071044922 0
1640165155442 5.693493843078613 0
1640165165273 1.7420318126678467 0
1640165175318 2.127166748046875 0
1640165186647 1.7490535974502563 0
1640165196269 2.3765690326690674 0
1640165206534 2.3761682510375977 0
1640165216971 0.5131256580352783 0
1640165226645 0.8425700664520264 0
1640165236302 1.5926969051361084 0
1640165245891 1.9503166675567627 0
1640165255155 1.4011316299438477 0
1640165264597 1.67831289768219 0
1640165274088 2.9118659496307373 0
1640165283156 1.9383960962295532 0
1640165292374 3.6456875801086426 0
1640165301440 1.3595774173736572 0
1640165310438 3.4785783290863037 0
1640165319428 1.609196424484253 0
1640165328490 0.7985312938690186 0
1640165337615 3.303283452987671 0
1640165346519 0.8654221892356873 0
1640165355668 1.0911120176315308 0
1640165364789 6.566051483154297 0
1640165375554 3.0584020614624023 0
1640165384506 5.512943744659424 0
1640165393501 3.627458095550537 0
1640165402507 1.0642446279525757 0
1640165411493 2.0010013580322266 0
1640165420581 2.9504098892211914 0
1640165429595 1.029585599899292 0
1640165438614 1.2010908126831055 0
1640165448178 1.0470200777053833 0
1640165457857 2.540572166442871 0
1640165466905 4.592799663543701 0
1640165476548 2.4148917198181152 0
1640165485679 4.1091485023498535 0
1640165494821 2.2623748779296875 0
1640165503863 0.7496375441551208 0
1640165513006 2.186925172805786 0
1640165522100 1.6568379402160645 0
1640165531168 1.6919021606445312 0
1640165540240 2.5335583686828613 0
1640165549322 2.42417049407959 0
1640165559950 1.2331734895706177 0
1640165569079 6.084531784057617 0
1640165578093 3.5699799060821533 0
1640165587080 2.2218618392944336 0
1640165596088 3.1488301753997803 0
1640165604918 0.8843944072723389 0
1640165614078 0.540115475654602 0
1640165623307 0.4847681522369385 0
1640165632310 1.6444792747497559 0
1640165641273 1.3573147058486938 0
1640165650344 2.0884342193603516 0
1640165659409 3.5232269763946533 0
1640165668546 1.3287353515625 0
1640165677569 5.803568363189697 0
1640165686578 2.631507396697998 0
1640165695659 2.2397854328155518 0
1640165704701 1.5816800594329834 0
1640165714036 1.5691516399383545 0
1640165724692 2.884059429168701 0
1640165734364 3.606858730316162 0
1640165745382 4.819217681884766 0
1640165754570 4.9236249923706055 0
1640165763749 1.0955917835235596 0
1640165772955 1.7459213733673096 0
1640165782132 1.6084963083267212 0
1640165791401 4.368642807006836 0
1640165800607 2.016371726989746 0
1640165809938 4.127023220062256 0
1640165819090 1.3365650177001953 0
1640165828415 2.266274929046631 0
1640165837662 2.995067834854126 0
1640165848807 0.759921669960022 0
1640165861114 0.7120637893676758 0
1640165873501 0.947797954082489 0
1640165884842 6.635488510131836 0
1640165894619 5.756884574890137 0
1640165903751 0.7581300735473633 0
1640165914135 1.0132521390914917 0
1640165923967 2.279486656188965 0
1640165933195 3.014824390411377 0
1640165944306 0.4777999520301819 0
1640165953304 1.230170726776123 0
1640165962466 4.21757173538208 0
1640165971546 2.1409428119659424 0
1640165980663 1.533517837524414 0
1640165989655 3.3230769634246826 0
1640165998801 0.7076263427734375 0
1640166007885 7.105429172515869 0
1640166017063 0.6250417232513428 0
1640166026157 0.4460564851760864 0
1640166035118 2.0623619556427 0
1640166044140 1.2831413745880127 0
1640166053165 0.46646541357040405 0
1640166062213 4.395815849304199 0
1640166071473 1.1377991437911987 0
1640166080491 3.0925936698913574 0
1640166089740 1.9082770347595215 0
1640166098789 2.0577712059020996 0
1640166107856 0.8066738843917847 0
1640166116863 0.7719877362251282 0
1640166127917 0.7346495985984802 0
1640166136955 0.9673671722412109 0
1640166145969 2.0599076747894287 0
1640166154993 0.8749678730964661 0
1640166163989 0.4555204212665558 0
1640166172888 2.133124351501465 0
1640166181953 1.141425609588623 0
1640166191097 0.8014912605285645 0
1640166200147 3.1866002082824707 0
1640166209105 1.6996674537658691 0
1640166218199 0.8591347932815552 0
1640166227329 2.055997610092163 0
1640166236367 4.066884994506836 0
1640166245399 1.2082751989364624 0
1640166254507 1.5879713296890259 0
1640166263371 2.7081563472747803 0
1640166272249 1.667197823524475 0
1640166281258 0.8001240491867065 0
1640166290292 2.602670192718506 0
1640166299298 1.9577608108520508 0
1640166309816 1.8391599655151367 0
1640166318924 1.4140543937683105 0
1640166327996 2.5986478328704834 0
1640166337173 0.8849031925201416 0
1640166346334 1.7860795259475708 0
1640166355588 0.8490251302719116 0
1640166364654 1.5098793506622314 0
1640166373716 1.2633748054504395 0
1640166382646 1.3299871683120728 0
1640166391619 2.5636963844299316 0
1640166400605 1.2250773906707764 0
1640166409788 4.525252342224121 0
1640166418769 0.7210137844085693 0
1640166427665 0.5088475942611694 0
1640166436620 0.8660832047462463 0
1640166445648 0.7787988185882568 0
1640166454820 0.4382423758506775 0
1640166463751 0.7228055000305176 0
1640166472799 0.47590315341949463 0
1640166481796 1.0768511295318604 0
1640166492340 2.23323130607605 0
1640166501436 0.9347177743911743 0
1640166510520 3.4137425422668457 0
1640166519617 4.127231121063232 0
1640166528812 3.558537483215332 0
1640166537842 0.7919738292694092 0
1640166546923 1.4063963890075684 0
1640166556042 2.727041721343994 0
1640166565039 1.4688019752502441 0
1640166573993 5.8785481452941895 0
1640166582982 1.501497745513916 0
1640166591854 0.6161777973175049 0
1640166600742 1.0104336738586426 0
1640166609760 0.9908809661865234 0
1640166618781 0.48706257343292236 0
1640166628002 3.4418952465057373 0
1640166637003 2.4066267013549805 0
1640166646131 0.884285032749176 0
1640166655368 0.44106239080429077 0
1640166664396 2.320751905441284 0
1640166675039 1.1003799438476562 0
1640166684071 1.2160426378250122 0
1640166693154 1.2524597644805908 0
1640166702230 1.9273884296417236 0
1640166711139 1.1016005277633667 0
1640166720262 1.9935753345489502 0
1640166729422 1.521600365638733 0
1640166738569 1.6323578357696533 0
1640166747674 1.070769190788269 0
1640166756706 3.192903757095337 0
1640166765735 1.6322851181030273 0
1640166774524 1.9725260734558105 0
1640166783559 1.9512773752212524 0
1640166792574 2.0169191360473633 0
1640166801627 1.6409271955490112 0
1640166810536 3.2738711833953857 0
1640166819544 1.3265328407287598 0
1640166828562 1.5273628234863281 0
1640166837740 1.317213535308838 0
1640166846925 0.7643929123878479 0
1640166857628 0.3375738561153412 0
1640166866765 1.4551682472229004 0
1640166875978 1.9341129064559937 0
1640166885140 0.979451596736908 0
1640166894255 1.1900691986083984 0
1640166903321 1.8737328052520752 0
1640166912550 2.4467575550079346 0
1640166921667 0.7722556591033936 0
1640166930649 3.834317684173584 0
1640166939610 1.8255088329315186 0
1640166948709 2.3452444076538086 0
1640166957906 0.7587717771530151 0
1640166966934 0.8639946579933167 0
1640166976000 1.6991322040557861 0
1640166985011 1.2508803606033325 0
1640166994114 0.899814248085022 0
1640167003243 3.5888562202453613 0
1640167012345 0.4558488726615906 0
1640167021613 0.6839783191680908 0
1640167030658 0.8541048765182495 0
1640167041460 0.23088547587394714 0
1640167050542 1.7253313064575195 0
1640167059481 1.2397347688674927 0
1640167068539 0.6689800024032593 0
1640167077639 2.173892021179199 0
1640167086690 0.5508914589881897 0
1640167095618 2.4571988582611084 0
1640167104698 0.743610143661499 0
1640167113599 0.6291714310646057 0
1640167122547 0.6827278137207031 0
1640167131565 2.5713372230529785 0
1640167140705 0.7496374249458313 0
1640167149722 3.2613306045532227 0
1640167158811 0.7660427093505859 0
1640167167825 0.5336053371429443 0
1640167176854 0.3178156912326813 0
1640167186007 0.6475040316581726 0
1640167195036 1.0827440023422241 0
1640167204259 1.29829740524292 0
1640167213484 1.8931978940963745 0
1640167224153 2.199549436569214 0
1640167233312 2.902956962585449 0
1640167242435 3.1180386543273926 0
1640167251477 1.2546303272247314 0
1640167260404 4.006938934326172 0
1640167269494 1.3456699848175049 0
1640167278527 1.4827117919921875 0
1640167287595 1.5040168762207031 0
1640167296651 0.4617764949798584 0
1640167305828 1.7195944786071777 0
1640167314797 0.5742803812026978 0
1640167323840 0.9284518957138062 0
1640167332949 0.8011510372161865 0
1640167341927 1.278154730796814 0
1640167351010 1.4930500984191895 0
1640167359925 2.6643567085266113 0
1640167369055 1.72979736328125 0
1640167378098 0.7326476573944092 0
1640167387015 1.296339988708496 0
1640167395986 1.3085267543792725 0
1640167406588 1.7571423053741455 0
1640167415575 1.201250433921814 0
1640167424687 0.9535587430000305 0
1640167433778 1.6711452007293701 0
1640167442842 1.3232721090316772 0
1640167451925 1.8288638591766357 0
1640167461010 2.5859272480010986 0
1640167470136 0.3999755382537842 0
1640167479223 1.533071517944336 0
1640167488185 1.5013736486434937 0
1640167497187 1.0206283330917358 0
1640167506360 2.273853063583374 0
1640167515418 3.303048610687256 0
1640167524380 1.2208600044250488 0
1640167533680 0.3167053759098053 0
1640167542798 1.773989200592041 0
1640167551889 0.3342876434326172 0
1640167560990 1.007784366607666 0
1640167570043 1.1109213829040527 0
1640167579320 1.0403183698654175 0
1640167589845 0.7460726499557495 0
1640167598868 0.5285835862159729 0
1640167608033 1.4872856140136719 0
1640167617223 2.4085471630096436 0
1640167626287 1.517985463142395 0
1640167635174 0.9387287497520447 0
1640167644223 1.1540926694869995 0
1640167653355 1.4860628843307495 0
1640167662466 3.1913211345672607 0
1640167671588 1.4142332077026367 0
1640167680561 1.7728816270828247 0
1640167689666 0.3231911063194275 0
1640167698802 1.5976608991622925 0
1640167707993 1.4893865585327148 0
1640167717101 0.44630491733551025 0
1640167726135 0.35440123081207275 0
1640167735267 0.7977151870727539 0
1640167744360 3.3431167602539062 0
1640167753481 4.4588799476623535 0
1640167762554 1.3261616230010986 0
1640167773664 1.8131103515625 0
1640167782700 0.6664490699768066 0
1640167791680 0.5458664298057556 0
1640167800756 1.3100965023040771 0
1640167809722 1.50160813331604 0
1640167818728 2.382669687271118 0
1640167827796 0.268038272857666 0
1640167836626 0.9785873889923096 0
1640167845704 1.5763349533081055 0
1640167854757 0.6516703963279724 0
1640167863771 1.4200565814971924 0
1640167872918 0.6013892889022827 0
1640167881980 1.5545326471328735 0
1640167891024 2.401371479034424 0
1640167900046 3.1788132190704346 0
1640167909184 1.02339768409729 0
1640167918288 0.596683919429779 0
1640167927295 1.3571271896362305 0
1640167936295 1.8515775203704834 0
1640167945331 1.4203283786773682 0
1640167956122 1.0969353914260864 0
1640167965241 1.3227825164794922 0
1640167974191 1.3256783485412598 0
1640167983172 0.7044204473495483 0
1640167992346 2.527754783630371 0
1640168001131 2.179860830307007 0
1640168010120 2.3366451263427734 0
1640168019146 1.4041314125061035 0
1640168028191 0.5313068628311157 0
1640168037209 0.38641080260276794 0
1640168046194 1.0868089199066162 0
1640168055196 0.7272751331329346 0
1640168064141 0.33150431513786316 0
1640168073176 1.7027860879898071 0
1640168082031 0.7193623781204224 0
1640168091069 0.9408444166183472 0
1640168100029 1.579170823097229 0
1640168109101 1.1225569248199463 0
1640168118143 1.1490570306777954 0
1640168127156 1.0805535316467285 0
1640168137791 0.7765443325042725 0
1640168146900 1.1792962551116943 0
1640168156010 0.9703645706176758 0
1640168165169 0.44819873571395874 0
1640168174318 0.8188345432281494 0
1640168183339 0.6159653067588806 0
1640168192470 0.539892852306366 0
1640168201525 0.9672017097473145 0
1640168210501 0.5085476636886597 0
1640168219556 1.013569712638855 0
1640168228652 1.9900681972503662 0
1640168237670 2.6692795753479004 0
1640168246793 2.905927896499634 0
1640168255770 0.824286937713623 0
1640168264784 1.3163342475891113 0
1640168273865 1.0902382135391235 0
1640168282891 0.6298953294754028 0
1640168292093 0.3918120861053467 0
1640168301170 0.3791561722755432 0
1640168310309 0.917100191116333 0
1640168320788 0.9036681652069092 0
1640168329848 0.3935404121875763 0
1640168338876 1.348264217376709 0
1640168348149 0.8671822547912598 0
1640168357168 1.0794129371643066 0
1640168366169 2.119107484817505 0
1640168375184 1.2942277193069458 0
1640168384252 1.9194731712341309 0
1640168393366 0.9118093252182007 0
1640168402337 1.2515602111816406 0
1640168411394 1.6811119318008423 0
1640168420321 0.8584883809089661 0
1640168429480 1.1486281156539917 0
1640168438705 0.9057676792144775 0
1640168447709 0.44320210814476013 0
1640168456696 0.788267970085144 0
1640168465806 2.8053970336914062 0
1640168474887 2.399845600128174 0
1640168483954 1.2449944019317627 0
1640168493006 0.36053597927093506 0
1640168504120 1.1657426357269287 0
1640168513223 0.852179765701294 0
1640168522273 1.0749034881591797 0
1640168531304 0.30303603410720825 0
1640168540418 1.2763645648956299 0
1640168549464 1.4081740379333496 0
1640168558488 0.9695533514022827 0
1640168567523 1.2344834804534912 0
1640168576448 0.7600319981575012 0
1640168585536 1.9289288520812988 0
1640168594708 0.4178414046764374 0
1640168603677 1.102378249168396 0
1640168612748 1.466597318649292 0
1640168621790 1.4286644458770752 0
1640168630738 1.062537431716919 0
1640168639808 0.765510082244873 0
1640168648983 0.6376173496246338 0
1640168658159 0.7777410745620728 0
1640168667311 1.0473631620407104 0
1640168676336 1.3537182807922363 0
1640168686827 0.3010592460632324 0
1640168695835 0.3109683394432068 0
1640168704851 0.23184506595134735 0
1640168713855 0.6072234511375427 0
1640168722843 0.6852734684944153 0
1640168732160 0.7244732975959778 0
1640168741396 0.7595270872116089 0
1640168750531 0.40588274598121643 0
1640168759531 1.826109766960144 0
1640168768674 0.7162343263626099 0
1640168777850 3.2887535095214844 0
1640168786884 1.0086541175842285 0
1640168796070 0.30877673625946045 0
1640168805173 0.8588312864303589 0
1640168814211 1.0511653423309326 0
1640168823292 0.30057162046432495 0
1640168832431 1.3524692058563232 0
1640168841469 0.6797288656234741 0
1640168850459 1.6853597164154053 0
1640168859531 1.2401797771453857 0
1640168870199 1.5630793571472168 0
1640168879371 0.7207924723625183 0
1640168888421 1.3700695037841797 0
1640168897568 0.4017370641231537 0
1640168906717 2.06223726272583 0
1640168915950 1.1444820165634155 0
1640168925103 0.4577844738960266 0
1640168934222 1.8129533529281616 0
1640168943152 0.46396201848983765 0
1640168952182 1.201917052268982 0
1640168961315 0.6760669350624084 0
1640168970353 1.4533214569091797 0
1640168979321 0.9506612420082092 0
1640168988326 1.3191311359405518 0
1640168997469 1.2565324306488037 0
1640169006680 0.5140156149864197 0
1640169015779 0.3650219738483429 0
1640169024848 1.2871366739273071 0
1640169033935 1.277933120727539 0
1640169043055 0.3090052604675293 0
1640169053681 0.4098029136657715 0
1640169062843 1.593319058418274 0
1640169071924 0.4782728850841522 0
1640169080991 1.394575595855713 0
1640169090012 0.6765019297599792 0
1640169099091 1.450053334236145 0
1640169108183 1.2723610401153564 0
1640169117254 1.1357920169830322 0
1640169126302 1.1153935194015503 0
1640169135405 1.2292819023132324 0
1640169144583 0.4611549973487854 0
1640169153691 1.4452743530273438 0
1640169162841 0.6640337705612183 0
1640169171886 1.1067055463790894 0
1640169181020 2.189014196395874 0
1640169190118 0.1738026738166809 0
1640169199426 0.3954414129257202 0
1640169208554 0.3481628894805908 0
1640169217617 1.2966161966323853 0
1640169226613 0.7469679117202759 0
1640169237220 0.46046319603919983 0
1640169246538 1.358314871788025 0
1640169255529 1.5403765439987183 0
1640169264628 1.1462615728378296 0
1640169273703 0.5539482235908508 0
1640169282811 0.4807579517364502 0
1640169291885 0.8815215826034546 0
1640169300965 1.7177892923355103 0
1640169310091 1.303719401359558 0
1640169319133 0.6085503101348877 0
1640169328208 0.7132141590118408 0
1640169337505 0.9425342679023743 0
1640169346599 1.2679356336593628 0
1640169355713 0.6555277705192566 0
1640169364902 0.9067574143409729 0
1640169373993 0.8414977788925171 0
1640169383063 0.9982249140739441 0
1640169392129 1.4912071228027344 0
1640169401120 0.5190279483795166 0
1640169410009 0.47573980689048767 0
1640169420496 2.1987147331237793 0
1640169429650 0.8962321281433105 0
1640169438643 0.2776700258255005 0
1640169447821 0.9253734350204468 0
1640169456813 0.3263869881629944 0
1640169466037 1.8309415578842163 0
1640169475157 0.9006214141845703 0
1640169484183 0.7124192714691162 0
1640169493280 1.240613341331482 0
1640169502425 1.0811350345611572 0
1640169511557 1.4558433294296265 0
1640169520586 0.6622552871704102 0
1640169529433 1.4902598857879639 0
1640169538664 1.1355984210968018 0
1640169547695 0.5870919227600098 0
1640169556672 2.1867854595184326 0
1640169565833 1.4560976028442383 0
1640169574910 0.42469680309295654 0
1640169584256 0.9676300883293152 0
1640169593356 0.9292635917663574 0
1640169604621 0.9528075456619263 0
1640169613772 0.41415441036224365 0
1640169623030 0.36727166175842285 0
1640169632121 0.3455531597137451 0
1640169641509 1.0162590742111206 0
1640169650590 0.46780925989151 0
1640169659844 0.6090099811553955 0
1640169669042 0.4709215462207794 0
1640169678226 3.800992965698242 0
1640169687438 0.5686265230178833 0
1640169696480 0.33261582255363464 0
1640169705676 0.9238445162773132 0
1640169714991 0.4510513246059418 0
1640169724026 0.9342286586761475 0
1640169733102 0.5069735050201416 0
1640169742116 2.1567697525024414 0
1640169751217 0.3834347426891327 0
1640169760471 1.1935855150222778 0
1640169769646 0.34990087151527405 0
1640169778751 0.5557055473327637 0
1640169789274 0.971932053565979 0
1640169798347 1.142926812171936 0
1640169807321 0.5869523286819458 0
1640169816228 0.7639472484588623 0
1640169825241 1.2554556131362915 0
1640169834342 0.8609458804130554 0
1640169843345 0.9299609065055847 0
1640169852433 0.7318040132522583 0
1640169861434 0.4449152946472168 0
1640169870427 0.29591676592826843 0
1640169879419 1.3747392892837524 0
1640169888425 0.5756056308746338 0
1640169897405 0.22847411036491394 0
1640169906487 0.5816730260848999 0
1640169915389 0.9073163270950317 0
1640169924519 0.424102783203125 0
1640169933677 1.3535754680633545 0
1640169942779 0.6792916059494019 0
1640169951791 0.9628957509994507 0
1640169960826 0.739742636680603 0
1640169971407 0.5731847286224365 0
1640169980587 1.1126148700714111 0
1640169989726 0.7747238874435425 0
1640169998816 0.902783989906311 0
1640170007690 5.273862838745117 0
1640170016728 0.2937956154346466 0
1640170025694 1.0073928833007812 0
1640170034719 2.105273962020874 0
1640170043769 0.2667849063873291 0
1640170052745 0.9771910905838013 0
1640170061789 0.2730351984500885 0
1640170070901 0.9651720523834229 0
1640170079917 0.4248253107070923 0
1640170088887 1.0457731485366821 0
1640170097945 0.2589819133281708 0
1640170106974 0.34668588638305664 0
1640170116013 0.5774447917938232 0
1640170125029 1.479105830192566 0
1640170134111 0.5307742357254028 0
1640170143201 1.7994261980056763 0
1640170153701 1.6073824167251587 0
1640170162693 0.9987670183181763 0
1640170171739 0.8621065616607666 0
1640170180790 0.2703385353088379 0
1640170189825 1.2978018522262573 0
1640170198792 0.3762494921684265 0
1640170207765 0.5048757791519165 0
1640170216694 2.2277770042419434 0
1640170225770 0.5374492406845093 0
1640170234827 1.341634750366211 0
1640170244033 1.1334362030029297 0
1640170253165 0.9272317886352539 0
1640170262204 0.3877537250518799 0
1640170271198 0.4360583424568176 0
1640170280298 0.6335849761962891 0
1640170289309 0.4943653643131256 0
1640170298448 0.6519283056259155 0
1640170307588 1.1037697792053223 0
1640170316649 1.773477554321289 0
1640170325721 1.4450931549072266 0
1640170336430 1.0763142108917236 0
1640170345515 0.6856516599655151 0
1640170354515 0.4386278986930847 0
1640170363738 1.6211622953414917 0
1640170372828 0.977276086807251 0
1640170381867 0.9206506609916687 0
1640170391036 0.4355650544166565 0
1640170399970 0.43061670660972595 0
1640170408991 3.326364040374756 0
1640170418066 0.4231742024421692 0
1640170426956 1.6665782928466797 0
1640170436164 0.22785142064094543 0
1640170445306 0.5440540313720703 0
1640170454325 0.8656749129295349 0
1640170463453 1.9003031253814697 0
1640170472685 0.6350216865539551 0
1640170481778 1.1963400840759277 0
1640170490860 1.2100510597229004 0
1640170500017 0.6001734733581543 0
1640170509004 0.3573917746543884 0
1640170519620 0.3822295665740967 0
1640170528764 0.5887933373451233 0
1640170537893 0.720343291759491 0
1640170547197 0.407166063785553 0
1640170556331 0.3533446192741394 0
1640170565292 0.2926895022392273 0
1640170574412 0.851019024848938 0
1640170583436 0.20398257672786713 0
1640170592564 1.4058573246002197 0
1640170601661 2.1721889972686768 0
1640170610837 0.8148735165596008 0
1640170619958 0.5889267325401306 0
1640170629067 1.768774390220642 0
1640170638113 2.1323747634887695 0
1640170647196 0.2648901343345642 0
1640170656256 0.5025270581245422 0
1640170665225 0.7114244103431702 0
1640170674325 1.851402759552002 0
1640170683293 1.6962778568267822 0
1640170692291 0.49796774983406067 0
1640170702953 0.4386025071144104 0
1640170712090 0.6131513118743896 0
1640170721143 0.6387467384338379 0
1640170730200 0.9396504759788513 0
1640170739316 1.2691421508789062 0
1640170748320 0.3573716878890991 0
1640170757457 0.35441699624061584 0
1640170766443 0.5978213548660278 0
1640170775462 0.9470489621162415 0
1640170784556 1.48453688621521 0
1640170793607 0.8975601196289062 0
1640170802775 0.5419036746025085 0
1640170812073 0.8262702226638794 0
1640170821102 0.2297639548778534 0
1640170830168 0.3091539442539215 0
1640170839290 1.7281737327575684 0
1640170848498 1.0195419788360596 0
1640170857614 2.0078680515289307 0
1640170866711 0.32804691791534424 0
1640170875795 0.5171713829040527 0
1640170887256 0.8369017839431763 0
1640170896350 0.6001767516136169 0
1640170905418 1.0994702577590942 0
1640170914512 0.32204166054725647 0
1640170923587 1.3387911319732666 0
1640170932728 0.6114609241485596 0
1640170941854 0.8996102213859558 0
1640170950879 0.45867156982421875 0
1640170959980 0.8304901123046875 0
1640170968996 0.8526623249053955 0
1640170978057 1.7130348682403564 0
1640170987060 0.518164873123169 0
1640170996124 1.3487846851348877 0
1640171005043 0.7514744997024536 0
1640171013988 0.2271556258201599 0
1640171022818 1.2732802629470825 0
1640171031955 0.5783509612083435 0
1640171040906 0.5014261603355408 0
1640171050062 0.6662026047706604 0
1640171059147 0.75214684009552 0
1640171069963 0.4415031969547272 0
1640171079043 1.4342305660247803 0
1640171088048 0.9405608177185059 0
1640171097045 1.2775969505310059 0
1640171106294 0.36429211497306824 0
1640171115307 0.5015362501144409 0
1640171124284 0.5207503437995911 0
1640171133548 1.194542646408081 0
1640171142705 1.5502796173095703 0
1640171151858 0.64551842212677 0
1640171161017 0.4766917824745178 0
1640171170195 0.7453301548957825 0
1640171179227 1.4403119087219238 0
1640171188334 0.8547035455703735 0
1640171197454 0.5322606563568115 0
1640171206707 1.2422516345977783 0
1640171215763 0.4594263434410095 0
1640171224751 0.34388795495033264 0
1640171233756 0.6881943345069885 0
1640171242878 1.0965410470962524 0
1640171253524 2.661012649536133 0
1640171262620 1.5542614459991455 0
1640171271669 0.5642618536949158 0
1640171280877 0.35379037261009216 0
1640171289952 0.29489433765411377 0
1640171299032 0.575229287147522 0
1640171307979 0.5341026782989502 0
1640171317005 0.7604496479034424 0
1640171325993 0.45618653297424316 0
1640171335187 1.33675217628479 0
1640171344306 0.23679006099700928 0
1640171353408 1.213068962097168 0
1640171362584 0.612028956413269 0
1640171371718 0.20772191882133484 0
1640171380746 1.2896126508712769 0
1640171389864 0.4747089147567749 0
1640171399013 1.3304613828659058 0
1640171408034 0.3257090151309967 0
1640171417119 0.4171338677406311 0
1640171426408 0.38204488158226013 0
1640171437097 0.8233885765075684 0
1640171446163 0.4718208611011505 0
1640171455207 0.7085564732551575 0
1640171464287 0.784909188747406 0
1640171473367 0.226211816072464 0
1640171482507 1.0910331010818481 0
1640171491638 0.2898533344268799 0
1640171500809 0.6053544282913208 0
1640171509917 1.2829389572143555 0
1640171518987 0.8829575777053833 0
1640171528070 0.7304031848907471 0
1640171537095 0.42468923330307007 0
1640171546071 1.1865638494491577 0
1640171555124 0.23731842637062073 0
1640171564229 0.29099240899086 0
1640171573507 1.1787135601043701 0
1640171582584 1.0446555614471436 0
1640171591609 0.5249187350273132 0
1640171600758 1.421846628189087 0
1640171609935 1.2205756902694702 0
1640171620571 0.5868606567382812 0
1640171629735 0.7979233264923096 0
1640171638848 1.2270833253860474 0
1640171647920 0.5100036263465881 0
1640171656948 1.133440613746643 0
1640171666065 0.7024097442626953 0
1640171675085 1.0992082357406616 0
1640171684065 2.770993709564209 0
1640171692990 1.815753698348999 0
1640171701975 0.6971058249473572 0
1640171711122 0.3556223213672638 0
1640171720149 0.29074323177337646 0
1640171729207 1.1315453052520752 0
1640171738311 1.1630240678787231 0
1640171747365 0.702497661113739 0
1640171756550 0.7014722228050232 0
1640171765608 1.0353374481201172 0
1640171774532 0.45922335982322693 0
1640171783533 0.41445082426071167 0
1640171792592 0.3803243637084961 0
1640171803052 0.6131664514541626 0
1640171812161 1.2852710485458374 0
1640171821141 2.6140732765197754 0
1640171830242 1.116546392440796 0
1640171839322 0.41366562247276306 0
1640171848281 0.6738661527633667 0
1640171857401 1.1577743291854858 0
1640171866451 0.3360322415828705 0
1640171875537 0.6330274343490601 0
1640171884536 0.8074209094047546 0
1640171893396 0.3737734258174896 0
1640171902451 1.0087029933929443 0
1640171911644 0.3665890693664551 0
1640171920649 1.6451456546783447 0
1640171929663 0.27134743332862854 0
1640171938784 0.42760327458381653 0
1640171947779 1.199892282485962 0
1640171956704 0.3979634642601013 0
1640171965524 0.8658356666564941 0
1640171974514 0.8133194446563721 0
1640171984999 0.3754414916038513 0
1640171993961 0.8112963438034058 0
1640172003103 0.7148074507713318 0
1640172012031 1.2217220067977905 0
1640172020911 0.3915315866470337 0
1640172030013 1.2167166471481323 0
1640172039231 0.4138603210449219 0
1640172048288 0.7710009217262268 0
1640172057359 1.1221611499786377 0
1640172066528 0.9666118025779724 0
1640172075706 0.42927736043930054 0
1640172084655 0.415686696767807 0
1640172093737 0.3042255938053131 0
1640172102803 1.4522719383239746 0
1640172111853 0.5713679194450378 0
1640172120824 1.0709738731384277 0
1640172129796 0.3656269907951355 0
1640172138733 0.9436225295066833 0
1640172147781 0.2709842622280121 0
1640172157017 0.9953484535217285 0
1640172167606 1.1632044315338135 0
1640172176754 0.8352069854736328 0
1640172185802 0.3269031047821045 0
1640172194849 0.3637882471084595 0
1640172203960 1.1012758016586304 0
1640172213051 0.44685715436935425 0
1640172222107 0.29750198125839233 0
1640172231246 0.9365525841712952 0
1640172240381 0.70070481300354 0
1640172249503 0.42713090777397156 0
1640172258771 0.7123520970344543 0
1640172267904 0.829459547996521 0
1640172277055 0.9993913769721985 0
1640172286178 0.37493225932121277 0
1640172295359 0.2874038815498352 0
1640172304637 0.515868604183197 0
1640172313769 0.4679262042045593 0
1640172322976 0.8526928424835205 0
1640172332230 0.539138674736023 0
1640172341229 1.061030626296997 0
1640172352835 0.246039479970932 0
1640172362004 0.8354777097702026 0
1640172371105 0.5121915340423584 0
1640172380136 1.0578957796096802 0
1640172389204 0.7541142702102661 0
1640172398256 0.7167841196060181 0
1640172407358 0.26485368609428406 0
1640172416577 0.470563143491745 0
1640172425678 0.411347895860672 0
1640172434783 0.5717552900314331 0
1640172443921 1.119268536567688 0
1640172453162 1.0326366424560547 0
1640172462199 0.5604228973388672 0
1640172471194 1.4197182655334473 0
1640172480234 0.5293135643005371 0
1640172489350 0.30774247646331787 0
1640172498435 0.7805282473564148 0
1640172507578 1.2753822803497314 0
1640172516522 0.3462945818901062 0
1640172525685 1.1413198709487915 0
1640172536374 1.0917119979858398 0
1640172545455 1.5410767793655396 0
1640172554478 0.3319254517555237 0
1640172563618 1.0671600103378296 0
1640172572617 0.36816421151161194 0
1640172581665 0.5428130030632019 0
1640172590608 0.6978858113288879 0
1640172599670 0.764832615852356 0
1640172608739 0.29371377825737 0
1640172617721 0.48914971947669983 0
1640172626704 0.5079924464225769 0
1640172635813 0.36087602376937866 0
1640172644902 1.3997830152511597 0
1640172653934 0.40648189187049866 0
1640172663073 0.3478509187698364 0
1640172672236 0.3036368489265442 0
1640172681379 0.4725661277770996 0
1640172690571 0.3030681014060974 0
1640172699709 0.7146510481834412 0
1640172708754 0.19895362854003906 0
1640172719169 0.21530789136886597 0
1640172728291 0.43774187564849854 0
1640172737423 0.9632882475852966 0
1640172746541 0.9209331274032593 0
1640172755592 0.7498688697814941 0
1640172764824 0.6990640163421631 0
1640172774097 0.27767202258110046 0
1640172783196 0.49196892976760864 0
1640172792234 0.3578062355518341 0
1640172801306 1.0788016319274902 0
1640172810362 0.6564801335334778 0
1640172819413 0.44071587920188904 0
1640172828748 0.27239763736724854 0
1640172837899 0.4243287742137909 0
1640172846911 1.1586956977844238 0
1640172856021 0.2175670564174652 0
1640172865111 1.1445672512054443 0
1640172874030 1.2919360399246216 0
1640172883209 1.4575634002685547 0
1640172892356 0.6644118428230286 0
1640172902939 1.0271480083465576 0
1640172912113 0.3631943464279175 0
1640172921279 0.5942749977111816 0
1640172930444 0.8173268437385559 0
1640172939701 0.798109233379364 0
1640172948647 0.2627469301223755 0
1640172957642 0.2998659610748291 0
1640172966718 0.5535668730735779 0
1640172975818 1.4930404424667358 0
1640172984821 0.330893337726593 0
1640172993993 0.293449342250824 0
1640173003248 0.3397250175476074 0
1640173012455 0.9593915939331055 0
1640173021516 0.8530211448669434 0
1640173030553 0.6220872402191162 0
1640173039617 0.44941678643226624 0
1640173048627 0.43283432722091675 0
1640173057631 0.5262295603752136 0
1640173066820 0.8767420053482056 0
1640173075983 0.6155760884284973 0
1640173086525 0.5301784873008728 0
1640173095844 0.8002206683158875 0
1640173104853 0.24097010493278503 0
1640173113893 0.876116156578064 0
1640173123090 0.4363122582435608 0
1640173132156 0.34104302525520325 0
1640173141335 0.1578463762998581 0
1640173150419 1.0811783075332642 0
1640173159397 0.9924823641777039 0
1640173168579 0.7545285224914551 0
1640173177821 0.6457985043525696 0
1640173186814 0.7833914756774902 0
1640173195926 0.5521922707557678 0
1640173205072 0.22916856408119202 0
1640173214068 0.599641740322113 0
1640173223216 0.3516247272491455 0
1640173232196 0.7677049040794373 0
1640173241384 0.37725335359573364 0
1640173250483 0.6492957472801208 0
1640173259513 0.7691076397895813 0
1640173270154 0.8309196829795837 0
1640173279243 0.9048842787742615 0
1640173288300 1.2329614162445068 0
1640173297415 0.33761292695999146 0
1640173306478 1.0422546863555908 0
1640173315533 0.4146345257759094 0
1640173324765 0.6520077586174011 0
1640173333848 1.0849310159683228 0
1640173342818 0.7967109680175781 0
1640173351903 0.45885270833969116 0
1640173361098 0.4358322024345398 0
1640173370183 0.9745467305183411 0
1640173379172 0.6635323166847229 0
1640173388573 0.3250703811645508 0
1640173397695 0.2903957962989807 0
1640173406720 1.136273741722107 0
1640173415796 0.9807109832763672 0
1640173424993 0.5264398455619812 0
1640173434212 1.0230002403259277 0
1640173443423 0.32333290576934814 0
1640173454026 1.3346773386001587 0
1640173463082 0.29016879200935364 0
1640173472127 0.537071704864502 0
1640173481213 0.9962499141693115 0
1640173490316 0.5097988843917847 0
1640173499388 1.5397025346755981 0
1640173508443 0.1914711594581604 0
1640173517401 0.6552575826644897 0
1640173526396 0.9370610117912292 0
1640173535564 0.6748541593551636 0
1640173544508 0.30666807293891907 0
1640173553485 0.385749876499176 0
1640173562511 0.312840074300766 0
1640173571496 1.006272554397583 0
1640173580633 0.7847756147384644 0
1640173589729 0.5380529761314392 0
1640173598729 0.49282100796699524 0
1640173607759 1.2686996459960938 0
1640173616832 0.45111334323883057 0
1640173626026 0.4869830012321472 0
1640173636637 0.3040235936641693 0
1640173645725 0.7650646567344666 0
1640173654776 0.2732252776622772 0
1640173663828 0.6431750059127808 0
1640173672933 0.25949394702911377 0
1640173681843 0.2978760004043579 0
1640173691008 0.7270188331604004 0
1640173699999 0.5160767436027527 0
1640173709057 0.21452322602272034 0
1640173718212 1.1496363878250122 0
1640173727236 0.20288102328777313 0
1640173736237 1.1005746126174927 0
1640173745324 0.5336368680000305 0
1640173754457 0.4264204204082489 0
1640173763575 0.938942551612854 0
1640173772716 0.21800580620765686 0
1640173781711 1.0114200115203857 0
1640173790701 0.9881199598312378 0
1640173799804 1.1117613315582275 0
1640173808943 0.6448888778686523 0
1640173819398 1.0995419025421143 0
1640173828508 0.5835950970649719 0
1640173837742 1.0911924839019775 0
1640173846888 0.46519434452056885 0
1640173856067 0.26828914880752563 0
1640173865201 1.1416572332382202 0
1640173874400 0.33033058047294617 0
1640173883616 0.5682640075683594 0
1640173892696 0.24810534715652466 0
1640173901705 0.29079675674438477 0
1640173910770 0.3396020531654358 0
1640173919905 0.244969442486763 0
1640173929070 0.49384379386901855 0
1640173938042 1.2549934387207031 0
1640173947103 0.9841701984405518 0
1640173956222 1.1955983638763428 0
1640173965344 0.5989309549331665 0
1640173974462 0.9294196963310242 0
1640173983451 0.5167885422706604 0
1640173992479 0.5570918917655945 0
1640174002998 0.2679716944694519 0
1640174012133 0.27254363894462585 0
1640174021156 1.092885136604309 0
1640174030252 0.6598416566848755 0
1640174039379 0.39730626344680786 0
1640174048402 0.7092565894126892 0
1640174057533 0.7000964283943176 0
1640174066582 0.4933945834636688 0
1640174075622 0.3456209599971771 0
1640174084644 1.2936943769454956 0
1640174093605 0.41683071851730347 0
1640174102925 1.1099979877471924 0
1640174112055 0.8724594116210938 0
1640174121322 0.3150566816329956 0
1640174130433 0.44818276166915894 0
1640174139555 0.8196930885314941 0
1640174148645 0.2925166189670563 0
1640174157712 0.8051687479019165 0
1640174166849 0.20019111037254333 0
