1634797364670 0 0
1634797366518 0 0
1634797367658 0 0
1634797368816 0 0
1634797369942 0 0
1634797371089 0 0
1634797372234 0 0
1634797373395 0 0
1634797374586 0 0
1634797375764 0 0
1634797376941 0 0
1634797378867 0 0
1634797380065 0 0
1634797381258 0 0
1634797382453 0 0
1634797383634 0 0
1634797384848 0 0
1634797386032 0 0
1634797387183 0 0
1634797388337 0 0
1634797389522 0 0
1634797391390 0 0
1634797392637 0 0
1634797393788 0 0
1634797394962 0 0
1634797396269 0 0
1634797397670 0 0
1634797398896 0 0
1634797400122 0 0
1634797401347 0 0
1634797402586 0 0
1634797404460 0 0
1634797405684 0 0
1634797406904 0 0
1634797408103 0 0
1634797409266 0 0
1634797410452 0 0
1634797411624 0 0
1634797412782 0 0
1634797413953 0 0
1634797415125 0 0
1634797416993 0 0
1634797418153 0 0
1634797419321 0 0
1634797420512 0 0
1634797421690 0 0
1634797422845 0 0
1634797424004 0 0
1634797425147 0 0
1634797426286 0 0
1634797427428 0 0
1634797429218 0 0
1634797430397 0 0
1634797431559 0 0
1634797432735 0 0
1634797433890 0 0
1634797435039 0 0
1634797436184 0 0
1634797437340 0 0
1634797438489 0 0
1634797439637 0 0
1634797441430 0 0
1634797442589 0 0
1634797443731 0 0
1634797444897 0 0
1634797446079 0 0
1634797447246 0 0
1634797448409 0 0
1634797449584 0 0
1634797450756 0 0
1634797451923 0 0
1634797453805 0 0
1634797454978 0 0
1634797456123 0 0
1634797457267 0 0
1634797458425 0 0
1634797459572 0 0
1634797460719 0 0
1634797461873 0 0
1634797463055 0 0
1634797464219 0 0
1634797466025 0 0
1634797467201 0 0
1634797468374 0 0
1634797469540 0 0
1634797470717 0 0
1634797471871 0 0
1634797473065 0 0
1634797474240 0 0
1634797475424 0 0
1634797476602 0 0
1634797478451 0 0
1634797479645 0 0
1634797480805 0 0
1634797482023 0 0
1634797483195 0 0
1634797484353 0 0
1634797485511 0 0
1634797486687 0 0
1634797487843 0 0
1634797489016 0 0
1634797490941 0 0
1634797492134 0 0
1634797493322 0 0
1634797494498 0 0
1634797495682 0 0
1634797496888 0 0
1634797498045 0 0
1634797499206 0 0
1634797500366 0 0
1634797501526 0 0
1634797503361 0 0
1634797504542 0 0
1634797505731 0 0
1634797506900 0 0
1634797508075 0 0
1634797509244 0 0
1634797510420 0 0
1634797511591 0 0
1634797512776 0 0
1634797513952 0 0
1634797515790 0 0
1634797516965 0 0
1634797518106 0 0
1634797519263 0 0
1634797520397 0 0
1634797521541 0 0
1634797522683 0 0
1634797523843 0 0
1634797524982 0 0
1634797526124 0 0
1634797527919 0 0
1634797529109 0 0
1634797530253 0 0
1634797531397 0 0
1634797532541 0 0
1634797533685 0 0
1634797534827 0 0
1634797535969 0 0
1634797537125 0 0
1634797538348 0 0
1634797540250 0 0
1634797541435 0 0
1634797542589 0 0
1634797543740 0 0
1634797544884 0 0
1634797546037 0 0
1634797547191 0 0
1634797548345 0 0
1634797549490 0 0
1634797550639 0 0
1634797552441 0 0
1634797553605 0 0
1634797554747 0 0
1634797555921 0 0
1634797557080 0 0
1634797558253 0 0
1634797559390 0 0
1634797560576 0 0
1634797561754 0 0
1634797562935 0 0
1634797564774 0 0
1634797565958 0 0
1634797567149 0 0
1634797568302 0 0
1634797569478 0 0
1634797570641 0 0
1634797571816 0 0
1634797572974 0 0
1634797574127 0 0
1634797575291 0 0
1634797577113 0 0
1634797578322 0 0
1634797579485 0 0
1634797580651 0 0
1634797581804 0 0
1634797582962 0 0
1634797584112 0 0
1634797585250 0 0
1634797586415 0 0
1634797587552 0 0
1634797589378 0 0
1634797590554 0 0
1634797591726 0 0
1634797592884 0 0
1634797594025 0 0
1634797595205 0 0
1634797596355 0 0
1634797597502 0 0
1634797598660 0 0
1634797599808 0 0
1634797601795 0 0
1634797603040 0 0
1634797604220 0 0
1634797605417 0 0
1634797606686 0 0
1634797607871 0 0
1634797609046 0 0
1634797610241 0 0
1634797611408 0 0
1634797612574 0 0
1634797614387 0 0
1634797615562 0 0
1634797616712 0 0
1634797617857 0 0
1634797619014 0 0
1634797620159 0 0
1634797621317 0 0
1634797622475 0 0
1634797623617 0 0
1634797624776 0 0
1634797626577 0 0
1634797627742 0 0
1634797628901 0 0
1634797630058 0 0
1634797631198 0 0
1634797632343 0 0
1634797633486 0 0
1634797634646 0 0
1634797635787 0 0
1634797636929 0 0
1634797638835 0 0
1634797640069 0 0
1634797641217 0 0
1634797642554 0 0
1634797643835 0 0
1634797645055 0 0
1634797646273 0 0
1634797647451 0 0
1634797648638 0 0
1634797649825 0 0
1634797651685 0 0
1634797652904 0 0
1634797654085 0 0
1634797655289 0 0
1634797656462 0 0
1634797657670 0 0
1634797658857 0 0
1634797660051 0 0
1634797661236 0 0
1634797662410 0 0
1634797664275 0 0
1634797665460 0 0
1634797666658 0 0
1634797667863 0 0
1634797669036 0 0
1634797670224 0 0
1634797671412 0 0
1634797672600 0 0
1634797673804 0 0
1634797674992 0 0
1634797677058 0 0
1634797678263 0 0
1634797679438 0 0
1634797680642 0 0
1634797681841 0 0
1634797683023 0 0
1634797684226 0 0
1634797685419 0 0
1634797686591 0 0
1634797687777 0 0
1634797689640 0 0
1634797690857 0 0
1634797692059 0 0
1634797693240 0 0
1634797694421 0 0
1634797695567 0 0
1634797696769 0 0
1634797697989 0 0
1634797699150 0 0
1634797700340 0 0
1634797702233 0 0
1634797703422 0 0
1634797704564 0 0
1634797705726 0 0
1634797706892 0 0
1634797708101 0 0
1634797709332 0 0
1634797710566 0 0
1634797711878 0 0
1634797713099 0 0
1634797715083 0 0
1634797716348 0 0
1634797717537 0 0
1634797718746 0 0
1634797719935 0 0
1634797721112 0 0
1634797722302 0 0
1634797723478 0 0
1634797724698 0 0
1634797725872 0 0
1634797727889 0 0
1634797729092 0 0
1634797730272 0 0
1634797731462 0 0
1634797732683 0 0
1634797733871 0 0
1634797735083 0 0
1634797736293 0 0
1634797737501 0 0
1634797738724 0 0
1634797740609 0 0
1634797741838 0 0
1634797743048 0 0
1634797744238 0 0
1634797745439 0 0
1634797746635 0 0
1634797747844 0 0
1634797749054 0 0
1634797750282 0 0
1634797751475 0 0
1634797753363 0 0
1634797754569 0 0
1634797755741 0 0
1634797756899 0 0
1634797758039 0 0
1634797759185 0 0
1634797760376 0 0
1634797761556 0 0
1634797762699 0 0
1634797763868 0 0
1634797765692 0 0
1634797766872 0 0
1634797768046 0 0
1634797769208 0 0
1634797770353 0 0
1634797771496 0 0
1634797772669 0 0
1634797773842 0 0
1634797774996 0 0
1634797776153 0 0
1634797778244 0 0
1634797779415 0 0
1634797780566 0 0
1634797781724 0 0
1634797782926 0 0
1634797784095 0 0
1634797785298 0 0
1634797786479 0 0
1634797787638 0 0
1634797788826 0 0
1634797790622 0 0
1634797791810 0 0
1634797792983 0 0
1634797794143 0 0
1634797795317 0 0
1634797796476 0 0
1634797797649 0 0
1634797798821 0 0
1634797800010 0 0
1634797801168 0 0
1634797803006 0 0
1634797804180 0 0
1634797805353 0 0
1634797806512 0 0
1634797807685 0 0
1634797808873 0 0
1634797810020 0 0
1634797811176 0 0
1634797812350 0 0
1634797813511 0 0
1634797815339 0 0
1634797816511 0 0
1634797817667 0 0
1634797818911 0 0
1634797820116 0 0
1634797821300 0 0
1634797822475 0 0
1634797823636 0 0
1634797824823 0 0
1634797825982 0 0
1634797827782 0 0
1634797828928 0 0
1634797830071 0 0
1634797831246 0 0
1634797832415 0 0
1634797833632 0 0
1634797834776 0 0
1634797835939 0 0
1634797837093 0 0
1634797838266 0 0
1634797840084 0 0
1634797841276 0 0
1634797842450 0 0
1634797843610 0 0
1634797844779 0 0
1634797845944 0 0
1634797847159 0 0
1634797848347 0 0
1634797849505 0 0
1634797850662 0 0
1634797852513 0 0
1634797853688 0 0
1634797854853 0 0
1634797856001 0 0
1634797857212 0 0
1634797858422 0 0
1634797859594 0 0
1634797860816 0 0
1634797862031 0 0
1634797863203 0 0
1634797865004 0 0
1634797866147 0 0
1634797867298 0 0
1634797868479 0 0
1634797869665 0 0
1634797870826 0 0
1634797871985 0 0
1634797873168 0 0
1634797874327 0 0
1634797875470 0 0
1634797877275 0 0
1634797878446 0 0
1634797879645 0 0
1634797880844 0 0
1634797882030 0 0
1634797883204 0 0
1634797884389 0 0
1634797885597 0 0
1634797886791 0 0
1634797887986 0 0
1634797890190 0 0
1634797891384 0 0
1634797892577 0 0
1634797893770 0 0
1634797894983 0 0
1634797896199 0 0
1634797897370 0 0
1634797898539 0 0
1634797899712 0 0
1634797900923 0 0
1634797902723 0 0
1634797903923 0 0
1634797905089 0 0
1634797906274 0 0
1634797907445 0 0
1634797908604 0 0
1634797909784 0 0
1634797910979 0 0
1634797912176 0 0
1634797913364 0 0
1634797915195 0 0
1634797916418 0 0
1634797917579 0 0
1634797918761 0 0
1634797919910 0 0
1634797921056 0 0
1634797922263 0 0
1634797923427 0 0
1634797924606 0 0
1634797925766 0 0
1634797927609 0 0
1634797928797 0 0
1634797929967 0 0
1634797931145 0 0
1634797932362 0 0
1634797933529 0 0
1634797934684 0 0
1634797935855 0 0
1634797937060 0 0
1634797938244 0 0
1634797940086 0 0
1634797941241 0 0
1634797942426 0 0
1634797943593 0 0
1634797944737 0 0
1634797945896 0 0
1634797947064 0 0
1634797948254 0 0
1634797949429 0 0
1634797950603 0 0
1634797952426 0 0
1634797953643 0 0
1634797954796 0 0
1634797955975 0 0
1634797957162 0 0
1634797958361 0 0
1634797959513 0 0
1634797960661 0 0
1634797961844 0 0
1634797963049 0 0
1634797964909 0 0
1634797966079 0 0
1634797967245 0 0
1634797968454 0 0
1634797969643 0 0
1634797970814 0 0
1634797971996 0 0
1634797973162 0 0
1634797974363 0 0
1634797975527 0 0
1634797977314 0 0
1634797978503 0 0
1634797979730 0 0
1634797980895 0 0
1634797982051 0 0
1634797983207 0 0
1634797984396 0 0
1634797985550 0 0
1634797986704 0 0
1634797987859 0 0
1634797989746 0 0
1634797990904 0 0
1634797992080 0 0
1634797993261 0 0
1634797994459 0 0
1634797995638 0 0
1634797996827 0 0
1634797997971 0 0
1634797999130 0 0
1634798000273 0 0
1634798002073 0 0
1634798003232 0 0
1634798004373 0 0
1634798005535 0 0
1634798006676 0 0
1634798007820 0 0
1634798008977 0 0
1634798010103 0 0
1634798011256 0 0
1634798012413 0 0
1634798014204 0 0
1634798015347 0 0
1634798016494 0 0
1634798017637 0 0
1634798018778 0 0
1634798019923 0 0
1634798021063 0 0
1634798022220 0 0
1634798023362 0 0
1634798024507 0 0
1634798026316 0 0
1634798027471 0 0
1634798028613 0 0
1634798029755 0 0
1634798030898 0 0
1634798032041 0 0
1634798033185 0 0
1634798034343 0 0
1634798035489 0 0
1634798036631 0 0
1634798038886 0 0
1634798040038 0 0
1634798041181 0 0
1634798042325 0 0
1634798043466 0 0
1634798044608 0 0
1634798045751 0 0
1634798046892 0 0
1634798048116 0 0
1634798049280 0 0
1634798051126 0 0
1634798052308 0 0
1634798053547 0 0
1634798054714 0 0
1634798055889 0 0
1634798057063 0 0
1634798058243 0 0
1634798059419 0 0
1634798060615 0 0
1634798061776 0 0
1634798063634 0 0
1634798064825 0 0
1634798065990 0 0
1634798067161 0 0
1634798068341 0 0
1634798069527 0 0
1634798070726 0 0
1634798071915 0 0
1634798073106 0 0
1634798074311 0 0
1634798076115 0 0
1634798077302 0 0
1634798078465 0 0
1634798079644 0 0
1634798080789 0 0
1634798081929 0 0
1634798083086 0 0
1634798084249 0 0
1634798085408 0 0
1634798086565 0 0
1634798088407 0 0
1634798089589 0 0
1634798090731 0 0
1634798091874 0 0
1634798093058 0 0
1634798094264 0 0
1634798095453 0 0
1634798096620 0 0
1634798097777 0 0
1634798098920 0 0
1634798100721 0 0
1634798101872 0 0
1634798103018 0 0
1634798104174 0 0
1634798105317 0 0
1634798106461 0 0
1634798107607 0 0
1634798108749 0 0
1634798109894 0 0
1634798111051 0 0
1634798112845 0 0
1634798114008 0 0
1634798115168 0 0
1634798116392 0 0
1634798117555 0 0
1634798118695 0 0
1634798119895 0 0
1634798121127 0 0
1634798122374 0 0
1634798123531 0 0
1634798125353 0 0
1634798126526 0 0
1634798127718 0 0
1634798128894 0 0
1634798130070 0 0
1634798131231 0 0
1634798132404 0 0
1634798133582 0 0
1634798134728 0 0
1634798135872 0 0
1634798137722 0 0
1634798138958 0 0
1634798140132 0 0
1634798141276 0 0
1634798142434 0 0
1634798143595 0 0
1634798144770 0 0
1634798145928 0 0
1634798147118 0 0
1634798148295 0 0
1634798150193 0 0
1634798151411 0 0
1634798152578 0 0
1634798153751 0 0
1634798154889 0 0
1634798156032 0 0
1634798157190 0 0
1634798158331 0 0
1634798159476 0 0
1634798160662 0 0
1634798162521 0 0
1634798163722 0 0
1634798164910 0 0
1634798166097 0 0
1634798167316 0 0
1634798168532 0 0
1634798169716 0 0
1634798170913 0 0
1634798172115 0 0
1634798173272 0 0
1634798175126 0 0
1634798176339 0 0
1634798177555 0 0
1634798178753 0 0
1634798179963 0 0
1634798181131 0 0
1634798182338 0 0
1634798183544 0 0
1634798184722 0 0
1634798185900 0 0
1634798187730 0 0
1634798188919 0 0
1634798190110 0 0
1634798191292 0 0
1634798192460 0 0
1634798193614 0 0
1634798194778 0 0
1634798195948 0 0
1634798197115 0 0
1634798198288 0 0
1634798200097 0 0
1634798201286 0 0
1634798202491 0 0
1634798203698 0 0
1634798204863 0 0
1634798206027 0 0
1634798207180 0 0
1634798208367 0 0
1634798209513 0 0
1634798210657 0 0
1634798212466 0 0
1634798213656 0 0
1634798214799 0 0
1634798215949 0 0
1634798217090 0 0
1634798218281 0 0
1634798219449 0 0
1634798220599 0 0
1634798221774 0 0
1634798222938 0 0
1634798225342 0 0
1634798226498 0 0
1634798227638 0 0
1634798228842 0 0
1634798229997 0 0
1634798231146 0 0
1634798232297 0 0
1634798233473 0 0
1634798234637 0 0
1634798235777 0 0
1634798237563 0 0
1634798238747 0 0
1634798239932 0 0
1634798241077 0 0
1634798242233 0 0
1634798243383 0 0
1634798244575 0 0
1634798245720 0 0
1634798246893 0 0
1634798248060 0 0
1634798249874 0 0
1634798251030 0 0
1634798252186 0 0
1634798253326 0 0
1634798254506 0 0
1634798255660 0 0
1634798256821 0 0
1634798257981 0 0
1634798259137 0 0
1634798260328 0 0
1634798262106 0 0
1634798263265 0 0
1634798264431 0 0
1634798265615 0 0
1634798266762 0 0
1634798267912 0 0
1634798269060 0 0
1634798270250 0 0
1634798271423 0 0
1634798272564 0 0
1634798274369 0 0
1634798275562 0 0
1634798276729 0 0
1634798277880 0 0
1634798279028 0 0
1634798280171 0 0
1634798281377 0 0
1634798282513 0 0
1634798283666 0 0
1634798284826 0 0
1634798286666 0 0
1634798287855 0 0
1634798289031 0 0
1634798290206 0 0
1634798291400 0 0
1634798292590 0 0
1634798293757 0 0
1634798294927 0 0
1634798296109 0 0
1634798297254 0 0
1634798299023 0 0
1634798300178 0 0
1634798301339 0 0
1634798302481 0 0
1634798303638 0 0
1634798304775 0 0
1634798305916 0 0
1634798307058 0 0
1634798308230 0 0
1634798309372 0 0
1634798311142 0 0
1634798312303 0 0
1634798313460 0 0
1634798314605 0 0
1634798315746 0 0
1634798316891 0 0
1634798318033 0 0
1634798319176 0 0
1634798320339 0 0
1634798321481 0 0
1634798323257 0 0
1634798324398 0 0
1634798325568 0 0
1634798326714 0 0
1634798327856 0 0
1634798329013 0 0
1634798330159 0 0
1634798331302 0 0
1634798332444 0 0
1634798333604 0 0
1634798335385 0 0
1634798336549 0 0
1634798337690 0 0
1634798338848 0 0
1634798339991 0 0
1634798341123 0 0
1634798342283 0 0
1634798343425 0 0
1634798344582 0 0
1634798345724 0 0
1634798347507 0 0
1634798348666 0 0
1634798349807 0 0
1634798350948 0 0
1634798352097 0 0
1634798353243 0 0
1634798354385 0 0
1634798355542 0 0
1634798356692 0 0
1634798357848 0 0
1634798359614 0 0
1634798360784 0 0
1634798361926 0 0
1634798363067 0 0
1634798364210 0 0
1634798365368 0 0
1634798366534 0 0
1634798367718 0 0
1634798368913 0 0
1634798370096 0 0
1634798371941 0 0
1634798373110 0 0
1634798374296 0 0
1634798375473 0 0
1634798376661 0 0
1634798377831 0 0
1634798379023 0 0
1634798380243 0 0
1634798381493 0 0
1634798382690 0 0
1634798384501 0 0
1634798385684 0 0
1634798386880 0 0
1634798388049 0 0
1634798389234 0 0
1634798390402 0 0
1634798391615 0 0
1634798392836 0 0
1634798394022 0 0
1634798395184 0 0
1634798397045 0 0
1634798398217 0 0
1634798399391 0 0
1634798400605 0 0
1634798401818 0 0
1634798402982 0 0
1634798404153 0 0
1634798405353 0 0
1634798406606 0 0
1634798407802 0 0
1634798409656 0 0
1634798410839 0 0
1634798412034 0 0
1634798413230 0 0
1634798414425 0 0
1634798415583 0 0
1634798416763 0 0
1634798417951 0 0
1634798419114 0 0
1634798420259 0 0
1634798422094 0 0
1634798423294 0 0
1634798424467 0 0
1634798425647 0 0
1634798426814 0 0
1634798428016 0 0
1634798429165 0 0
1634798430334 0 0
1634798431549 0 0
1634798432780 0 0
1634798434599 0 0
1634798435767 0 0
1634798436927 0 0
1634798438118 0 0
1634798439301 0 0
1634798440467 0 0
1634798441674 0 0
1634798442861 0 0
1634798444063 0 0
1634798445219 0 0
1634798447813 0 0
1634798449020 0 0
1634798450202 0 0
1634798451382 0 0
1634798452583 0 0
1634798453811 0 0
1634798455001 0 0
1634798456185 0 0
1634798457334 0 0
1634798458507 0 0
1634798460323 0 0
1634798461476 0 0
1634798462630 0 0
1634798463803 0 0
1634798464963 0 0
1634798466123 0 0
1634798467267 0 0
1634798468431 0 0
1634798469634 0 0
1634798470782 0 0
1634798472570 0 0
1634798473727 0 0
1634798474913 0 0
1634798476078 0 0
1634798477253 0 0
1634798478438 0 0
1634798479627 0 0
1634798480838 0 0
1634798482053 0 0
1634798483263 0 0
1634798485101 0 0
1634798486298 0 0
1634798487481 0 0
1634798488680 0 0
1634798489882 0 0
1634798491082 0 0
1634798492276 0 0
1634798493425 0 0
1634798494599 0 0
1634798495797 0 0
1634798497621 0 0
1634798498817 0 0
1634798499984 0 0
1634798501179 0 0
1634798502350 0 0
1634798503510 0 0
1634798504682 0 0
1634798505867 0 0
1634798507055 0 0
1634798508233 0 0
1634798510063 0 0
1634798511294 0 0
1634798512497 0 0
1634798513672 0 0
1634798514868 0 0
1634798516065 0 0
1634798517250 0 0
1634798518417 0 0
1634798519598 0 0
1634798520798 0 0
1634798522699 0 0
1634798523893 0 0
1634798525063 0 0
1634798526241 0 0
1634798527448 0 0
1634798528648 0 0
1634798529823 0 0
1634798531015 0 0
1634798532227 0 0
1634798533432 0 0
1634798535251 0 0
1634798536460 0 0
1634798537665 0 0
1634798538846 0 0
1634798540000 0 0
1634798541156 0 0
1634798542333 0 0
1634798543501 0 0
1634798544643 0 0
1634798545802 0 0
1634798547631 0 0
1634798548799 0 0
1634798549957 0 0
1634798551160 0 0
1634798552367 0 0
1634798553574 0 0
1634798554791 0 0
1634798555985 0 0
1634798557167 0 0
1634798558398 0 0
1634798560284 0 0
1634798561505 0 0
1634798562682 0 0
1634798563881 0 0
1634798565036 0 0
1634798566222 0 0
1634798567401 0 0
1634798568598 0 0
1634798569765 0 0
1634798570907 0 0
1634798572720 0 0
1634798573910 0 0
1634798575068 0 0
1634798576235 0 0
1634798577376 0 0
1634798578519 0 0
1634798579704 0 0
1634798580859 0 0
1634798582015 0 0
1634798583160 0 0
1634798584994 0 0
1634798586140 0 0
1634798587297 0 0
1634798588439 0 0
1634798589633 0 0
1634798590781 0 0
1634798591926 0 0
1634798593086 0 0
1634798594250 0 0
1634798595465 0 0
1634798597257 0 0
1634798598436 0 0
1634798599624 0 0
1634798600816 0 0
1634798601996 0 0
1634798603166 0 0
1634798604331 0 0
1634798605522 0 0
1634798606682 0 0
