1634797364693 1.5656458139419556 0
1634797366518 0.7457849383354187 0
1634797367674 0.62239670753479 0
1634797368816 0.7689181566238403 0
1634797369957 0.7107652425765991 0
1634797371089 0.6160301566123962 0
1634797372234 1.3350425958633423 0
1634797373395 0.8464124798774719 0
1634797374595 0.659182071685791 0
1634797375773 0.5192760229110718 0
1634797376950 0.6441689133644104 0
1634797378883 0.6038143634796143 0
1634797380074 0.5018226504325867 0
1634797381268 0.7577998638153076 0
1634797382462 0.6650539636611938 0
1634797383643 0.5377295017242432 0
1634797384857 0.6717968583106995 0
1634797386041 0.6429826617240906 0
1634797387183 0.5114092826843262 0
1634797388353 0.4872031509876251 0
1634797389537 0.6197460889816284 0
1634797391405 0.39267581701278687 0
1634797392653 0.4616434872150421 0
1634797393804 0.4592598080635071 0
1634797394970 0.4297370910644531 0
1634797396279 0.47313445806503296 0
1634797397680 0.34085455536842346 0
1634797398905 0.3818915784358978 0
1634797400131 0.5501503944396973 0
1634797401356 0.3945799171924591 0
1634797402601 0.3839680850505829 0
1634797404467 0.40812069177627563 0
1634797405694 0.34589993953704834 0
1634797406920 0.4051302373409271 0
1634797408113 0.27413123846054077 0
1634797409281 0.367509663105011 0
1634797410460 0.2772939205169678 0
1634797411624 0.4889484941959381 0
1634797412798 0.3305968642234802 0
1634797413969 0.3337317705154419 0
1634797415141 0.24874383211135864 0
1634797416993 0.29488179087638855 0
1634797418168 0.3323502540588379 0
1634797419337 0.40292295813560486 0
1634797420521 0.2636706829071045 0
1634797421699 0.30205780267715454 0
1634797422861 0.27924346923828125 0
1634797424004 0.33101797103881836 0
1634797425163 0.29007071256637573 0
1634797426302 0.2504884600639343 0
1634797427444 0.23135492205619812 0
1634797429234 0.27787306904792786 0
1634797430397 0.311129629611969 0
1634797431568 0.24555453658103943 0
1634797432744 0.240980327129364 0
1634797433890 0.22078999876976013 0
1634797435039 0.21487006545066833 0
1634797436184 0.23205435276031494 0
1634797437355 0.18961301445960999 0
1634797438505 0.2460417002439499 0
1634797439637 0.23554755747318268 0
1634797441430 0.27367252111434937 0
1634797442589 0.24584808945655823 0
1634797443731 0.24806393682956696 0
1634797444906 0.22946538031101227 0
1634797446088 0.2534014582633972 0
1634797447255 0.23218779265880585 0
1634797448418 0.2264699637889862 0
1634797449590 0.2500337064266205 0
1634797450765 0.24423785507678986 0
1634797451939 0.24025368690490723 0
1634797453821 0.21386577188968658 0
1634797454978 0.16484975814819336 0
1634797456123 0.19622403383255005 0
1634797457282 0.1951799988746643 0
1634797458425 0.22345571219921112 0
1634797459572 0.19566573202610016 0
1634797460719 0.23615938425064087 0
1634797461882 0.21618394553661346 0
1634797463064 0.1686295121908188 0
1634797464219 0.15868419408798218 0
1634797466025 0.18558987975120544 0
1634797467218 0.20330004394054413 0
1634797468383 0.20085929334163666 0
1634797469556 0.16321653127670288 0
1634797470726 0.22098827362060547 0
1634797471887 0.1701437532901764 0
1634797473074 0.13985013961791992 0
1634797474249 0.17642858624458313 0
1634797475433 0.15979695320129395 0
1634797476611 0.1867234706878662 0
1634797478460 0.16355106234550476 0
1634797479654 0.10786513984203339 0
1634797480821 0.14931049942970276 0
1634797482023 0.1765771508216858 0
1634797483211 0.2653405964374542 0
1634797484353 0.17901191115379333 0
1634797485527 0.1740705966949463 0
1634797486687 0.16467228531837463 0
1634797487859 0.14052563905715942 0
1634797489016 0.15098123252391815 0
1634797490950 0.1336786448955536 0
1634797492143 0.17307248711585999 0
1634797493325 0.10710258781909943 0
1634797494503 0.13844797015190125 0
1634797495698 0.18407517671585083 0
1634797496888 0.14015048742294312 0
1634797498045 0.1860189139842987 0
1634797499206 0.14235112071037292 0
1634797500381 0.11631150543689728 0
1634797501542 0.15376275777816772 0
1634797503361 0.16508159041404724 0
1634797504542 0.18299071490764618 0
1634797505740 0.128350168466568 0
1634797506909 0.1410035938024521 0
1634797508083 0.15905949473381042 0
1634797509253 0.1686212718486786 0
1634797510429 0.18891410529613495 0
1634797511600 0.19101345539093018 0
1634797512785 0.12122747302055359 0
1634797513961 0.20437470078468323 0
1634797515805 0.13488967716693878 0
1634797516965 0.1284817010164261 0
1634797518121 0.18005752563476562 0
1634797519263 0.13488945364952087 0
1634797520412 0.15893477201461792 0
1634797521557 0.153902068734169 0
1634797522699 0.11964835226535797 0
1634797523843 0.1323579102754593 0
1634797524982 0.14902183413505554 0
1634797526140 0.12358653545379639 0
1634797527935 0.11457516252994537 0
1634797529109 0.15764793753623962 0
1634797530253 0.11293482035398483 0
1634797531397 0.10634388029575348 0
1634797532541 0.11661460995674133 0
1634797533685 0.1499934047460556 0
1634797534827 0.14324460923671722 0
1634797535969 0.1259254515171051 0
1634797537140 0.160986989736557 0
1634797538348 0.09102728962898254 0
1634797540259 0.1460592895746231 0
1634797541442 0.12210138887166977 0
1634797542589 0.19216136634349823 0
1634797543740 0.16227884590625763 0
1634797544884 0.13473765552043915 0
1634797546037 0.09418344497680664 0
1634797547207 0.1379743367433548 0
1634797548345 0.10671855509281158 0
1634797549490 0.15692003071308136 0
1634797550639 0.1215207427740097 0
1634797552450 0.11870957165956497 0
1634797553621 0.12485474348068237 0
1634797554763 0.11716718971729279 0
1634797555930 0.12503385543823242 0
1634797557089 0.1255744844675064 0
1634797558262 0.1386510729789734 0
1634797559405 0.1067071408033371 0
1634797560585 0.13035383820533752 0
1634797561754 0.09491188824176788 0
1634797562941 0.14777511358261108 0
1634797564774 0.13391079008579254 0
1634797565973 0.13745176792144775 0
1634797567149 0.13403689861297607 0
1634797568317 0.11790511012077332 0
1634797569494 0.11141514778137207 0
1634797570641 0.14248357713222504 0
1634797571816 0.13023437559604645 0
1634797572974 0.0920153334736824 0
1634797574136 0.11968018114566803 0
1634797575291 0.09867502748966217 0
1634797577130 0.10106266289949417 0
1634797578322 0.13202007114887238 0
1634797579502 0.09762442857027054 0
1634797580651 0.1078391745686531 0
1634797581820 0.09816418588161469 0
1634797582962 0.10028115659952164 0
1634797584128 0.11381536722183228 0
1634797585265 0.12446703016757965 0
1634797586415 0.10403231531381607 0
1634797587568 0.11685303598642349 0
1634797589393 0.0727471113204956 0
1634797590570 0.1604911983013153 0
1634797591726 0.1056085079908371 0
1634797592884 0.11598837375640869 0
1634797594041 0.11060509085655212 0
1634797595205 0.11037987470626831 0
1634797596355 0.103814035654068 0
1634797597518 0.1125907227396965 0
1634797598660 0.1370593011379242 0
1634797599808 0.10456178337335587 0
1634797601795 0.09769509732723236 0
1634797603049 0.11298297345638275 0
1634797604230 0.13026952743530273 0
1634797605432 0.09004286676645279 0
1634797606695 0.09222108125686646 0
1634797607885 0.15383067727088928 0
1634797609062 0.09354768693447113 0
1634797610251 0.09407654404640198 0
1634797611424 0.12985776364803314 0
1634797612590 0.10416961461305618 0
1634797614402 0.14979679882526398 0
1634797615577 0.09598024934530258 0
1634797616728 0.13583403825759888 0
1634797617873 0.10361447930335999 0
1634797619014 0.0980563759803772 0
1634797620175 0.09551086276769638 0
1634797621332 0.09125296771526337 0
1634797622475 0.09815327078104019 0
1634797623633 0.08984701335430145 0
1634797624776 0.09447218477725983 0
1634797626577 0.10794603079557419 0
1634797627758 0.0815199762582779 0
1634797628901 0.07292971014976501 0
1634797630058 0.10501085221767426 0
1634797631214 0.07827959209680557 0
1634797632343 0.07852181792259216 0
1634797633501 0.09778980910778046 0
1634797634646 0.06892900913953781 0
1634797635787 0.08398034423589706 0
1634797636929 0.10450118035078049 0
1634797638850 0.1074841320514679 0
1634797640069 0.07744064927101135 0
1634797641233 0.06751763820648193 0
1634797642554 0.09514719247817993 0
1634797643850 0.0956273078918457 0
1634797645055 0.08682933449745178 0
1634797646289 0.09048415720462799 0
1634797647467 0.08868887275457382 0
1634797648654 0.10553240776062012 0
1634797649840 0.08625753968954086 0
1634797651701 0.1220681369304657 0
1634797652904 0.0833175927400589 0
1634797654101 0.123595230281353 0
1634797655289 0.11510725319385529 0
1634797656478 0.10167595744132996 0
1634797657670 0.08401545882225037 0
1634797658872 0.08894268423318863 0
1634797660051 0.1664506494998932 0
1634797661236 0.07680149376392365 0
1634797662425 0.11607013642787933 0
1634797664275 0.08972261846065521 0
1634797665476 0.08892911672592163 0
1634797666674 0.0862763524055481 0
1634797667863 0.0991707369685173 0
1634797669051 0.08419333398342133 0
1634797670240 0.055432237684726715 0
1634797671428 0.0815121978521347 0
1634797672616 0.10300040245056152 0
1634797673804 0.08007082343101501 0
1634797674992 0.0793372243642807 0
1634797677074 0.07821322232484818 0
1634797678263 0.0555511973798275 0
1634797679438 0.07910481840372086 0
1634797680658 0.08772113174200058 0
1634797681841 0.0786433294415474 0
1634797683023 0.09054816514253616 0
1634797684242 0.08126740157604218 0
1634797685419 0.10711460560560226 0
1634797686606 0.11401671916246414 0
1634797687793 0.0979573205113411 0
1634797689655 0.10285167396068573 0
1634797690873 0.05745261162519455 0
1634797692059 0.07947396486997604 0
1634797693256 0.08373570442199707 0
1634797694437 0.05283663049340248 0
1634797695567 0.07540089637041092 0
1634797696769 0.1055731549859047 0
1634797697989 0.09201887995004654 0
1634797699166 0.07315061241388321 0
1634797700340 0.06564602255821228 0
1634797702233 0.05203865468502045 0
1634797703422 0.08172643184661865 0
1634797704564 0.05483675375580788 0
1634797705726 0.08704002946615219 0
1634797706892 0.06738954037427902 0
1634797708110 0.09234198927879333 0
1634797709332 0.0837581530213356 0
1634797710582 0.08206237852573395 0
1634797711878 0.07664233446121216 0
1634797713115 0.1037735790014267 0
1634797715099 0.058060191571712494 0
1634797716364 0.0763874426484108 0
1634797717552 0.08965898305177689 0
1634797718761 0.07457336783409119 0
1634797719951 0.09582522511482239 0
1634797721112 0.12202458083629608 0
1634797722302 0.0859866738319397 0
1634797723493 0.08858548104763031 0
1634797724713 0.10575060546398163 0
1634797725872 0.08452679216861725 0
1634797727889 0.08000782877206802 0
1634797729092 0.07502657175064087 0
1634797730287 0.10420078039169312 0
1634797731462 0.08701325207948685 0
1634797732693 0.047760553658008575 0
1634797733887 0.06202816218137741 0
1634797735092 0.07553054392337799 0
1634797736293 0.08977926522493362 0
1634797737501 0.07185707986354828 0
1634797738740 0.07207098603248596 0
1634797740609 0.10224678367376328 0
1634797741853 0.09213477373123169 0
1634797743048 0.06480416655540466 0
1634797744238 0.07008752971887589 0
1634797745455 0.07092193514108658 0
1634797746650 0.08468927443027496 0
1634797747844 0.086143359541893 0
1634797749063 0.07292087376117706 0
1634797750282 0.09315402805805206 0
1634797751490 0.0888393223285675 0
1634797753363 0.07506337761878967 0
1634797754569 0.07230435311794281 0
1634797755741 0.07007934898138046 0
1634797756899 0.07888249307870865 0
1634797758039 0.07171349227428436 0
1634797759201 0.07080243527889252 0
1634797760392 0.08608869463205338 0
1634797761571 0.0639052540063858 0
1634797762714 0.07879330217838287 0
1634797763868 0.07923451066017151 0
1634797765708 0.08485131710767746 0
1634797766887 0.07568670809268951 0
1634797768046 0.09657581150531769 0
1634797769208 0.09454290568828583 0
1634797770353 0.08487896621227264 0
1634797771496 0.08481767773628235 0
1634797772669 0.06461209803819656 0
1634797773842 0.08668654412031174 0
1634797775012 0.07190139591693878 0
1634797776168 0.07462719827890396 0
1634797778259 0.0887518972158432 0
1634797779415 0.05734000727534294 0
1634797780566 0.07859034836292267 0
1634797781739 0.06278738379478455 0
1634797782942 0.08059434592723846 0
1634797784111 0.061145707964897156 0
1634797785314 0.06419429183006287 0
1634797786479 0.09036020934581757 0
1634797787653 0.09408463537693024 0
1634797788826 0.06952142715454102 0
1634797790638 0.05061369761824608 0
1634797791826 0.09092769771814346 0
1634797792983 0.09583905339241028 0
1634797794159 0.07780357450246811 0
1634797795332 0.0858767181634903 0
1634797796492 0.07923194020986557 0
1634797797665 0.050186458975076675 0
1634797798836 0.042022012174129486 0
1634797800026 0.04071468859910965 0
1634797801183 0.09023695439100266 0
1634797803006 0.056337978690862656 0
1634797804196 0.07825306802988052 0
1634797805369 0.046463798731565475 0
1634797806528 0.06956920027732849 0
1634797807701 0.0970802903175354 0
1634797808873 0.06207842379808426 0
1634797810020 0.06741436570882797 0
1634797811176 0.07700410485267639 0
1634797812350 0.0820147693157196 0
1634797813511 0.06086554750800133 0
1634797815354 0.052527040243148804 0
1634797816511 0.07805817574262619 0
1634797817685 0.06792200356721878 0
1634797818927 0.0755297914147377 0
1634797820131 0.07340358197689056 0
1634797821315 0.06621146202087402 0
1634797822491 0.06199342757463455 0
1634797823651 0.06146240234375 0
1634797824823 0.06112746521830559 0
1634797825982 0.04778219386935234 0
1634797827782 0.0721949115395546 0
1634797828943 0.060124512761831284 0
1634797830086 0.08872093260288239 0
1634797831262 0.06329061836004257 0
1634797832431 0.061070919036865234 0
1634797833641 0.0623772069811821 0
1634797834792 0.05698103457689285 0
1634797835939 0.059551723301410675 0
1634797837109 0.11083640903234482 0
1634797838282 0.05747183412313461 0
1634797840084 0.07608282566070557 0
1634797841285 0.0701628103852272 0
1634797842450 0.04048748314380646 0
1634797843610 0.06053488329052925 0
1634797844779 0.06680768728256226 0
1634797845960 0.06687401980161667 0
1634797847174 0.06308077275753021 0
1634797848363 0.06119268015027046 0
1634797849520 0.06632913649082184 0
1634797850677 0.062320638447999954 0
1634797852528 0.08030808717012405 0
1634797853688 0.054321639239788055 0
1634797854853 0.08589997887611389 0
1634797856016 0.0842801034450531 0
1634797857221 0.05648279935121536 0
1634797858431 0.05386500060558319 0
1634797859604 0.07164031267166138 0
1634797860825 0.0418303906917572 0
1634797862040 0.05411291867494583 0
1634797863203 0.07029934227466583 0
1634797865004 0.05412381514906883 0
1634797866162 0.05441497638821602 0
1634797867314 0.05717894434928894 0
1634797868488 0.06901124119758606 0
1634797869674 0.060505833476781845 0
1634797870842 0.03640976920723915 0
1634797872000 0.07525521516799927 0
1634797873177 0.05058318376541138 0
1634797874327 0.05139928683638573 0
1634797875486 0.05951064079999924 0
1634797877291 0.05758348107337952 0
1634797878461 0.07956571131944656 0
1634797879660 0.06403058022260666 0
1634797880844 0.05853983014822006 0
1634797882039 0.055101655423641205 0
1634797883220 0.05317488685250282 0
1634797884398 0.06594930589199066 0
1634797885606 0.06200477480888367 0
1634797886791 0.05934903770685196 0
1634797887995 0.10425131022930145 0
1634797890206 0.0761784166097641 0
1634797891393 0.05350834131240845 0
1634797892577 0.056783076375722885 0
1634797893770 0.061059072613716125 0
1634797894999 0.03900830075144768 0
1634797896208 0.07882141321897507 0
1634797897386 0.047873355448246 0
1634797898547 0.0633806511759758 0
1634797899727 0.0554811954498291 0
1634797900923 0.05665893107652664 0
1634797902723 0.03689034283161163 0
1634797903932 0.038971271365880966 0
1634797905096 0.05067865923047066 0
1634797906283 0.057079415768384933 0
1634797907445 0.08115154504776001 0
1634797908620 0.08033347129821777 0
1634797909793 0.05321542173624039 0
1634797910987 0.0620698519051075 0
1634797912176 0.049554117023944855 0
1634797913373 0.0655948743224144 0
1634797915210 0.03720196336507797 0
1634797916433 0.06682907044887543 0
1634797917595 0.06096617877483368 0
1634797918769 0.0495532862842083 0
1634797919910 0.055165208876132965 0
1634797921080 0.025866979733109474 0
1634797922272 0.06157539784908295 0
1634797923443 0.0699504166841507 0
1634797924622 0.07050049304962158 0
1634797925766 0.05646150931715965 0
1634797927624 0.054388824850320816 0
1634797928806 0.04246479272842407 0
1634797929976 0.03295224905014038 0
1634797931145 0.07168050110340118 0
1634797932371 0.06100917235016823 0
1634797933529 0.06333066523075104 0
1634797934693 0.051502078771591187 0
1634797935864 0.04615359008312225 0
1634797937069 0.07247106730937958 0
1634797938263 0.04717187583446503 0
1634797940095 0.04920182749629021 0
1634797941241 0.06613326072692871 0
1634797942444 0.053154826164245605 0
1634797943593 0.05512840673327446 0
1634797944753 0.033682629466056824 0
1634797945911 0.061536528170108795 0
1634797947064 0.05297037959098816 0
1634797948254 0.03361404687166214 0
1634797949452 0.04817914962768555 0
1634797950619 0.0605674684047699 0
1634797952443 0.08053268492221832 0
1634797953652 0.06653574109077454 0
1634797954815 0.039625320583581924 0
1634797955991 0.046489033848047256 0
1634797957171 0.06351551413536072 0
1634797958370 0.06856384873390198 0
1634797959536 0.049502890557050705 0
1634797960676 0.04968247562646866 0
1634797961859 0.05276430770754814 0
1634797963059 0.04937475919723511 0
1634797964913 0.09829147905111313 0
1634797966079 0.04293593019247055 0
1634797967245 0.06161241978406906 0
1634797968463 0.05062149837613106 0
1634797969652 0.04404656961560249 0
1634797970814 0.053776077926158905 0
1634797971996 0.06811047345399857 0
1634797973177 0.05823913589119911 0
1634797974379 0.04880617931485176 0
1634797975530 0.05568813160061836 0
1634797977330 0.0407298319041729 0
1634797978512 0.05314881354570389 0
1634797979739 0.05728422850370407 0
1634797980895 0.05638977512717247 0
1634797982067 0.05444364994764328 0
1634797983222 0.056540511548519135 0
1634797984396 0.04079615697264671 0
1634797985559 0.05070064216852188 0
1634797986704 0.0641961470246315 0
1634797987867 0.062297530472278595 0
1634797989755 0.05115256458520889 0
1634797990924 0.049566224217414856 0
1634797992080 0.0816643238067627 0
1634797993261 0.04991123825311661 0
1634797994468 0.041657090187072754 0
1634797995647 0.05907764285802841 0
1634797996836 0.04750421270728111 0
1634797997971 0.05986864119768143 0
1634797999130 0.03903144598007202 0
1634798000289 0.054791636765003204 0
1634798002089 0.0508938804268837 0
1634798003232 0.05494046211242676 0
1634798004389 0.05640968307852745 0
1634798005550 0.06653560698032379 0
1634798006692 0.05146917328238487 0
1634798007835 0.04641363397240639 0
1634798008977 0.04601847007870674 0
1634798010119 0.05600864440202713 0
1634798011272 0.07291243970394135 0
1634798012413 0.06413503736257553 0
1634798014204 0.054713547229766846 0
1634798015363 0.05154623091220856 0
1634798016509 0.0554029606282711 0
1634798017652 0.05570639297366142 0
1634798018794 0.05555984005331993 0
1634798019938 0.03975239023566246 0
1634798021079 0.055939704179763794 0
1634798022220 0.05015283823013306 0
1634798023378 0.04760086163878441 0
1634798024523 0.05274267867207527 0
1634798026316 0.0699978917837143 0
1634798027471 0.04824414849281311 0
1634798028613 0.05030371993780136 0
1634798029755 0.05182584747672081 0
1634798030913 0.05907437950372696 0
1634798032057 0.030276531353592873 0
1634798033201 0.051101818680763245 0
1634798034343 0.04294099658727646 0
1634798035505 0.047158148139715195 0
1634798036646 0.049063317477703094 0
1634798038886 0.04409077763557434 0
1634798040038 0.04231736809015274 0
1634798041181 0.04308294132351875 0
1634798042325 0.0450814850628376 0
1634798043466 0.04138537496328354 0
1634798044624 0.04926733672618866 0
1634798045767 0.04753543436527252 0
1634798046907 0.06028224155306816 0
1634798048125 0.0643208846449852 0
1634798049296 0.04970920830965042 0
1634798051135 0.04225404933094978 0
1634798052313 0.04694955796003342 0
1634798053556 0.04556380212306976 0
1634798054714 0.03930015116930008 0
1634798055889 0.04267651587724686 0
1634798057072 0.04840949550271034 0
1634798058243 0.04338958114385605 0
1634798059435 0.04515638202428818 0
1634798060624 0.048034437000751495 0
1634798061785 0.029396910220384598 0
1634798063643 0.04509035125374794 0
1634798064833 0.026042532175779343 0
1634798066006 0.04811372235417366 0
1634798067183 0.0474962443113327 0
1634798068351 0.05183512344956398 0
1634798069543 0.05192552134394646 0
1634798070742 0.045504435896873474 0
1634798071925 0.045250289142131805 0
1634798073114 0.04385633021593094 0
1634798074315 0.057567425072193146 0
1634798076134 0.04088098183274269 0
1634798077311 0.06304140388965607 0
1634798078480 0.04553639143705368 0
1634798079644 0.038765355944633484 0
1634798080789 0.036242157220840454 0
1634798081944 0.04190961271524429 0
1634798083101 0.0530051663517952 0
1634798084265 0.051685381680727005 0
1634798085408 0.047638311982154846 0
1634798086565 0.049501992762088776 0
1634798088416 0.06100071966648102 0
1634798089589 0.041020892560482025 0
1634798090731 0.04238477349281311 0
1634798091874 0.024866584688425064 0
1634798093068 0.03744644299149513 0
1634798094273 0.03168335556983948 0
1634798095462 0.04162434861063957 0
1634798096620 0.04155519977211952 0
1634798097777 0.05825602263212204 0
1634798098920 0.03834858536720276 0
1634798100721 0.04031836614012718 0
1634798101888 0.040120840072631836 0
1634798103033 0.048804886639118195 0
1634798104174 0.034986209124326706 0
1634798105333 0.044910065829753876 0
1634798106461 0.051935967057943344 0
1634798107623 0.036595553159713745 0
1634798108764 0.030483998358249664 0
1634798109909 0.04783334210515022 0
1634798111051 0.03315240517258644 0
1634798112861 0.04399977624416351 0
1634798114008 0.04348434880375862 0
1634798115177 0.04870828613638878 0
1634798116401 0.033570755273103714 0
1634798117564 0.04265701025724411 0
1634798118710 0.03867219015955925 0
1634798119895 0.0559464693069458 0
1634798121136 0.032893989235162735 0
1634798122374 0.03804049640893936 0
1634798123547 0.051043085753917694 0
1634798125369 0.05086333304643631 0
1634798126542 0.048722442239522934 0
1634798127727 0.032563235610723495 0
1634798128911 0.04660772532224655 0
1634798130079 0.032727520912885666 0
1634798131247 0.033484239131212234 0
1634798132420 0.0371694415807724 0
1634798133591 0.044867414981126785 0
1634798134728 0.04176066070795059 0
1634798135888 0.04907982796430588 0
1634798137722 0.04650226980447769 0
1634798138973 0.039945971220731735 0
1634798140132 0.04133403301239014 0
1634798141292 0.04302516579627991 0
1634798142449 0.032586295157670975 0
1634798143611 0.04232651740312576 0
1634798144770 0.05177236348390579 0
1634798145943 0.059338655322790146 0
1634798147133 0.02148808166384697 0
1634798148295 0.0319192074239254 0
1634798150194 0.025487534701824188 0
1634798151411 0.039946429431438446 0
1634798152578 0.047232285141944885 0
1634798153751 0.04520686715841293 0
1634798154889 0.03436776623129845 0
1634798156032 0.039350561797618866 0
1634798157190 0.031580496579408646 0
1634798158331 0.04315519705414772 0
1634798159492 0.037649787962436676 0
1634798160678 0.030532769858837128 0
1634798162530 0.03763572871685028 0
1634798163731 0.03294876962900162 0
1634798164920 0.04321898892521858 0
1634798166113 0.033835988491773605 0
1634798167340 0.04200449585914612 0
1634798168532 0.037458647042512894 0
1634798169725 0.03207140415906906 0
1634798170922 0.04687102884054184 0
1634798172124 0.02135121449828148 0
1634798173288 0.03931518271565437 0
1634798175135 0.04943303018808365 0
1634798176348 0.038469359278678894 0
1634798177563 0.025878122076392174 0
1634798178761 0.044426437467336655 0
1634798179972 0.0457746759057045 0
1634798181140 0.04038070887327194 0
1634798182347 0.02927989885210991 0
1634798183553 0.043615832924842834 0
1634798184731 0.043589457869529724 0
1634798185909 0.04167787730693817 0
1634798187739 0.024160614237189293 0
1634798188928 0.04273122549057007 0
1634798190119 0.03798145428299904 0
1634798191292 0.03845896199345589 0
1634798192465 0.04486587643623352 0
1634798193623 0.03732829913496971 0
1634798194794 0.03381875902414322 0
1634798195957 0.029462430626153946 0
1634798197124 0.03635371848940849 0
1634798198297 0.02191772870719433 0
1634798200113 0.035534366965293884 0
1634798201286 0.03365267068147659 0
1634798202501 0.03596416115760803 0
1634798203707 0.03806241974234581 0
1634798204872 0.019115518778562546 0
1634798206027 0.03838994354009628 0
1634798207180 0.024200018495321274 0
1634798208376 0.034686487168073654 0
1634798209513 0.04077412188053131 0
1634798210673 0.038866687566041946 0
1634798212481 0.02749895676970482 0
1634798213665 0.03470852971076965 0
1634798214814 0.036007653921842575 0
1634798215949 0.029688764363527298 0
1634798217106 0.04230334609746933 0
1634798218297 0.03883077949285507 0
1634798219449 0.038017258048057556 0
1634798220614 0.039190031588077545 0
1634798221774 0.030037086457014084 0
1634798222947 0.031148459762334824 0
1634798225349 0.038435980677604675 0
1634798226513 0.03565807268023491 0
1634798227654 0.03276289254426956 0
1634798228842 0.03171186149120331 0
1634798229997 0.03053458034992218 0
1634798231154 0.03955307602882385 0
1634798232297 0.030221885070204735 0
1634798233482 0.03426821157336235 0
1634798234637 0.03387250751256943 0
1634798235793 0.035216718912124634 0
1634798237579 0.023216886445879936 0
1634798238747 0.031738799065351486 0
1634798239941 0.01805923320353031 0
1634798241092 0.036763112992048264 0
1634798242248 0.0431775338947773 0
1634798243399 0.024514349177479744 0
1634798244575 0.027688294649124146 0
1634798245735 0.03238090127706528 0
1634798246909 0.04292692989110947 0
1634798248060 0.03943681716918945 0
1634798249874 0.04254152625799179 0
1634798251046 0.04350893199443817 0
1634798252201 0.03569488599896431 0
1634798253341 0.02581067755818367 0
1634798254515 0.030947882682085037 0
1634798255677 0.04498513042926788 0
1634798256837 0.028340589255094528 0
1634798257981 0.04139834642410278 0
1634798259137 0.019567953422665596 0
1634798260333 0.026180727407336235 0
1634798262122 0.03939703851938248 0
1634798263281 0.030256208032369614 0
1634798264440 0.022508108988404274 0
1634798265624 0.030577490106225014 0
1634798266762 0.037699513137340546 0
1634798267921 0.06510486453771591 0
1634798269075 0.02706754207611084 0
1634798270265 0.027686329558491707 0
1634798271432 0.028734054416418076 0
1634798272564 0.03342857584357262 0
1634798274369 0.029823530465364456 0
1634798275577 0.030049702152609825 0
1634798276737 0.03145559877157211 0
1634798277880 0.0221874862909317 0
1634798279044 0.03495866060256958 0
1634798280187 0.029169626533985138 0
1634798281377 0.02852921187877655 0
1634798282529 0.03427174687385559 0
1634798283681 0.041737668216228485 0
1634798284826 0.033082425594329834 0
1634798286682 0.03080814890563488 0
1634798287864 0.02651822194457054 0
1634798289040 0.027577344328165054 0
1634798290215 0.03366220369935036 0
1634798291409 0.017928406596183777 0
1634798292606 0.024587569758296013 0
1634798293772 0.026483092457056046 0
1634798294927 0.024193430319428444 0
1634798296109 0.025788728147745132 0
1634798297254 0.03675244003534317 0
1634798299039 0.018584847450256348 0
1634798300196 0.01870686747133732 0
1634798301339 0.022976800799369812 0
1634798302481 0.026235200464725494 0
1634798303638 0.027090899646282196 0
1634798304791 0.02911660075187683 0
1634798305931 0.03290942311286926 0
1634798307073 0.027481064200401306 0
1634798308230 0.0306071974337101 0
1634798309372 0.02394464984536171 0
1634798311157 0.022741999477148056 0
1634798312319 0.029786530882120132 0
1634798313460 0.026694146916270256 0
1634798314605 0.03434213995933533 0
1634798315762 0.021820561960339546 0
1634798316907 0.026314500719308853 0
1634798318049 0.020195702090859413 0
1634798319176 0.01847025193274021 0
1634798320339 0.03009282983839512 0
1634798321481 0.02090766280889511 0
1634798323257 0.022707005962729454 0
1634798324414 0.017963962629437447 0
1634798325568 0.021064307540655136 0
1634798326714 0.029478218406438828 0
1634798327872 0.024463918060064316 0
1634798329013 0.02022196538746357 0
1634798330159 0.02993128076195717 0
1634798331302 0.023426104336977005 0
1634798332460 0.023741506040096283 0
1634798333604 0.019572965800762177 0
1634798335400 0.027792610228061676 0
1634798336564 0.023967068642377853 0
1634798337706 0.022271204739809036 0
1634798338848 0.025953155010938644 0
1634798339991 0.02462838776409626 0
1634798341139 0.028401579707860947 0
1634798342283 0.016111714765429497 0
1634798343425 0.029122244566679 0
1634798344582 0.020168431103229523 0
1634798345724 0.022649135440587997 0
1634798347507 0.01825549826025963 0
1634798348666 0.026010477915406227 0
1634798349807 0.03256906196475029 0
1634798350963 0.020010823383927345 0
1634798352112 0.029367651790380478 0
1634798353258 0.030547689646482468 0
1634798354400 0.030423525720834732 0
1634798355542 0.023527156561613083 0
1634798356707 0.02951056882739067 0
1634798357848 0.020067434757947922 0
1634798359629 0.019446251913905144 0
1634798360784 0.02573329582810402 0
1634798361941 0.021488090977072716 0
1634798363083 0.02498013898730278 0
1634798364226 0.020946785807609558 0
1634798365377 0.021923933178186417 0
1634798366549 0.016451308503746986 0
1634798367727 0.02622842788696289 0
1634798368922 0.02604135498404503 0
1634798370105 0.024853743612766266 0
1634798371950 0.022745588794350624 0
1634798373126 0.013500971719622612 0
1634798374305 0.017023131251335144 0
1634798375482 0.017768455669283867 0
1634798376670 0.023431310430169106 0
1634798377846 0.024777473881840706 0
1634798379032 0.01913456991314888 0
1634798380253 0.021290665492415428 0
1634798381502 0.022437991574406624 0
1634798382699 0.01956005021929741 0
1634798384509 0.014161662198603153 0
1634798385699 0.02517642453312874 0
1634798386890 0.03478746861219406 0
1634798388072 0.0191448125988245 0
1634798389234 0.034107524901628494 0
1634798390411 0.02859184332191944 0
1634798391624 0.015989813953638077 0
1634798392845 0.026492958888411522 0
1634798394031 0.014082981273531914 0
1634798395200 0.018437189981341362 0
1634798397054 0.019188418984413147 0
1634798398217 0.018669284880161285 0
1634798399400 0.019106239080429077 0
1634798400614 0.010989615693688393 0
1634798401826 0.020135167986154556 0
1634798402982 0.02167513407766819 0
1634798404162 0.015837203711271286 0
1634798405362 0.01849868707358837 0
1634798406614 0.02476576901972294 0
1634798407811 0.017381876707077026 0
1634798409664 0.024895908311009407 0
1634798410848 0.02230229042470455 0
1634798412057 0.018492594361305237 0
1634798413239 0.019669245928525925 0
1634798414434 0.021160932257771492 0
1634798415599 0.022528713569045067 0
1634798416772 0.01928616128861904 0
1634798417951 0.02090332843363285 0
1634798419114 0.020560696721076965 0
1634798420275 0.01587681472301483 0
1634798422103 0.01810208335518837 0
1634798423301 0.019683150574564934 0
1634798424483 0.010407211259007454 0
1634798425656 0.015425384044647217 0
1634798426825 0.018455304205417633 0
1634798428016 0.015882836654782295 0
1634798429165 0.01725059747695923 0
1634798430343 0.02279205434024334 0
1634798431559 0.014065708965063095 0
1634798432789 0.011155986227095127 0
1634798434615 0.013275082223117352 0
1634798435767 0.015352979302406311 0
1634798436942 0.015154467895627022 0
1634798438118 0.021789290010929108 0
1634798439310 0.019891556352376938 0
1634798440467 0.015525950118899345 0
1634798441683 0.02141621895134449 0
1634798442872 0.01357048936188221 0
1634798444072 0.013438204303383827 0
1634798445235 0.013719029724597931 0
1634798447829 0.020935649052262306 0
1634798449036 0.02015041373670101 0
1634798450211 0.014972825534641743 0
1634798451391 0.00879635289311409 0
1634798452585 0.016360141336917877 0
1634798453820 0.012020489200949669 0
1634798455011 0.008716192096471786 0
1634798456185 0.011031114496290684 0
1634798457350 0.015801750123500824 0
1634798458517 0.01816278137266636 0
1634798460332 0.0159707460552454 0
1634798461492 0.013955669477581978 0
1634798462646 0.012956516817212105 0
1634798463814 0.01101296953856945 0
1634798464978 0.018390391021966934 0
1634798466123 0.013456275686621666 0
1634798467267 0.01394569966942072 0
1634798468431 0.014517532661557198 0
1634798469643 0.01898949407041073 0
1634798470791 0.019323786720633507 0
1634798472570 0.024150220677256584 0
1634798473727 0.009521856904029846 0
1634798474918 0.011164174415171146 0
1634798476087 0.015504105016589165 0
1634798477262 0.014812839217483997 0
1634798478447 0.012602302245795727 0
1634798479637 0.012272228486835957 0
1634798480847 0.012669404037296772 0
1634798482062 0.01609676331281662 0
1634798483272 0.016150975599884987 0
1634798485117 0.01709737628698349 0
1634798486308 0.012823972851037979 0
1634798487490 0.017551451921463013 0
1634798488689 0.012135650962591171 0
1634798489885 0.01665988191962242 0
1634798491104 0.011171910911798477 0
1634798492284 0.009638356976211071 0
1634798493441 0.015084314160048962 0
1634798494599 0.012556290253996849 0
1634798495806 0.016666512936353683 0
1634798497630 0.008524272590875626 0
1634798498817 0.010346755385398865 0
1634798499984 0.012805749662220478 0
1634798501179 0.011749541386961937 0
1634798502350 0.012061221525073051 0
1634798503526 0.013874327763915062 0
1634798504682 0.013597844168543816 0
1634798505867 0.00981009379029274 0
1634798507063 0.01168426126241684 0
1634798508242 0.011033384129405022 0
1634798510079 0.012521887198090553 0
1634798511303 0.012564394623041153 0
1634798512506 0.008578752167522907 0
1634798513681 0.012537293136119843 0
1634798514877 0.010480677708983421 0
1634798516075 0.012457888573408127 0
1634798517259 0.006066903006285429 0
1634798518417 0.008941087871789932 0
1634798519607 0.008672110736370087 0
1634798520807 0.007677730172872543 0
1634798522708 0.011857874691486359 0
1634798523902 0.010436704382300377 0
1634798525072 0.017248274758458138 0
1634798526250 0.0070126778446137905 0
1634798527457 0.006625640206038952 0
1634798528657 0.00957158301025629 0
1634798529832 0.008456381969153881 0
1634798531025 0.006570191588252783 0
1634798532236 0.009168487973511219 0
1634798533440 0.009410538710653782 0
1634798535272 0.013781069777905941 0
1634798536470 0.009994542226195335 0
1634798537674 0.009185086004436016 0
1634798538852 0.009970086626708508 0
1634798540015 0.009486370719969273 0
1634798541156 0.009758762083947659 0
1634798542333 0.00860572699457407 0
1634798543501 0.00877081323415041 0
1634798544658 0.010220911353826523 0
1634798545802 0.009548429399728775 0
1634798547635 0.006608834955841303 0
1634798548814 0.00857303012162447 0
1634798549966 0.00584007753059268 0
1634798551169 0.01345101185142994 0
1634798552376 0.007862783037126064 0
1634798553585 0.00698098074644804 0
1634798554800 0.009092375636100769 0
1634798555994 0.007587156258523464 0
1634798557176 0.007176934275776148 0
1634798558407 0.007910256274044514 0
1634798560293 0.006504465825855732 0
1634798561514 0.006549005396664143 0
1634798562686 0.0069329990074038506 0
1634798563890 0.0060593560338020325 0
1634798565053 0.0058877840638160706 0
1634798566231 0.005223906598985195 0
1634798567409 0.005568423308432102 0
1634798568598 0.006458645686507225 0
1634798569781 0.006418698932975531 0
1634798570922 0.007381334900856018 0
1634798572720 0.00633404403924942 0
1634798573925 0.004896463360637426 0
1634798575084 0.005292303394526243 0
1634798576235 0.008092441596090794 0
1634798577376 0.011355744674801826 0
1634798578535 0.004323850851505995 0
1634798579719 0.005414171610027552 0
1634798580874 0.005285009741783142 0
1634798582015 0.008319564163684845 0
1634798583169 0.005981991533190012 0
1634798584994 0.004073732532560825 0
1634798586156 0.011000883765518665 0
1634798587297 0.004687212873250246 0
1634798588455 0.005089934449642897 0
1634798589642 0.01046326570212841 0
1634798590781 0.004480526316910982 0
1634798591926 0.005118959117680788 0
1634798593086 0.0036978493444621563 0
1634798594265 0.005452156066894531 0
1634798595474 0.004402344115078449 0
1634798597266 0.004148181993514299 0
1634798598452 0.0035762335173785686 0
1634798599633 0.004077309276908636 0
1634798600832 0.0037563047371804714 0
1634798602005 0.005175805650651455 0
1634798603176 0.004091340117156506 0
1634798604341 0.004776291083544493 0
1634798605531 0.0034652496688067913 0
1634798606682 0.006588653661310673 0
