1634797364693 1.2189252376556396 0
1634797366534 0.5433092713356018 0
1634797367674 0.5762204527854919 0
1634797368816 0.7566941976547241 0
1634797369957 0.8201083540916443 0
1634797371105 0.5496435761451721 0
1634797372249 0.781008243560791 0
1634797373395 0.3174567222595215 0
1634797374597 0.5656505227088928 0
1634797375775 0.3658933639526367 0
1634797376952 0.33078357577323914 0
1634797378883 0.39706602692604065 0
1634797380076 0.33640915155410767 0
1634797381269 0.5481642484664917 0
1634797382464 0.2611469328403473 0
1634797383645 0.4713605046272278 0
1634797384859 0.4545488655567169 0
1634797386041 0.41030412912368774 0
1634797387183 0.38929665088653564 0
1634797388353 0.5636931657791138 0
1634797389537 0.2642000913619995 0
1634797391405 0.38562101125717163 0
1634797392653 0.2322620153427124 0
1634797393804 0.32390591502189636 0
1634797394972 0.2348305881023407 0
1634797396281 0.321851909160614 0
1634797397682 0.1797817498445511 0
1634797398907 0.30483514070510864 0
1634797400133 0.3129085898399353 0
1634797401358 0.24647079408168793 0
1634797402601 0.35042259097099304 0
1634797404469 0.29023393988609314 0
1634797405696 0.2320423424243927 0
1634797406920 0.07853513956069946 0
1634797408114 0.29177165031433105 0
1634797409281 0.16344217956066132 0
1634797410461 0.2374776303768158 0
1634797411624 0.16583380103111267 0
1634797412798 0.2952704429626465 0
1634797413969 0.225198894739151 0
1634797415141 0.3783150911331177 0
1634797416993 0.14907121658325195 0
1634797418168 0.1401122659444809 0
1634797419337 0.09596206247806549 0
1634797420523 0.12657737731933594 0
1634797421700 0.13547363877296448 0
1634797422861 0.19661453366279602 0
1634797424004 0.23828044533729553 0
1634797425163 0.18648099899291992 0
1634797426302 0.14076407253742218 0
1634797427444 0.1439657360315323 0
1634797429234 0.19352108240127563 0
1634797430397 0.13266496360301971 0
1634797431570 0.0976644828915596 0
1634797432746 0.217168390750885 0
1634797433890 0.21366073191165924 0
1634797435039 0.052104584872722626 0
1634797436184 0.2826932668685913 0
1634797437355 0.1280452311038971 0
1634797438505 0.1486712247133255 0
1634797439653 0.22668085992336273 0
1634797441430 0.07882086932659149 0
1634797442605 0.11608226597309113 0
1634797443746 0.0959092527627945 0
1634797444908 0.1499253362417221 0
1634797446089 0.06066714972257614 0
1634797447257 0.08937248587608337 0
1634797448420 0.14087817072868347 0
1634797449590 0.1544247418642044 0
1634797450767 0.14543858170509338 0
1634797451939 0.10813053697347641 0
1634797453821 0.10953715443611145 0
1634797454994 0.15167056024074554 0
1634797456139 0.11388856172561646 0
1634797457282 0.10617229342460632 0
1634797458425 0.14193269610404968 0
1634797459588 0.12948296964168549 0
1634797460735 0.10996074974536896 0
1634797461884 0.09046290069818497 0
1634797463066 0.13460157811641693 0
1634797464219 0.08322274684906006 0
1634797466025 0.15298722684383392 0
1634797467220 0.22979027032852173 0
1634797468385 0.11880781501531601 0
1634797469556 0.1216723769903183 0
1634797470728 0.07215995341539383 0
1634797471887 0.11149369180202484 0
1634797473076 0.11173872649669647 0
1634797474251 0.12275108695030212 0
1634797475435 0.10808691382408142 0
1634797476613 0.20120111107826233 0
1634797478462 0.12775130569934845 0
1634797479656 0.08696772158145905 0
1634797480821 0.13055376708507538 0
1634797482038 0.14120177924633026 0
1634797483211 0.1191088855266571 0
1634797484369 0.2037714123725891 0
1634797485527 0.10561245679855347 0
1634797486687 0.13499221205711365 0
1634797487859 0.16226865351200104 0
1634797489016 0.08965030312538147 0
1634797490952 0.05249473825097084 0
1634797492145 0.10756967961788177 0
1634797493325 0.09262184798717499 0
1634797494503 0.17840522527694702 0
1634797495698 0.10701736807823181 0
1634797496888 0.0896630808711052 0
1634797498061 0.2023734748363495 0
1634797499206 0.1283644139766693 0
1634797500381 0.10006558895111084 0
1634797501542 0.08965498208999634 0
1634797503377 0.10318280756473541 0
1634797504542 0.06700670719146729 0
1634797505742 0.10375024378299713 0
1634797506911 0.13563497364521027 0
1634797508085 0.11043224483728409 0
1634797509254 0.08290311694145203 0
1634797510431 0.1076953113079071 0
1634797511602 0.06755708903074265 0
1634797512787 0.08727539330720901 0
1634797513963 0.10825937986373901 0
1634797515805 0.12761585414409637 0
1634797516981 0.10085597634315491 0
1634797518121 0.12431758642196655 0
1634797519263 0.18566879630088806 0
1634797520412 0.10293707996606827 0
1634797521557 0.0827396810054779 0
1634797522699 0.09720854461193085 0
1634797523843 0.08684463798999786 0
1634797524998 0.08233900368213654 0
1634797526140 0.08032703399658203 0
1634797527935 0.14861443638801575 0
1634797529109 0.08939875662326813 0
1634797530253 0.06255033612251282 0
1634797531397 0.0943879634141922 0
1634797532556 0.09765174239873886 0
1634797533685 0.051140934228897095 0
1634797534827 0.16449037194252014 0
1634797535969 0.12470777332782745 0
1634797537140 0.09648267179727554 0
1634797538348 0.06627988070249557 0
1634797540262 0.12130855023860931 0
1634797541442 0.14733335375785828 0
1634797542589 0.04223528504371643 0
1634797543740 0.11897517740726471 0
1634797544884 0.13833051919937134 0
1634797546037 0.0579078271985054 0
1634797547207 0.13489505648612976 0
1634797548345 0.0832948386669159 0
1634797549490 0.09600581228733063 0
1634797550639 0.058496445417404175 0
1634797552452 0.07802744209766388 0
1634797553621 0.11381730437278748 0
1634797554763 0.08508939296007156 0
1634797555932 0.07332509011030197 0
1634797557091 0.13192063570022583 0
1634797558264 0.10745640099048615 0
1634797559405 0.1041996106505394 0
1634797560587 0.07346104085445404 0
1634797561754 0.06296969205141068 0
1634797562941 0.07980881631374359 0
1634797564774 0.08259357511997223 0
1634797565973 0.11184653639793396 0
1634797567164 0.0847187340259552 0
1634797568317 0.08108124881982803 0
1634797569494 0.13632579147815704 0
1634797570656 0.05605720728635788 0
1634797571832 0.08063183724880219 0
1634797572974 0.0744907334446907 0
1634797574138 0.055279918015003204 0
1634797575291 0.08053671568632126 0
1634797577130 0.09369473904371262 0
1634797578322 0.09406813979148865 0
1634797579502 0.11040444672107697 0
1634797580651 0.08171152323484421 0
1634797581820 0.06223385035991669 0
1634797582978 0.15616531670093536 0
1634797584128 0.0991349071264267 0
1634797585265 0.12275463342666626 0
1634797586415 0.10490427911281586 0
1634797587568 0.062456317245960236 0
1634797589393 0.06508605182170868 0
1634797590570 0.0780702754855156 0
1634797591742 0.05856887996196747 0
1634797592884 0.1324286162853241 0
1634797594041 0.056933797895908356 0
1634797595205 0.08173695206642151 0
1634797596355 0.12344042956829071 0
1634797597518 0.11802539229393005 0
1634797598676 0.056343596428632736 0
1634797599823 0.06119478493928909 0
1634797601811 0.09014421701431274 0
1634797603049 0.06521914154291153 0
1634797604230 0.0450274720788002 0
1634797605432 0.0735447108745575 0
1634797606697 0.07996505498886108 0
1634797607887 0.07450460642576218 0
1634797609062 0.1063237190246582 0
1634797610253 0.11222335696220398 0
1634797611424 0.058644503355026245 0
1634797612590 0.06794075667858124 0
1634797614402 0.08270429074764252 0
1634797615577 0.09850076586008072 0
1634797616728 0.10265280306339264 0
1634797617873 0.07519599050283432 0
1634797619014 0.07625096291303635 0
1634797620175 0.09297257661819458 0
1634797621332 0.057447999715805054 0
1634797622491 0.09681720286607742 0
1634797623633 0.052478380501270294 0
1634797624776 0.08146316558122635 0
1634797626577 0.07524297386407852 0
1634797627758 0.051273249089717865 0
1634797628901 0.03557179868221283 0
1634797630058 0.0900551974773407 0
1634797631214 0.0611627995967865 0
1634797632358 0.0775778591632843 0
1634797633501 0.08988960832357407 0
1634797634646 0.057324111461639404 0
1634797635787 0.052564870566129684 0
1634797636944 0.1503947377204895 0
1634797638850 0.07546774297952652 0
1634797640069 0.0778777152299881 0
1634797641233 0.11209860444068909 0
1634797642569 0.06446032226085663 0
1634797643850 0.10471649467945099 0
1634797645055 0.08606299012899399 0
1634797646289 0.04944033920764923 0
1634797647467 0.08529753237962723 0
1634797648654 0.05838122218847275 0
1634797649840 0.06350957602262497 0
1634797651701 0.06369836628437042 0
1634797652904 0.05889898166060448 0
1634797654101 0.07570043206214905 0
1634797655289 0.04886581748723984 0
1634797656478 0.08458331227302551 0
1634797657670 0.042849838733673096 0
1634797658872 0.07097483426332474 0
1634797660067 0.04521682858467102 0
1634797661251 0.07781077921390533 0
1634797662425 0.043405238538980484 0
1634797664275 0.06721159815788269 0
1634797665476 0.07653667777776718 0
1634797666674 0.05336301028728485 0
1634797667863 0.12459825724363327 0
1634797669051 0.05934827774763107 0
1634797670240 0.0483432412147522 0
1634797671428 0.06406816840171814 0
1634797672616 0.06825508177280426 0
1634797673804 0.06468360871076584 0
1634797674992 0.08223973214626312 0
1634797677074 0.07187478989362717 0
1634797678263 0.03941253572702408 0
1634797679438 0.07303588092327118 0
1634797680658 0.07536692172288895 0
1634797681841 0.08312249183654785 0
1634797683039 0.06832435727119446 0
1634797684242 0.09942258894443512 0
1634797685419 0.0681745633482933 0
1634797686606 0.08073775470256805 0
1634797687793 0.05534670501947403 0
1634797689655 0.059946320950984955 0
1634797690873 0.0401744470000267 0
1634797692059 0.03967418521642685 0
1634797693256 0.06888774782419205 0
1634797694437 0.036164332181215286 0
1634797695567 0.11573925614356995 0
1634797696769 0.05436721444129944 0
1634797697989 0.04663419723510742 0
1634797699166 0.09227480739355087 0
1634797700340 0.03596256673336029 0
1634797702233 0.06256252527236938 0
1634797703422 0.07214072346687317 0
1634797704564 0.041217412799596786 0
1634797705741 0.05225776880979538 0
1634797706892 0.04637189209461212 0
1634797708111 0.05713397264480591 0
1634797709332 0.0826730728149414 0
1634797710582 0.07838688045740128 0
1634797711878 0.05899858474731445 0
1634797713115 0.061741169542074203 0
1634797715099 0.06279440224170685 0
1634797716364 0.06647363305091858 0
1634797717552 0.07668495178222656 0
1634797718761 0.07104817777872086 0
1634797719951 0.07369460165500641 0
1634797721128 0.0371084064245224 0
1634797722317 0.04107758775353432 0
1634797723493 0.05679643899202347 0
1634797724713 0.052127569913864136 0
1634797725872 0.060995250940322876 0
1634797727889 0.056970708072185516 0
1634797729107 0.06415031850337982 0
1634797730287 0.038666464388370514 0
1634797731478 0.04395898059010506 0
1634797732694 0.03541599586606026 0
1634797733887 0.09384647011756897 0
1634797735094 0.05187360942363739 0
1634797736293 0.03755112737417221 0
1634797737501 0.05739439278841019 0
1634797738740 0.03961971029639244 0
1634797740625 0.04803083464503288 0
1634797741853 0.07397256046533585 0
1634797743064 0.05531112849712372 0
1634797744238 0.0681740939617157 0
1634797745455 0.07863889634609222 0
1634797746650 0.03811362758278847 0
1634797747844 0.04758068174123764 0
1634797749065 0.05209328234195709 0
1634797750282 0.07856088876724243 0
1634797751490 0.06107339262962341 0
1634797753363 0.05433568358421326 0
1634797754569 0.053857266902923584 0
1634797755757 0.03272306174039841 0
1634797756899 0.03648832440376282 0
1634797758039 0.04782559350132942 0
1634797759205 0.057310085743665695 0
1634797760392 0.0440392829477787 0
1634797761571 0.05984808877110481 0
1634797762714 0.048175148665905 0
1634797763868 0.051890481263399124 0
1634797765708 0.05472792312502861 0
1634797766887 0.04042313992977142 0
1634797768046 0.06233382970094681 0
1634797769208 0.028840936720371246 0
1634797770353 0.07671478390693665 0
1634797771512 0.0544995442032814 0
1634797772669 0.049273815006017685 0
1634797773842 0.03204340115189552 0
1634797775012 0.035993557423353195 0
1634797776168 0.04705095663666725 0
1634797778259 0.06503193825483322 0
1634797779415 0.05220606550574303 0
1634797780566 0.054039277136325836 0
1634797781739 0.05976413935422897 0
1634797782942 0.036095768213272095 0
1634797784111 0.06845905631780624 0
1634797785314 0.05109941214323044 0
1634797786494 0.04376246780157089 0
1634797787653 0.06833148747682571 0
1634797788826 0.05492057278752327 0
1634797790638 0.04123349487781525 0
1634797791826 0.02970413863658905 0
1634797792983 0.041299864649772644 0
1634797794159 0.05455333739519119 0
1634797795332 0.05589678883552551 0
1634797796492 0.05422480031847954 0
1634797797665 0.11431872844696045 0
1634797798836 0.02895144373178482 0
1634797800026 0.026039544492959976 0
1634797801183 0.06092521920800209 0
1634797803006 0.04070104658603668 0
1634797804196 0.08653276413679123 0
1634797805369 0.027416598051786423 0
1634797806528 0.053318627178668976 0
1634797807701 0.09947948157787323 0
1634797808873 0.04582184553146362 0
1634797810036 0.08202007412910461 0
1634797811176 0.05793442577123642 0
1634797812350 0.028322771191596985 0
1634797813511 0.07469368726015091 0
1634797815354 0.0680696964263916 0
1634797816511 0.049195148050785065 0
1634797817685 0.02989206463098526 0
1634797818927 0.055457428097724915 0
1634797820131 0.059905044734478 0
1634797821315 0.05648734048008919 0
1634797822491 0.06175396591424942 0
1634797823651 0.09405209124088287 0
1634797824823 0.08718248456716537 0
1634797825982 0.033108122646808624 0
1634797827782 0.08795811980962753 0
1634797828943 0.07378488779067993 0
1634797830086 0.02426156960427761 0
1634797831262 0.05030995234847069 0
1634797832431 0.045620471239089966 0
1634797833643 0.035711824893951416 0
1634797834792 0.04794086515903473 0
1634797835939 0.053305335342884064 0
1634797837109 0.05178690329194069 0
1634797838282 0.09062735736370087 0
1634797840084 0.06627262383699417 0
1634797841287 0.03543240949511528 0
1634797842450 0.028169061988592148 0
1634797843610 0.0376804880797863 0
1634797844779 0.03492938354611397 0
1634797845960 0.031648360192775726 0
1634797847174 0.037955835461616516 0
1634797848363 0.02918914705514908 0
1634797849520 0.05040682107210159 0
1634797850677 0.03899824246764183 0
1634797852528 0.03762581944465637 0
1634797853703 0.06946589052677155 0
1634797854853 0.038530994206666946 0
1634797856016 0.05521188676357269 0
1634797857222 0.04530249163508415 0
1634797858433 0.04115413874387741 0
1634797859605 0.04774194955825806 0
1634797860827 0.03192916885018349 0
1634797862042 0.0523836687207222 0
1634797863203 0.060327157378196716 0
1634797865004 0.06226695701479912 0
1634797866162 0.04760457202792168 0
1634797867314 0.04331645369529724 0
1634797868490 0.037286289036273956 0
1634797869675 0.027632683515548706 0
1634797870842 0.03817051649093628 0
1634797872000 0.036254800856113434 0
1634797873179 0.03328001871705055 0
1634797874343 0.04342091828584671 0
1634797875486 0.052300870418548584 0
1634797877291 0.06069814786314964 0
1634797878461 0.038581281900405884 0
1634797879660 0.03918568044900894 0
1634797880844 0.0386693999171257 0
1634797882041 0.040748462080955505 0
1634797883220 0.045562904328107834 0
1634797884400 0.06672441214323044 0
1634797885608 0.041356466710567474 0
1634797886791 0.04522896558046341 0
1634797887997 0.03865572437644005 0
1634797890206 0.0446738675236702 0
1634797891395 0.03757760673761368 0
1634797892577 0.06417036056518555 0
1634797893770 0.06874512881040573 0
1634797894999 0.023516705259680748 0
1634797896210 0.03046279586851597 0
1634797897386 0.044544097036123276 0
1634797898549 0.04103568196296692 0
1634797899727 0.05026097968220711 0
1634797900923 0.04196159169077873 0
1634797902723 0.02220047637820244 0
1634797903934 0.03038685768842697 0
1634797905096 0.0499148815870285 0
1634797906284 0.06620870530605316 0
1634797907462 0.05218949168920517 0
1634797908620 0.02467278391122818 0
1634797909795 0.02595221810042858 0
1634797910989 0.04488222673535347 0
1634797912176 0.03690731152892113 0
1634797913375 0.04008195549249649 0
1634797915210 0.0192632507532835 0
1634797916435 0.03571593016386032 0
1634797917595 0.03737465292215347 0
1634797918771 0.053380001336336136 0
1634797919910 0.05916058272123337 0
1634797921082 0.02267424389719963 0
1634797922274 0.04605730623006821 0
1634797923443 0.04814303666353226 0
1634797924622 0.050144731998443604 0
1634797925766 0.040835969150066376 0
1634797927624 0.05967303737998009 0
1634797928807 0.03223858028650284 0
1634797929978 0.03264405578374863 0
1634797931145 0.03998841345310211 0
1634797932372 0.03666083142161369 0
1634797933529 0.03282759711146355 0
1634797934694 0.03460792452096939 0
1634797935866 0.032983019948005676 0
1634797937071 0.08216653764247894 0
1634797938265 0.021976199001073837 0
1634797940097 0.035219382494688034 0
1634797941241 0.04595832899212837 0
1634797942446 0.06455712765455246 0
1634797943593 0.045580245554447174 0
1634797944753 0.03165403753519058 0
1634797945911 0.028596583753824234 0
1634797947064 0.04113286733627319 0
1634797948254 0.03350384533405304 0
1634797949454 0.041938867419958115 0
1634797950619 0.02796037122607231 0
1634797952445 0.03931605815887451 0
1634797953654 0.05012299120426178 0
1634797954817 0.02194291353225708 0
1634797955991 0.03707237169146538 0
1634797957172 0.04630928486585617 0
1634797958371 0.026109345257282257 0
1634797959537 0.06366696953773499 0
1634797960676 0.04826478660106659 0
1634797961859 0.02135532721877098 0
1634797963060 0.0270107202231884 0
1634797964913 0.023968199267983437 0
1634797966079 0.026675552129745483 0
1634797967245 0.033770665526390076 0
1634797968465 0.05822863429784775 0
1634797969654 0.027078893035650253 0
1634797970814 0.016886120662093163 0
1634797971996 0.03533137962222099 0
1634797973177 0.05795249342918396 0
1634797974379 0.02464592084288597 0
1634797975530 0.04109490290284157 0
1634797977330 0.03908555954694748 0
1634797978514 0.02289317175745964 0
1634797979741 0.022235684096813202 0
1634797980911 0.07296837121248245 0
1634797982067 0.032168176025152206 0
1634797983222 0.016684062778949738 0
1634797984396 0.05140312761068344 0
1634797985561 0.0758359506726265 0
1634797986704 0.027149971574544907 0
1634797987869 0.06104283034801483 0
1634797989757 0.0478864423930645 0
1634797990926 0.04905179142951965 0
1634797992080 0.02539839595556259 0
1634797993261 0.04454971104860306 0
1634797994469 0.054340019822120667 0
1634797995649 0.021831151098012924 0
1634797996838 0.057776086032390594 0
1634797997987 0.030420251190662384 0
1634797999130 0.047670621424913406 0
1634798000289 0.02726214937865734 0
1634798002089 0.02814815379679203 0
1634798003232 0.03990332782268524 0
1634798004389 0.048288848251104355 0
1634798005550 0.04325149580836296 0
1634798006692 0.039686594158411026 0
1634798007835 0.029974428936839104 0
1634798008977 0.031000711023807526 0
1634798010119 0.01875978894531727 0
1634798011272 0.019751165062189102 0
1634798012413 0.04714920371770859 0
1634798014204 0.05122043192386627 0
1634798015363 0.057285554707050323 0
1634798016509 0.03985169902443886 0
1634798017652 0.05220005288720131 0
1634798018794 0.054795533418655396 0
1634798019938 0.018373984843492508 0
1634798021079 0.04308786988258362 0
1634798022220 0.02509087696671486 0
1634798023378 0.028423644602298737 0
1634798024523 0.054979369044303894 0
1634798026316 0.024354763329029083 0
1634798027471 0.027514096349477768 0
1634798028613 0.021245498210191727 0
1634798029770 0.027831334620714188 0
1634798030913 0.035896074026823044 0
1634798032057 0.02355794981122017 0
1634798033201 0.024695303291082382 0
1634798034343 0.03429952636361122 0
1634798035505 0.029545191675424576 0
1634798036646 0.050486885011196136 0
1634798038886 0.025336146354675293 0
1634798040054 0.03943178057670593 0
1634798041181 0.03502247482538223 0
1634798042325 0.059918276965618134 0
1634798043482 0.030548572540283203 0
1634798044624 0.030403751879930496 0
1634798045767 0.0346866175532341 0
1634798046907 0.03411140292882919 0
1634798048126 0.028401080518960953 0
1634798049296 0.031758375465869904 0
1634798051137 0.023912230506539345 0
1634798052313 0.03935091942548752 0
1634798053558 0.025723541155457497 0
1634798054714 0.03370528668165207 0
1634798055889 0.04857294261455536 0
1634798057074 0.018858246505260468 0
1634798058243 0.024950290098786354 0
1634798059435 0.03540289029479027 0
1634798060625 0.042742300778627396 0
1634798061787 0.02200258895754814 0
1634798063645 0.045107677578926086 0
1634798064834 0.013696573674678802 0
1634798066006 0.02669486030936241 0
1634798067185 0.026995332911610603 0
1634798068353 0.03474551439285278 0
1634798069543 0.058158256113529205 0
1634798070742 0.05235976725816727 0
1634798071926 0.0425499863922596 0
1634798073114 0.02448289655148983 0
1634798074315 0.021257851272821426 0
1634798076135 0.05397623032331467 0
1634798077313 0.025372153148055077 0
1634798078480 0.030674919486045837 0
1634798079644 0.054003313183784485 0
1634798080789 0.03291700780391693 0
1634798081944 0.027297884225845337 0
1634798083101 0.030683990567922592 0
1634798084265 0.02916313335299492 0
1634798085423 0.027613908052444458 0
1634798086565 0.04991896450519562 0
1634798088418 0.03599797189235687 0
1634798089589 0.04075576364994049 0
1634798090731 0.021792910993099213 0
1634798091889 0.023415595293045044 0
1634798093070 0.042141009122133255 0
1634798094275 0.01596147194504738 0
1634798095464 0.030131746083498 0
1634798096620 0.03456360474228859 0
1634798097793 0.02474564127624035 0
1634798098920 0.027601100504398346 0
1634798100721 0.028495201840996742 0
1634798101888 0.03737926110625267 0
1634798103033 0.03980328142642975 0
1634798104189 0.03619864210486412 0
1634798105333 0.021954908967018127 0
1634798106477 0.04345310851931572 0
1634798107623 0.03117007203400135 0
1634798108764 0.018705178052186966 0
1634798109909 0.04212305694818497 0
1634798111051 0.02333122119307518 0
1634798112861 0.020364904776215553 0
1634798114008 0.02816760540008545 0
1634798115178 0.015381284058094025 0
1634798116403 0.05118948966264725 0
1634798117565 0.03250190615653992 0
1634798118710 0.03910163417458534 0
1634798119911 0.027104400098323822 0
1634798121138 0.047477688640356064 0
1634798122374 0.05451258271932602 0
1634798123547 0.0348251610994339 0
1634798125369 0.02497859299182892 0
1634798126542 0.03178786113858223 0
1634798127729 0.03428421914577484 0
1634798128911 0.03436502069234848 0
1634798130082 0.030385766178369522 0
1634798131247 0.03594910353422165 0
1634798132420 0.02748948335647583 0
1634798133593 0.03893384337425232 0
1634798134728 0.036229442805051804 0
1634798135888 0.016636470332741737 0
1634798137722 0.030547771602869034 0
1634798138973 0.02514233998954296 0
1634798140147 0.032976388931274414 0
1634798141292 0.02716359682381153 0
1634798142449 0.03646330535411835 0
1634798143611 0.025913916528224945 0
1634798144770 0.020182596519589424 0
1634798145943 0.02318170852959156 0
1634798147133 0.011709446087479591 0
1634798148310 0.026127424091100693 0
1634798150194 0.016303380951285362 0
1634798151411 0.0121539868414402 0
1634798152593 0.02146223559975624 0
1634798153751 0.01954491250216961 0
1634798154905 0.021247100085020065 0
1634798156032 0.0469377338886261 0
1634798157190 0.030346456915140152 0
1634798158331 0.033366888761520386 0
1634798159492 0.015235664322972298 0
1634798160678 0.02032180316746235 0
1634798162531 0.026608016341924667 0
1634798163731 0.022842664271593094 0
1634798164922 0.043053291738033295 0
1634798166113 0.0418279655277729 0
1634798167343 0.025372950360178947 0
1634798168532 0.034424714744091034 0
1634798169727 0.030787456780672073 0
1634798170924 0.029205631464719772 0
1634798172125 0.01934984140098095 0
1634798173288 0.03899504989385605 0
1634798175137 0.01791083626449108 0
1634798176350 0.02435045689344406 0
1634798177566 0.044075921177864075 0
1634798178763 0.032459504902362823 0
1634798179974 0.035426344722509384 0
1634798181142 0.015931064262986183 0
1634798182349 0.03391050547361374 0
1634798183555 0.015434565022587776 0
1634798184733 0.020633192732930183 0
1634798185911 0.018090324476361275 0
1634798187741 0.009506036527454853 0
1634798188929 0.016824044287204742 0
1634798190121 0.01966790296137333 0
1634798191292 0.03627770394086838 0
1634798192465 0.04054497554898262 0
1634798193625 0.0289013609290123 0
1634798194794 0.03448587283492088 0
1634798195959 0.03450978174805641 0
1634798197126 0.01767962984740734 0
1634798198299 0.025365762412548065 0
1634798200113 0.028177302330732346 0
1634798201286 0.020543625578284264 0
1634798202503 0.018431374803185463 0
1634798203708 0.0160515159368515 0
1634798204873 0.02048773504793644 0
1634798206027 0.02491246536374092 0
1634798207180 0.015601156279444695 0
1634798208378 0.018971510231494904 0
1634798209528 0.014932863414287567 0
1634798210673 0.01910189539194107 0
1634798212481 0.017325185239315033 0
1634798213666 0.020251357927918434 0
1634798214814 0.017196329310536385 0
1634798215965 0.014820124953985214 0
1634798217106 0.027020450681447983 0
1634798218297 0.013623079285025597 0
1634798219449 0.02780584618449211 0
1634798220614 0.022859875112771988 0
1634798221774 0.013577998615801334 0
1634798222949 0.017400745302438736 0
1634798225349 0.02783578634262085 0
1634798226513 0.03085978329181671 0
1634798227654 0.035467714071273804 0
1634798228842 0.029341071844100952 0
1634798229997 0.027569642290472984 0
1634798231156 0.041237667202949524 0
1634798232312 0.01770828664302826 0
1634798233484 0.022702667862176895 0
1634798234637 0.01740826480090618 0
1634798235793 0.01759287156164646 0
1634798237579 0.02448958344757557 0
1634798238747 0.031285129487514496 0
1634798239943 0.02169748768210411 0
1634798241092 0.02157270722091198 0
1634798242248 0.01771991141140461 0
1634798243400 0.014924807474017143 0
1634798244575 0.03019043058156967 0
1634798245735 0.011288896203041077 0
1634798246911 0.018918713554739952 0
1634798248060 0.03290962055325508 0
1634798249874 0.03271954879164696 0
1634798251046 0.01768025942146778 0
1634798252201 0.018658719956874847 0
1634798253341 0.02914234809577465 0
1634798254517 0.025294523686170578 0
1634798255677 0.019902750849723816 0
1634798256837 0.0355646051466465 0
1634798257981 0.018656490370631218 0
1634798259137 0.016327733173966408 0
1634798260333 0.015142951160669327 0
1634798262122 0.01986333727836609 0
1634798263281 0.031419362872838974 0
1634798264442 0.015670815482735634 0
1634798265626 0.015848618000745773 0
1634798266762 0.018012121319770813 0
1634798267923 0.019054850563406944 0
1634798269075 0.02022469788789749 0
1634798270265 0.03357527777552605 0
1634798271434 0.02079850062727928 0
1634798272564 0.02869318053126335 0
1634798274369 0.018302718177437782 0
1634798275577 0.015745799988508224 0
1634798276739 0.02846403792500496 0
1634798277880 0.0377846397459507 0
1634798279044 0.01630835235118866 0
1634798280187 0.011396142654120922 0
1634798281377 0.01913737878203392 0
1634798282529 0.024493670091032982 0
1634798283681 0.013262789696455002 0
1634798284826 0.015283066779375076 0
1634798286684 0.026629582047462463 0
1634798287866 0.020035602152347565 0
1634798289042 0.01842990145087242 0
1634798290217 0.017872288823127747 0
1634798291410 0.0106996800750494 0
1634798292606 0.022529926151037216 0
1634798293772 0.0190287958830595 0
1634798294943 0.015259594656527042 0
1634798296109 0.01998063363134861 0
1634798297254 0.02513841725885868 0
1634798299039 0.013807898387312889 0
1634798300196 0.010122735053300858 0
1634798301339 0.016192615032196045 0
1634798302481 0.015720359981060028 0
1634798303654 0.03152623772621155 0
1634798304791 0.03894605487585068 0
1634798305931 0.01093336846679449 0
1634798307073 0.014396494254469872 0
1634798308230 0.02521328255534172 0
1634798309372 0.016063887625932693 0
1634798311157 0.01456913910806179 0
1634798312319 0.01954159140586853 0
1634798313476 0.015903526917099953 0
1634798314605 0.027674145996570587 0
1634798315762 0.016221553087234497 0
1634798316907 0.018085459247231483 0
1634798318049 0.008416671305894852 0
1634798319191 0.023386415094137192 0
1634798320339 0.018019068986177444 0
1634798321481 0.019004464149475098 0
1634798323257 0.01360982097685337 0
1634798324414 0.016108861193060875 0
1634798325568 0.014350757002830505 0
1634798326714 0.014432353898882866 0
1634798327872 0.012243474833667278 0
1634798329013 0.011688638478517532 0
1634798330159 0.017344899475574493 0
1634798331302 0.018683670088648796 0
1634798332460 0.014613969251513481 0
1634798333604 0.01780020073056221 0
1634798335400 0.02514822781085968 0
1634798336564 0.022706853225827217 0
1634798337706 0.011279751546680927 0
1634798338848 0.01287010032683611 0
1634798339991 0.03065110743045807 0
1634798341139 0.011561116203665733 0
1634798342283 0.012588374316692352 0
1634798343425 0.014756367541849613 0
1634798344582 0.02487652376294136 0
1634798345724 0.009845099411904812 0
1634798347507 0.028024399653077126 0
1634798348681 0.024621738120913506 0
1634798349807 0.008773209527134895 0
1634798350963 0.018631236627697945 0
1634798352112 0.021673599258065224 0
1634798353258 0.01210163813084364 0
1634798354400 0.014380351640284061 0
1634798355542 0.015234928578138351 0
1634798356707 0.02240103855729103 0
1634798357848 0.020333420485258102 0
1634798359629 0.012928511947393417 0
1634798360784 0.017611326649785042 0
1634798361941 0.019706755876541138 0
1634798363083 0.02246047556400299 0
1634798364226 0.013014905154705048 0
1634798365379 0.0074227917939424515 0
1634798366549 0.011427775956690311 0
1634798367729 0.015949536114931107 0
1634798368924 0.02041112259030342 0
1634798370107 0.007376856170594692 0
1634798371952 0.015197975561022758 0
1634798373126 0.012775417417287827 0
1634798374307 0.023296307772397995 0
1634798375484 0.01750202663242817 0
1634798376672 0.009907612577080727 0
1634798377846 0.023297198116779327 0
1634798379034 0.010810676030814648 0
1634798380255 0.009483796544373035 0
1634798381504 0.013179490342736244 0
1634798382700 0.01570099964737892 0
1634798384511 0.012672278098762035 0
1634798385699 0.008963637053966522 0
1634798386892 0.008108828216791153 0
1634798388073 0.020957425236701965 0
1634798389234 0.006339530926197767 0
1634798390413 0.012585099786520004 0
1634798391626 0.014519873075187206 0
1634798392847 0.016615714877843857 0
1634798394033 0.0073171635158360004 0
1634798395200 0.01247997023165226 0
1634798397056 0.008726546540856361 0
1634798398217 0.01611282117664814 0
1634798399401 0.012801679782569408 0
1634798400616 0.006692428141832352 0
1634798401828 0.008535140193998814 0
1634798402982 0.010321194306015968 0
1634798404164 0.011287404224276543 0
1634798405364 0.014390665106475353 0
1634798406616 0.01872718334197998 0
1634798407813 0.008147675544023514 0
1634798409666 0.014964479953050613 0
1634798410850 0.010658299550414085 0
1634798412061 0.009782873094081879 0
1634798413241 0.009744388051331043 0
1634798414436 0.01082172617316246 0
1634798415599 0.013340553268790245 0
1634798416774 0.010214810259640217 0
1634798417951 0.020090244710445404 0
1634798419114 0.005782404914498329 0
1634798420275 0.011483540758490562 0
1634798422104 0.013778465799987316 0
1634798423301 0.018938295543193817 0
1634798424483 0.00783047080039978 0
1634798425658 0.015424991026520729 0
1634798426826 0.01170292031019926 0
1634798428016 0.006298743188381195 0
1634798429165 0.008697016164660454 0
1634798430345 0.013275424018502235 0
1634798431560 0.00975161325186491 0
1634798432791 0.0056657949462533 0
1634798434615 0.009077783674001694 0
1634798435784 0.01631074585020542 0
1634798436942 0.012722625397145748 0
1634798438118 0.01628042384982109 0
1634798439312 0.012959280982613564 0
1634798440482 0.008874854072928429 0
1634798441685 0.006393585354089737 0
1634798442874 0.019051291048526764 0
1634798444073 0.010527394711971283 0
1634798445235 0.014902274124324322 0
1634798447829 0.01234949566423893 0
1634798449036 0.013013791292905807 0
1634798450213 0.009057949297130108 0
1634798451393 0.00692562572658062 0
1634798452585 0.017132796347141266 0
1634798453822 0.016416175290942192 0
1634798455013 0.0064665814861655235 0
1634798456185 0.006656837183982134 0
1634798457350 0.0065942443907260895 0
1634798458519 0.007835214026272297 0
1634798460334 0.00777806993573904 0
1634798461492 0.008021280169487 0
1634798462646 0.004810819867998362 0
1634798463816 0.004338639322668314 0
1634798464978 0.013126474805176258 0
1634798466123 0.012177061289548874 0
1634798467283 0.010043701156973839 0
1634798468431 0.0057026660069823265 0
1634798469645 0.012231923639774323 0
1634798470793 0.010580652393400669 0
1634798472570 0.006902599707245827 0
1634798473743 0.00708955992013216 0
1634798474918 0.00471448851749301 0
1634798476089 0.011758342385292053 0
1634798477264 0.00590126495808363 0
1634798478449 0.007470401003956795 0
1634798479638 0.004762445576488972 0
1634798480849 0.00868138112127781 0
1634798482064 0.010606706142425537 0
1634798483274 0.01799258403480053 0
1634798485117 0.005933856125921011 0
1634798486310 0.008095287717878819 0
1634798487492 0.004398534074425697 0
1634798488691 0.008081164211034775 0
1634798489885 0.00783618912100792 0
1634798491105 0.005596386268734932 0
1634798492286 0.005189515650272369 0
1634798493441 0.006809708662331104 0
1634798494615 0.005074341781437397 0
1634798495808 0.009842809289693832 0
1634798497632 0.005836270283907652 0
1634798498817 0.008905322290956974 0
1634798500000 0.008410495705902576 0
1634798501179 0.005820279009640217 0
1634798502350 0.0043855952098965645 0
1634798503526 0.0042616454884409904 0
1634798504682 0.009823475033044815 0
1634798505882 0.005837208591401577 0
1634798507065 0.006176745053380728 0
1634798508244 0.012044677510857582 0
1634798510079 0.005697759333997965 0
1634798511305 0.009680066257715225 0
1634798512508 0.0037499330937862396 0
1634798513682 0.003969546873122454 0
1634798514879 0.007117618340998888 0
1634798516077 0.00596625218167901 0
1634798517261 0.0059433928690850735 0
1634798518417 0.006178097799420357 0
1634798519609 0.004291785880923271 0
1634798520809 0.0029302164912223816 0
1634798522709 0.007927577942609787 0
1634798523904 0.005041799508035183 0
1634798525074 0.008655259385704994 0
1634798526252 0.004526281263679266 0
1634798527459 0.003301593940705061 0
1634798528659 0.005153070669621229 0
1634798529833 0.0044668675400316715 0
1634798531027 0.004714152310043573 0
1634798532238 0.006474395748227835 0
1634798533442 0.008039869368076324 0
1634798535274 0.008100401610136032 0
1634798536471 0.003983149304986 0
1634798537676 0.006077080499380827 0
1634798538852 0.005282821133732796 0
1634798540015 0.005216524936258793 0
1634798541156 0.006318783387541771 0
1634798542333 0.004761758726090193 0
1634798543501 0.004008580930531025 0
1634798544658 0.00467982143163681 0
1634798545802 0.005069558508694172 0
1634798547635 0.0032765499781817198 0
1634798548814 0.0035145003348588943 0
1634798549968 0.004517707042396069 0
1634798551171 0.006926588248461485 0
1634798552378 0.0033891433849930763 0
1634798553587 0.005840767174959183 0
1634798554801 0.0029695420525968075 0
1634798555995 0.003732491284608841 0
1634798557178 0.0035179369151592255 0
1634798558409 0.004182050470262766 0
1634798560295 0.0032023212406784296 0
1634798561516 0.0033127469941973686 0
1634798562686 0.0032294217962771654 0
1634798563892 0.0040442547760903835 0
1634798565053 0.004685086198151112 0
1634798566233 0.0034793964587152004 0
1634798567411 0.0019012921256944537 0
1634798568614 0.0033235009759664536 0
1634798569781 0.002673730254173279 0
1634798570922 0.0021795951761305332 0
1634798572720 0.00397821981459856 0
1634798573925 0.0021399776451289654 0
1634798575084 0.0017621803563088179 0
1634798576235 0.0019155261106789112 0
1634798577376 0.003866909071803093 0
1634798578535 0.002958315657451749 0
1634798579719 0.0031973551958799362 0
1634798580874 0.0022863224148750305 0
1634798582015 0.0020036762580275536 0
1634798583171 0.0017568102339282632 0
1634798584994 0.00115432299207896 0
1634798586156 0.002955011557787657 0
1634798587297 0.0018333159387111664 0
1634798588455 0.002019277075305581 0
1634798589644 0.0035266284830868244 0
1634798590781 0.0017007351852953434 0
1634798591926 0.0018539115553721786 0
1634798593102 0.002081143669784069 0
1634798594265 0.0012961040483787656 0
1634798595476 0.0017060915706679225 0
1634798597268 0.001672254758886993 0
1634798598452 0.0019357227720320225 0
1634798599635 0.0016450462862849236 0
1634798600832 0.0008229250088334084 0
1634798602006 0.001022587064653635 0
1634798603177 0.0008625371265225112 0
1634798604342 0.001220750855281949 0
1634798605533 0.0016605231212452054 0
1634798606682 0.0008184091420844197 0
