1634797364685 7.787001609802246 0
1634797366518 2.9543960094451904 0
1634797367658 3.233091354370117 0
1634797368816 3.788936138153076 0
1634797369957 3.0877928733825684 0
1634797371089 3.3098597526550293 0
1634797372234 4.058734893798828 0
1634797373395 2.3085479736328125 0
1634797374588 2.764108419418335 0
1634797375766 2.143885612487793 0
1634797376943 2.1750354766845703 0
1634797378867 2.220736503601074 0
1634797380067 1.9708125591278076 0
1634797381260 2.817808151245117 0
1634797382455 1.870226263999939 0
1634797383636 1.93939208984375 0
1634797384850 2.1588027477264404 0
1634797386034 2.2987513542175293 0
1634797387183 1.9663108587265015 0
1634797388337 2.2312264442443848 0
1634797389522 1.7829668521881104 0
1634797391405 1.806142807006836 0
1634797392637 1.6592495441436768 0
1634797393804 1.583834171295166 0
1634797394963 1.4879913330078125 0
1634797396271 1.7683937549591064 0
1634797397672 1.2848938703536987 0
1634797398897 1.5017518997192383 0
1634797400124 1.8754847049713135 0
1634797401349 1.3844722509384155 0
1634797402586 1.682013750076294 0
1634797404461 1.6495774984359741 0
1634797405687 1.3208179473876953 0
1634797406904 1.2552177906036377 0
1634797408105 1.4421577453613281 0
1634797409266 1.2293545007705688 0
1634797410454 1.3289053440093994 0
1634797411624 1.4088512659072876 0
1634797412782 1.547563076019287 0
1634797413953 1.4015167951583862 0
1634797415125 1.5714784860610962 0
1634797416993 1.20316743850708 0
1634797418153 1.2593456506729126 0
1634797419321 1.3419233560562134 0
1634797420514 1.1652181148529053 0
1634797421692 1.246120810508728 0
1634797422861 1.3431994915008545 0
1634797424004 1.4738755226135254 0
1634797425147 1.2558484077453613 0
1634797426286 1.1474665403366089 0
1634797427428 1.1276379823684692 0
1634797429218 1.1998322010040283 0
1634797430397 1.2351915836334229 0
1634797431561 1.0519689321517944 0
1634797432737 1.3271896839141846 0
1634797433890 1.2331076860427856 0
1634797435039 0.9252333641052246 0
1634797436184 1.394232153892517 0
1634797437340 1.0668699741363525 0
1634797438489 1.152443766593933 0
1634797439637 1.314847707748413 0
1634797441430 1.059537410736084 0
1634797442589 1.0962834358215332 0
1634797443731 1.039272665977478 0
1634797444899 1.2107858657836914 0
1634797446081 1.0195202827453613 0
1634797447248 1.0104964971542358 0
1634797448411 1.10939621925354 0
1634797449586 1.2031245231628418 0
1634797450758 1.1667877435684204 0
1634797451923 1.0659986734390259 0
1634797453805 1.0592061281204224 0
1634797454978 1.0418596267700195 0
1634797456123 0.9976735711097717 0
1634797457282 1.011667013168335 0
1634797458425 1.1510637998580933 0
1634797459572 1.0599366426467896 0
1634797460719 1.1241490840911865 0
1634797461875 1.0461997985839844 0
1634797463057 1.0513006448745728 0
1634797464219 0.9125035405158997 0
1634797466025 1.0786077976226807 0
1634797467201 1.300185203552246 0
1634797468376 1.059209942817688 0
1634797469540 0.9785411357879639 0
1634797470719 1.0222574472427368 0
1634797471871 1.0244154930114746 0
1634797473066 0.9197730422019958 0
1634797474242 1.0118294954299927 0
1634797475426 0.9735730886459351 0
1634797476604 1.2090106010437012 0
1634797478453 1.0150138139724731 0
1634797479647 0.8528859615325928 0
1634797480805 1.019228458404541 0
1634797482023 1.0616929531097412 0
1634797483195 1.201399803161621 0
1634797484353 1.1708757877349854 0
1634797485511 0.9982823133468628 0
1634797486687 1.0404658317565918 0
1634797487843 1.0434309244155884 0
1634797489016 0.9288359880447388 0
1634797490943 0.8239182233810425 0
1634797492136 1.0180127620697021 0
1634797493324 0.8530428409576416 0
1634797494501 1.0710010528564453 0
1634797495682 1.0417851209640503 0
1634797496888 0.8976088762283325 0
1634797498045 1.2410727739334106 0
1634797499206 1.0038785934448242 0
1634797500366 0.9102570414543152 0
1634797501526 0.9377832412719727 0
1634797503361 0.9631787538528442 0
1634797504542 0.952824592590332 0
1634797505733 0.9250426292419434 0
1634797506902 0.9964712262153625 0
1634797508077 0.9888613224029541 0
1634797509246 0.9681841135025024 0
1634797510422 1.0357176065444946 0
1634797511593 0.9853237867355347 0
1634797512778 0.8834373950958252 0
1634797513954 1.0742650032043457 0
1634797515790 0.9969884157180786 0
1634797516965 0.9102693796157837 0
1634797518106 1.073570728302002 0
1634797519263 1.121858835220337 0
1634797520397 0.9633041024208069 0
1634797521541 0.8982312679290771 0
1634797522683 0.8582941889762878 0
1634797523843 0.8629497289657593 0
1634797524982 0.91530841588974 0
1634797526124 0.863862156867981 0
1634797527919 0.9652184247970581 0
1634797529109 0.9428144693374634 0
1634797530253 0.7954616546630859 0
1634797531397 0.86165851354599 0
1634797532541 0.880131721496582 0
1634797533685 0.8520851135253906 0
1634797534827 1.0705153942108154 0
1634797535969 0.969199001789093 0
1634797537125 0.961772620677948 0
1634797538348 0.7937294244766235 0
1634797540252 0.998568594455719 0
1634797541437 1.0167187452316284 0
1634797542589 0.8980828523635864 0
1634797543740 1.0183446407318115 0
1634797544884 1.0096540451049805 0
1634797546037 0.7787544131278992 0
1634797547191 0.9995839595794678 0
1634797548345 0.8492478132247925 0
1634797549490 0.9821437001228333 0
1634797550639 0.8185774087905884 0
1634797552443 0.866188645362854 0
1634797553605 0.9299051761627197 0
1634797554763 0.8671697974205017 0
1634797555923 0.8462037444114685 0
1634797557082 0.9769142270088196 0
1634797558255 0.9602339863777161 0
1634797559390 0.8961557149887085 0
1634797560578 0.8761899471282959 0
1634797561754 0.7795813083648682 0
1634797562937 0.9295063018798828 0
1634797564774 0.8964322805404663 0
1634797565958 0.9722123146057129 0
1634797567149 0.9044013023376465 0
1634797568302 0.866754412651062 0
1634797569478 0.9569235444068909 0
1634797570641 0.8691317439079285 0
1634797571816 0.9010530710220337 0
1634797572974 0.8032791018486023 0
1634797574127 0.8000759482383728 0
1634797575291 0.8412522673606873 0
1634797577129 0.8541426658630371 0
1634797578322 0.9204814434051514 0
1634797579485 0.8847857713699341 0
1634797580651 0.855153501033783 0
1634797581820 0.783369779586792 0
1634797582962 0.997299313545227 0
1634797584112 0.9010885953903198 0
1634797585265 0.9681831002235413 0
1634797586415 0.8927298188209534 0
1634797587552 0.8187432885169983 0
1634797589393 0.7614675164222717 0
1634797590554 0.9358838796615601 0
1634797591726 0.7945315837860107 0
1634797592884 0.9667477607727051 0
1634797594041 0.8067907691001892 0
1634797595205 0.8497740030288696 0
1634797596355 0.9375160336494446 0
1634797597502 0.9240628480911255 0
1634797598660 0.8532671332359314 0
1634797599808 0.8216901421546936 0
1634797601795 0.8610223531723022 0
1634797603040 0.8334841132164001 0
1634797604220 0.8064298629760742 0
1634797605417 0.7961175441741943 0
1634797606688 0.7917275428771973 0
1634797607871 0.9426696300506592 0
1634797609046 0.8747875094413757 0
1634797610243 0.8902422189712524 0
1634797611408 0.8575417995452881 0
1634797612590 0.8006027340888977 0
1634797614387 0.9352967143058777 0
1634797615562 0.8643785715103149 0
1634797616712 0.9512163400650024 0
1634797617873 0.8355545401573181 0
1634797619014 0.8311504125595093 0
1634797620175 0.8539919257164001 0
1634797621317 0.7743637561798096 0
1634797622475 0.865876317024231 0
1634797623617 0.7494293451309204 0
1634797624776 0.8253375291824341 0
1634797626577 0.8289464712142944 0
1634797627758 0.7406417727470398 0
1634797628901 0.6959754228591919 0
1634797630058 0.8739523887634277 0
1634797631198 0.7635159492492676 0
1634797632343 0.801153302192688 0
1634797633486 0.8551188111305237 0
1634797634646 0.7433100342750549 0
1634797635787 0.7516313195228577 0
1634797636929 0.9856171011924744 0
1634797638835 0.836823046207428 0
1634797640069 0.7965499758720398 0
1634797641217 0.8438211679458618 0
1634797642554 0.7914973497390747 0
1634797643835 0.8740594387054443 0
1634797645055 0.8288382887840271 0
1634797646273 0.7651968598365784 0
1634797647451 0.828975260257721 0
1634797648638 0.8024938702583313 0
1634797649840 0.7887709736824036 0
1634797651685 0.8537018895149231 0
1634797652904 0.7672163844108582 0
1634797654101 0.8893810510635376 0
1634797655289 0.8124091625213623 0
1634797656462 0.8645749092102051 0
1634797657670 0.7343503832817078 0
1634797658857 0.81268709897995 0
1634797660051 0.9070234298706055 0
1634797661236 0.8030537962913513 0
1634797662410 0.8036432862281799 0
1634797664275 0.7985459566116333 0
1634797665460 0.8191442489624023 0
1634797666658 0.7549475431442261 0
1634797667863 0.9337552785873413 0
1634797669051 0.771108090877533 0
1634797670240 0.6989432573318481 0
1634797671412 0.7849181890487671 0
1634797672616 0.8259685039520264 0
1634797673804 0.7752341628074646 0
1634797674992 0.8108319640159607 0
1634797677074 0.7877454161643982 0
1634797678263 0.6819770932197571 0
1634797679438 0.7881719470024109 0
1634797680642 0.8167553544044495 0
1634797681841 0.809286892414093 0
1634797683023 0.808366060256958 0
1634797684242 0.8468366861343384 0
1634797685419 0.8294450640678406 0
1634797686591 0.868401050567627 0
1634797687793 0.7816035747528076 0
1634797689640 0.8159695267677307 0
1634797690873 0.6832532286643982 0
1634797692059 0.7232007384300232 0
1634797693240 0.7909926772117615 0
1634797694421 0.671069860458374 0
1634797695567 0.8746858835220337 0
1634797696769 0.8064020872116089 0
1634797697989 0.7564622759819031 0
1634797699150 0.820801317691803 0
1634797700340 0.6832830905914307 0
1634797702233 0.7162127494812012 0
1634797703422 0.7984218597412109 0
1634797704564 0.6764661073684692 0
1634797705726 0.764512300491333 0
1634797706892 0.7175130844116211 0
1634797708103 0.7856951355934143 0
1634797709332 0.8275352716445923 0
1634797710566 0.7995446920394897 0
1634797711878 0.7523938417434692 0
1634797713099 0.8277775645256042 0
1634797715083 0.7435186505317688 0
1634797716348 0.779452919960022 0
1634797717537 0.8217957019805908 0
1634797718746 0.7823241353034973 0
1634797719935 0.8281373977661133 0
1634797721112 0.8057874441146851 0
1634797722302 0.7440707683563232 0
1634797723478 0.7753176093101501 0
1634797724698 0.7965183258056641 0
1634797725872 0.7797200679779053 0
1634797727889 0.7598481774330139 0
1634797729092 0.7679679989814758 0
1634797730272 0.77114337682724 0
1634797731462 0.7483976483345032 0
1634797732685 0.6598207354545593 0
1634797733887 0.8033894300460815 0
1634797735085 0.7488749027252197 0
1634797736293 0.737962007522583 0
1634797737501 0.7511078715324402 0
1634797738724 0.7173663377761841 0
1634797740609 0.793891966342926 0
1634797741838 0.8237671256065369 0
1634797743048 0.7312857508659363 0
1634797744238 0.7699638605117798 0
1634797745439 0.797782301902771 0
1634797746635 0.7208433747291565 0
1634797747844 0.7630718350410461 0
1634797749056 0.7310033440589905 0
1634797750282 0.8334748148918152 0
1634797751490 0.7908077239990234 0
1634797753363 0.7569242715835571 0
1634797754569 0.7470927834510803 0
1634797755741 0.7007470726966858 0
1634797756899 0.7218252420425415 0
1634797758039 0.7274275422096252 0
1634797759185 0.7449769973754883 0
1634797760376 0.745830774307251 0
1634797761556 0.7381206750869751 0
1634797762714 0.7520982623100281 0
1634797763868 0.7576731443405151 0
1634797765708 0.7700619101524353 0
1634797766887 0.7172772884368896 0
1634797768046 0.8018807172775269 0
1634797769208 0.7282931208610535 0
1634797770353 0.8169596195220947 0
1634797771496 0.7673868536949158 0
1634797772669 0.710124135017395 0
1634797773842 0.7221429347991943 0
1634797774996 0.7032181024551392 0
1634797776168 0.7338352203369141 0
1634797778244 0.804192066192627 0
1634797779415 0.7151285409927368 0
1634797780566 0.757430911064148 0
1634797781724 0.7388960123062134 0
1634797782926 0.7242288589477539 0
1634797784095 0.7534942626953125 0
1634797785298 0.7186949253082275 0
1634797786479 0.7507548928260803 0
1634797787653 0.8206901550292969 0
1634797788826 0.7448209524154663 0
1634797790638 0.674701988697052 0
1634797791826 0.7265415787696838 0
1634797792983 0.7599360346794128 0
1634797794143 0.7541573643684387 0
1634797795317 0.7745095491409302 0
1634797796476 0.7604308724403381 0
1634797797649 0.816785454750061 0
1634797798821 0.6319383978843689 0
1634797800010 0.632401704788208 0
1634797801183 0.7908828854560852 0
1634797803006 0.6876571178436279 0
1634797804196 0.8215435743331909 0
1634797805353 0.6402904391288757 0
1634797806512 0.7374972105026245 0
1634797807685 0.8702061772346497 0
1634797808873 0.7100850939750671 0
1634797810020 0.7909954786300659 0
1634797811176 0.7629317045211792 0
1634797812350 0.7110576033592224 0
1634797813511 0.7630652189254761 0
1634797815339 0.7312792539596558 0
1634797816511 0.7474518418312073 0
1634797817667 0.6842620372772217 0
1634797818911 0.7509254813194275 0
1634797820116 0.7601169347763062 0
1634797821300 0.7367070317268372 0
1634797822475 0.7312971949577332 0
1634797823636 0.8045259118080139 0
1634797824823 0.7899309396743774 0
1634797825982 0.6521056294441223 0
1634797827782 0.8149036169052124 0
1634797828928 0.7634925246238708 0
1634797830086 0.719007134437561 0
1634797831246 0.7202426791191101 0
1634797832431 0.7055834531784058 0
1634797833634 0.6870516538619995 0
1634797834792 0.705113410949707 0
1634797835939 0.7184730172157288 0
1634797837093 0.8266427516937256 0
1634797838266 0.7905091047286987 0
1634797840084 0.7813358306884766 0
1634797841278 0.7035605311393738 0
1634797842450 0.6329566240310669 0
1634797843610 0.6912930607795715 0
1634797844779 0.6973434090614319 0
1634797845944 0.6871012449264526 0
1634797847174 0.6933566927909851 0
1634797848347 0.665996253490448 0
1634797849520 0.7232816219329834 0
1634797850677 0.701668381690979 0
1634797852513 0.727931022644043 0
1634797853688 0.7413042783737183 0
1634797854853 0.7466536164283752 0
1634797856001 0.7748197317123413 0
1634797857214 0.6999325752258301 0
1634797858424 0.6861496567726135 0
1634797859596 0.7306265830993652 0
1634797860818 0.6442810893058777 0
1634797862033 0.7050148248672485 0
1634797863203 0.7558044195175171 0
1634797865004 0.7331817746162415 0
1634797866147 0.7035537958145142 0
1634797867298 0.6968027353286743 0
1634797868481 0.7085223197937012 0
1634797869667 0.6725732088088989 0
1634797870826 0.6487241983413696 0
1634797871985 0.7181453704833984 0
1634797873170 0.6653668880462646 0
1634797874327 0.6869503855705261 0
1634797875470 0.7190951108932495 0
1634797877275 0.7336831092834473 0
1634797878446 0.7275803089141846 0
1634797879645 0.7002083659172058 0
1634797880844 0.6936338543891907 0
1634797882032 0.682679295539856 0
1634797883204 0.6937436461448669 0
1634797884391 0.7619442939758301 0
1634797885599 0.7020608186721802 0
1634797886791 0.7050087451934814 0
1634797887988 0.7742906808853149 0
1634797890190 0.7369820475578308 0
1634797891386 0.6784191727638245 0
1634797892577 0.7368754148483276 0
1634797893770 0.7546824216842651 0
1634797894983 0.6222028136253357 0
1634797896201 0.7128093838691711 0
1634797897370 0.6836748123168945 0
1634797898540 0.7031410932540894 0
1634797899712 0.7079278826713562 0
1634797900923 0.690360426902771 0
1634797902723 0.6163638234138489 0
1634797903925 0.6398184299468994 0
1634797905091 0.6983820199966431 0
1634797906275 0.7414454817771912 0
1634797907445 0.7552291750907898 0
1634797908604 0.7019971013069153 0
1634797909786 0.6552303433418274 0
1634797910981 0.7099852561950684 0
1634797912176 0.6681656837463379 0
1634797913366 0.7059378623962402 0
1634797915195 0.605772852897644 0
1634797916420 0.6987060904502869 0
1634797917579 0.6920254230499268 0
1634797918762 0.699587345123291 0
1634797919910 0.7243922352790833 0
1634797921073 0.5964972376823425 0
1634797922265 0.7082837820053101 0
1634797923427 0.7301430702209473 0
1634797924622 0.7400336861610413 0
1634797925766 0.6855636835098267 0
1634797927609 0.7145291566848755 0
1634797928799 0.6465485692024231 0
1634797929969 0.6306033730506897 0
1634797931145 0.7186179757118225 0
1634797932363 0.6915510296821594 0
1634797933529 0.6830289363861084 0
1634797934686 0.6673797965049744 0
1634797935857 0.6498380899429321 0
1634797937062 0.8046544790267944 0
1634797938244 0.6335506439208984 0
1634797940088 0.6671345829963684 0
1634797941241 0.7239459156990051 0
1634797942426 0.7278527617454529 0
1634797943593 0.694277822971344 0
1634797944737 0.628014862537384 0
1634797945911 0.6754504442214966 0
1634797947064 0.6827685236930847 0
1634797948254 0.6327337026596069 0
1634797949429 0.6762484908103943 0
1634797950603 0.6710863709449768 0
1634797952426 0.7300288677215576 0
1634797953645 0.7287490367889404 0
1634797954796 0.6232834458351135 0
1634797955975 0.6652259826660156 0
1634797957164 0.7137508988380432 0
1634797958362 0.6823318004608154 0
1634797959529 0.724053144454956 0
1634797960676 0.6917704939842224 0
1634797961844 0.6459653973579407 0
1634797963051 0.6500319838523865 0
1634797964911 0.7375178933143616 0
1634797966079 0.6366739273071289 0
1634797967245 0.6891241669654846 0
1634797968456 0.7139967679977417 0
1634797969645 0.6370354294776917 0
1634797970814 0.6339482665061951 0
1634797971996 0.7049081921577454 0
1634797973162 0.7301957607269287 0
1634797974363 0.6458358764648438 0
1634797975528 0.6925637722015381 0
1634797977330 0.6603213548660278 0
1634797978505 0.6449648141860962 0
1634797979732 0.6534504890441895 0
1634797980895 0.7533666491508484 0
1634797982051 0.6680153012275696 0
1634797983222 0.6412662863731384 0
1634797984396 0.6792824268341064 0
1634797985552 0.749801516532898 0
1634797986704 0.6782611012458801 0
1634797987860 0.7435734272003174 0
1634797989748 0.6960041522979736 0
1634797990904 0.6952216625213623 0
1634797992080 0.7077548503875732 0
1634797993261 0.6851967573165894 0
1634797994461 0.6895101070404053 0
1634797995640 0.6577476263046265 0
1634797996829 0.7058857679367065 0
1634797997971 0.6728641986846924 0
1634797999130 0.6715284585952759 0
1634798000273 0.6607129573822021 0
1634798002073 0.6556406021118164 0
1634798003232 0.6895202994346619 0
1634798004373 0.7024215459823608 0
1634798005535 0.7099722027778625 0
1634798006676 0.675269365310669 0
1634798007820 0.6505822539329529 0
1634798008977 0.6508066654205322 0
1634798010119 0.6444995403289795 0
1634798011272 0.6776111125946045 0
1634798012413 0.7191125154495239 0
1634798014204 0.7072253823280334 0
1634798015347 0.7110357880592346 0
1634798016494 0.686801552772522 0
1634798017637 0.7114095687866211 0
1634798018778 0.7206571102142334 0
1634798019923 0.6141534447669983 0
1634798021079 0.6959666013717651 0
1634798022220 0.6424709558486938 0
1634798023378 0.6482771635055542 0
1634798024507 0.709633469581604 0
1634798026316 0.6794685125350952 0
1634798027471 0.647060751914978 0
1634798028613 0.6364819407463074 0
1634798029755 0.6463609337806702 0
1634798030898 0.684058666229248 0
1634798032041 0.6046368479728699 0
1634798033185 0.6475260257720947 0
1634798034343 0.6522930860519409 0
1634798035505 0.6491565704345703 0
1634798036631 0.6931666731834412 0
1634798038886 0.6341090202331543 0
1634798040038 0.6600037813186646 0
1634798041181 0.6558558940887451 0
1634798042325 0.7089574933052063 0
1634798043466 0.6383396983146667 0
1634798044608 0.6570490598678589 0
1634798045751 0.6624407768249512 0
1634798046892 0.6896557807922363 0
1634798048117 0.6789771318435669 0
1634798049296 0.6569729447364807 0
1634798051128 0.6184514164924622 0
1634798052310 0.6676009893417358 0
1634798053549 0.6376988291740417 0
1634798054714 0.6443648338317871 0
1634798055889 0.6804665327072144 0
1634798057065 0.6327559947967529 0
1634798058243 0.6376493573188782 0
1634798059419 0.6613969802856445 0
1634798060617 0.6796579957008362 0
1634798061778 0.601021409034729 0
1634798063636 0.6832457780838013 0
1634798064827 0.5502397418022156 0
1634798065990 0.6433326601982117 0
1634798067161 0.6469789147377014 0
1634798068343 0.6709449291229248 0
1634798069543 0.7155830264091492 0
1634798070726 0.6923194527626038 0
1634798071917 0.6748474836349487 0
1634798073108 0.6334599256515503 0
1634798074313 0.6600705981254578 0
1634798076115 0.6835565567016602 0
1634798077304 0.6647332906723022 0
1634798078480 0.644250214099884 0
1634798079644 0.6735351085662842 0
1634798080789 0.6328651905059814 0
1634798081929 0.6325665712356567 0
1634798083086 0.6651009917259216 0
1634798084249 0.6566872000694275 0
1634798085408 0.6459759473800659 0
1634798086565 0.6967366337776184 0
1634798088409 0.6916793584823608 0
1634798089589 0.6573517322540283 0
1634798090731 0.6220006942749023 0
1634798091874 0.5926377773284912 0
1634798093060 0.6600876450538635 0
1634798094266 0.5664079785346985 0
1634798095455 0.609998881816864 0
1634798096620 0.6463460922241211 0
1634798097777 0.6601780652999878 0
1634798098920 0.6240931749343872 0
1634798100721 0.630384624004364 0
1634798101872 0.6490476131439209 0
1634798103018 0.6730730533599854 0
1634798104174 0.6406376957893372 0
1634798105317 0.6335163116455078 0
1634798106461 0.6916607618331909 0
1634798107607 0.6337748169898987 0
1634798108749 0.5935128927230835 0
1634798109894 0.6751281023025513 0
1634798111051 0.5915353298187256 0
1634798112845 0.6186139583587646 0
1634798114008 0.635301947593689 0
1634798115170 0.6082077026367188 0
1634798116394 0.6666320562362671 0
1634798117557 0.6469466686248779 0
1634798118695 0.6538774371147156 0
1634798119895 0.660214900970459 0
1634798121128 0.6567516326904297 0
1634798122374 0.6838675141334534 0
1634798123547 0.6666094660758972 0
1634798125353 0.6467623114585876 0
1634798126526 0.6557003259658813 0
1634798127720 0.6312747597694397 0
1634798128894 0.6589837074279785 0
1634798130072 0.6270694732666016 0
1634798131231 0.6389589309692383 0
1634798132404 0.6254963278770447 0
1634798133584 0.6665307283401489 0
1634798134728 0.6524925231933594 0
1634798135872 0.6283618807792664 0
1634798137722 0.6516884565353394 0
1634798138958 0.6248549818992615 0
1634798140132 0.6497923135757446 0
1634798141276 0.6381478309631348 0
1634798142434 0.6384631395339966 0
1634798143595 0.6354193687438965 0
1634798144770 0.6403881311416626 0
1634798145928 0.6628472805023193 0
1634798147118 0.5643028020858765 0
1634798148295 0.6149309277534485 0
1634798150194 0.5832414627075195 0
1634798151411 0.6022520065307617 0
1634798152578 0.6329087615013123 0
1634798153751 0.6259647011756897 0
1634798154889 0.6031191349029541 0
1634798156032 0.6713927984237671 0
1634798157190 0.6222455501556396 0
1634798158331 0.6506415605545044 0
1634798159476 0.6038151383399963 0
1634798160662 0.599562406539917 0
1634798162523 0.6272768974304199 0
1634798163724 0.6109588742256165 0
1634798164912 0.6706342101097107 0
1634798166113 0.6473045349121094 0
1634798167316 0.632721483707428 0
1634798168532 0.6437773108482361 0
1634798169718 0.6236163377761841 0
1634798170915 0.6494231224060059 0
1634798172117 0.5808522701263428 0
1634798173272 0.6530807018280029 0
1634798175128 0.6311836838722229 0
1634798176341 0.622687041759491 0
1634798177556 0.6369755268096924 0
1634798178754 0.6526483297348022 0
1634798179965 0.6611517071723938 0
1634798181133 0.6085116267204285 0
1634798182340 0.6232302784919739 0
1634798183546 0.6147152185440063 0
1634798184724 0.6255607008934021 0
1634798185902 0.6173551678657532 0
1634798187732 0.5649954676628113 0
1634798188921 0.6159349679946899 0
1634798190112 0.6140351295471191 0
1634798191292 0.6492334008216858 0
1634798192462 0.6678658723831177 0
1634798193616 0.6316152215003967 0
1634798194778 0.6362594962120056 0
1634798195950 0.6251012086868286 0
1634798197117 0.6069818735122681 0
1634798198290 0.595181405544281 0
1634798200097 0.6243723630905151 0
1634798201286 0.60776287317276 0
1634798202493 0.6084615588188171 0
1634798203700 0.6044300198554993 0
1634798204865 0.5783805847167969 0
1634798206027 0.6241474151611328 0
1634798207180 0.5787848830223083 0
1634798208369 0.603533923625946 0
1634798209513 0.6073002815246582 0
1634798210657 0.61107337474823 0
1634798212466 0.587017297744751 0
1634798213658 0.6088578104972839 0
1634798214799 0.604633629322052 0
1634798215949 0.5832644701004028 0
1634798217106 0.6377568244934082 0
1634798218281 0.6008999943733215 0
1634798219449 0.6277261972427368 0
1634798220599 0.6214259266853333 0
1634798221774 0.5867329835891724 0
1634798222940 0.5945427417755127 0
1634798225343 0.6277384757995605 0
1634798226498 0.6317340135574341 0
1634798227654 0.633249044418335 0
1634798228842 0.6206035614013672 0
1634798229997 0.6148857474327087 0
1634798231148 0.6606723666191101 0
1634798232297 0.59438556432724 0
1634798233475 0.612113356590271 0
1634798234637 0.5996675491333008 0
1634798235793 0.6046857237815857 0
1634798237579 0.5948915481567383 0
1634798238747 0.6221016645431519 0
1634798239934 0.5789984464645386 0
1634798241077 0.6121135950088501 0
1634798242233 0.6178579926490784 0
1634798243383 0.5783625841140747 0
1634798244575 0.6144694685935974 0
1634798245720 0.5854588150978088 0
1634798246893 0.6206068992614746 0
1634798248060 0.6419336795806885 0
1634798249874 0.6481303572654724 0
1634798251030 0.6201784610748291 0
1634798252186 0.6084025502204895 0
1634798253326 0.6079586744308472 0
1634798254508 0.6112844347953796 0
1634798255660 0.6282216906547546 0
1634798256821 0.6263149380683899 0
1634798257981 0.6179129481315613 0
1634798259137 0.570575475692749 0
1634798260330 0.57965487241745 0
1634798262122 0.6156433820724487 0
1634798263281 0.6229343414306641 0
1634798264433 0.572583794593811 0
1634798265617 0.5894080996513367 0
1634798266762 0.6096101403236389 0
1634798267914 0.6657918691635132 0
1634798269060 0.5941464304924011 0
1634798270250 0.6204997301101685 0
1634798271425 0.5970182418823242 0
1634798272564 0.6233440637588501 0
1634798274369 0.5959184169769287 0
1634798275562 0.5887652039527893 0
1634798276730 0.6210966110229492 0
1634798277880 0.6184412240982056 0
1634798279028 0.6012470722198486 0
1634798280171 0.5803273320198059 0
1634798281377 0.5909228324890137 0
1634798282529 0.6152503490447998 0
1634798283681 0.6072013974189758 0
1634798284826 0.5945981740951538 0
1634798286666 0.613224446773529 0
1634798287857 0.5928400754928589 0
1634798289033 0.5916362404823303 0
1634798290208 0.602963387966156 0
1634798291402 0.5565201044082642 0
1634798292606 0.5923517942428589 0
1634798293757 0.5890209674835205 0
1634798294927 0.5759824514389038 0
1634798296109 0.5899242162704468 0
1634798297254 0.6195760369300842 0
1634798299023 0.5619760751724243 0
1634798300194 0.5553978085517883 0
1634798301339 0.5776904821395874 0
1634798302481 0.5819271802902222 0
1634798303638 0.6154441833496094 0
1634798304775 0.6348294019699097 0
1634798305916 0.5855658650398254 0
1634798307073 0.5818771719932556 0
1634798308230 0.6104921698570251 0
1634798309372 0.5786398649215698 0
1634798311142 0.5735074281692505 0
1634798312319 0.5970427989959717 0
1634798313460 0.5831164121627808 0
1634798314605 0.6245632767677307 0
1634798315746 0.5747400522232056 0
1634798316891 0.5873439311981201 0
1634798318033 0.5582226514816284 0
1634798319176 0.5824862122535706 0
1634798320339 0.594841718673706 0
1634798321481 0.5805202722549438 0
1634798323257 0.5717795491218567 0
1634798324398 0.5675409436225891 0
1634798325568 0.5689429044723511 0
1634798326714 0.5849631428718567 0
1634798327856 0.5702452063560486 0
1634798329013 0.5637038350105286 0
1634798330159 0.5914802551269531 0
1634798331302 0.5802453756332397 0
1634798332444 0.57430499792099 0
1634798333604 0.5751165151596069 0
1634798335400 0.604270875453949 0
1634798336549 0.5915813446044922 0
1634798337690 0.5664931535720825 0
1634798338848 0.5750407576560974 0
1634798339991 0.6081721186637878 0
1634798341123 0.5774550437927246 0
1634798342283 0.5571163296699524 0
1634798343425 0.5885414481163025 0
1634798344582 0.5896581411361694 0
1634798345724 0.5644673109054565 0
1634798347507 0.5922372937202454 0
1634798348666 0.5991871953010559 0
1634798349807 0.5808044672012329 0
1634798350948 0.5781376361846924 0
1634798352112 0.600611686706543 0
1634798353243 0.5842897891998291 0
1634798354385 0.5876533389091492 0
1634798355542 0.5781323313713074 0
1634798356692 0.6030365228652954 0
1634798357848 0.5796561241149902 0
1634798359614 0.5646399855613708 0
1634798360784 0.5862692594528198 0
1634798361926 0.5821871757507324 0
1634798363067 0.5935620665550232 0
1634798364210 0.5660576224327087 0
1634798365370 0.556956946849823 0
1634798366534 0.5549028515815735 0
1634798367720 0.5818400979042053 0
1634798368915 0.5929258465766907 0
1634798370098 0.5600240230560303 0
1634798371943 0.5754833221435547 0
1634798373126 0.5527000427246094 0
1634798374298 0.5804961323738098 0
1634798375475 0.5695928335189819 0
1634798376663 0.5646457672119141 0
1634798377846 0.5934904217720032 0
1634798379025 0.5580376386642456 0
1634798380245 0.5591104030609131 0
1634798381495 0.5703946948051453 0
1634798382692 0.5701477527618408 0
1634798384503 0.5535711646080017 0
1634798385684 0.5669925808906555 0
1634798386882 0.583560049533844 0
1634798388065 0.5789498090744019 0
1634798389234 0.5803042054176331 0
1634798390404 0.5815449357032776 0
1634798391617 0.5604790449142456 0
1634798392838 0.5833173990249634 0
1634798394024 0.5424739718437195 0
1634798395184 0.5618783831596375 0
1634798397047 0.5545058846473694 0
1634798398217 0.5693600177764893 0
1634798399393 0.5635614991188049 0
1634798400607 0.5328772664070129 0
1634798401819 0.5565672516822815 0
1634798402982 0.5626847147941589 0
1634798404155 0.5550251007080078 0
1634798405355 0.5659328699111938 0
1634798406607 0.5846112370491028 0
1634798407804 0.548478901386261 0
1634798409657 0.5788928270339966 0
1634798410841 0.5634504556655884 0
1634798412034 0.5553048253059387 0
1634798413232 0.5575934052467346 0
1634798414427 0.5630570650100708 0
1634798415583 0.570608377456665 0
1634798416765 0.5578367710113525 0
1634798417951 0.5814772844314575 0
1634798419114 0.55190110206604 0
1634798420275 0.554028332233429 0
1634798422096 0.5618851184844971 0
1634798423296 0.5751363039016724 0
1634798424467 0.5364457368850708 0
1634798425649 0.5609666705131531 0
1634798426816 0.5588135123252869 0
1634798428016 0.54416424036026 0
1634798429165 0.5504475235939026 0
1634798430336 0.570720374584198 0
1634798431551 0.5464836359024048 0
1634798432781 0.5303101539611816 0
1634798434599 0.5449883341789246 0
1634798435767 0.5633022785186768 0
1634798436927 0.5545955300331116 0
1634798438118 0.5747084021568298 0
1634798439303 0.5639236569404602 0
1634798440467 0.5486980676651001 0
1634798441676 0.5543347597122192 0
1634798442863 0.5649940967559814 0
1634798444065 0.5475782752037048 0
1634798445219 0.556607723236084 0
1634798447813 0.5667266845703125 0
1634798449020 0.5665208697319031 0
1634798450204 0.5474833846092224 0
1634798451384 0.5317873358726501 0
1634798452585 0.5650428533554077 0
1634798453813 0.5571813583374023 0
1634798455003 0.5303139686584473 0
1634798456185 0.5351905822753906 0
1634798457350 0.5437455177307129 0
1634798458509 0.5516260862350464 0
1634798460325 0.5449095964431763 0
1634798461476 0.5439656376838684 0
1634798462630 0.5336928963661194 0
1634798463806 0.5297666788101196 0
1634798464978 0.561124324798584 0
1634798466123 0.5501850843429565 0
1634798467267 0.5471249222755432 0
1634798468431 0.5387880206108093 0
1634798469636 0.5621740818023682 0
1634798470784 0.5586258769035339 0
1634798472570 0.5608434081077576 0
1634798473727 0.5336682200431824 0
1634798474915 0.5296056270599365 0
1634798476080 0.5538017749786377 0
1634798477255 0.5399340987205505 0
1634798478440 0.5397916436195374 0
1634798479629 0.5317224264144897 0
1634798480840 0.5421411991119385 0
1634798482055 0.5533303618431091 0
1634798483265 0.567645251750946 0
1634798485117 0.5437940955162048 0
1634798486300 0.5409709215164185 0
1634798487483 0.5417259335517883 0
1634798488682 0.5400844216346741 0
1634798489885 0.5480363965034485 0
1634798491082 0.5320188999176025 0
1634798492277 0.5297096371650696 0
1634798493425 0.5439315438270569 0
1634798494599 0.5352665781974792 0
1634798495799 0.5536084771156311 0
1634798497623 0.528612494468689 0
1634798498817 0.5392642617225647 0
1634798499984 0.5440719127655029 0
1634798501179 0.5359625220298767 0
1634798502350 0.5325035452842712 0
1634798503510 0.5357753038406372 0
1634798504682 0.5461155772209167 0
1634798505867 0.5296857357025146 0
1634798507056 0.5320016741752625 0
1634798508235 0.5437971949577332 0
1634798510079 0.5311892628669739 0
1634798511296 0.5427908897399902 0
1634798512499 0.5189006924629211 0
1634798513674 0.5276138186454773 0
1634798514870 0.5336493849754333 0
1634798516067 0.5360159277915955 0
1634798517252 0.5234719514846802 0
1634798518417 0.5301991701126099 0
1634798519600 0.5252191424369812 0
1634798520800 0.5197890996932983 0
1634798522701 0.539753258228302 0
1634798523895 0.5303134322166443 0
1634798525064 0.5523332357406616 0
1634798526243 0.5228758454322815 0
1634798527450 0.5194797515869141 0
1634798528650 0.5288982391357422 0
1634798529825 0.5258476734161377 0
1634798531017 0.522649884223938 0
1634798532229 0.5313917398452759 0
1634798533433 0.5351215600967407 0
1634798535251 0.5447207689285278 0
1634798536462 0.5278950333595276 0
1634798537667 0.529342770576477 0
1634798538848 0.5307338833808899 0
1634798540000 0.5287235379219055 0
1634798541156 0.5304693579673767 0
1634798542333 0.523138701915741 0
1634798543501 0.5222343802452087 0
1634798544643 0.5287277698516846 0
1634798545802 0.5203917026519775 0
1634798547633 0.5170280337333679 0
1634798548799 0.5219867825508118 0
1634798549959 0.5204477310180664 0
1634798551162 0.5378981232643127 0
1634798552369 0.513621985912323 0
1634798553576 0.5245828032493591 0
1634798554793 0.5219479203224182 0
1634798555987 0.5215277075767517 0
1634798557169 0.5153913497924805 0
1634798558400 0.523688018321991 0
1634798560286 0.5181872248649597 0
1634798561507 0.5188229084014893 0
1634798562684 0.515672504901886 0
1634798563883 0.5194534063339233 0
1634798565036 0.520745575428009 0
1634798566224 0.5167381167411804 0
1634798567402 0.5148597359657288 0
1634798568598 0.5169882774353027 0
1634798569765 0.5153509378433228 0
1634798570922 0.5187855362892151 0
1634798572720 0.5200167298316956 0
1634798573925 0.5142604112625122 0
1634798575084 0.5138120055198669 0
1634798576235 0.5197328925132751 0
1634798577376 0.5298975706100464 0
1634798578519 0.5145323872566223 0
1634798579704 0.5169833898544312 0
1634798580859 0.5150445699691772 0
1634798582015 0.5207062363624573 0
1634798583162 0.5154123902320862 0
1634798584994 0.510438084602356 0
1634798586140 0.5280135273933411 0
1634798587297 0.513200044631958 0
1634798588439 0.5132625102996826 0
1634798589635 0.5280917286872864 0
1634798590781 0.5126456618309021 0
1634798591926 0.5141087174415588 0
1634798593086 0.5119196176528931 0
1634798594265 0.513549268245697 0
1634798595467 0.512293815612793 0
1634798597259 0.5104654431343079 0
1634798598436 0.5114274621009827 0
1634798599626 0.5103046894073486 0
1634798600816 0.509233832359314 0
1634798601998 0.5123717784881592 0
1634798603168 0.5103105306625366 0
1634798604333 0.5121151208877563 0
1634798605524 0.5106573104858398 0
1634798606682 0.5151914358139038 0
