1634797364693 2.784571051597595 0
1634797366518 1.2890942096710205 0
1634797367658 1.198617160320282 0
1634797368816 1.5256123542785645 0
1634797369957 1.5308735966682434 0
1634797371089 1.1656737327575684 0
1634797372234 2.1160508394241333 0
1634797373395 1.1638692021369934 0
1634797374593 1.2248325943946838 0
1634797375771 0.8851693868637085 0
1634797376949 0.9749524891376495 0
1634797378883 1.000880390405655 0
1634797380072 0.8382318019866943 0
1634797381266 1.3059641122817993 0
1634797382460 0.9262008965015411 0
1634797383641 1.009090006351471 0
1634797384855 1.1263457238674164 0
1634797386039 1.0532867908477783 0
1634797387183 0.9007059335708618 0
1634797388353 1.050896316766739 0
1634797389537 0.8839461803436279 0
1634797391405 0.7782968282699585 0
1634797392637 0.6939055025577545 0
1634797393804 0.7831657230854034 0
1634797394969 0.6645676791667938 0
1634797396277 0.794986367225647 0
1634797397678 0.5206363052129745 0
1634797398903 0.6867267191410065 0
1634797400129 0.8630589842796326 0
1634797401354 0.641050711274147 0
1634797402601 0.7343906760215759 0
1634797404466 0.6983546316623688 0
1634797405692 0.577942281961441 0
1634797406920 0.4836653769016266 0
1634797408111 0.5659028887748718 0
1634797409281 0.5309518426656723 0
1634797410458 0.5147715508937836 0
1634797411624 0.6547822952270508 0
1634797412798 0.6258673071861267 0
1634797413969 0.5589306652545929 0
1634797415125 0.6270589232444763 0
1634797416993 0.4439530074596405 0
1634797418153 0.4724625200033188 0
1634797419321 0.49888502061367035 0
1634797420519 0.39024806022644043 0
1634797421697 0.437531441450119 0
1634797422861 0.47585800290107727 0
1634797424004 0.5692984163761139 0
1634797425163 0.47655171155929565 0
1634797426302 0.3912525326013565 0
1634797427444 0.3753206580877304 0
1634797429234 0.4713941514492035 0
1634797430397 0.4437945932149887 0
1634797431566 0.34321901947259903 0
1634797432742 0.458148717880249 0
1634797433890 0.4344507306814194 0
1634797435039 0.26697465032339096 0
1634797436184 0.5147476196289062 0
1634797437355 0.3176582455635071 0
1634797438505 0.3947129249572754 0
1634797439637 0.4622284173965454 0
1634797441430 0.35249339044094086 0
1634797442589 0.36193035542964935 0
1634797443731 0.34397318959236145 0
1634797444904 0.3793907165527344 0
1634797446086 0.31406860798597336 0
1634797447253 0.3215602785348892 0
1634797448416 0.3673481345176697 0
1634797449590 0.4044584482908249 0
1634797450763 0.38967643678188324 0
1634797451939 0.34838422387838364 0
1634797453821 0.32340292632579803 0
1634797454978 0.3165203183889389 0
1634797456123 0.3101125955581665 0
1634797457282 0.30135229229927063 0
1634797458425 0.3653884083032608 0
1634797459572 0.32514870166778564 0
1634797460719 0.3461201339960098 0
1634797461881 0.30664684623479843 0
1634797463062 0.3032310903072357 0
1634797464219 0.24190694093704224 0
1634797466025 0.33857710659503937 0
1634797467217 0.43309031426906586 0
1634797468381 0.31966710835695267 0
1634797469540 0.2848889082670212 0
1634797470724 0.2931482270359993 0
1634797471887 0.28163744509220123 0
1634797473072 0.2515888661146164 0
1634797474247 0.29917967319488525 0
1634797475431 0.26788386702537537 0
1634797476609 0.38792458176612854 0
1634797478458 0.2913023680448532 0
1634797479652 0.19483286142349243 0
1634797480821 0.27986426651477814 0
1634797482023 0.31777893006801605 0
1634797483195 0.38444948196411133 0
1634797484353 0.38278332352638245 0
1634797485527 0.27968305349349976 0
1634797486687 0.2996644973754883 0
1634797487859 0.30279429256916046 0
1634797489016 0.24063153564929962 0
1634797490948 0.18617338314652443 0
1634797492141 0.28064216673374176 0
1634797493325 0.19972443580627441 0
1634797494503 0.31685319542884827 0
1634797495698 0.29109254479408264 0
1634797496888 0.2298135682940483 0
1634797498045 0.3883923888206482 0
1634797499206 0.27071553468704224 0
1634797500381 0.21637709438800812 0
1634797501542 0.24341773986816406 0
1634797503361 0.26826439797878265 0
1634797504542 0.24999742209911346 0
1634797505738 0.23210041224956512 0
1634797506907 0.27663856744766235 0
1634797508082 0.2694917395710945 0
1634797509251 0.2515243887901306 0
1634797510427 0.29660941660404205 0
1634797511598 0.2585705444216728 0
1634797512783 0.2085028663277626 0
1634797513959 0.31263408064842224 0
1634797515805 0.26250553131103516 0
1634797516965 0.229337677359581 0
1634797518121 0.3043751120567322 0
1634797519263 0.32055824995040894 0
1634797520412 0.2618718519806862 0
1634797521557 0.2366417497396469 0
1634797522683 0.21685689687728882 0
1634797523843 0.21920254826545715 0
1634797524982 0.23136083781719208 0
1634797526140 0.20391356945037842 0
1634797527935 0.2631895989179611 0
1634797529109 0.24704669415950775 0
1634797530253 0.17548515647649765 0
1634797531397 0.20073184370994568 0
1634797532541 0.2142663523554802 0
1634797533685 0.2011343389749527 0
1634797534827 0.30773498117923737 0
1634797535969 0.25063322484493256 0
1634797537125 0.25746966153383255 0
1634797538348 0.15730717033147812 0
1634797540257 0.2673678398132324 0
1634797541442 0.26943474262952805 0
1634797542589 0.23439665138721466 0
1634797543740 0.28125402331352234 0
1634797544884 0.2730681747198105 0
1634797546037 0.15209127217531204 0
1634797547191 0.27286939322948456 0
1634797548345 0.19001339375972748 0
1634797549490 0.252925843000412 0
1634797550639 0.18001718819141388 0
1634797552448 0.19673701375722885 0
1634797553621 0.23867204785346985 0
1634797554763 0.20225658267736435 0
1634797555928 0.1983589455485344 0
1634797557087 0.25749512016773224 0
1634797558261 0.24610747396945953 0
1634797559405 0.2109067514538765 0
1634797560583 0.20381487905979156 0
1634797561754 0.15788158029317856 0
1634797562941 0.22758392989635468 0
1634797564774 0.21650436520576477 0
1634797565973 0.2492983043193817 0
1634797567149 0.21875563263893127 0
1634797568317 0.19898635894060135 0
1634797569478 0.2477409392595291 0
1634797570641 0.19854078441858292 0
1634797571816 0.21086621284484863 0
1634797572974 0.1665060669183731 0
1634797574134 0.17496009916067123 0
1634797575291 0.17921174317598343 0
1634797577130 0.1947574019432068 0
1634797578322 0.22608821094036102 0
1634797579502 0.2080288752913475 0
1634797580651 0.18955069780349731 0
1634797581820 0.16039803624153137 0
1634797582962 0.256446473300457 0
1634797584112 0.21295027434825897 0
1634797585265 0.2472216635942459 0
1634797586415 0.20893659442663193 0
1634797587568 0.17930935323238373 0
1634797589393 0.13783316314220428 0
1634797590570 0.2385614737868309 0
1634797591726 0.16417738795280457 0
1634797592884 0.2484169900417328 0
1634797594041 0.16753888875246048 0
1634797595205 0.19211682677268982 0
1634797596355 0.2272544652223587 0
1634797597518 0.23061611503362656 0
1634797598660 0.19340289756655693 0
1634797599808 0.16575656831264496 0
1634797601795 0.1878393143415451 0
1634797603049 0.17820211499929428 0
1634797604230 0.17529699951410294 0
1634797605417 0.16358757764101028 0
1634797606694 0.17218613624572754 0
1634797607883 0.22833528369665146 0
1634797609062 0.19987140595912933 0
1634797610249 0.20629990100860596 0
1634797611408 0.1885022670030594 0
1634797612590 0.17211037129163742 0
1634797614387 0.2325010895729065 0
1634797615577 0.1944810152053833 0
1634797616728 0.23848684132099152 0
1634797617873 0.1788104698061943 0
1634797619014 0.17430733889341354 0
1634797620175 0.18848343938589096 0
1634797621332 0.14870096743106842 0
1634797622475 0.19497047364711761 0
1634797623633 0.14232539385557175 0
1634797624776 0.17593535035848618 0
1634797626577 0.1831890046596527 0
1634797627758 0.13279322534799576 0
1634797628901 0.10850150883197784 0
1634797630058 0.19506604969501495 0
1634797631198 0.13944239169359207 0
1634797632343 0.15609967708587646 0
1634797633501 0.18767941743135452 0
1634797634646 0.12625312060117722 0
1634797635787 0.13654521480202675 0
1634797636929 0.25489591807127 0
1634797638850 0.18295187503099442 0
1634797640069 0.15531836450099945 0
1634797641233 0.17961624264717102 0
1634797642554 0.15960751473903656 0
1634797643850 0.2003438025712967 0
1634797645055 0.17289232462644577 0
1634797646273 0.13992449641227722 0
1634797647467 0.17398640513420105 0
1634797648654 0.16391362994909286 0
1634797649840 0.14976711571216583 0
1634797651701 0.18576650321483612 0
1634797652904 0.14221657440066338 0
1634797654101 0.19929566234350204 0
1634797655289 0.16397307068109512 0
1634797656478 0.18625926971435547 0
1634797657670 0.12686529755592346 0
1634797658872 0.15991751849651337 0
1634797660051 0.2116674780845642 0
1634797661236 0.15461227297782898 0
1634797662410 0.15947537496685982 0
1634797664275 0.1569342166185379 0
1634797665476 0.1654657945036888 0
1634797666658 0.13963936269283295 0
1634797667863 0.22376899421215057 0
1634797669051 0.1435416117310524 0
1634797670240 0.10377547889947891 0
1634797671412 0.14558036625385284 0
1634797672616 0.17125548422336578 0
1634797673804 0.14475443214178085 0
1634797674992 0.16157695651054382 0
1634797677074 0.15008801221847534 0
1634797678263 0.09496373310685158 0
1634797679438 0.15214069932699203 0
1634797680658 0.16308805346488953 0
1634797681841 0.16176582127809525 0
1634797683023 0.15887252241373062 0
1634797684242 0.1806899905204773 0
1634797685419 0.17528916895389557 0
1634797686606 0.1947544738650322 0
1634797687793 0.15330402553081512 0
1634797689655 0.16279799491167068 0
1634797690873 0.09762705862522125 0
1634797692059 0.1191481500864029 0
1634797693256 0.15262345224618912 0
1634797694421 0.08900096267461777 0
1634797695567 0.19114015251398087 0
1634797696769 0.15994036942720413 0
1634797697989 0.13865307718515396 0
1634797699166 0.16542541980743408 0
1634797700340 0.10160858929157257 0
1634797702233 0.11460117995738983 0
1634797703422 0.15386715531349182 0
1634797704564 0.09605416655540466 0
1634797705726 0.13929779827594757 0
1634797706892 0.11376143246889114 0
1634797708108 0.14947596192359924 0
1634797709332 0.166431225836277 0
1634797710582 0.16044925898313522 0
1634797711878 0.1356409192085266 0
1634797713115 0.1655147485435009 0
1634797715083 0.12085459381341934 0
1634797716364 0.14286107569932938 0
1634797717552 0.16634393483400345 0
1634797718761 0.14562154561281204 0
1634797719935 0.1695198267698288 0
1634797721112 0.15913298726081848 0
1634797722302 0.12706426158547401 0
1634797723493 0.14538192003965378 0
1634797724713 0.15787817537784576 0
1634797725872 0.14552204310894012 0
1634797727889 0.13697853684425354 0
1634797729092 0.1391768902540207 0
1634797730287 0.14286724478006363 0
1634797731462 0.1309722326695919 0
1634797732691 0.08317654952406883 0
1634797733887 0.15587463229894638 0
1634797735090 0.12740415334701538 0
1634797736293 0.12733039259910583 0
1634797737501 0.12925147265195847 0
1634797738724 0.1116906963288784 0
1634797740609 0.15027761831879616 0
1634797741853 0.16610733419656754 0
1634797743048 0.12011529505252838 0
1634797744238 0.13826162368059158 0
1634797745455 0.1495608314871788 0
1634797746650 0.12280290201306343 0
1634797747844 0.13372404128313065 0
1634797749061 0.12501415610313416 0
1634797750282 0.1717149168252945 0
1634797751490 0.14991271495819092 0
1634797753363 0.12939906120300293 0
1634797754569 0.1261616200208664 0
1634797755741 0.10280241072177887 0
1634797756899 0.11537081748247147 0
1634797758039 0.11953908577561378 0
1634797759201 0.1281125210225582 0
1634797760392 0.13012797757983208 0
1634797761556 0.12375334277749062 0
1634797762714 0.12696845084428787 0
1634797763868 0.13112499192357063 0
1634797765708 0.13957924023270607 0
1634797766887 0.11610984802246094 0
1634797768046 0.1589096412062645 0
1634797769208 0.12338384240865707 0
1634797770353 0.1615937501192093 0
1634797771496 0.13931722193956375 0
1634797772669 0.11388591304421425 0
1634797773842 0.11872994527220726 0
1634797774996 0.10789495334029198 0
1634797776168 0.12167815491557121 0
1634797778244 0.15378383547067642 0
1634797779415 0.10954607278108597 0
1634797780566 0.1326296254992485 0
1634797781739 0.12255152314901352 0
1634797782942 0.11669011414051056 0
1634797784095 0.1296047642827034 0
1634797785314 0.1152937039732933 0
1634797786479 0.13412267714738846 0
1634797787653 0.16241612285375595 0
1634797788826 0.12444199994206429 0
1634797790638 0.09184719249606133 0
1634797791826 0.12063183635473251 0
1634797792983 0.13713891804218292 0
1634797794159 0.1323569118976593 0
1634797795332 0.1417735069990158 0
1634797796476 0.1334567405283451 0
1634797797649 0.16450518742203712 0
1634797798836 0.0709734559059143 0
1634797800026 0.06675423309206963 0
1634797801183 0.15116217359900475 0
1634797803006 0.09703902527689934 0
1634797804196 0.16478583216667175 0
1634797805369 0.0738803967833519 0
1634797806528 0.12288782745599747 0
1634797807685 0.19655977189540863 0
1634797808873 0.10790026932954788 0
1634797810020 0.1494344398379326 0
1634797811176 0.1349385306239128 0
1634797812350 0.11033754050731659 0
1634797813511 0.13555923476815224 0
1634797815354 0.1205967366695404 0
1634797816511 0.12725332379341125 0
1634797817684 0.09781406819820404 0
1634797818927 0.13098721951246262 0
1634797820131 0.13330862671136856 0
1634797821315 0.12269880250096321 0
1634797822491 0.12374739348888397 0
1634797823651 0.15551449358463287 0
1634797824823 0.14830994978547096 0
1634797825982 0.08089031651616096 0
1634797827782 0.16015303134918213 0
1634797828943 0.13390940055251122 0
1634797830086 0.11298250220716 0
1634797831262 0.11360057070851326 0
1634797832431 0.1066913902759552 0
1634797833639 0.09808903187513351 0
1634797834792 0.10492189973592758 0
1634797835939 0.11285705864429474 0
1634797837109 0.1626233123242855 0
1634797838266 0.14809919148683548 0
1634797840084 0.14235544949769974 0
1634797841283 0.10559521988034248 0
1634797842450 0.0686565451323986 0
1634797843610 0.09821537137031555 0
1634797844779 0.10173707082867622 0
1634797845960 0.0985223799943924 0
1634797847174 0.10103660821914673 0
1634797848347 0.09038182720541954 0
1634797849520 0.11673595756292343 0
1634797850677 0.10131888091564178 0
1634797852528 0.11793390661478043 0
1634797853688 0.1237875297665596 0
1634797854853 0.12443097308278084 0
1634797856016 0.1394919902086258 0
1634797857219 0.10178529098629951 0
1634797858429 0.0950191393494606 0
1634797859602 0.11938226222991943 0
1634797860824 0.07375955954194069 0
1634797862038 0.10649658739566803 0
1634797863203 0.13062649965286255 0
1634797865004 0.11639077216386795 0
1634797866147 0.1020195484161377 0
1634797867314 0.10049539804458618 0
1634797868486 0.10629753023386002 0
1634797869672 0.08813851699233055 0
1634797870842 0.07458028569817543 0
1634797872000 0.1115100160241127 0
1634797873175 0.08386320248246193 0
1634797874327 0.09482020512223244 0
1634797875470 0.11181151121854782 0
1634797877275 0.11828162893652916 0
1634797878461 0.11814699321985245 0
1634797879660 0.1032162606716156 0
1634797880844 0.09720923006534576 0
1634797882037 0.09585011750459671 0
1634797883204 0.09873779118061066 0
1634797884396 0.1326737180352211 0
1634797885604 0.10336124151945114 0
1634797886791 0.10457800328731537 0
1634797887993 0.1429070346057415 0
1634797890206 0.1208522841334343 0
1634797891391 0.09108594805002213 0
1634797892577 0.12095343694090843 0
1634797893770 0.12980420142412186 0
1634797894983 0.06252500601112843 0
1634797896206 0.10928420908749104 0
1634797897386 0.09241745248436928 0
1634797898546 0.10441633313894272 0
1634797899727 0.10574217513203621 0
1634797900923 0.09862052276730537 0
1634797902723 0.05909081920981407 0
1634797903930 0.06935812905430794 0
1634797905096 0.10059354081749916 0
1634797906281 0.1232881210744381 0
1634797907445 0.13334103673696518 0
1634797908620 0.10500625520944595 0
1634797909791 0.07916763983666897 0
1634797910986 0.10695207864046097 0
1634797912176 0.08646142855286598 0
1634797913371 0.10567682981491089 0
1634797915210 0.05646521411836147 0
1634797916430 0.10254500061273575 0
1634797917595 0.09834083169698715 0
1634797918768 0.10293328762054443 0
1634797919910 0.11432579159736633 0
1634797921078 0.048541223630309105 0
1634797922270 0.10763270407915115 0
1634797923443 0.11809345334768295 0
1634797924622 0.12064522504806519 0
1634797925766 0.09729747846722603 0
1634797927624 0.1140618622303009 0
1634797928804 0.07470337301492691 0
1634797929974 0.06559630483388901 0
1634797931145 0.1116689145565033 0
1634797932369 0.09767000377178192 0
1634797933529 0.09615826234221458 0
1634797934691 0.08611000329256058 0
1634797935862 0.07913661003112793 0
1634797937068 0.15463760495185852 0
1634797938261 0.06914807483553886 0
1634797940093 0.08442120999097824 0
1634797941241 0.11209158971905708 0
1634797942442 0.11771195381879807 0
1634797943593 0.10070865228772163 0
1634797944753 0.0653366670012474 0
1634797945911 0.09013311192393303 0
1634797947064 0.09410324692726135 0
1634797948254 0.06711789220571518 0
1634797949450 0.09011801704764366 0
1634797950619 0.08852783963084221 0
1634797952441 0.11984874308109283 0
1634797953650 0.11665873229503632 0
1634797954813 0.061568234115839005 0
1634797955991 0.08356140553951263 0
1634797957169 0.10982479900121689 0
1634797958368 0.09467319399118423 0
1634797959534 0.11316986009478569 0
1634797960676 0.09794726222753525 0
1634797961859 0.07411963492631912 0
1634797963057 0.07638547942042351 0
1634797964913 0.12225967831909657 0
1634797966079 0.06961148232221603 0
1634797967245 0.09538308531045914 0
1634797968461 0.1088501326739788 0
1634797969650 0.07112546265125275 0
1634797970814 0.07066219858825207 0
1634797971996 0.10344185307621956 0
1634797973177 0.11619162932038307 0
1634797974379 0.07345210015773773 0
1634797975530 0.09678303450345993 0
1634797977330 0.07981539145112038 0
1634797978510 0.07604198530316353 0
1634797979737 0.07951991260051727 0
1634797980895 0.12935814633965492 0
1634797982051 0.08661182597279549 0
1634797983222 0.07322457432746887 0
1634797984396 0.09219928458333015 0
1634797985557 0.12653659284114838 0
1634797986704 0.0913461185991764 0
1634797987866 0.12334036082029343 0
1634797989753 0.09903900697827339 0
1634797990923 0.09861801564693451 0
1634797992080 0.10706271976232529 0
1634797993261 0.09446094930171967 0
1634797994466 0.09599711000919342 0
1634797995646 0.08090879395604134 0
1634797996835 0.10528029873967171 0
1634797997971 0.09028889238834381 0
1634797999130 0.08670206740498543 0
1634798000289 0.08205378614366055 0
1634798002073 0.07904203422367573 0
1634798003232 0.094843789935112 0
1634798004389 0.1046985313296318 0
1634798005550 0.10978710278868675 0
1634798006692 0.0911557674407959 0
1634798007835 0.07638806290924549 0
1634798008977 0.07701918110251427 0
1634798010119 0.0747684333473444 0
1634798011272 0.09266360476613045 0
1634798012413 0.11128424108028412 0
1634798014204 0.10593397915363312 0
1634798015363 0.10883178561925888 0
1634798016509 0.09525465965270996 0
1634798017652 0.10790644586086273 0
1634798018794 0.11035537347197533 0
1634798019923 0.05812637507915497 0
1634798021079 0.09902757406234741 0
1634798022220 0.07524371519684792 0
1634798023378 0.07602450624108315 0
1634798024523 0.10772204771637917 0
1634798026316 0.09435265511274338 0
1634798027471 0.07575824484229088 0
1634798028613 0.07154921814799309 0
1634798029755 0.079657182097435 0
1634798030913 0.09497045353055 0
1634798032057 0.05383448116481304 0
1634798033201 0.07579712197184563 0
1634798034343 0.07724052295088768 0
1634798035505 0.07670333981513977 0
1634798036646 0.09955020248889923 0
1634798038886 0.06942692399024963 0
1634798040038 0.08174914866685867 0
1634798041181 0.07810541614890099 0
1634798042325 0.10499976202845573 0
1634798043466 0.07193394750356674 0
1634798044624 0.07967108860611916 0
1634798045767 0.08222205191850662 0
1634798046907 0.09439364448189735 0
1634798048123 0.09272196516394615 0
1634798049296 0.08146758377552032 0
1634798051133 0.06616627983748913 0
1634798052313 0.08630047738552094 0
1634798053554 0.07128734327852726 0
1634798054714 0.07300543785095215 0
1634798055889 0.09124945849180222 0
1634798057071 0.06726774200797081 0
1634798058243 0.0683398712426424 0
1634798059435 0.08055927231907845 0
1634798060622 0.09077673777937889 0
1634798061783 0.05139949917793274 0
1634798063641 0.09019802883267403 0
1634798064831 0.039739105850458145 0
1634798065990 0.07480858266353607 0
1634798067182 0.0744915772229433 0
1634798068349 0.08658063784241676 0
1634798069543 0.11008377745747566 0
1634798070726 0.09786420315504074 0
1634798071923 0.0878002755343914 0
1634798073113 0.06833922676742077 0
1634798074315 0.07882527634501457 0
1634798076132 0.09485721215605736 0
1634798077309 0.08841355703771114 0
1634798078480 0.07621131092309952 0
1634798079644 0.09276866912841797 0
1634798080789 0.06915916502475739 0
1634798081944 0.06920749694108963 0
1634798083101 0.08368915691971779 0
1634798084265 0.08084851503372192 0
1634798085408 0.0752522200345993 0
1634798086565 0.0994209572672844 0
1634798088414 0.09699869155883789 0
1634798089589 0.08177665621042252 0
1634798090731 0.06417768448591232 0
1634798091874 0.04828217998147011 0
1634798093066 0.07958745211362839 0
1634798094271 0.047644827514886856 0
1634798095460 0.07175609469413757 0
1634798096620 0.07611880451440811 0
1634798097777 0.08300166390836239 0
1634798098920 0.0659496858716011 0
1634798100721 0.06881356798112392 0
1634798101888 0.0775001011788845 0
1634798103033 0.08860816806554794 0
1634798104174 0.07118485122919083 0
1634798105317 0.066864974796772 0
1634798106461 0.09538907557725906 0
1634798107607 0.0677656251937151 0
1634798108764 0.04918917641043663 0
1634798109909 0.08995639905333519 0
1634798111051 0.05648362636566162 0
1634798112861 0.06436468102037907 0
1634798114008 0.07165195420384407 0
1634798115175 0.0640895701944828 0
1634798116399 0.08476024493575096 0
1634798117562 0.07515891641378403 0
1634798118710 0.07777382433414459 0
1634798119895 0.08305086940526962 0
1634798121134 0.0803716778755188 0
1634798122374 0.09255307912826538 0
1634798123547 0.08586824685335159 0
1634798125369 0.07584192603826523 0
1634798126542 0.08051030337810516 0
1634798127725 0.06684745475649834 0
1634798128911 0.08097274601459503 0
1634798130077 0.06311328709125519 0
1634798131247 0.06943334266543388 0
1634798132404 0.06465892493724823 0
1634798133589 0.0838012583553791 0
1634798134728 0.0779901035130024 0
1634798135888 0.06571629829704762 0
1634798137722 0.07705004140734673 0
1634798138973 0.0650883112102747 0
1634798140132 0.07431042194366455 0
1634798141292 0.07018876262009144 0
1634798142449 0.06904960051178932 0
1634798143611 0.06824043393135071 0
1634798144770 0.07195496000349522 0
1634798145943 0.0825203638523817 0
1634798147118 0.03319752775132656 0
1634798148295 0.05804663151502609 0
1634798150194 0.04179091565310955 0
1634798151411 0.05210041627287865 0
1634798152578 0.06869452074170113 0
1634798153751 0.06475177966058254 0
1634798154889 0.05561486631631851 0
1634798156032 0.08628829568624496 0
1634798157190 0.0619269534945488 0
1634798158331 0.0765220858156681 0
1634798159492 0.052885452285408974 0
1634798160678 0.05085457302629948 0
1634798162528 0.06424374505877495 0
1634798163729 0.05579143390059471 0
1634798164918 0.08627228066325188 0
1634798166113 0.07566395401954651 0
1634798167338 0.06737744621932507 0
1634798168532 0.07188336178660393 0
1634798169723 0.06285886093974113 0
1634798170920 0.07607666030526161 0
1634798172122 0.04070105589926243 0
1634798173288 0.07831023260951042 0
1634798175133 0.06734386645257473 0
1634798176346 0.06281981617212296 0
1634798177562 0.06995404325425625 0
1634798178760 0.07688594236969948 0
1634798179970 0.08120102062821388 0
1634798181138 0.056311773136258125 0
1634798182345 0.06319040432572365 0
1634798183551 0.05905039794743061 0
1634798184729 0.06422265060245991 0
1634798185907 0.059768201783299446 0
1634798187737 0.033666650764644146 0
1634798188926 0.05955526977777481 0
1634798190117 0.05764935724437237 0
1634798191292 0.07473666593432426 0
1634798192465 0.08541085198521614 0
1634798193621 0.06622966006398201 0
1634798194794 0.0683046318590641 0
1634798195955 0.06397221237421036 0
1634798197122 0.054033348336815834 0
1634798198296 0.047283491119742393 0
1634798200113 0.06371166929602623 0
1634798201286 0.05419629625976086 0
1634798202499 0.054395535960793495 0
1634798203705 0.05411393567919731 0
1634798204870 0.039603253826498985 0
1634798206027 0.0633024089038372 0
1634798207180 0.03980117477476597 0
1634798208374 0.05365799739956856 0
1634798209513 0.05570698529481888 0
1634798210657 0.05796858295798302 0
1634798212481 0.04482414200901985 0
1634798213663 0.05495988763868809 0
1634798214799 0.05320398323237896 0
1634798215949 0.04450888931751251 0
1634798217106 0.06932379677891731 0
1634798218297 0.05245385877788067 0
1634798219449 0.06582310423254967 0
1634798220614 0.06204990670084953 0
1634798221774 0.04361508507281542 0
1634798222946 0.04854920506477356 0
1634798225349 0.06627176702022552 0
1634798226498 0.06651785597205162 0
1634798227654 0.06823060661554337 0
1634798228842 0.06105293333530426 0
1634798229997 0.058104222640395164 0
1634798231153 0.08079074323177338 0
1634798232297 0.047930171713232994 0
1634798233480 0.056970879435539246 0
1634798234637 0.05128077231347561 0
1634798235793 0.052809590473771095 0
1634798237579 0.047706469893455505 0
1634798238747 0.06302392855286598 0
1634798239939 0.03975672088563442 0
1634798241077 0.05833582021296024 0
1634798242233 0.06089744530618191 0
1634798243383 0.03943915665149689 0
1634798244575 0.05787872523069382 0
1634798245735 0.043669797480106354 0
1634798246893 0.06184564344584942 0
1634798248060 0.07234643772244453 0
1634798249874 0.07526107504963875 0
1634798251046 0.06118919141590595 0
1634798252186 0.05435360595583916 0
1634798253341 0.05495302565395832 0
1634798254514 0.056242406368255615 0
1634798255676 0.0648878812789917 0
1634798256821 0.06390519440174103 0
1634798257981 0.060054836794734 0
1634798259137 0.035895686596632004 0
1634798260333 0.04132367856800556 0
1634798262122 0.059260375797748566 0
1634798263281 0.06167557090520859 0
1634798264438 0.03817892447113991 0
1634798265622 0.04642610810697079 0
1634798266762 0.05571163445711136 0
1634798267919 0.08415971510112286 0
1634798269075 0.04729223996400833 0
1634798270250 0.061261607334017754 0
1634798271430 0.04953255504369736 0
1634798272564 0.06212175637483597 0
1634798274369 0.04812624864280224 0
1634798275577 0.04579550214111805 0
1634798276736 0.05991963669657707 0
1634798277880 0.0599721260368824 0
1634798279044 0.05126701295375824 0
1634798280187 0.04056576918810606 0
1634798281377 0.04766659066081047 0
1634798282529 0.05876541696488857 0
1634798283681 0.05500045791268349 0
1634798284826 0.04836549237370491 0
1634798286666 0.05743773095309734 0
1634798287862 0.046553824096918106 0
1634798289038 0.046007245779037476 0
1634798290213 0.051534492522478104 0
1634798291407 0.028628086671233177 0
1634798292606 0.04711749590933323 0
1634798293772 0.04551188834011555 0
1634798294927 0.039453024975955486 0
1634798296109 0.04576936177909374 0
1634798297254 0.06189085729420185 0
1634798299023 0.03239274583756924 0
1634798300196 0.028829602524638176 0
1634798301339 0.03916941583156586 0
1634798302481 0.04195556044578552 0
1634798303638 0.058617137372493744 0
1634798304791 0.06806265562772751 0
1634798305931 0.043842791579663754 0
1634798307073 0.04187755845487118 0
1634798308230 0.05582047998905182 0
1634798309372 0.0400085374712944 0
1634798311157 0.037311138585209846 0
1634798312319 0.04932812228798866 0
1634798313460 0.04259767383337021 0
1634798314605 0.062016285955905914 0
1634798315746 0.03804211504757404 0
1634798316891 0.04439995996654034 0
1634798318033 0.028612373396754265 0
1634798319176 0.0418566670268774 0
1634798320339 0.04811189882457256 0
1634798321481 0.03991212695837021 0
1634798323257 0.036316826939582825 0
1634798324414 0.03407282382249832 0
1634798325568 0.03541506454348564 0
1634798326714 0.04391057230532169 0
1634798327856 0.036707392893731594 0
1634798329013 0.0319106038659811 0
1634798330159 0.04727618023753166 0
1634798331302 0.0421097744256258 0
1634798332460 0.038355475291609764 0
1634798333604 0.03737316653132439 0
1634798335400 0.052940838038921356 0
1634798336549 0.04667392186820507 0
1634798337706 0.033550956286489964 0
1634798338848 0.038823255337774754 0
1634798339991 0.05527949519455433 0
1634798341139 0.03996269591152668 0
1634798342283 0.02870008908212185 0
1634798343425 0.043878612108528614 0
1634798344582 0.04504495486617088 0
1634798345724 0.03249423485249281 0
1634798347507 0.046279897913336754 0
1634798348666 0.05063221603631973 0
1634798349807 0.041342271491885185 0
1634798350963 0.03864206001162529 0
1634798352112 0.0510412510484457 0
1634798353258 0.04264932777732611 0
1634798354400 0.044803877361118793 0
1634798355542 0.038762085139751434 0
1634798356707 0.0519116073846817 0
1634798357848 0.040400855243206024 0
1634798359629 0.03237476386129856 0
1634798360784 0.04334462247788906 0
1634798361941 0.04119484685361385 0
1634798363067 0.04744061455130577 0
1634798364226 0.033961690962314606 0
1634798365375 0.029346724972128868 0
1634798366534 0.027879084460437298 0
1634798367726 0.042177964001894 0
1634798368920 0.04645247757434845 0
1634798370103 0.03223059978336096 0
1634798371948 0.03794356435537338 0
1634798373126 0.02627638913691044 0
1634798374303 0.04031943902373314 0
1634798375480 0.035270482301712036 0
1634798376668 0.03333892300724983 0
1634798377846 0.04807467199862003 0
1634798379030 0.029945245943963528 0
1634798380251 0.030774462036788464 0
1634798381500 0.03561748191714287 0
1634798382697 0.03526104986667633 0
1634798384508 0.02683394029736519 0
1634798385699 0.03414006158709526 0
1634798386888 0.042896296828985214 0
1634798388070 0.040102237835526466 0
1634798389234 0.04044705582782626 0
1634798390409 0.041176943108439445 0
1634798391623 0.030509687028825283 0
1634798392843 0.04310867376625538 0
1634798394029 0.021400144789367914 0
1634798395200 0.030917160212993622 0
1634798397053 0.02791496552526951 0
1634798398217 0.034782106056809425 0
1634798399398 0.031907918862998486 0
1634798400612 0.017682043835520744 0
1634798401825 0.02867030818015337 0
1634798402982 0.03199632838368416 0
1634798404160 0.02712460793554783 0
1634798405360 0.032889352180063725 0
1634798406613 0.04349295236170292 0
1634798407809 0.02552955225110054 0
1634798409663 0.03986038826406002 0
1634798410846 0.03296058997511864 0
1634798412053 0.028275467455387115 0
1634798413237 0.029413633979856968 0
1634798414432 0.03198265843093395 0
1634798415583 0.03586926683783531 0
1634798416770 0.02950097154825926 0
1634798417951 0.040993573144078255 0
1634798419114 0.026343101635575294 0
1634798420275 0.027360355481505394 0
1634798422101 0.031880549155175686 0
1634798423301 0.03862144611775875 0
1634798424483 0.018237682059407234 0
1634798425654 0.030850375071167946 0
1634798426823 0.030158224515616894 0
1634798428016 0.02218157984316349 0
1634798429165 0.025947613641619682 0
1634798430342 0.036067478358745575 0
1634798431557 0.023817322216928005 0
1634798432787 0.016821781173348427 0
1634798434615 0.022352865897119045 0
1634798435767 0.03166372515261173 0
1634798436927 0.02787709329277277 0
1634798438118 0.0380697138607502 0
1634798439309 0.0328508373349905 0
1634798440467 0.024400804191827774 0
1634798441681 0.027809804305434227 0
1634798442870 0.032621780410408974 0
1634798444070 0.02396559901535511 0
1634798445235 0.028621303848922253 0
1634798447829 0.033285144716501236 0
1634798449036 0.03316420502960682 0
1634798450209 0.02403077483177185 0
1634798451389 0.01572197861969471 0
1634798452585 0.03349293768405914 0
1634798453818 0.02843666449189186 0
1634798455009 0.01518277358263731 0
1634798456185 0.017687951680272818 0
1634798457350 0.022395994514226913 0
1634798458515 0.025997995398938656 0
1634798460330 0.02374881599098444 0
1634798461492 0.021976949647068977 0
1634798462630 0.017767336685210466 0
1634798463812 0.015351608861237764 0
1634798464978 0.03151686582714319 0
1634798466123 0.02563333697617054 0
1634798467267 0.023989400826394558 0
1634798468431 0.020220198668539524 0
1634798469641 0.03122141771018505 0
1634798470789 0.029904439114034176 0
1634798472570 0.03105282038450241 0
1634798473727 0.016611416824162006 0
1634798474918 0.015878662932664156 0
1634798476085 0.027262447401881218 0
1634798477260 0.020714104175567627 0
1634798478445 0.02007270324975252 0
1634798479635 0.01703467406332493 0
1634798480845 0.02135078515857458 0
1634798482060 0.026703469455242157 0
1634798483270 0.034143559634685516 0
1634798485117 0.0230312324129045 0
1634798486306 0.020919260568916798 0
1634798487488 0.02194998599588871 0
1634798488688 0.020216815173625946 0
1634798489885 0.02449607104063034 0
1634798491102 0.01676829718053341 0
1634798492283 0.01482787262648344 0
1634798493441 0.021894022822380066 0
1634798494599 0.017630632035434246 0
1634798495804 0.026509322226047516 0
1634798497628 0.014360542874783278 0
1634798498817 0.01925207767635584 0
1634798499984 0.021216245368123055 0
1634798501179 0.017569820396602154 0
1634798502350 0.016446816734969616 0
1634798503510 0.018135973252356052 0
1634798504682 0.02342131920158863 0
1634798505867 0.015647302381694317 0
1634798507062 0.017861006315797567 0
1634798508241 0.023078061640262604 0
1634798510079 0.018219646532088518 0
1634798511301 0.022244460880756378 0
1634798512504 0.012328685261309147 0
1634798513679 0.016506840009242296 0
1634798514876 0.01759829604998231 0
1634798516073 0.018424140755087137 0
1634798517257 0.012010295875370502 0
1634798518417 0.015119185671210289 0
1634798519605 0.012963896617293358 0
1634798520806 0.010607946664094925 0
1634798522706 0.019785452634096146 0
1634798523900 0.01547850389033556 0
1634798525070 0.02590353414416313 0
1634798526248 0.011538959108293056 0
1634798527456 0.009927234146744013 0
1634798528655 0.01472465367987752 0
1634798529830 0.012923249509185553 0
1634798531023 0.011284343898296356 0
1634798532234 0.015642883721739054 0
1634798533439 0.017450408078730106 0
1634798535271 0.021881471388041973 0
1634798536468 0.013977691531181335 0
1634798537672 0.015262166503816843 0
1634798538852 0.015252907760441303 0
1634798540015 0.014702895656228065 0
1634798541156 0.01607754547148943 0
1634798542333 0.013367485720664263 0
1634798543501 0.012779394164681435 0
1634798544658 0.014900732785463333 0
1634798545802 0.014617987908422947 0
1634798547635 0.009885384934023023 0
1634798548799 0.012087530456483364 0
1634798549964 0.010357784572988749 0
1634798551167 0.020377600099891424 0
1634798552374 0.01125192642211914 0
1634798553583 0.012821747921407223 0
1634798554798 0.012061917688697577 0
1634798555992 0.011319647543132305 0
1634798557175 0.010694871190935373 0
1634798558406 0.01209230674430728 0
1634798560291 0.009706787066534162 0
1634798561512 0.009861752390861511 0
1634798562686 0.010162420803681016 0
1634798563888 0.010103610809892416 0
1634798565053 0.010572870261967182 0
1634798566229 0.008703303057700396 0
1634798567408 0.007469715434126556 0
1634798568598 0.009782146662473679 0
1634798569765 0.00909242918714881 0
1634798570922 0.009560930076986551 0
1634798572720 0.01031226385384798 0
1634798573925 0.007036441005766392 0
1634798575084 0.007054483750835061 0
1634798576235 0.010007967706769705 0
1634798577376 0.01522265374660492 0
1634798578535 0.007282166508957744 0
1634798579719 0.008611526805907488 0
1634798580874 0.007571332156658173 0
1634798582015 0.010323240421712399 0
1634798583167 0.007738801767118275 0
1634798584994 0.005228055524639785 0
1634798586156 0.013955895323306322 0
1634798587297 0.006520528811961412 0
1634798588455 0.007109211524948478 0
1634798589640 0.013989894185215235 0
1634798590781 0.0061812615022063255 0
1634798591926 0.006972870673052967 0
1634798593086 0.005778993014246225 0
1634798594265 0.006748260115273297 0
1634798595472 0.006108435685746372 0
1634798597264 0.005820436752401292 0
1634798598452 0.005511956289410591 0
1634798599631 0.00572235556319356 0
1634798600832 0.00457922974601388 0
1634798602003 0.00619839271530509 0
1634798603174 0.004953877243679017 0
1634798604339 0.005997041938826442 0
1634798605529 0.005125772790051997 0
1634798606682 0.0074070628033950925 0
