1630998221776 0.7268898461956577 0
1630998470997 0.5278239293270802 0
1630998726563 0.43782774727028556 0
1630998973712 0.3887339018913637 0
1630999220263 0.3578399778848669 0
1630999471531 0.34162035045853567 0
1630999719421 0.3250781053520109 0
1630999961209 0.3049268704580973 0
1631000199658 0.294280016278646 0
1631000441155 0.2868886421243827 0
1631000684397 0.2685197178857874 0
1631000927207 0.2620831631034252 0
1631001170649 0.2518394047237304 0
1631001410386 0.24702333039548022 0
1631001651974 0.23900973330061126 0
1631001893738 0.23353646426315766 0
1631002133176 0.22331486803939543 0
1631002372232 0.21802290196878363 0
1631002611902 0.2118657543716661 0
1631002850715 0.21110864647899774 0
1631003101616 0.2074489295482635 0
1631003340462 0.19869575012161075 0
1631003580306 0.19481132547539398 0
1631003818693 0.1969984733914754 0
1631004057397 0.19540145203291648 0
1631004295936 0.18746464439185273 0
1631004537883 0.18181428277348902 0
1631004776418 0.1768211043742766 0
1631005015742 0.17838401571813836 0
1631005254745 0.17265324743397262 0
1631005497747 0.1713460906442388 0
1631005739258 0.16682846646711041 0
1631005981807 0.18296007219567353 0
1631006222752 0.17234210544321915 0
1631006464940 0.17010786878057274 0
1631006704267 0.15934024984578055 0
1631006944772 0.15626860167606763 0
1631007189561 0.1557712009154169 0
1631007427938 0.15358996391296392 0
1631007665545 0.15575378702347534 0
1631007915852 0.1499547358736935 0
1631008154089 0.14845811387142502 0
1631008391507 0.14517075254256462 0
1631008630578 0.14227220308349792 0
1631008867818 0.14307115882276053 0
1631009108037 0.14337634573499838 0
1631009346089 0.13979107715997355 0
1631009585290 0.14048180486782494 0
1631009824006 0.140537409538246 0
1631010062745 0.1400451624249837 0
1631010304622 0.14642847051103433 0
1631010547266 0.13578459261411652 0
1631010791830 0.13029369711875916 0
1631011030393 0.1277313480176122 0
1631011272280 0.12518088034836652 0
1631011511850 0.12337069698126919 0
1631011751466 0.12238860992063959 0
1631011993313 0.12129461083067468 0
1631012241011 0.11989563811256226 0
1631012480776 0.11877248409282734 0
1631012736381 0.1186165694730828 0
1631012975705 0.11670673683465245 0
1631013216603 0.11688787391386836 0
1631013458022 0.11528541847883934 0
1631013697065 0.11500600806201794 0
1631013937561 0.11357778562120642 0
1631014179353 0.11236170508775366 0
1631014424093 0.11353954780532659 0
1631014662801 0.11313671448144566 0
1631014903074 0.11183088766523155 0
1631015144458 0.10998001299708719 0
1631015383096 0.10949519420244608 0
1631015620910 0.1084053336855877 0
1631015858745 0.1074288013469742 0
1631016097103 0.10641962505248656 0
1631016338964 0.10638506333511992 0
1631016579211 0.1065492633595524 0
1631016817606 0.10609633556331503 0
1631017055893 0.106294999639672 0
1631017295374 0.1069459660225604 0
1631017547321 0.10487915737083156 0
1631017786147 0.10396713413387898 0
1631018027696 0.10665565190545043 0
1631018268930 0.10383830946612069 0
1631018507639 0.10225078571273619 0
1631018749830 0.1010787447532976 0
1631018989541 0.10217608673026762 0
1631019232883 0.10071571368768988 0
1631019473875 0.09964287999164625 0
1631019713109 0.09865648452057896 0
1631019953451 0.09782937923109673 0
1631020190758 0.0977734384766544 0
1631020432862 0.09770379942583747 0
1631020669321 0.09696384761706896 0
1631020908415 0.09841948998979774 0
1631021142718 0.0977969535862107 0
1631021380482 0.09634346954793815 0
1631021612896 0.09595939445208353 0
1631021850975 0.09507430784673573 0
1631022091742 0.09651939373418511 0
1631022346338 0.09581087619425302 0
1631022587081 0.09436768293380735 0
1631022829300 0.10229062854525557 0
1631023069563 0.09635631865765669 0
1631023309139 0.09584992836756882 0
1631023550937 0.09441946752100101 0
1631023790539 0.09331949647650656 0
1631024031475 0.09269925162016626 0
1631024273631 0.09214922175349954 0
1631024513818 0.0919351714203157 0
1631024758395 0.09132452398897652 0
1631025000534 0.09047365727194821 0
1631025240664 0.09300069852047653 0
1631025484082 0.09131949242339071 0
1631025725803 0.09019105046628464 0
1631025967288 0.08964205003646482 0
1631026211541 0.08908865178924012 0
1631026453441 0.08937384601098944 0
1631026695591 0.08919505002986952 0
1631026939366 0.08867147421262346 0
1631027195528 0.08906515104224887 0
1631027436515 0.09002218296728934 0
1631027673249 0.08979584079190907 0
1631027910782 0.08879888704024172 0
1631028144597 0.08773435598396394 0
1631028377789 0.08726593708417496 0
1631028609943 0.0871271993740495 0
1631028842125 0.0870535043348749 0
1631029073995 0.08671490471047089 0
1631029309545 0.08684652038367396 0
1631029543524 0.08621430756097817 0
1631029775831 0.08722088135868672 0
1631030008686 0.08661471253418063 0
1631030241952 0.08879509711840067 0
1631030478998 0.08670707603535022 0
1631030713244 0.08615524725741651 0
1631030946193 0.0851763831563743 0
1631031178237 0.08426410893359816 0
1631031409666 0.08448928163712291 0
1631031642173 0.08495840214821233 0
1631031886464 0.08451769043164079 0
1631032118939 0.08361539998686457 0
1631032356937 0.08387369707406288 0
1631032595160 0.08976982695510592 0
1631032828471 0.0884690385266959 0
1631033064442 0.08997711826519798 0
1631033297740 0.0857430236885347 0
1631033530604 0.08423023159245409 0
1631033765095 0.08302906335118304 0
1631033997845 0.08235606622983174 0
1631034231402 0.082883742559387 0
1631034463797 0.08590985816645337 0
1631034696410 0.08340713417673684 0
1631034929196 0.08252114775669145 0
1631035165745 0.08174681735326009 0
1631035397974 0.0818258936864784 0
1631035630851 0.08165064633610737 0
1631035864085 0.08111491907073791 0
1631036103842 0.08089491294091011 0
1631036338708 0.08192129594733914 0
1631036582281 0.08271398170884832 0
1631036814683 0.08520434204354341 0
1631037048191 0.08171247179249684 0
1631037281655 0.08083427993648022 0
1631037514514 0.08037072456026645 0
1631037748555 0.08021890434874111 0
1631037983268 0.08035642231803343 0
1631038216627 0.082380694438176 0
1631038455008 0.08077565553676655 0
1631038689038 0.07986999491611159 0
1631038924613 0.08000518507268056 0
1631039157237 0.08404655341642452 0
1631039388956 0.08144621748522103 0
1631039621305 0.0841631393834769 0
1631039853358 0.08254122698163414 0
1631040085773 0.08021636863788925 0
1631040318461 0.07945771317884148 0
1631040550942 0.07999571116573839 0
1631040783992 0.07896229445216167 0
1631041017105 0.07869737334998254 0
1631041266936 0.07799465110503048 0
1631041500968 0.07814529717686662 0
1631041734200 0.07835487608450005 0
1631041971975 0.07854623392403844 0
1631042206041 0.08150894024285923 0
1631042441130 0.08135135992463813 0
1631042676292 0.08163704175546943 0
1631042916268 0.07883513296943112 0
1631043157143 0.07807927713336714 0
1631043398512 0.0775422116360032 0
1631043636638 0.07705644311675112 0
1631043868866 0.07726554590535453 0
1631044103777 0.07733622372868547 0
1631044338758 0.08073661018566912 0
1631044573615 0.07905882668782434 0
1631044809802 0.07771943383906259 0
1631045043839 0.07711034402789843 0
1631045279711 0.07775770756135514 0
1631045519437 0.07712825773710227 0
1631045767425 0.07701345560062363 0
