1634264848379 0.6982415318489075 0
1634264850515 0.47092923521995544 0
1634264851250 0.5200856924057007 0
1634264851997 0.45125705003738403 0
1634264852727 0.4142223596572876 0
1634264853458 0.40807482600212097 0
1634264854161 0.4908677041530609 0
1634264854860 0.3283691704273224 0
1634264855562 0.40107062458992004 0
1634264856270 0.32364246249198914 0
1634264856967 0.33371222019195557 0
1634264857688 0.3159427344799042 0
1634264858392 0.36777788400650024 0
1634264859101 0.32006126642227173 0
1634264859797 0.3431521952152252 0
1634264860501 0.29062420129776 0
1634264861229 0.37725892663002014 0
1634264861959 0.28829699754714966 0
1634264862648 0.3046494722366333 0
1634264863372 0.3023339807987213 0
1634264864081 0.3182612955570221 0
1634264866217 0.26608675718307495 0
1634264866917 0.28896957635879517 0
1634264867619 0.2893732488155365 0
1634264868327 0.30603742599487305 0
1634264869043 0.3005918562412262 0
1634264869757 0.3104700446128845 0
1634264870459 0.2880306839942932 0
1634264871172 0.2576196789741516 0
1634264871898 0.24221578240394592 0
1634264872600 0.3264870345592499 0
1634264873288 0.24929240345954895 0
1634264874004 0.26853564381599426 0
1634264874726 0.30754348635673523 0
1634264875446 0.29911163449287415 0
1634264876139 0.23860043287277222 0
1634264876853 0.2481379359960556 0
1634264877538 0.2488044649362564 0
1634264878251 0.2872459888458252 0
1634264878950 0.35818612575531006 0
1634264879651 0.25893691182136536 0
1634264881808 0.2788344919681549 0
1634264882513 0.24782665073871613 0
1634264883218 0.2709781229496002 0
1634264883931 0.2916680872440338 0
1634264884629 0.2613365650177002 0
1634264885352 0.25232264399528503 0
1634264886107 0.22184383869171143 0
1634264886824 0.20588801801204681 0
1634264887552 0.21370606124401093 0
1634264888285 0.19486504793167114 0
1634264889014 0.20688800513744354 0
1634264889729 0.2452416718006134 0
1634264890425 0.245364248752594 0
1634264891166 0.20876429975032806 0
1634264891877 0.20507504045963287 0
1634264892605 0.20507386326789856 0
1634264893329 0.22427847981452942 0
1634264894043 0.20059533417224884 0
1634264894780 0.18618342280387878 0
1634264895506 0.25332486629486084 0
1634264897674 0.19154712557792664 0
1634264898382 0.18442890048027039 0
1634264899115 0.22115501761436462 0
1634264899844 0.20260825753211975 0
1634264900560 0.1953275054693222 0
1634264901305 0.2077437788248062 0
1634264902012 0.186957448720932 0
1634264902732 0.1802951842546463 0
1634264903444 0.23009902238845825 0
1634264904154 0.20419888198375702 0
1634264904902 0.2092767357826233 0
1634264905650 0.1692781001329422 0
1634264906392 0.23912940919399261 0
1634264907098 0.19170860946178436 0
1634264907805 0.17829285562038422 0
1634264908540 0.23783352971076965 0
1634264909250 0.19576230645179749 0
1634264909965 0.19614194333553314 0
1634264910671 0.20359507203102112 0
1634264911381 0.194364532828331 0
1634264913587 0.1748458594083786 0
1634264914306 0.16301721334457397 0
1634264915040 0.24046465754508972 0
1634264915770 0.18787038326263428 0
1634264916484 0.2263864427804947 0
1634264917207 0.201879620552063 0
1634264917912 0.1677299439907074 0
1634264918654 0.17684303224086761 0
1634264919367 0.20395925641059875 0
1634264920106 0.24428382515907288 0
1634264920834 0.26331862807273865 0
1634264921556 0.24333925545215607 0
1634264922299 0.21479655802249908 0
1634264923043 0.21397478878498077 0
1634264923760 0.22730326652526855 0
1634264924462 0.21674232184886932 0
1634264925170 0.21956950426101685 0
1634264925878 0.1542569398880005 0
1634264926598 0.167683944106102 0
1634264927303 0.19643260538578033 0
1634264929479 0.16514140367507935 0
1634264930186 0.19675692915916443 0
1634264930889 0.16233918070793152 0
1634264931597 0.15251515805721283 0
1634264932309 0.1539379209280014 0
1634264933051 0.17041778564453125 0
1634264933770 0.1862604022026062 0
1634264934489 0.18505188822746277 0
1634264935194 0.19182702898979187 0
1634264935894 0.2008829116821289 0
1634264936611 0.15136905014514923 0
1634264937326 0.17668762803077698 0
1634264938053 0.1746494621038437 0
1634264938759 0.18896877765655518 0
1634264939460 0.21370212733745575 0
1634264940174 0.20937779545783997 0
1634264940887 0.19644302129745483 0
1634264941601 0.18790459632873535 0
1634264942321 0.2751343250274658 0
1634264943053 0.2875169515609741 0
1634264945343 0.2900836169719696 0
1634264946073 0.18093712627887726 0
1634264946829 0.20966528356075287 0
1634264947574 0.2031123787164688 0
1634264948320 0.21015481650829315 0
1634264949073 0.23820163309574127 0
1634264949827 0.2095886617898941 0
1634264950577 0.2191181778907776 0
1634264951306 0.1944669783115387 0
1634264952009 0.2745862305164337 0
1634264952717 0.26198363304138184 0
1634264953421 0.17976310849189758 0
1634264954180 0.21770113706588745 0
1634264954911 0.20049495995044708 0
1634264955621 0.219448521733284 0
1634264956327 0.31311845779418945 0
1634264957045 0.22981342673301697 0
1634264957767 0.22047282755374908 0
1634264958477 0.18975305557250977 0
1634264959184 0.18179918825626373 0
1634264961350 0.15978161990642548 0
1634264962049 0.18406328558921814 0
1634264962762 0.21535630524158478 0
1634264963477 0.23769500851631165 0
1634264964182 0.1879473477602005 0
1634264964912 0.20840437710285187 0
1634264965636 0.2218235284090042 0
1634264966350 0.18097513914108276 0
1634264967067 0.17222212255001068 0
1634264967819 0.15901650488376617 0
1634264968563 0.18642130494117737 0
1634264969294 0.1510011851787567 0
1634264970014 0.18342439830303192 0
1634264970726 0.1741735190153122 0
1634264971453 0.1685103178024292 0
1634264972164 0.18541765213012695 0
1634264972876 0.1630045473575592 0
1634264973591 0.17377597093582153 0
1634264974304 0.15126989781856537 0
1634264975029 0.14824683964252472 0
1634264977213 0.17605412006378174 0
1634264977914 0.1726599633693695 0
1634264978629 0.148637592792511 0
1634264979366 0.188526451587677 0
1634264980103 0.1572631150484085 0
1634264980812 0.20499677956104279 0
1634264981530 0.14767256379127502 0
1634264982241 0.15174110233783722 0
1634264982951 0.14533668756484985 0
1634264983671 0.1437949687242508 0
1634264984434 0.1652289479970932 0
1634264985161 0.2034703642129898 0
1634264985916 0.15530624985694885 0
1634264986653 0.1652763932943344 0
1634264987365 0.17788374423980713 0
1634264988097 0.17357459664344788 0
1634264988819 0.16970624029636383 0
1634264989571 0.14070068299770355 0
1634264990290 0.1678701490163803 0
1634264991025 0.1708436757326126 0
1634264993316 0.1563751995563507 0
1634264994037 0.1397567242383957 0
1634264994731 0.17955705523490906 0
1634264995441 0.14692535996437073 0
1634264996146 0.13577590882778168 0
1634264996860 0.15949507057666779 0
1634264997575 0.16525235772132874 0
1634264998282 0.13654957711696625 0
1634264998998 0.16692215204238892 0
1634264999748 0.14627139270305634 0
1634265000491 0.18258868157863617 0
1634265001219 0.19615191221237183 0
1634265001927 0.17601513862609863 0
1634265002659 0.1951058954000473 0
1634265003408 0.16409488022327423 0
1634265004142 0.18780365586280823 0
1634265004851 0.1704733669757843 0
1634265005578 0.181297168135643 0
1634265006289 0.15421336889266968 0
1634265006993 0.14846578240394592 0
1634265009129 0.15994799137115479 0
1634265009842 0.1413995325565338 0
1634265010558 0.1212010383605957 0
1634265011264 0.14547912776470184 0
1634265011972 0.14541226625442505 0
1634265012686 0.178325355052948 0
1634265013394 0.15040023624897003 0
1634265014114 0.15560245513916016 0
1634265014816 0.13729992508888245 0
1634265015523 0.17048628628253937 0
1634265016225 0.17013661563396454 0
1634265016938 0.22094933688640594 0
1634265017644 0.15726381540298462 0
1634265018349 0.13697980344295502 0
1634265019066 0.16512435674667358 0
1634265019785 0.15336892008781433 0
1634265020494 0.16842621564865112 0
1634265021201 0.1488499939441681 0
1634265021918 0.13805118203163147 0
1634265022642 0.1341692954301834 0
1634265024791 0.12210109829902649 0
1634265025503 0.14872249960899353 0
1634265026216 0.13987533748149872 0
1634265026929 0.14577999711036682 0
1634265027658 0.17339371144771576 0
1634265028379 0.152918741106987 0
1634265029106 0.15654779970645905 0
1634265029822 0.12382469326257706 0
1634265030540 0.12430030107498169 0
1634265031243 0.13429735600948334 0
1634265031953 0.1361839324235916 0
1634265032656 0.1418488621711731 0
1634265033367 0.12254403531551361 0
1634265034086 0.12352228909730911 0
1634265034804 0.14543461799621582 0
1634265035510 0.1295085996389389 0
1634265036213 0.21938280761241913 0
1634265036925 0.20685015618801117 0
1634265037627 0.18080894649028778 0
1634265038331 0.15044377744197845 0
1634265040477 0.14731918275356293 0
1634265041189 0.14540383219718933 0
1634265041899 0.128934845328331 0
1634265042609 0.14593340456485748 0
1634265043316 0.11635188013315201 0
1634265044016 0.15541578829288483 0
1634265044742 0.14457476139068604 0
1634265045438 0.14452582597732544 0
1634265046153 0.1481807827949524 0
1634265046857 0.15615727007389069 0
1634265047563 0.13460904359817505 0
1634265048263 0.11917217820882797 0
1634265048976 0.1336837112903595 0
1634265049679 0.1304718405008316 0
1634265050385 0.16379688680171967 0
1634265051095 0.14425091445446014 0
1634265051850 0.11770051717758179 0
1634265052589 0.1387786865234375 0
1634265053299 0.12475767731666565 0
1634265054022 0.13442634046077728 0
1634265056295 0.13258005678653717 0
1634265057014 0.12597963213920593 0
1634265057732 0.15147188305854797 0
1634265058455 0.13129191100597382 0
1634265059179 0.13496136665344238 0
1634265059903 0.13459175825119019 0
1634265060610 0.1522316187620163 0
1634265061342 0.12226194888353348 0
1634265062098 0.13219645619392395 0
1634265062820 0.12628427147865295 0
1634265063536 0.11488012969493866 0
1634265064268 0.12924174964427948 0
1634265064996 0.1353733241558075 0
1634265065722 0.1461735963821411 0
1634265066434 0.11407285928726196 0
1634265067164 0.12802723050117493 0
1634265067885 0.11719410866498947 0
1634265068580 0.14829103648662567 0
1634265069305 0.13849063217639923 0
1634265070023 0.1507158726453781 0
1634265072162 0.1355447918176651 0
1634265072880 0.13514196872711182 0
1634265073587 0.13709105551242828 0
1634265074288 0.13549335300922394 0
1634265074993 0.13051842153072357 0
1634265075705 0.1650954931974411 0
1634265076431 0.1371813714504242 0
1634265077157 0.10875158756971359 0
1634265077860 0.13628627359867096 0
1634265078555 0.14211316406726837 0
1634265079259 0.14919903874397278 0
1634265079975 0.15648502111434937 0
1634265080703 0.1271544098854065 0
1634265081428 0.12907160818576813 0
1634265082152 0.11772806942462921 0
1634265082893 0.12245859950780869 0
1634265083648 0.15075868368148804 0
1634265084371 0.1366329789161682 0
1634265085097 0.11055686324834824 0
1634265085813 0.10855600237846375 0
1634265087980 0.12617480754852295 0
1634265088697 0.14506486058235168 0
1634265089408 0.1415627896785736 0
1634265090125 0.12370634824037552 0
1634265090852 0.13990920782089233 0
1634265091579 0.13164521753787994 0
1634265092300 0.11287301033735275 0
1634265093010 0.11524180322885513 0
1634265093726 0.11275826394557953 0
1634265094454 0.13672754168510437 0
1634265095181 0.12568454444408417 0
1634265095897 0.10507658123970032 0
1634265096590 0.11607159674167633 0
1634265097317 0.1309160739183426 0
1634265098052 0.12739725410938263 0
1634265098776 0.1365593522787094 0
1634265099497 0.09715677797794342 0
1634265100228 0.10882386565208435 0
1634265100960 0.1522715985774994 0
1634265101679 0.10245516151189804 0
1634265103830 0.12893131375312805 0
1634265104552 0.12958799302577972 0
1634265105277 0.13031886518001556 0
1634265105991 0.10027315467596054 0
1634265106701 0.12756823003292084 0
1634265107413 0.0996582880616188 0
1634265108116 0.09735910594463348 0
1634265108820 0.11836331337690353 0
1634265109513 0.13237857818603516 0
1634265110243 0.13254092633724213 0
1634265110951 0.12918402254581451 0
1634265111679 0.10839966684579849 0
1634265112403 0.09646579623222351 0
1634265113120 0.12898539006710052 0
1634265113825 0.10459330677986145 0
1634265114567 0.12954232096672058 0
1634265115283 0.1052083671092987 0
1634265115987 0.100777268409729 0
1634265116692 0.09314749389886856 0
1634265117398 0.10334144532680511 0
1634265119572 0.12484137713909149 0
1634265120273 0.127245232462883 0
1634265120984 0.1061677411198616 0
1634265121730 0.09534347057342529 0
1634265122452 0.12367436289787292 0
1634265123155 0.09100418537855148 0
1634265123876 0.12839341163635254 0
1634265124609 0.10423391312360764 0
1634265125336 0.09804680943489075 0
1634265126050 0.13043983280658722 0
1634265126766 0.1324230134487152 0
1634265127478 0.12804774940013885 0
1634265128191 0.10099765658378601 0
1634265128912 0.12542234361171722 0
1634265129612 0.12535902857780457 0
1634265130345 0.13817274570465088 0
1634265131055 0.1294587254524231 0
1634265131781 0.10971563309431076 0
1634265132510 0.11330956965684891 0
1634265133219 0.11527740210294724 0
1634265135486 0.12267276644706726 0
1634265136207 0.09686794877052307 0
1634265136914 0.13384585082530975 0
1634265137628 0.11113976687192917 0
1634265138345 0.12635429203510284 0
1634265139086 0.09833278506994247 0
1634265139826 0.09607087820768356 0
1634265140542 0.09264402091503143 0
1634265141257 0.13044734299182892 0
1634265141970 0.0921056866645813 0
1634265142688 0.08902784436941147 0
1634265143408 0.12287338823080063 0
1634265144135 0.1273629069328308 0
1634265144861 0.10451341420412064 0
1634265145593 0.12482064217329025 0
1634265146325 0.09505391865968704 0
1634265147044 0.13125081360340118 0
1634265147739 0.14576970040798187 0
1634265148456 0.15792956948280334 0
1634265149163 0.1933620572090149 0
1634265151341 0.14840912818908691 0
1634265152046 0.1485290229320526 0
1634265152745 0.14850187301635742 0
1634265153491 0.1445818394422531 0
1634265154214 0.14848582446575165 0
1634265154939 0.1480301320552826 0
1634265155652 0.14036503434181213 0
1634265156377 0.13308946788311005 0
1634265157098 0.11906802654266357 0
1634265157828 0.1386781483888626 0
1634265158581 0.12185267359018326 0
1634265159296 0.12022633850574493 0
1634265160006 0.14449220895767212 0
1634265160718 0.12359274923801422 0
1634265161465 0.12311135977506638 0
1634265162205 0.10498840361833572 0
1634265162919 0.13352730870246887 0
1634265163636 0.10957133024930954 0
1634265164337 0.14373661577701569 0
1634265165045 0.1163329929113388 0
1634265167213 0.12896589934825897 0
1634265167928 0.1265781968832016 0
1634265168632 0.142823725938797 0
1634265169345 0.13432471454143524 0
1634265170062 0.13987742364406586 0
1634265170789 0.12523725628852844 0
1634265171526 0.15019617974758148 0
1634265172269 0.14587895572185516 0
1634265172995 0.12558266520500183 0
1634265173712 0.1521805226802826 0
1634265174428 0.1162879467010498 0
1634265175134 0.1437513530254364 0
1634265175849 0.1220628023147583 0
1634265176567 0.12450269609689713 0
1634265177278 0.13770899176597595 0
1634265178027 0.11814238131046295 0
1634265178764 0.12506400048732758 0
1634265179481 0.13168464601039886 0
1634265180195 0.10485461354255676 0
1634265180913 0.11409740895032883 0
1634265183070 0.11113636195659637 0
1634265183754 0.14741326868534088 0
1634265184483 0.13690590858459473 0
1634265185197 0.10929833352565765 0
1634265185914 0.10931909829378128 0
1634265186626 0.11266230046749115 0
1634265187345 0.11189499497413635 0
1634265188063 0.11133544892072678 0
1634265188785 0.13077813386917114 0
1634265189493 0.10338988155126572 0
1634265190205 0.10433230549097061 0
1634265190910 0.09776773303747177 0
1634265191603 0.10701005905866623 0
1634265192308 0.11381392925977707 0
1634265193039 0.14966584742069244 0
1634265193744 0.12194321304559708 0
1634265194447 0.10295233130455017 0
1634265195150 0.1296710968017578 0
1634265195872 0.10346084088087082 0
1634265196594 0.11500034481287003 0
1634265198732 0.10877633839845657 0
1634265199443 0.09872724115848541 0
1634265200182 0.13683240115642548 0
1634265200931 0.10587972402572632 0
1634265201661 0.13612113893032074 0
1634265202409 0.11678921431303024 0
1634265203136 0.11007335782051086 0
1634265203841 0.10634996742010117 0
1634265204540 0.1374167501926422 0
1634265205248 0.13973771035671234 0
1634265205951 0.14385969936847687 0
1634265206662 0.14104819297790527 0
1634265207366 0.11964897811412811 0
1634265208070 0.10414984822273254 0
1634265208779 0.1436624526977539 0
1634265209482 0.12769843637943268 0
1634265210190 0.11279422789812088 0
1634265210910 0.10565049946308136 0
1634265211637 0.10283935815095901 0
1634265212367 0.13752660155296326 0
1634265214561 0.1126573458313942 0
1634265215312 0.1004878506064415 0
1634265216051 0.14286579191684723 0
1634265216763 0.10764565318822861 0
1634265217485 0.11591774970293045 0
1634265218221 0.11798363924026489 0
1634265218926 0.1266671121120453 0
1634265219637 0.13445375859737396 0
1634265220339 0.10574518889188766 0
1634265221032 0.09868476539850235 0
1634265221750 0.14065833389759064 0
1634265222451 0.13676126301288605 0
1634265223189 0.11315350979566574 0
1634265223895 0.11204249411821365 0
1634265224597 0.12257814407348633 0
1634265225326 0.09655889123678207 0
1634265226038 0.1374540627002716 0
1634265226766 0.12349764257669449 0
1634265227486 0.105565644800663 0
1634265228179 0.10179892927408218 0
1634265230499 0.13289958238601685 0
1634265231182 0.13300855457782745 0
1634265231898 0.10016808658838272 0
1634265232603 0.12437712401151657 0
1634265233309 0.09762441366910934 0
1634265234018 0.13717883825302124 0
1634265234729 0.14108426868915558 0
1634265235441 0.13389571011066437 0
1634265236147 0.12629848718643188 0
1634265236844 0.1240948960185051 0
1634265237565 0.09889363497495651 0
1634265238278 0.1082213819026947 0
1634265238980 0.10269582271575928 0
1634265239685 0.10124030709266663 0
1634265240395 0.1290283054113388 0
1634265241101 0.10490293800830841 0
1634265241806 0.1369253545999527 0
1634265242510 0.1179564893245697 0
1634265243219 0.13217556476593018 0
1634265243925 0.1300666779279709 0
1634265246102 0.09497474879026413 0
1634265246801 0.10097967088222504 0
1634265247505 0.10777423530817032 0
1634265248211 0.12511689960956573 0
1634265248916 0.12711669504642487 0
1634265249630 0.133343905210495 0
1634265250319 0.153165802359581 0
1634265251028 0.1377791464328766 0
1634265251732 0.14924927055835724 0
1634265252435 0.1423129439353943 0
1634265253152 0.14105582237243652 0
1634265253866 0.13680198788642883 0
1634265254573 0.12051375210285187 0
1634265255276 0.13715684413909912 0
1634265255980 0.12795229256153107 0
1634265256683 0.13513141870498657 0
1634265257419 0.1229243353009224 0
1634265258106 0.13101182878017426 0
1634265258810 0.14447526633739471 0
1634265259529 0.11979445815086365 0
1634265261654 0.13757789134979248 0
1634265262357 0.1305932104587555 0
1634265263061 0.1402493268251419 0
1634265263764 0.12135343998670578 0
1634265264468 0.1177578866481781 0
1634265265171 0.10703590512275696 0
1634265265875 0.11384938657283783 0
1634265266589 0.13265202939510345 0
1634265267289 0.10312040895223618 0
1634265268008 0.13015609979629517 0
1634265268727 0.1344853639602661 0
1634265269431 0.13213741779327393 0
1634265270134 0.13377195596694946 0
1634265270839 0.13567408919334412 0
1634265271542 0.1297348290681839 0
1634265272246 0.12583380937576294 0
1634265272972 0.12857657670974731 0
1634265273688 0.12680810689926147 0
1634265274438 0.10814448446035385 0
1634265275171 0.10869263112545013 0
1634265277344 0.13874585926532745 0
1634265278070 0.11201499402523041 0
1634265278806 0.09117162227630615 0
1634265279512 0.12155649811029434 0
1634265280233 0.10394693911075592 0
1634265280953 0.13094794750213623 0
1634265281680 0.09961716830730438 0
1634265282403 0.12735040485858917 0
1634265283109 0.1294945627450943 0
1634265283807 0.0916222631931305 0
1634265284537 0.12702634930610657 0
1634265285266 0.12475619465112686 0
1634265285966 0.13443605601787567 0
1634265286687 0.09931027144193649 0
1634265287402 0.10509093105792999 0
1634265288124 0.12439904361963272 0
1634265288840 0.12378712743520737 0
1634265289546 0.12473418563604355 0
1634265290263 0.1286754459142685 0
1634265290982 0.10365765541791916 0
1634265293140 0.12401890754699707 0
1634265293864 0.12782569229602814 0
1634265294573 0.08934060484170914 0
1634265295286 0.10116218030452728 0
1634265295995 0.12266921252012253 0
1634265296707 0.08877545595169067 0
1634265297429 0.09933973848819733 0
1634265298134 0.12537778913974762 0
1634265298837 0.0938539132475853 0
1634265299549 0.1324380487203598 0
1634265300259 0.1269008368253708 0
1634265300964 0.10279956459999084 0
1634265301674 0.09269537776708603 0
1634265302385 0.09254582226276398 0
1634265303093 0.09315778315067291 0
1634265303802 0.1421772688627243 0
1634265304507 0.1309344619512558 0
1634265305214 0.09316226840019226 0
1634265305929 0.13011088967323303 0
1634265306655 0.10715721547603607 0
1634265308764 0.13062487542629242 0
1634265309505 0.09890066832304001 0
1634265310220 0.10283956676721573 0
1634265310946 0.122202068567276 0
1634265311675 0.11977160722017288 0
1634265312387 0.12384884804487228 0
1634265313098 0.10230787843465805 0
1634265313853 0.11717533320188522 0
1634265314588 0.12510418891906738 0
1634265315318 0.10354333370923996 0
1634265316023 0.12259196490049362 0
1634265316736 0.08913730084896088 0
1634265317439 0.12348867207765579 0
1634265318143 0.12194842100143433 0
1634265318857 0.09971827268600464 0
1634265319562 0.11823264509439468 0
1634265320275 0.10251695662736893 0
1634265321002 0.09658793359994888 0
1634265321719 0.1177942231297493 0
1634265322426 0.1158263310790062 0
1634265324556 0.09401311725378036 0
1634265325260 0.09895887970924377 0
1634265325964 0.09733405709266663 0
1634265326669 0.12270362675189972 0
1634265327374 0.124305360019207 0
1634265328089 0.1204385906457901 0
1634265328804 0.10085340589284897 0
1634265329516 0.07856254279613495 0
1634265330255 0.11687914282083511 0
1634265330987 0.12209741026163101 0
1634265331704 0.09968768805265427 0
1634265332429 0.12580454349517822 0
1634265333154 0.10764309763908386 0
1634265333887 0.09613893181085587 0
1634265334594 0.12604495882987976 0
1634265335306 0.08514170348644257 0
