1634264848379 0.8348020911216736 0
1634264850516 0.3219517171382904 0
1634264851252 0.5665698647499084 0
1634264851999 0.6191758513450623 0
1634264852728 0.30699092149734497 0
1634264853460 0.5389644503593445 0
1634264854177 0.3085510730743408 0
1634264854860 0.3163573443889618 0
1634264855562 0.5645820498466492 0
1634264856272 0.4446805417537689 0
1634264856968 0.5608029365539551 0
1634264857690 0.4601019024848938 0
1634264858394 0.30542173981666565 0
1634264859103 0.29607662558555603 0
1634264859799 0.5352246165275574 0
1634264860501 0.5349407196044922 0
1634264861231 0.31546974182128906 0
1634264861960 0.5555465817451477 0
1634264862648 0.5387704372406006 0
1634264863374 0.5290384292602539 0
1634264864083 0.5590989589691162 0
1634264866219 0.27971476316452026 0
1634264866918 0.5281784534454346 0
1634264867621 0.5515183210372925 0
1634264868327 0.5529894232749939 0
1634264869043 0.5265055298805237 0
1634264869758 0.5489005446434021 0
1634264870461 0.2964174151420593 0
1634264871174 0.5225390791893005 0
1634264871900 0.5462019443511963 0
1634264872602 0.5493297576904297 0
1634264873304 0.5448112487792969 0
1634264874006 0.5323734879493713 0
1634264874727 0.5429738759994507 0
1634264875447 0.5170978903770447 0
1634264876139 0.5622998476028442 0
1634264876855 0.5405346751213074 0
1634264877553 0.5502346754074097 0
1634264878253 0.5165529847145081 0
1634264878951 0.5382176041603088 0
1634264879652 0.5734628438949585 0
1634264881810 0.3164806067943573 0
1634264882513 0.5478227734565735 0
1634264883220 0.5124307870864868 0
1634264883933 0.2755981683731079 0
1634264884629 0.5339864492416382 0
1634264885354 0.5345461368560791 0
1634264886109 0.30057501792907715 0
1634264886825 0.5317177176475525 0
1634264887554 0.5063947439193726 0
1634264888285 0.5305234789848328 0
1634264889014 0.24697288870811462 0
1634264889730 0.5287482142448425 0
1634264890441 0.5279842615127563 0
1634264891168 0.527141809463501 0
1634264891892 0.23997366428375244 0
1634264892621 0.24968333542346954 0
1634264893329 0.5251455903053284 0
1634264894043 0.5241004824638367 0
1634264894782 0.5020523071289062 0
1634264895508 0.5244539380073547 0
1634264897676 0.5221774578094482 0
1634264898383 0.5215018391609192 0
1634264899117 0.5246986150741577 0
1634264899846 0.23497475683689117 0
1634264900562 0.5190985202789307 0
1634264901307 0.4931586682796478 0
1634264902012 0.2513172924518585 0
1634264902734 0.49174967408180237 0
1634264903446 0.5158645510673523 0
1634264904155 0.5150710940361023 0
1634264904904 0.5144050717353821 0
1634264905652 0.5135817527770996 0
1634264906392 0.511723518371582 0
1634264907100 0.22748392820358276 0
1634264907807 0.510959267616272 0
1634264908542 0.5111773610115051 0
1634264909252 0.5107965469360352 0
1634264909967 0.5097019076347351 0
1634264910671 0.25012344121932983 0
1634264911383 0.5080852508544922 0
1634264913589 0.22633525729179382 0
1634264914307 0.48292800784111023 0
1634264915041 0.22224770486354828 0
1634264915771 0.48301962018013 0
1634264916484 0.5063245892524719 0
1634264917209 0.5065340995788574 0
1634264917914 0.5067764520645142 0
1634264918656 0.5063110589981079 0
1634264919382 0.5678104758262634 0
1634264920108 0.5033031702041626 0
1634264920835 0.33380886912345886 0
1634264921557 0.4786856174468994 0
1634264922301 0.47963792085647583 0
1634264923045 0.5123177170753479 0
1634264923760 0.5154220461845398 0
1634264924462 0.5026237368583679 0
1634264925170 0.3363702595233917 0
1634264925878 0.5009890198707581 0
1634264926599 0.49989476799964905 0
1634264927304 0.4993283152580261 0
1634264929481 0.5004132390022278 0
1634264930187 0.4996214509010315 0
1634264930889 0.5000553727149963 0
1634264931599 0.498097687959671 0
1634264932310 0.4717453122138977 0
1634264933052 0.49604982137680054 0
1634264933772 0.21442383527755737 0
1634264934490 0.4989592134952545 0
1634264935196 0.4955676794052124 0
1634264935894 0.4703216552734375 0
1634264936612 0.49413809180259705 0
1634264937326 0.492730051279068 0
1634264938055 0.21873612701892853 0
1634264938761 0.4918127954006195 0
1634264939460 0.4999226927757263 0
1634264940175 0.4908143877983093 0
1634264940888 0.4899519085884094 0
1634264941603 0.23018847405910492 0
1634264942323 0.2751263678073883 0
1634264943055 0.4624834358692169 0
1634264945345 0.25439196825027466 0
1634264946073 0.46094992756843567 0
1634264946829 0.49050793051719666 0
1634264947576 0.4615025520324707 0
1634264948322 0.4654100239276886 0
1634264949075 0.4580185115337372 0
1634264949829 0.46019065380096436 0
1634264950579 0.4878824055194855 0
1634264951308 0.4827101230621338 0
1634264952011 0.4563002586364746 0
1634264952719 0.45588451623916626 0
1634264953421 0.4820440411567688 0
1634264954182 0.4808238744735718 0
1634264954913 0.47865450382232666 0
1634264955623 0.4527443051338196 0
1634264956329 0.4772838354110718 0
1634264957046 0.24370671808719635 0
1634264957769 0.4761735796928406 0
1634264958479 0.47473645210266113 0
1634264959186 0.4790796935558319 0
1634264961352 0.21676753461360931 0
1634264962050 0.47325724363327026 0
1634264962764 0.4517901837825775 0
1634264963478 0.4465074837207794 0
1634264964184 0.44610321521759033 0
1634264964914 0.44804978370666504 0
1634264965638 0.44575151801109314 0
1634264966351 0.4700348973274231 0
1634264967069 0.4700451195240021 0
1634264967821 0.44739818572998047 0
1634264968565 0.20581354200839996 0
1634264969296 0.4434327185153961 0
1634264970015 0.23631078004837036 0
1634264970728 0.4667195677757263 0
1634264971455 0.440845251083374 0
1634264972165 0.21251025795936584 0
1634264972878 0.46475857496261597 0
1634264973593 0.43890270590782166 0
1634264974306 0.4636428952217102 0
1634264975029 0.4631615877151489 0
1634264977215 0.4637846350669861 0
1634264977916 0.4620125889778137 0
1634264978629 0.4363959729671478 0
1634264979368 0.4613063633441925 0
1634264980105 0.43571895360946655 0
1634264980812 0.4600425958633423 0
1634264981532 0.20655128359794617 0
1634264982243 0.4337894916534424 0
1634264982951 0.458487868309021 0
1634264983672 0.4581158459186554 0
1634264984436 0.4567868113517761 0
1634264985163 0.1932830810546875 0
1634264985917 0.4310038387775421 0
1634264986655 0.19492971897125244 0
1634264987367 0.45487022399902344 0
1634264988099 0.4293861389160156 0
1634264988820 0.4571588337421417 0
1634264989572 0.45311686396598816 0
1634264990290 0.45667287707328796 0
1634264991029 0.187464639544487 0
1634264993318 0.48548945784568787 0
1634264994038 0.20719414949417114 0
1634264994731 0.4550943076610565 0
1634264995443 0.45503562688827515 0
1634264996148 0.4281754791736603 0
1634264996862 0.4255802035331726 0
1634264997577 0.4500829577445984 0
1634264998284 0.20029054582118988 0
1634264998998 0.49538275599479675 0
1634264999750 0.518415629863739 0
1634265000492 0.3608986437320709 0
1634265001221 0.5496145486831665 0
1634265001932 0.4844978451728821 0
1634265002661 0.2559397518634796 0
1634265003410 0.19451089203357697 0
1634265004144 0.2502245008945465 0
1634265004853 0.44902512431144714 0
1634265005579 0.41887879371643066 0
1634265006291 0.18975743651390076 0
1634265006995 0.4188433289527893 0
1634265009129 0.4461708664894104 0
1634265009844 0.183181032538414 0
1634265010560 0.4424203038215637 0
1634265011265 0.4414215683937073 0
1634265011974 0.4166469871997833 0
1634265012687 0.16645577549934387 0
1634265013395 0.4415801167488098 0
1634265014116 0.42535898089408875 0
1634265014818 0.19065864384174347 0
1634265015524 0.44161611795425415 0
1634265016225 0.4164426922798157 0
1634265016940 0.2304050773382187 0
1634265017646 0.17132526636123657 0
1634265018351 0.43811431527137756 0
1634265019068 0.41694432497024536 0
1634265019787 0.43803733587265015 0
1634265020495 0.1865423172712326 0
1634265021203 0.4378100633621216 0
1634265021920 0.43778765201568604 0
1634265022653 0.15449625253677368 0
1634265024791 0.4355442523956299 0
1634265025505 0.43774569034576416 0
1634265026217 0.23170650005340576 0
1634265026944 0.4343087375164032 0
1634265027658 0.43232372403144836 0
1634265028381 0.4330179989337921 0
1634265029108 0.17610740661621094 0
1634265029824 0.4318346381187439 0
1634265030541 0.40715306997299194 0
1634265031245 0.153035968542099 0
1634265031955 0.4317164719104767 0
1634265032658 0.4312722384929657 0
1634265033369 0.4310453534126282 0
1634265034088 0.4053266644477844 0
1634265034806 0.16059917211532593 0
1634265035512 0.40602004528045654 0
1634265036213 0.4050377905368805 0
1634265036926 0.19608758389949799 0
1634265037628 0.180911585688591 0
1634265038333 0.4264316260814667 0
1634265040479 0.15122905373573303 0
1634265041191 0.425098717212677 0
1634265041900 0.40056657791137695 0
1634265042611 0.4250888228416443 0
1634265043316 0.1568751037120819 0
1634265044016 0.14908210933208466 0
1634265044743 0.4237406849861145 0
1634265045438 0.42336398363113403 0
1634265046155 0.4234801232814789 0
1634265046859 0.16320198774337769 0
1634265047564 0.14258286356925964 0
1634265048263 0.1497531235218048 0
1634265048978 0.3967229425907135 0
1634265049679 0.4207218587398529 0
1634265050387 0.4212346374988556 0
1634265051096 0.16795560717582703 0
1634265051852 0.396037220954895 0
1634265052591 0.4198170006275177 0
1634265053301 0.4197876453399658 0
1634265054024 0.1502026468515396 0
1634265056295 0.39439377188682556 0
1634265057016 0.41888177394866943 0
1634265057733 0.41839268803596497 0
1634265058457 0.4183996319770813 0
1634265059181 0.4170098602771759 0
1634265059905 0.41674333810806274 0
1634265060610 0.13293690979480743 0
1634265061344 0.392461359500885 0
1634265062099 0.3920935094356537 0
1634265062821 0.391683965921402 0
1634265063538 0.13231639564037323 0
1634265064270 0.3910945653915405 0
1634265064996 0.39071202278137207 0
1634265065724 0.41463756561279297 0
1634265066434 0.4151668846607208 0
1634265067164 0.41466277837753296 0
1634265067885 0.41429200768470764 0
1634265068580 0.41360610723495483 0
1634265069307 0.41305989027023315 0
1634265070024 0.13078351318836212 0
1634265072164 0.4119170606136322 0
1634265072880 0.41103994846343994 0
1634265073589 0.4106353223323822 0
1634265074288 0.4104539453983307 0
1634265074993 0.3854557275772095 0
1634265075707 0.3842496871948242 0
1634265076432 0.15364092588424683 0
1634265077159 0.4085630774497986 0
1634265077862 0.3833310902118683 0
1634265078555 0.1495858132839203 0
1634265079259 0.13915090262889862 0
1634265079977 0.40463271737098694 0
1634265080705 0.40563637018203735 0
1634265081430 0.3803600072860718 0
1634265082154 0.13284024596214294 0
1634265082895 0.16806192696094513 0
1634265083650 0.3776547908782959 0
1634265084373 0.40163853764533997 0
1634265085099 0.40177515149116516 0
1634265085814 0.1315126121044159 0
1634265087983 0.12128712981939316 0
1634265088697 0.3761633634567261 0
1634265089410 0.12527891993522644 0
1634265090127 0.4000293016433716 0
1634265090854 0.3995653986930847 0
1634265091579 0.3997347950935364 0
1634265092301 0.127221941947937 0
1634265093012 0.3992675244808197 0
1634265093728 0.12593963742256165 0
1634265094455 0.12023549526929855 0
1634265095183 0.3734772205352783 0
1634265095899 0.3974837362766266 0
1634265096590 0.39781448245048523 0
1634265097318 0.39663398265838623 0
1634265098054 0.12178874015808105 0
1634265098778 0.39631015062332153 0
1634265099499 0.3962099254131317 0
1634265100228 0.37138640880584717 0
1634265100961 0.3954753577709198 0
1634265101681 0.3710091710090637 0
1634265103830 0.11347305774688721 0
1634265104554 0.11153572052717209 0
1634265105279 0.3700786530971527 0
1634265105993 0.3698831796646118 0
1634265106703 0.3692934811115265 0
1634265107415 0.11394845694303513 0
1634265108117 0.39300650358200073 0
1634265108822 0.39251500368118286 0
1634265109513 0.11129260063171387 0
1634265110245 0.39322999119758606 0
1634265110953 0.3676993250846863 0
1634265111681 0.39239606261253357 0
1634265112405 0.13727888464927673 0
1634265113121 0.3906519412994385 0
1634265113841 0.10853133350610733 0
1634265114569 0.10843729972839355 0
1634265115285 0.36548757553100586 0
1634265115989 0.3903011977672577 0
1634265116694 0.11019089072942734 0
1634265117400 0.36478284001350403 0
1634265119574 0.3645804524421692 0
1634265120275 0.364170640707016 0
1634265120985 0.38828742504119873 0
1634265121730 0.10408411175012589 0
1634265122452 0.38767096400260925 0
1634265123155 0.3883034884929657 0
1634265123891 0.38708215951919556 0
1634265124610 0.38673242926597595 0
1634265125336 0.3620569109916687 0
1634265126052 0.36173051595687866 0
1634265126767 0.38668352365493774 0
1634265127480 0.3856390714645386 0
1634265128193 0.10485805571079254 0
1634265128914 0.10065619647502899 0
1634265129612 0.36076828837394714 0
1634265130347 0.3854939937591553 0
1634265131056 0.10466095060110092 0
1634265131783 0.3597618639469147 0
1634265132511 0.35940372943878174 0
1634265133221 0.10570299625396729 0
1634265135488 0.3839820325374603 0
1634265136209 0.3826725482940674 0
1634265136916 0.3825523853302002 0
1634265137630 0.10460290312767029 0
1634265138347 0.38285666704177856 0
1634265139088 0.3826097249984741 0
1634265139828 0.09683313965797424 0
1634265140544 0.09615694731473923 0
1634265141259 0.3809884786605835 0
1634265141972 0.356137216091156 0
1634265142689 0.3799860179424286 0
1634265143409 0.379742830991745 0
1634265144137 0.379334956407547 0
1634265144863 0.09528061002492905 0
1634265145595 0.3797661364078522 0
1634265146327 0.37939465045928955 0
1634265147045 0.3781503140926361 0
1634265147739 0.1016836166381836 0
1634265148458 0.3579634130001068 0
1634265149165 0.18618905544281006 0
1634265151343 0.4051879048347473 0
1634265152048 0.4088970422744751 0
1634265152760 0.43371492624282837 0
1634265153493 0.40633243322372437 0
1634265154214 0.3570152819156647 0
1634265154941 0.3521692156791687 0
1634265155653 0.35045406222343445 0
1634265156378 0.3750857710838318 0
1634265157100 0.37604331970214844 0
1634265157829 0.3670475482940674 0
1634265158583 0.16775019466876984 0
1634265159298 0.3550243377685547 0
1634265160008 0.3747251033782959 0
1634265160719 0.15390004217624664 0
1634265161466 0.13537397980690002 0
1634265162207 0.37362682819366455 0
1634265162920 0.12175604701042175 0
1634265163638 0.3569749593734741 0
1634265164337 0.3945915699005127 0
1634265165045 0.1735856980085373 0
1634265167213 0.3907291293144226 0
1634265167929 0.14467288553714752 0
1634265168633 0.356277197599411 0
1634265169346 0.17124322056770325 0
1634265170063 0.37387579679489136 0
1634265170790 0.15803879499435425 0
1634265171528 0.13605141639709473 0
1634265172271 0.1278604418039322 0
1634265172997 0.3696742355823517 0
1634265173714 0.3689424693584442 0
1634265174430 0.14654883742332458 0
1634265175134 0.36823344230651855 0
1634265175849 0.12548331916332245 0
1634265176569 0.1387065351009369 0
1634265177280 0.12377162277698517 0
1634265178029 0.11454252898693085 0
1634265178764 0.3424089252948761 0
1634265179481 0.11408760398626328 0
1634265180196 0.1434876024723053 0
1634265180915 0.14845716953277588 0
1634265183070 0.3655412495136261 0
1634265183770 0.12875595688819885 0
1634265184485 0.3657567501068115 0
1634265185197 0.11041074246168137 0
1634265185914 0.10336550325155258 0
1634265186626 0.3402426838874817 0
1634265187347 0.36534979939460754 0
1634265188063 0.36507537961006165 0
1634265188787 0.34050142765045166 0
1634265189493 0.09851446002721786 0
1634265190208 0.09980588406324387 0
1634265190912 0.36502784490585327 0
1634265191603 0.36482080817222595 0
1634265192324 0.3643200695514679 0
1634265193039 0.36335813999176025 0
1634265193746 0.36301693320274353 0
1634265194448 0.3377850353717804 0
1634265195152 0.3616253137588501 0
1634265195873 0.36173680424690247 0
1634265196596 0.3617178797721863 0
1634265198734 0.36182573437690735 0
1634265199444 0.3611837923526764 0
1634265200183 0.36194637417793274 0
1634265200933 0.12279864400625229 0
1634265201662 0.3610669672489166 0
1634265202411 0.3599965274333954 0
1634265203137 0.3601374328136444 0
1634265203843 0.3599233627319336 0
1634265204540 0.3352603614330292 0
1634265205250 0.35972386598587036 0
1634265205953 0.35988637804985046 0
1634265206663 0.143781378865242 0
1634265207367 0.11999092251062393 0
1634265208072 0.3345493674278259 0
1634265208781 0.3589199185371399 0
1634265209484 0.11929898709058762 0
1634265210192 0.1183583065867424 0
1634265210912 0.3591465353965759 0
1634265211639 0.12427541613578796 0
1634265212368 0.11376458406448364 0
1634265214562 0.10222244262695312 0
1634265215314 0.3560640811920166 0
1634265216052 0.35634464025497437 0
1634265216765 0.10487016290426254 0
1634265217487 0.35665571689605713 0
1634265218223 0.3551848828792572 0
1634265218928 0.3551138937473297 0
1634265219639 0.35532817244529724 0
1634265220341 0.3556743860244751 0
1634265221047 0.09786853939294815 0
1634265221752 0.35565516352653503 0
1634265222451 0.35549595952033997 0
1634265223191 0.3552296459674835 0
1634265223897 0.3553204834461212 0
1634265224597 0.09479998797178268 0
1634265225327 0.3548527657985687 0
1634265226040 0.3538397252559662 0
1634265226768 0.3541332185268402 0
1634265227487 0.35288557410240173 0
1634265228194 0.0956762433052063 0
1634265230501 0.3280988335609436 0
1634265231197 0.3532199263572693 0
1634265231898 0.3524368405342102 0
1634265232605 0.35229915380477905 0
1634265233311 0.3516511619091034 0
1634265234020 0.35089820623397827 0
1634265234731 0.35033172369003296 0
1634265235443 0.3508838713169098 0
1634265236149 0.12404551357030869 0
1634265236844 0.35093191266059875 0
1634265237567 0.326936811208725 0
1634265238279 0.10114747285842896 0
1634265238982 0.3537646532058716 0
1634265239687 0.35228949785232544 0
1634265240396 0.09725769609212875 0
1634265241103 0.09586213529109955 0
1634265241808 0.3269897401332855 0
1634265242511 0.32631829380989075 0
1634265243221 0.3255924582481384 0
1634265243927 0.34885120391845703 0
1634265246104 0.0960238128900528 0
1634265246801 0.3492751121520996 0
1634265247507 0.32455605268478394 0
1634265248212 0.34876906871795654 0
1634265248918 0.09846793115139008 0
1634265249632 0.11558499932289124 0
1634265250335 0.10440561175346375 0
1634265251028 0.3229130506515503 0
1634265251732 0.3477990925312042 0
1634265252435 0.3465555012226105 0
1634265253154 0.10624571889638901 0
1634265253867 0.3223489224910736 0
1634265254573 0.09391168504953384 0
1634265255276 0.09541413933038712 0
1634265255980 0.34695103764533997 0
1634265256698 0.09281586110591888 0
1634265257419 0.32173362374305725 0
1634265258122 0.3467385470867157 0
1634265258810 0.34554603695869446 0
1634265259529 0.3515165150165558 0
1634265261654 0.36661601066589355 0
1634265262357 0.36187776923179626 0
1634265263061 0.36091914772987366 0
1634265263764 0.36669406294822693 0
1634265264468 0.3461085259914398 0
1634265265171 0.3209444284439087 0
1634265265875 0.1184450313448906 0
1634265266590 0.34296321868896484 0
1634265267304 0.3435992896556854 0
1634265268024 0.10756256431341171 0
1634265268727 0.10249803960323334 0
1634265269431 0.34272313117980957 0
1634265270134 0.11002977937459946 0
1634265270839 0.31665757298469543 0
1634265271542 0.3414687216281891 0
1634265272246 0.34015291929244995 0
1634265272973 0.34058427810668945 0
1634265273689 0.34020334482192993 0
1634265274439 0.3399028480052948 0
1634265275171 0.10286879539489746 0
1634265277346 0.33929696679115295 0
1634265278072 0.3145514130592346 0
1634265278808 0.3386870324611664 0
1634265279514 0.33923497796058655 0
1634265280235 0.09643527865409851 0
1634265280955 0.33868876099586487 0
1634265281681 0.33857518434524536 0
1634265282405 0.3412072956562042 0
1634265283111 0.3391396701335907 0
1634265283807 0.3415502905845642 0
1634265284539 0.3135896921157837 0
1634265285266 0.31947723031044006 0
1634265285981 0.33789026737213135 0
1634265286689 0.3484589457511902 0
1634265287404 0.3427465856075287 0
1634265288126 0.3572901487350464 0
1634265288841 0.3420112431049347 0
1634265289548 0.12181711941957474 0
1634265290264 0.35292384028434753 0
1634265290984 0.3235279321670532 0
1634265293140 0.11594242602586746 0
1634265293865 0.31891608238220215 0
1634265294575 0.3389069139957428 0
1634265295288 0.3376215696334839 0
1634265295997 0.33747610449790955 0
1634265296709 0.3373362421989441 0
1634265297431 0.3156771659851074 0
1634265298136 0.3148142993450165 0
1634265298839 0.3366784155368805 0
1634265299551 0.337728887796402 0
1634265300261 0.33736079931259155 0
1634265300966 0.3368571698665619 0
1634265301674 0.3356532156467438 0
1634265302386 0.31259685754776 0
1634265303095 0.3113735020160675 0
1634265303804 0.33575043082237244 0
1634265304508 0.3409378230571747 0
1634265305216 0.34040212631225586 0
1634265305929 0.3477434813976288 0
1634265306657 0.1152442991733551 0
1634265308764 0.33544155955314636 0
1634265309507 0.31260916590690613 0
1634265310222 0.11784777790307999 0
1634265310948 0.33282241225242615 0
1634265311676 0.30820974707603455 0
1634265312389 0.30849090218544006 0
1634265313100 0.3323608934879303 0
1634265313855 0.3318684995174408 0
1634265314589 0.3063611388206482 0
1634265315319 0.3311292231082916 0
1634265316023 0.3301180899143219 0
1634265316738 0.3305349051952362 0
1634265317440 0.3304171860218048 0
1634265318145 0.11557704210281372 0
1634265318859 0.3049352169036865 0
1634265319564 0.32985153794288635 0
1634265320277 0.1031217947602272 0
1634265321004 0.3048035204410553 0
1634265321721 0.3046882152557373 0
1634265322442 0.32866013050079346 0
1634265324556 0.32912811636924744 0
1634265325260 0.10107165575027466 0
1634265325964 0.30419373512268066 0
1634265326669 0.32840627431869507 0
1634265327374 0.30378973484039307 0
1634265328089 0.09695517271757126 0
1634265328804 0.09727892279624939 0
1634265329517 0.09552793204784393 0
1634265330255 0.3033416271209717 0
1634265330987 0.30322352051734924 0
1634265331706 0.328083872795105 0
1634265332429 0.3281359076499939 0
1634265333156 0.32771041989326477 0
1634265333889 0.3285760283470154 0
1634265334594 0.10640394687652588 0
