1634270835257 0.8770172595977783 0
1634270840395 0.6258297562599182 0
1634270844516 0.36954402923583984 0
1634270848587 0.4507312774658203 0
1634270852687 0.4373777508735657 0
1634270856822 0.23646879196166992 0
1634270860920 0.5423759818077087 0
1634270865055 0.3257274329662323 0
1634270869185 0.307575523853302 0
1634270873280 0.48086628317832947 0
1634270877387 0.2214672565460205 0
1634270881525 0.3453604578971863 0
1634270885639 0.4863472878932953 0
1634270889752 0.2688438594341278 0
1634270893885 0.23134535551071167 0
1634270897998 0.18537966907024384 0
1634270901559 0.3812328279018402 0
1634270905708 0.17242345213890076 0
1634270909795 0.22348174452781677 0
1634270913926 0.209114670753479 0
1634270918054 0.3297768235206604 0
1634270923098 0.18881988525390625 0
1634270927301 0.23640088737010956 0
1634270931505 0.3417375087738037 0
1634270935695 0.26998281478881836 0
1634270939903 0.12212779372930527 0
1634270944042 0.4236162304878235 0
1634270948250 0.26777637004852295 0
1634270952359 0.2577568292617798 0
1634270956458 0.18713323771953583 0
1634270960586 0.14906224608421326 0
1634270964689 0.2957027852535248 0
1634270968857 0.14465759694576263 0
1634270986452 0.2626647353172302 0
1634270990597 0.273751825094223 0
1634270994725 0.1385469287633896 0
1634270999038 0.13834810256958008 0
1634271003332 0.15179593861103058 0
1634271007557 0.1857772320508957 0
1634271011731 0.24765360355377197 0
