1634263829455 1.986999273300171 0
1634263831617 0.8932904601097107 0
1634263832336 1.6389315724372864 0
1634263833047 1.3084144294261932 0
1634263833752 1.9320908784866333 0
1634263834506 1.6254883408546448 0
1634263835211 2.269221007823944 0
1634263835915 1.4779477715492249 0
1634263836650 2.461636006832123 0
1634263837393 1.4596145749092102 0
1634263838110 1.6218711733818054 0
1634263838834 1.6792404055595398 0
1634263839591 1.4639284014701843 0
1634263840338 1.6313324570655823 0
1634263841081 2.072142481803894 0
1634263841828 2.0071712136268616 0
1634263842539 2.0497183799743652 0
1634263843270 1.7282758355140686 0
1634263844007 1.6091930270195007 0
1634263844718 1.597502589225769 0
1634263845459 1.2275696694850922 0
1634263847570 1.673126757144928 0
1634263848283 1.2190276980400085 0
1634263848985 1.3615162670612335 0
1634263849683 1.2414556741714478 0
1634263850381 1.219101995229721 0
1634263851084 1.2566066682338715 0
1634263851785 1.4624375700950623 0
1634263852487 1.6138837337493896 0
1634263853191 1.2655843496322632 0
1634263853904 1.6442399621009827 0
1634263854663 1.3445722460746765 0
1634263855390 1.220812439918518 0
1634263856100 1.240422785282135 0
1634263856816 1.1769428253173828 0
1634263857546 1.2859555184841156 0
1634263858292 1.2196569442749023 0
1634263859016 1.4843197166919708 0
1634263859748 1.3390071988105774 0
1634263860489 1.1540131866931915 0
1634263861211 1.2553607821464539 0
1634263863435 1.2183088064193726 0
1634263864181 1.372951716184616 0
1634263864915 0.982055926695466 0
1634263865638 0.9112873002886772 0
1634263866365 1.1028954535722733 0
1634263867088 1.280371755361557 0
1634263867837 1.2043132185935974 0
1634263868564 1.2879256010055542 0
1634263869312 1.190633863210678 0
1634263870063 1.47124183177948 0
1634263870795 1.303302675485611 0
1634263871553 1.2482206970453262 0
1634263872287 1.1216589510440826 0
1634263873018 1.1518539786338806 0
1634263873754 1.4035053849220276 0
1634263874472 1.5440348386764526 0
1634263875205 1.715299665927887 0
1634263875947 1.6063035726547241 0
1634263876665 1.8634914755821228 0
1634263877380 1.8655394911766052 0
1634263879585 1.8168483972549438 0
1634263880327 2.054998457431793 0
1634263881033 1.7793838381767273 0
1634263881728 2.0061014890670776 0
1634263882431 1.2574338614940643 0
1634263883140 1.2540861666202545 0
1634263883859 1.3645146489143372 0
1634263884606 1.2133131325244904 0
1634263885333 1.2782825231552124 0
1634263886083 1.0757745057344437 0
1634263886806 1.2861908376216888 0
1634263887543 2.164975166320801 0
1634263888286 1.875804841518402 0
1634263889020 1.8858562707901 0
1634263889743 2.117485523223877 0
1634263890481 1.6819244027137756 0
1634263891212 2.765380561351776 0
1634263891944 2.2471368312835693 0
1634263892658 1.6226800680160522 0
1634263893372 1.5655198097229004 0
1634263895576 2.302574396133423 0
1634263896279 1.5395478010177612 0
1634263896980 1.5370996594429016 0
1634263897684 1.4122828841209412 0
1634263898398 1.4059610962867737 0
1634263899125 1.411940574645996 0
1634263899841 1.4034364521503448 0
1634263900548 1.3337857723236084 0
1634263901264 1.352757841348648 0
1634263901970 1.3167376816272736 0
1634263902684 1.930649220943451 0
1634263903396 1.2014365792274475 0
1634263904102 1.42006316781044 0
1634263904830 1.1320599019527435 0
1634263905551 1.2752565741539001 0
1634263906287 1.1847645044326782 0
1634263906998 1.7800988554954529 0
1634263907710 1.3505683541297913 0
1634263908423 1.5245749950408936 0
1634263909132 1.6067270636558533 0
1634263911347 1.3802648186683655 0
1634263912081 1.2654839754104614 0
1634263912812 1.1549768149852753 0
1634263913519 2.2037782073020935 0
1634263914234 1.6253606081008911 0
1634263914941 1.3350692391395569 0
1634263915650 1.2204626202583313 0
1634263916363 1.4858857989311218 0
1634263917104 1.3482070863246918 0
1634263917858 1.14153553545475 0
1634263918587 1.45722097158432 0
1634263919291 1.103122591972351 0
1634263920003 1.267505943775177 0
1634263920723 1.1124664843082428 0
1634263921451 1.20933136343956 0
1634263922157 1.5057361721992493 0
1634263922893 1.8093051314353943 0
1634263923620 1.5138343572616577 0
1634263924342 1.45657080411911 0
1634263925052 1.7027082443237305 0
1634263927257 1.4885437488555908 0
1634263927965 1.2371520400047302 0
1634263928676 1.4509832262992859 0
1634263929398 1.2565979063510895 0
1634263930112 1.2493279576301575 0
1634263930826 1.3219132125377655 0
1634263931538 1.2822949290275574 0
1634263932257 1.356268435716629 0
1634263932983 1.2110673785209656 0
1634263933709 1.2085054218769073 0
1634263934430 1.2740519344806671 0
1634263935172 1.2334895730018616 0
1634263935894 1.3979443311691284 0
1634263936592 1.4700906872749329 0
1634263937312 1.5491936206817627 0
1634263938040 1.4100761413574219 0
1634263938761 1.3045646250247955 0
1634263939494 1.3920817971229553 0
1634263940234 1.3182392418384552 0
1634263940970 1.1744928061962128 0
