1634263829471 6.982415199279785 0
1634263831617 4.607357025146484 0
1634263832339 3.8195595741271973 0
1634263833050 2.288748264312744 0
1634263833768 2.5001602172851562 0
1634263834509 2.401282548904419 0
1634263835211 2.0404036045074463 0
1634263835915 1.4241529703140259 0
1634263836654 1.7781076431274414 0
1634263837396 1.4189356565475464 0
1634263838113 1.4974284172058105 0
1634263838837 1.4040570259094238 0
1634263839594 1.1986801624298096 0
1634263840341 1.4155890941619873 0
1634263841084 1.598878026008606 0
1634263841831 1.5083847045898438 0
1634263842542 1.497807502746582 0
1634263843274 1.0708818435668945 0
1634263844010 1.2570613622665405 0
1634263844721 1.2119020223617554 0
1634263845462 1.3471217155456543 0
1634263847574 1.4748005867004395 0
1634263848286 1.2858364582061768 0
1634263848988 1.0540693998336792 0
1634263849686 1.2905278205871582 0
1634263850384 1.24591863155365 0
1634263851087 1.2276854515075684 0
1634263851788 1.2097842693328857 0
1634263852490 1.493134617805481 0
1634263853194 1.2049487829208374 0
1634263853908 1.277331829071045 0
1634263854667 1.4433823823928833 0
1634263855394 1.1068766117095947 0
1634263856104 1.2496626377105713 0
1634263856820 1.1735609769821167 0
1634263857550 1.064661979675293 0
1634263858296 1.2158572673797607 0
1634263859020 0.906224250793457 0
1634263859751 1.1762744188308716 0
1634263860493 1.1132888793945312 0
1634263861215 1.1872105598449707 0
1634263863438 1.1724467277526855 0
1634263864185 1.0671273469924927 0
1634263864919 0.8754000067710876 0
1634263865641 1.07315194606781 0
1634263866369 1.2379361391067505 0
1634263867092 1.2361935377120972 0
1634263867841 1.1647298336029053 0
1634263868567 0.8993602991104126 0
1634263869315 1.0906035900115967 0
1634263870066 0.834534764289856 0
1634263870798 0.8798583745956421 0
1634263871557 0.9994264841079712 0
1634263872291 1.0734519958496094 0
1634263873022 0.8755329251289368 0
1634263873757 1.3487269878387451 0
1634263874476 0.8879377841949463 0
1634263875209 1.1909281015396118 0
1634263875951 1.0136841535568237 0
1634263876668 0.9907686114311218 0
1634263877384 1.1608179807662964 0
1634263879590 1.055714726448059 0
1634263880331 0.9619927406311035 0
1634263881037 0.997770369052887 0
1634263881728 1.0161683559417725 0
1634263882431 0.9524372220039368 0
1634263883140 1.0122063159942627 0
1634263883859 1.0718094110488892 0
1634263884610 0.9419218301773071 0
1634263885333 0.8327119946479797 0
1634263886086 0.9281439781188965 0
1634263886810 0.754317045211792 0
1634263887547 1.681131362915039 0
1634263888286 1.2988232374191284 0
1634263889023 1.172936201095581 0
1634263889746 0.8492512702941895 0
1634263890486 1.4133621454238892 0
1634263891216 1.0869613885879517 0
1634263891947 0.9580019116401672 0
1634263892662 0.9386550784111023 0
1634263893376 1.1324756145477295 0
1634263895580 1.0114710330963135 0
1634263896282 0.8871183395385742 0
1634263896983 1.103214979171753 0
1634263897688 0.8639138340950012 0
1634263898398 1.0731189250946045 0
1634263899128 1.0591470003128052 0
1634263899844 1.0775421857833862 0
1634263900551 1.0680134296417236 0
1634263901267 1.0495299100875854 0
1634263901974 1.0404542684555054 0
1634263902686 0.8746098279953003 0
1634263903399 0.9516406059265137 0
1634263904102 1.0666117668151855 0
1634263904833 0.8787053227424622 0
1634263905554 0.8673574924468994 0
1634263906290 0.8897980451583862 0
1634263907002 0.9310979247093201 0
1634263907714 1.0086758136749268 0
1634263908427 1.175251841545105 0
1634263909132 1.0722863674163818 0
1634263911352 0.9413527250289917 0
1634263912084 1.0420951843261719 0
1634263912815 0.8911821246147156 0
1634263913519 1.079160451889038 0
1634263914238 0.8712153434753418 0
1634263914944 1.0355589389801025 0
1634263915654 1.0306435823440552 0
1634263916366 1.0599054098129272 0
1634263917108 1.042607307434082 0
1634263917861 0.8572385311126709 0
1634263918591 0.8022842407226562 0
1634263919295 0.8882423639297485 0
1634263920003 1.0172009468078613 0
1634263920727 0.8211445808410645 0
1634263921454 0.9930300116539001 0
1634263922160 1.0501881837844849 0
1634263922899 0.7628582715988159 0
1634263923625 1.0290039777755737 0
1634263924345 0.6385401487350464 0
1634263925055 1.0134921073913574 0
1634263927261 1.0031764507293701 0
1634263927968 1.0062236785888672 0
1634263928680 1.1146481037139893 0
1634263929402 0.825381338596344 0
1634263930116 0.759672224521637 0
1634263930829 0.6358098983764648 0
1634263931542 0.649046003818512 0
1634263932261 0.8077170848846436 0
1634263932985 1.0169718265533447 0
1634263933713 0.6891879439353943 0
1634263934434 0.851529598236084 0
1634263935176 1.0114383697509766 0
1634263935897 0.610988199710846 0
1634263936607 0.5876855850219727 0
1634263937316 0.6809409856796265 0
1634263938043 0.9779897928237915 0
1634263938765 1.043962836265564 0
1634263939498 1.0761833190917969 0
1634263940238 1.0213892459869385 0
1634263940970 0.7707635164260864 0
