1634263829471 15.330435752868652 0
1634263831617 7.7879157066345215 0
1634263832338 9.506986618041992 0
1634263833048 7.950631141662598 0
1634263833752 5.310904026031494 0
1634263834508 7.78733229637146 0
1634263835211 4.749508380889893 0
1634263835915 4.119408011436462 0
1634263836652 7.389403820037842 0
1634263837395 4.113329291343689 0
1634263838112 7.091911792755127 0
1634263838835 4.1082611083984375 0
1634263839593 4.237328767776489 0
1634263840340 4.055286645889282 0
1634263841082 6.9087220430374146 0
1634263841830 6.810657024383545 0
1634263842541 4.117236614227295 0
1634263843273 6.606374740600586 0
1634263844009 6.532284140586853 0
1634263844719 6.478904128074646 0
1634263845460 6.847971439361572 0
1634263847572 4.0488808155059814 0
1634263848284 6.5278480052948 0
1634263848987 6.530126452445984 0
1634263849684 6.767776966094971 0
1634263850383 6.463121771812439 0
1634263851086 6.71012020111084 0
1634263851786 3.8290798664093018 0
1634263852488 6.686623692512512 0
1634263853192 6.642068266868591 0
1634263853906 6.696743011474609 0
1634263854665 6.86417019367218 0
1634263855392 6.267519235610962 0
1634263856102 6.653970003128052 0
1634263856818 6.317798972129822 0
1634263857548 6.442885398864746 0
1634263858294 6.595477342605591 0
1634263859018 6.2694478034973145 0
1634263859749 6.288145661354065 0
1634263860491 6.4687418937683105 0
1634263861213 6.282632827758789 0
1634263863437 3.6054086685180664 0
1634263864183 6.398208737373352 0
1634263864917 5.946434915065765 0
1634263865640 3.4579516649246216 0
1634263866367 6.544482350349426 0
1634263867090 6.524927020072937 0
1634263867839 3.5259969234466553 0
1634263868565 6.181411385536194 0
1634263869314 6.112638235092163 0
1634263870064 6.100443005561829 0
1634263870796 3.219199061393738 0
1634263871555 6.249207139015198 0
1634263872289 6.315060615539551 0
1634263873020 6.099532902240753 0
1634263873756 3.649351119995117 0
1634263874474 3.180084705352783 0
1634263875207 6.401149392127991 0
1634263875949 6.215739130973816 0
1634263876667 5.933130443096161 0
1634263877382 6.337465167045593 0
1634263879587 6.233758568763733 0
1634263880329 6.131890296936035 0
1634263881035 6.149886190891266 0
1634263881728 3.2394418716430664 0
1634263882431 6.097917377948761 0
1634263883140 5.897639989852905 0
1634263883859 3.2708288431167603 0
1634263884608 5.811273694038391 0
1634263885333 5.9458916783332825 0
1634263886085 6.024041175842285 0
1634263886808 5.841879606246948 0
1634263887545 7.021114349365234 0
1634263888286 6.373145937919617 0
1634263889021 3.3355212211608887 0
1634263889745 5.906261444091797 0
1634263890483 6.47112238407135 0
1634263891214 6.126956105232239 0
1634263891945 6.008690655231476 0
1634263892660 3.068762242794037 0
1634263893374 6.158665418624878 0
1634263895578 3.0981814861297607 0
1634263896281 5.645170211791992 0
1634263896982 3.1737990379333496 0
1634263897686 5.605686962604523 0
1634263898398 6.0489890575408936 0
1634263899127 6.036813378334045 0
1634263899843 6.03728711605072 0
1634263900549 6.019649267196655 0
1634263901265 5.993037581443787 0
1634263901972 5.975827574729919 0
1634263902685 2.8934537172317505 0
1634263903398 5.628796100616455 0
1634263904102 5.7356672286987305 0
1634263904832 5.783942997455597 0
1634263905553 5.772003412246704 0
1634263906288 5.786315321922302 0
1634263907000 2.923709213733673 0
1634263907712 5.879885911941528 0
1634263908425 6.096672415733337 0
1634263909132 5.928376913070679 0
1634263911350 5.799055457115173 0
1634263912083 5.891701698303223 0
1634263912813 5.723078906536102 0
1634263913519 5.914881467819214 0
1634263914236 5.445375442504883 0
1634263914942 5.843930006027222 0
1634263915652 2.910289168357849 0
1634263916365 5.852061629295349 0
1634263917106 5.836252689361572 0
1634263917860 5.390906572341919 0
1634263918589 5.570122718811035 0
1634263919293 5.647944092750549 0
1634263920003 2.847457528114319 0
1634263920725 5.564608097076416 0
1634263921453 5.728376805782318 0
1634263922159 5.778553605079651 0
1634263922896 5.492607951164246 0
1634263923623 2.829371213912964 0
1634263924343 2.4209671020507812 0
1634263925054 5.467376232147217 0
1634263927259 2.770364761352539 0
1634263927966 5.443902969360352 0
1634263928678 5.7864344120025635 0
1634263929400 5.246806204319 0
1634263930114 5.173003256320953 0
1634263930827 5.041579246520996 0
1634263931540 5.046863615512848 0
1634263932259 5.4397289752960205 0
1634263932985 5.643198728561401 0
1634263933711 5.062790334224701 0
1634263934432 5.217200756072998 0
1634263935174 5.611337184906006 0
1634263935896 5.2028928399086 0
1634263936592 5.181047439575195 0
1634263937314 5.014323592185974 0
1634263938041 5.545484185218811 0
1634263938763 2.68304181098938 0
1634263939496 5.628221035003662 0
1634263940236 5.5742528438568115 0
1634263940970 5.305996060371399 0
