1634533912927 143.41343688964844 0
1634533915970 117.2250747680664 0
1634533917644 113.635498046875 0
1634533919302 72.36561584472656 0
1634533920959 88.0777359008789 0
1634533922616 77.31578063964844 0
1634533924257 71.05044555664062 0
1634533925916 63.095367431640625 0
1634533927573 84.67098999023438 0
1634533929231 68.34764099121094 0
1634533930874 80.52622985839844 0
1634533933892 57.64076232910156 0
1634533935552 90.04098510742188 0
1634533937227 55.648582458496094 0
1634533938968 93.34707641601562 0
1634533940671 58.2376823425293 0
1634533942392 60.549503326416016 0
1634533944086 82.33101654052734 0
1634533945765 58.89931869506836 0
1634533947466 56.91521453857422 0
1634533949144 45.45533752441406 0
