1634793612622 1.6337436437606812 0
1634793614891 1.6447049975395203 0
1634793616262 1.1666238605976105 0
1634793617594 2.1976238489151 0
1634793618954 1.6530295610427856 0
1634793620286 3.1949456334114075 0
1634793621635 1.439548909664154 0
1634793622976 1.5217450261116028 0
1634793624321 1.5174001455307007 0
1634793625665 0.9684785604476929 0
1634793627015 1.559163510799408 0
1634793629214 1.2185328602790833 0
1634793630576 1.2398021817207336 0
1634793631921 1.4936620593070984 0
1634793633266 1.0726028382778168 0
1634793634626 0.963689774274826 0
1634793635988 1.6561585664749146 0
1634793637362 1.898189902305603 0
1634793638732 1.4927293062210083 0
1634793640103 1.720203697681427 0
1634793641495 0.9895509481430054 0
1634793643810 1.2697262167930603 0
1634793645245 1.4509320855140686 0
1634793646631 1.3198032677173615 0
1634793648015 1.9448649883270264 0
1634793649407 1.9703297019004822 0
1634793650777 1.6200096011161804 0
1634793652148 1.621476411819458 0
1634793653508 1.5163854360580444 0
1634793654854 1.491644263267517 0
1634793656204 1.303589105606079 0
1634793658414 1.6909396648406982 0
1634793659759 1.5107845067977905 0
1634793661107 2.324228823184967 0
1634793662452 1.7012543678283691 0
1634793663797 1.4336296319961548 0
1634793665142 1.6571781635284424 0
1634793666491 1.5502238273620605 0
1634793667836 0.9203252792358398 0
1634793669181 1.3391228914260864 0
1634793670533 1.4335861802101135 0
1634793672790 1.1627945005893707 0
1634793674151 1.5996422171592712 0
1634793675496 1.3024287819862366 0
1634793676859 1.77165287733078 0
1634793678203 1.620017945766449 0
1634793679536 1.750556230545044 0
1634793680882 2.4051358699798584 0
1634793682212 1.1598439514636993 0
1634793683562 1.3857167661190033 0
1634793684908 1.3776609897613525 0
1634793687110 1.245580404996872 0
1634793688471 1.3060629665851593 0
1634793689817 1.6400335431098938 0
1634793691157 1.898591935634613 0
1634793692502 1.4115416407585144 0
1634793693847 1.549509882926941 0
1634793695198 1.2943551540374756 0
1634793696544 1.5719735026359558 0
1634793697888 2.7098233699798584 0
1634793699233 1.6654180884361267 0
1634793701414 1.3916483521461487 0
1634793702776 1.7722073793411255 0
1634793704121 1.2561545670032501 0
1634793705466 1.0786369144916534 0
1634793706812 1.7888863682746887 0
1634793708143 1.4584380388259888 0
1634793709508 1.7919954657554626 0
1634793710852 1.6573323607444763 0
1634793712197 1.8264418840408325 0
1634793713549 1.5607962608337402 0
1634793715809 2.1082600355148315 0
1634793717170 1.9806814789772034 0
1634793718515 1.8353292346000671 0
1634793719860 1.818476378917694 0
1634793721212 1.8730242848396301 0
1634793722563 2.0132142305374146 0
1634793723892 1.410236120223999 0
1634793725237 2.4561448097229004 0
1634793726585 1.71532142162323 0
1634793728016 1.6636173129081726 0
1634793730286 1.467458724975586 0
1634793731665 1.4539023041725159 0
1634793733060 1.6978291273117065 0
1634793734406 1.7663295269012451 0
1634793735752 1.8386901021003723 0
