1634793612635 0.8111516833305359 0
1634793614906 0.584904670715332 0
1634793616262 0.4719665050506592 0
1634793617609 0.34531956911087036 0
1634793618954 0.32704758644104004 0
1634793620302 0.5479795336723328 0
1634793621650 0.3019477128982544 0
1634793622976 0.30408525466918945 0
1634793624336 0.30420100688934326 0
1634793625665 0.2082538604736328 0
1634793627015 0.4825553297996521 0
1634793629231 0.2562759518623352 0
1634793630576 0.27121442556381226 0
1634793631936 0.2493278980255127 0
1634793633266 0.17030304670333862 0
1634793634631 0.24577759206295013 0
1634793635988 0.3167338967323303 0
1634793637375 0.4412211775779724 0
1634793638748 0.24678775668144226 0
1634793640118 0.32637688517570496 0
1634793641510 0.20523647964000702 0
1634793643810 0.33463984727859497 0
1634793645245 0.22650204598903656 0
1634793646646 0.24265170097351074 0
1634793648015 0.4318930506706238 0
1634793649407 0.11330994218587875 0
1634793650777 0.11099696159362793 0
1634793652148 0.3138872981071472 0
1634793653508 0.2153562307357788 0
1634793654869 0.4395163953304291 0
1634793656204 0.11473257839679718 0
1634793658414 0.13576319813728333 0
1634793659759 0.2883537709712982 0
1634793661107 0.3004710078239441 0
1634793662452 0.13079015910625458 0
1634793663797 0.29616212844848633 0
1634793665142 0.12364926189184189 0
1634793666491 0.4336509704589844 0
1634793667851 0.24935047328472137 0
1634793669181 0.13522210717201233 0
1634793670548 0.09368269145488739 0
1634793672790 0.12607860565185547 0
1634793674151 0.19951656460762024 0
1634793675496 0.2159278243780136 0
1634793676859 0.40113529562950134 0
1634793678203 0.0924525111913681 0
1634793679552 0.5418537855148315 0
1634793680882 0.5005711317062378 0
1634793682227 0.3089027404785156 0
1634793683562 0.16079998016357422 0
1634793684908 0.427243173122406 0
1634793687110 0.1759912669658661 0
1634793688471 0.3695368468761444 0
1634793689817 0.16944730281829834 0
1634793691157 0.43322068452835083 0
1634793692518 0.18672439455986023 0
1634793693862 0.2656705379486084 0
1634793695198 0.22345829010009766 0
1634793696544 0.2630184292793274 0
1634793697888 0.2821529507637024 0
1634793699233 0.0702563226222992 0
1634793701414 0.07023146748542786 0
1634793702776 0.1699894517660141 0
1634793704121 0.13145707547664642 0
1634793705466 0.0823180302977562 0
1634793706812 0.1916608214378357 0
1634793708159 0.3675617575645447 0
1634793709508 0.10263687372207642 0
1634793710868 0.3639121651649475 0
1634793712197 0.0923580750823021 0
1634793713549 0.24235688149929047 0
1634793715825 0.24049341678619385 0
1634793717170 0.15607671439647675 0
1634793718515 0.06219787523150444 0
1634793719860 0.06453102082014084 0
1634793721212 0.3696361482143402 0
1634793722563 0.15917319059371948 0
1634793723908 0.13714496791362762 0
1634793725237 0.12863889336585999 0
1634793726585 0.054894112050533295 0
1634793728032 0.13334307074546814 0
1634793730286 0.15722441673278809 0
1634793731680 0.05661645531654358 0
1634793733060 0.057301413267850876 0
1634793734406 0.06092023849487305 0
1634793735752 0.2203306257724762 0
