1634793612635 0.8700525164604187 0
1634793614906 0.8297956585884094 0
1634793616262 0.7410891652107239 0
1634793617609 0.6568441390991211 0
1634793618954 0.494268536567688 0
1634793620302 0.40566790103912354 0
1634793621650 0.45201772451400757 0
1634793622976 0.575909435749054 0
1634793624336 0.5034860968589783 0
1634793625665 0.49376147985458374 0
1634793627015 0.48818519711494446 0
1634793629214 0.4202311635017395 0
1634793630576 0.4902454614639282 0
1634793631921 0.4101558327674866 0
1634793633266 0.4645639955997467 0
1634793634630 0.5013527274131775 0
1634793635988 0.4998873770236969 0
1634793637375 0.455579549074173 0
1634793638732 0.4774746298789978 0
1634793640118 0.3510165214538574 0
1634793641495 0.5041447877883911 0
1634793643810 0.34894219040870667 0
1634793645245 0.41133588552474976 0
1634793646646 0.4686698019504547 0
1634793648015 0.44731035828590393 0
1634793649407 0.576209306716919 0
1634793650777 0.4587670564651489 0
1634793652148 0.32480621337890625 0
1634793653508 0.39146921038627625 0
1634793654869 0.4380608797073364 0
1634793656204 0.5561661124229431 0
1634793658414 0.5194227695465088 0
1634793659759 0.46983614563941956 0
1634793661107 0.45749473571777344 0
1634793662452 0.3981145918369293 0
1634793663797 0.4557209014892578 0
1634793665142 0.3938986361026764 0
1634793666491 0.4214607775211334 0
1634793667836 0.46172788739204407 0
1634793669181 0.44890695810317993 0
1634793670533 0.5374037623405457 0
1634793672790 0.39097464084625244 0
1634793674151 0.36445608735084534 0
1634793675496 0.4213753938674927 0
1634793676859 0.40327125787734985 0
1634793678203 0.4257411062717438 0
1634793679552 0.39535465836524963 0
1634793680882 0.40993043780326843 0
1634793682227 0.46145737171173096 0
1634793683562 0.42732468247413635 0
1634793684908 0.3934538662433624 0
1634793687110 0.4337186813354492 0
1634793688471 0.39681386947631836 0
1634793689817 0.43006834387779236 0
1634793691157 0.37471717596054077 0
1634793692518 0.421317994594574 0
1634793693847 0.4326392114162445 0
1634793695198 0.410930335521698 0
1634793696544 0.42385733127593994 0
1634793697888 0.41824713349342346 0
1634793699233 0.5113495588302612 0
1634793701414 0.5057052969932556 0
1634793702776 0.34995928406715393 0
1634793704121 0.35282209515571594 0
1634793705466 0.4065070152282715 0
1634793706812 0.4047020971775055 0
1634793708159 0.38956141471862793 0
1634793709508 0.358718603849411 0
1634793710852 0.37654170393943787 0
1634793712197 0.33357128500938416 0
1634793713549 0.41818884015083313 0
1634793715809 0.42104360461235046 0
1634793717170 0.3912988305091858 0
1634793718515 0.4785795211791992 0
1634793719860 0.4717276394367218 0
1634793721212 0.34085312485694885 0
1634793722563 0.3660295605659485 0
1634793723892 0.31961554288864136 0
1634793725237 0.37212833762168884 0
1634793726585 0.39734798669815063 0
1634793728032 0.2986234724521637 0
1634793730286 0.36811766028404236 0
1634793731680 0.37470394372940063 0
1634793733060 0.3743571937084198 0
1634793734406 0.35841402411460876 0
1634793735752 0.21596793830394745 0
