1634793612622 1.6389870047569275 0
1634793614891 1.3895745873451233 0
1634793616262 1.2059261202812195 0
1634793617594 0.996637761592865 0
1634793618938 0.8925256729125977 0
1634793620286 1.1410739421844482 0
1634793621635 0.8641833066940308 0
1634793622976 0.9154063761234283 0
1634793624321 0.8682880103588104 0
1634793625665 0.7365868389606476 0
1634793627015 1.0232822895050049 0
1634793629214 0.7882714867591858 0
1634793630576 0.7740057110786438 0
1634793631921 0.6688476204872131 0
1634793633266 0.6212422251701355 0
1634793634624 0.8429173529148102 0
1634793635973 0.8068739473819733 0
1634793637362 0.8977208733558655 0
1634793638732 0.7235746681690216 0
1634793640103 0.6973425447940826 0
1634793641495 0.6845017373561859 0
1634793643810 0.6551390588283539 0
1634793645245 0.638047456741333 0
1634793646631 0.7028931677341461 0
1634793648015 0.8868340849876404 0
1634793649407 0.6905971094965935 0
1634793650777 0.5750255510210991 0
1634793652148 0.6546559035778046 0
1634793653508 0.6337576359510422 0
1634793654854 0.8776531517505646 0
1634793656204 0.6851474940776825 0
1634793658414 0.7265660911798477 0
1634793659759 0.7390815019607544 0
1634793661107 0.7400490343570709 0
1634793662452 0.4979012459516525 0
1634793663797 0.7356657385826111 0
1634793665142 0.5007598698139191 0
1634793666491 0.8326789736747742 0
1634793667836 0.6781600415706635 0
1634793669181 0.5484530478715897 0
1634793670533 0.6203612610697746 0
1634793672790 0.5056703388690948 0
1634793674135 0.5417898893356323 0
1634793675496 0.6402785778045654 0
1634793676859 0.7916418015956879 0
1634793678203 0.5125948637723923 0
1634793679536 0.8977598547935486 0
1634793680882 0.9255423545837402 0
1634793682212 0.7359402179718018 0
1634793683562 0.5786073803901672 0
1634793684908 0.8002934157848358 0
1634793687110 0.5958862900733948 0
1634793688471 0.7509300112724304 0
1634793689817 0.5907366275787354 0
1634793691157 0.7965452671051025 0
1634793692502 0.5922729521989822 0
1634793693847 0.660874679684639 0
1634793695198 0.6226993799209595 0
1634793696544 0.6679421961307526 0
1634793697888 0.7104260623455048 0
1634793699218 0.5862533450126648 0
1634793701414 0.5676569640636444 0
1634793702761 0.48731425404548645 0
1634793704121 0.45823898166418076 0
1634793705450 0.4607800096273422 0
1634793706812 0.5923609286546707 0
1634793708143 0.7487277388572693 0
1634793709508 0.4307534918189049 0
1634793710852 0.7344824969768524 0
1634793712197 0.4090125486254692 0
1634793713549 0.6365673094987869 0
1634793715809 0.6327235549688339 0
1634793717170 0.5456505417823792 0
1634793718515 0.535960353910923 0
1634793719860 0.5426736921072006 0
1634793721212 0.700384646654129 0
1634793722547 0.5312133133411407 0
1634793723892 0.4638068526983261 0
1634793725237 0.6010335385799408 0
1634793726585 0.4449753277003765 0
1634793728016 0.4639250636100769 0
1634793730270 0.686942994594574 0
1634793731665 0.4293142259120941 0
1634793733044 0.4179188683629036 0
1634793734390 0.3911951184272766 0
1634793735752 0.44554632902145386 0
