1634263964149 0 0
1634263966257 0 0
1634263966961 0 0
1634263967665 0 0
1634263968368 0 0
1634263969068 0 0
1634263969817 0 0
1634263970566 0 0
1634263971285 0 0
1634263971995 0 0
1634263972701 0 0
1634263973410 0 0
1634263974118 0 0
1634263974828 0 0
1634263975539 0 0
1634263976248 0 0
1634263976958 0 0
1634263977668 0 0
1634263978380 0 0
1634263979093 0 0
1634263979808 0 0
1634263981917 0 0
1634263982647 0 0
1634263983376 0 0
1634263984105 0 0
1634263984852 0 0
1634263985576 0 0
1634263986303 0 0
1634263987033 0 0
1634263987747 0 0
1634263988452 0 0
1634263989165 0 0
1634263989878 0 0
1634263990613 0 0
1634263991335 0 0
1634263992070 0 0
1634263992797 0 0
1634263993527 0 0
1634263994249 0 0
1634263994964 0 0
1634263995682 0 0
1634263997839 0 0
1634263998557 0 0
1634263999284 0 0
1634263999994 0 0
1634264000698 0 0
1634264001406 0 0
1634264002123 0 0
1634264002832 0 0
1634264003531 0 0
1634264004245 0 0
1634264004954 0 0
1634264005664 0 0
1634264006378 0 0
1634264007082 0 0
1634264007797 0 0
1634264008513 0 0
1634264009217 0 0
1634264009920 0 0
1634264010648 0 0
1634264011380 0 0
1634264013513 0 0
1634264014225 0 0
1634264014935 0 0
1634264015637 0 0
1634264016360 0 0
1634264017071 0 0
1634264017779 0 0
1634264018494 0 0
1634264019205 0 0
1634264019919 0 0
1634264020615 0 0
1634264021333 0 0
1634264022064 0 0
1634264022766 0 0
1634264023470 0 0
1634264024182 0 0
1634264024885 0 0
1634264025590 0 0
1634264026305 0 0
1634264027011 0 0
1634264029221 0 0
1634264029941 0 0
1634264030668 0 0
1634264031397 0 0
1634264032101 0 0
1634264032825 0 0
1634264033524 0 0
1634264034233 0 0
1634264034949 0 0
1634264035655 0 0
1634264036362 0 0
1634264037070 0 0
1634264037770 0 0
1634264038483 0 0
1634264039194 0 0
1634264039909 0 0
1634264040631 0 0
1634264041329 0 0
1634264042048 0 0
1634264042764 0 0
1634264044994 0 0
1634264045712 0 0
1634264046446 0 0
1634264047164 0 0
1634264047883 0 0
1634264048603 0 0
1634264049308 0 0
1634264050044 0 0
1634264050765 0 0
1634264051476 0 0
1634264052204 0 0
1634264052916 0 0
1634264053661 0 0
1634264054370 0 0
1634264055074 0 0
1634264055778 0 0
1634264056499 0 0
1634264057235 0 0
1634264057954 0 0
1634264058673 0 0
1634264060968 0 0
1634264061680 0 0
1634264062394 0 0
1634264063162 0 0
1634264063900 0 0
1634264064629 0 0
1634264065365 0 0
1634264066070 0 0
1634264066775 0 0
1634264067497 0 0
1634264068215 0 0
1634264068939 0 0
1634264069649 0 0
1634264070353 0 0
1634264071052 0 0
1634264071774 0 0
1634264072506 0 0
1634264073241 0 0
1634264073981 0 0
1634264074722 0 0
1634264076836 0 0
1634264077580 0 0
1634264078308 0 0
1634264079043 0 0
1634264079754 0 0
1634264080479 0 0
1634264081215 0 0
1634264081937 0 0
1634264082669 0 0
1634264083389 0 0
1634264084121 0 0
1634264084856 0 0
1634264085567 0 0
1634264086293 0 0
1634264087045 0 0
1634264087767 0 0
1634264088482 0 0
1634264089187 0 0
1634264089912 0 0
1634264090636 0 0
1634264092865 0 0
1634264093584 0 0
1634264094312 0 0
1634264095017 0 0
1634264095738 0 0
1634264096440 0 0
1634264097172 0 0
1634264097903 0 0
1634264098625 0 0
1634264099348 0 0
1634264100054 0 0
1634264100764 0 0
1634264101470 0 0
1634264102193 0 0
1634264102897 0 0
1634264103615 0 0
1634264104332 0 0
1634264105080 0 0
1634264105824 0 0
1634264106546 0 0
1634264108771 0 0
1634264109506 0 0
1634264110219 0 0
1634264110934 0 0
1634264111635 0 0
1634264112353 0 0
1634264113060 0 0
1634264113786 0 0
1634264114491 0 0
1634264115195 0 0
1634264115919 0 0
1634264116643 0 0
1634264117332 0 0
1634264118064 0 0
1634264118759 0 0
1634264119479 0 0
1634264120183 0 0
1634264120903 0 0
1634264121614 0 0
1634264122316 0 0
1634264124543 0 0
1634264125265 0 0
1634264125979 0 0
1634264126717 0 0
1634264127431 0 0
1634264128163 0 0
1634264128877 0 0
1634264129602 0 0
1634264130335 0 0
1634264131044 0 0
1634264131755 0 0
1634264132477 0 0
1634264133196 0 0
1634264133901 0 0
1634264134639 0 0
1634264135363 0 0
1634264136077 0 0
1634264136793 0 0
1634264137538 0 0
1634264138272 0 0
1634264140453 0 0
1634264141176 0 0
1634264141896 0 0
1634264142613 0 0
1634264143337 0 0
1634264144071 0 0
1634264144787 0 0
1634264145513 0 0
1634264146229 0 0
1634264146934 0 0
1634264147650 0 0
1634264148357 0 0
1634264149074 0 0
1634264149798 0 0
1634264150519 0 0
1634264151237 0 0
1634264151967 0 0
1634264152682 0 0
1634264153395 0 0
1634264154115 0 0
1634264156313 0 0
1634264157039 0 0
1634264157760 0 0
1634264158470 0 0
1634264159183 0 0
1634264159899 0 0
1634264160620 0 0
1634264161344 0 0
1634264162064 0 0
1634264162791 0 0
1634264163503 0 0
1634264164228 0 0
1634264164947 0 0
1634264165677 0 0
1634264166420 0 0
1634264167162 0 0
1634264167900 0 0
1634264168612 0 0
1634264169325 0 0
1634264170030 0 0
1634264172254 0 0
1634264172961 0 0
1634264173662 0 0
1634264174372 0 0
1634264175100 0 0
1634264175803 0 0
1634264176514 0 0
1634264177228 0 0
1634264177936 0 0
1634264178633 0 0
1634264179345 0 0
1634264180084 0 0
1634264180814 0 0
1634264181543 0 0
1634264182253 0 0
1634264182975 0 0
1634264183684 0 0
1634264184400 0 0
1634264185132 0 0
1634264185890 0 0
1634264188070 0 0
1634264188776 0 0
1634264189487 0 0
1634264190198 0 0
1634264190918 0 0
1634264191644 0 0
1634264192366 0 0
1634264193072 0 0
1634264193781 0 0
1634264194486 0 0
1634264195197 0 0
1634264195914 0 0
1634264196618 0 0
1634264197332 0 0
1634264198045 0 0
1634264198755 0 0
1634264199474 0 0
1634264200183 0 0
1634264200889 0 0
1634264201599 0 0
1634264203713 0 0
1634264204415 0 0
1634264205131 0 0
1634264205835 0 0
1634264206552 0 0
1634264207271 0 0
1634264207981 0 0
1634264208702 0 0
1634264209410 0 0
1634264210116 0 0
1634264210830 0 0
1634264211543 0 0
1634264212242 0 0
1634264212950 0 0
1634264213669 0 0
1634264214385 0 0
1634264215096 0 0
1634264215803 0 0
1634264216509 0 0
1634264217227 0 0
1634264219349 0 0
1634264220061 0 0
1634264220756 0 0
1634264221478 0 0
1634264222188 0 0
1634264222895 0 0
1634264223636 0 0
1634264224339 0 0
1634264225073 0 0
1634264225804 0 0
1634264226539 0 0
1634264227245 0 0
1634264227956 0 0
1634264228666 0 0
1634264229372 0 0
1634264230088 0 0
1634264230799 0 0
1634264231504 0 0
1634264232207 0 0
1634264232905 0 0
1634264235014 0 0
1634264235708 0 0
1634264236425 0 0
1634264237129 0 0
1634264237838 0 0
1634264238542 0 0
1634264239253 0 0
1634264239958 0 0
1634264240668 0 0
1634264241373 0 0
1634264242068 0 0
1634264242788 0 0
1634264243492 0 0
1634264244203 0 0
1634264244908 0 0
1634264245602 0 0
1634264246321 0 0
1634264247025 0 0
1634264247730 0 0
1634264248422 0 0
1634264250667 0 0
1634264251356 0 0
1634264252061 0 0
1634264252764 0 0
1634264253469 0 0
1634264254185 0 0
1634264254900 0 0
1634264255601 0 0
1634264256305 0 0
1634264256992 0 0
1634264257712 0 0
1634264258416 0 0
1634264259120 0 0
1634264259823 0 0
1634264260528 0 0
1634264261246 0 0
1634264261950 0 0
1634264262669 0 0
1634264263373 0 0
1634264264076 0 0
1634264266164 0 0
1634264266867 0 0
1634264267556 0 0
1634264268276 0 0
1634264268980 0 0
1634264269684 0 0
1634264270371 0 0
1634264271076 0 0
1634264271794 0 0
1634264272514 0 0
1634264273234 0 0
1634264273922 0 0
1634264274638 0 0
1634264275337 0 0
1634264276055 0 0
1634264276775 0 0
1634264277478 0 0
1634264278182 0 0
1634264278885 0 0
1634264279590 0 0
1634264281678 0 0
1634264282366 0 0
1634264283086 0 0
1634264283790 0 0
1634264284493 0 0
1634264285197 0 0
1634264285900 0 0
1634264286605 0 0
1634264287308 0 0
1634264288027 0 0
1634264288717 0 0
1634264289420 0 0
1634264290140 0 0
1634264290843 0 0
1634264291548 0 0
1634264292251 0 0
1634264292957 0 0
1634264293649 0 0
1634264294353 0 0
1634264295056 0 0
1634264297191 0 0
1634264297892 0 0
1634264298586 0 0
1634264299290 0 0
1634264299995 0 0
1634264300698 0 0
1634264301403 0 0
1634264302116 0 0
1634264302834 0 0
1634264303564 0 0
1634264304290 0 0
1634264305021 0 0
1634264305727 0 0
1634264306430 0 0
1634264307134 0 0
1634264307854 0 0
1634264308545 0 0
1634264309266 0 0
1634264309965 0 0
1634264310669 0 0
1634264312791 0 0
1634264313495 0 0
1634264314199 0 0
1634264314903 0 0
1634264315606 0 0
1634264316310 0 0
1634264317013 0 0
1634264317718 0 0
1634264318421 0 0
1634264319125 0 0
1634264319843 0 0
1634264320548 0 0
1634264321258 0 0
1634264321967 0 0
1634264322664 0 0
1634264323368 0 0
1634264324072 0 0
1634264324776 0 0
1634264325479 0 0
1634264326184 0 0
1634264328295 0 0
1634264328999 0 0
1634264329703 0 0
1634264330411 0 0
1634264331101 0 0
1634264331804 0 0
1634264332524 0 0
1634264333226 0 0
1634264333930 0 0
1634264334649 0 0
1634264335337 0 0
1634264336056 0 0
1634264336760 0 0
1634264337463 0 0
1634264338167 0 0
1634264338871 0 0
1634264339575 0 0
1634264340278 0 0
1634264340983 0 0
1634264341686 0 0
1634264343935 0 0
1634264344647 0 0
1634264345338 0 0
1634264346042 0 0
1634264346760 0 0
1634264347480 0 0
1634264348199 0 0
1634264348903 0 0
1634264349606 0 0
1634264350310 0 0
1634264351029 0 0
1634264351748 0 0
1634264352451 0 0
1634264353171 0 0
1634264353875 0 0
1634264354592 0 0
1634264355304 0 0
1634264356008 0 0
1634264356711 0 0
1634264357415 0 0
1634264359509 0 0
1634264360214 0 0
1634264360917 0 0
1634264361622 0 0
1634264362342 0 0
1634264363045 0 0
1634264363749 0 0
1634264364467 0 0
1634264365171 0 0
1634264365874 0 0
1634264366579 0 0
1634264367301 0 0
1634264368004 0 0
1634264368710 0 0
1634264369416 0 0
1634264370119 0 0
1634264370820 0 0
1634264371522 0 0
1634264372242 0 0
1634264372945 0 0
1634264375040 0 0
1634264375743 0 0
1634264376447 0 0
1634264377150 0 0
1634264377854 0 0
1634264378573 0 0
1634264379277 0 0
1634264379985 0 0
1634264380703 0 0
1634264381414 0 0
1634264382117 0 0
1634264382822 0 0
1634264383524 0 0
1634264384229 0 0
1634264384949 0 0
1634264385653 0 0
1634264386356 0 0
1634264387060 0 0
1634264387763 0 0
1634264388467 0 0
1634264390530 0 0
1634264391246 0 0
1634264391949 0 0
1634264392649 0 0
1634264393352 0 0
1634264394056 0 0
1634264394760 0 0
1634264395480 0 0
1634264396183 0 0
1634264396872 0 0
1634264397590 0 0
1634264398294 0 0
1634264398997 0 0
1634264399703 0 0
1634264400406 0 0
1634264401114 0 0
1634264401821 0 0
1634264402523 0 0
1634264403243 0 0
1634264403946 0 0
1634264406052 0 0
1634264406758 0 0
1634264407462 0 0
1634264408165 0 0
1634264408869 0 0
1634264409573 0 0
1634264410277 0 0
1634264410980 0 0
1634264411700 0 0
1634264412403 0 0
1634264413123 0 0
1634264413827 0 0
1634264414533 0 0
1634264415238 0 0
1634264415947 0 0
1634264416663 0 0
1634264417368 0 0
1634264418071 0 0
1634264418759 0 0
1634264419479 0 0
1634264421570 0 0
1634264422278 0 0
1634264422984 0 0
1634264423680 0 0
1634264424383 0 0
1634264425088 0 0
1634264425791 0 0
1634264426495 0 0
1634264427200 0 0
1634264427916 0 0
1634264428619 0 0
1634264429323 0 0
1634264430027 0 0
1634264430731 0 0
1634264431450 0 0
1634264432154 0 0
1634264432857 0 0
1634264433561 0 0
1634264434264 0 0
1634264434968 0 0
1634264437066 0 0
1634264437774 0 0
1634264438461 0 0
1634264439166 0 0
1634264439885 0 0
1634264440590 0 0
1634264441292 0 0
1634264441997 0 0
1634264442700 0 0
1634264443419 0 0
1634264444123 0 0
1634264444828 0 0
1634264445547 0 0
1634264446251 0 0
1634264446962 0 0
1634264447664 0 0
1634264448368 0 0
1634264449071 0 0
1634264449775 0 0
1634264450494 0 0
1634264452816 0 0
1634264453507 0 0
1634264454227 0 0
1634264454939 0 0
1634264455648 0 0
1634264456356 0 0
1634264457062 0 0
1634264457758 0 0
1634264458477 0 0
1634264459197 0 0
1634264459901 0 0
1634264460605 0 0
1634264461308 0 0
1634264462028 0 0
1634264462746 0 0
1634264463450 0 0
1634264464163 0 0
1634264464867 0 0
1634264465586 0 0
1634264466290 0 0
1634264468370 0 0
1634264469070 0 0
1634264469774 0 0
1634264470478 0 0
1634264471181 0 0
1634264471885 0 0
1634264472588 0 0
1634264473292 0 0
1634264473995 0 0
1634264474701 0 0
1634264475404 0 0
1634264476108 0 0
1634264476811 0 0
1634264477515 0 0
1634264478219 0 0
1634264478922 0 0
1634264479645 0 0
1634264480351 0 0
1634264481055 0 0
1634264481758 0 0
1634264483847 0 0
1634264484556 0 0
1634264485257 0 0
1634264485960 0 0
1634264486662 0 0
1634264487382 0 0
1634264488085 0 0
1634264488788 0 0
1634264489502 0 0
1634264490195 0 0
1634264490899 0 0
1634264491617 0 0
1634264492337 0 0
1634264493040 0 0
1634264493744 0 0
1634264494447 0 0
1634264495151 0 0
1634264495854 0 0
1634264496558 0 0
1634264497261 0 0
1634264499366 0 0
1634264500068 0 0
1634264500757 0 0
1634264501467 0 0
1634264502186 0 0
1634264502890 0 0
1634264503593 0 0
1634264504297 0 0
1634264505001 0 0
1634264505718 0 0
1634264506413 0 0
1634264507118 0 0
1634264507821 0 0
1634264508525 0 0
1634264509243 0 0
1634264509963 0 0
1634264510666 0 0
1634264511370 0 0
1634264512073 0 0
1634264512777 0 0
1634264514878 0 0
1634264515585 0 0
1634264516290 0 0
1634264516980 0 0
1634264517714 0 0
1634264518418 0 0
1634264519122 0 0
1634264519827 0 0
1634264520531 0 0
1634264521249 0 0
1634264521954 0 0
1634264522663 0 0
1634264523352 0 0
1634264524072 0 0
1634264524776 0 0
1634264525479 0 0
1634264526183 0 0
1634264526886 0 0
1634264527591 0 0
1634264528309 0 0
1634264530398 0 0
1634264531101 0 0
1634264531821 0 0
1634264532524 0 0
1634264533229 0 0
1634264533932 0 0
1634264534638 0 0
1634264535356 0 0
1634264536060 0 0
1634264536763 0 0
1634264537468 0 0
1634264538170 0 0
1634264538875 0 0
1634264539594 0 0
1634264540311 0 0
1634264541015 0 0
1634264541711 0 0
1634264542430 0 0
1634264543149 0 0
1634264543853 0 0
1634264545949 0 0
1634264546653 0 0
1634264547356 0 0
1634264548076 0 0
1634264548779 0 0
1634264549498 0 0
1634264550234 0 0
1634264550922 0 0
1634264551639 0 0
1634264552336 0 0
1634264553054 0 0
1634264553759 0 0
1634264554461 0 0
1634264555166 0 0
1634264555869 0 0
1634264556573 0 0
1634264557292 0 0
1634264557995 0 0
1634264558715 0 0
1634264559418 0 0
1634264561550 0 0
1634264562242 0 0
1634264562946 0 0
1634264563664 0 0
1634264564384 0 0
1634264565088 0 0
1634264565792 0 0
1634264566495 0 0
1634264567199 0 0
1634264567918 0 0
1634264568622 0 0
1634264569325 0 0
1634264570029 0 0
1634264570732 0 0
1634264571438 0 0
1634264572150 0 0
1634264572857 0 0
1634264573554 0 0
1634264574274 0 0
1634264574995 0 0
1634264577046 0 0
1634264577751 0 0
1634264578482 0 0
1634264579181 0 0
1634264579885 0 0
1634264580589 0 0
1634264581308 0 0
1634264582012 0 0
1634264582715 0 0
1634264583419 0 0
1634264584122 0 0
1634264584826 0 0
1634264585530 0 0
1634264586234 0 0
1634264586937 0 0
1634264587641 0 0
1634264588362 0 0
1634264589065 0 0
1634264589758 0 0
1634264590463 0 0
1634264592838 0 0
1634264593541 0 0
1634264594247 0 0
1634264594942 0 0
1634264595658 0 0
1634264596351 0 0
1634264597056 0 0
1634264597759 0 0
1634264598463 0 0
1634264599166 0 0
1634264599885 0 0
1634264600590 0 0
1634264601294 0 0
1634264601997 0 0
1634264602716 0 0
1634264603435 0 0
1634264604139 0 0
1634264604844 0 0
1634264605556 0 0
1634264606259 0 0
1634264608352 0 0
1634264609055 0 0
1634264609774 0 0
1634264610478 0 0
1634264611181 0 0
1634264611888 0 0
1634264612591 0 0
1634264613295 0 0
1634264613998 0 0
1634264614718 0 0
1634264615422 0 0
1634264616132 0 0
1634264616839 0 0
1634264617540 0 0
1634264618258 0 0
1634264618962 0 0
1634264619681 0 0
1634264620385 0 0
1634264621089 0 0
1634264621809 0 0
1634264623907 0 0
1634264624613 0 0
1634264625305 0 0
1634264626010 0 0
1634264626713 0 0
1634264627417 0 0
1634264628136 0 0
1634264628840 0 0
1634264629544 0 0
1634264630247 0 0
1634264630951 0 0
1634264631654 0 0
1634264632374 0 0
1634264633077 0 0
1634264633781 0 0
1634264634485 0 0
1634264635198 0 0
1634264635907 0 0
1634264636602 0 0
1634264637305 0 0
1634264639420 0 0
1634264640123 0 0
1634264640833 0 0
1634264641540 0 0
1634264642278 0 0
1634264643000 0 0
1634264643733 0 0
1634264644457 0 0
1634264645181 0 0
1634264645901 0 0
1634264646635 0 0
1634264647348 0 0
1634264648103 0 0
1634264648839 0 0
1634264649573 0 0
1634264650291 0 0
1634264651023 0 0
1634264651727 0 0
1634264652448 0 0
1634264653151 0 0
1634264655265 0 0
1634264655968 0 0
1634264656664 0 0
1634264657368 0 0
1634264658071 0 0
1634264658775 0 0
1634264659495 0 0
1634264660198 0 0
1634264660902 0 0
1634264661605 0 0
1634264662309 0 0
1634264663027 0 0
1634264663732 0 0
1634264664435 0 0
1634264665139 0 0
1634264665842 0 0
1634264666547 0 0
1634264667261 0 0
1634264667964 0 0
1634264668661 0 0
1634264670774 0 0
1634264671478 0 0
1634264672183 0 0
1634264672886 0 0
1634264673590 0 0
1634264674293 0 0
1634264675012 0 0
1634264675731 0 0
1634264676452 0 0
1634264677155 0 0
1634264677866 0 0
1634264678571 0 0
1634264679273 0 0
1634264679977 0 0
1634264680680 0 0
1634264681385 0 0
1634264682088 0 0
1634264682793 0 0
1634264683496 0 0
1634264684215 0 0
