1634263964149 15.330435752868652 0
1634263966257 7.815415382385254 0
1634263966961 9.43598747253418 0
1634263967665 7.939820766448975 0
1634263968368 5.489652156829834 0
1634263969068 7.926329612731934 0
1634263969822 4.7943196296691895 0
1634263970571 5.067289352416992 0
1634263971290 7.51347279548645 0
1634263972000 4.436575412750244 0
1634263972701 7.521930813789368 0
1634263973414 5.336901903152466 0
1634263974122 4.273730754852295 0
1634263974832 6.575363874435425 0
1634263975544 7.1944215297698975 0
1634263976253 7.147812247276306 0
1634263976963 4.689873218536377 0
1634263977675 6.881747007369995 0
1634263978385 6.728138327598572 0
1634263979097 6.685065984725952 0
1634263979812 7.282267212867737 0
1634263981922 4.21277379989624 0
1634263982652 6.707365989685059 0
1634263983381 6.811877250671387 0
1634263984111 7.138378143310547 0
1634263984857 7.0122199058532715 0
1634263985582 6.935237646102905 0
1634263986309 4.1787086725234985 0
1634263987039 6.852434277534485 0
1634263987753 6.811114549636841 0
1634263988457 6.996811747550964 0
1634263989165 6.966824412345886 0
1634263989885 6.693999886512756 0
1634263990618 6.918944835662842 0
1634263991351 6.476865649223328 0
1634263992075 6.773573875427246 0
1634263992803 6.801394104957581 0
1634263993532 6.574046611785889 0
1634263994255 6.5215163230896 0
1634263994969 7.031767010688782 0
1634263995687 6.5523988008499146 0
1634263997845 3.7586252689361572 0
1634263998562 6.818770408630371 0
1634263999289 6.789885997772217 0
1634264000000 3.846425414085388 0
1634264000703 6.717851877212524 0
1634264001411 6.749846816062927 0
1634264002128 3.8349077701568604 0
1634264002837 6.749870777130127 0
1634264003531 6.406871438026428 0
1634264004249 6.357252359390259 0
1634264004959 3.5805633068084717 0
1634264005670 6.455161094665527 0
1634264006383 6.576300024986267 0
1634264007088 6.664382219314575 0
1634264007802 3.922106385231018 0
1634264008518 3.4037973880767822 0
1634264009223 6.545594692230225 0
1634264009926 6.47665798664093 0
1634264010653 6.213722586631775 0
1634264011385 6.541940212249756 0
1634264013519 6.527607202529907 0
1634264014230 6.458283185958862 0
1634264014940 6.4494980573654175 0
1634264015642 3.6385927200317383 0
1634264016366 6.35068154335022 0
1634264017077 6.343640565872192 0
1634264017786 3.560969829559326 0
1634264018501 6.15868353843689 0
1634264019212 6.200158476829529 0
1634264019925 6.336200833320618 0
1634264020631 6.112484335899353 0
1634264021339 6.3607096672058105 0
1634264022069 6.3644514083862305 0
1634264022771 3.4156885147094727 0
1634264023475 6.408994078636169 0
1634264024187 6.336361050605774 0
1634264024890 6.160662412643433 0
1634264025595 6.04203337430954 0
1634264026310 3.1602758169174194 0
1634264027026 6.261104583740234 0
1634264029227 3.2311543226242065 0
1634264029945 5.793730974197388 0
1634264030673 3.4468607902526855 0
1634264031402 5.7703330516815186 0
1634264032106 6.433787941932678 0
1634264032825 6.3819801807403564 0
1634264033524 6.284368276596069 0
1634264034238 6.363004684448242 0
1634264034955 6.244694113731384 0
1634264035660 6.359178185462952 0
1634264036368 3.140220284461975 0
1634264037070 5.9710869789123535 0
1634264037770 5.932864308357239 0
1634264038486 6.0433385372161865 0
1634264039199 6.325458884239197 0
1634264039914 6.015478134155273 0
1634264040637 3.1500877141952515 0
1634264041345 6.0901912450790405 0
1634264042053 6.232210874557495 0
1634264042769 6.436029434204102 0
1634264045001 6.077049732208252 0
1634264045712 6.098450422286987 0
1634264046452 6.176168203353882 0
1634264047164 6.094375371932983 0
1634264047883 5.899449110031128 0
1634264048603 6.090713858604431 0
1634264049323 3.0977213382720947 0
1634264050044 6.030265927314758 0
1634264050770 6.207451343536377 0
1634264051481 5.756680965423584 0
1634264052209 5.8403812646865845 0
1634264052921 5.972586035728455 0
1634264053666 3.1417921781539917 0
1634264054370 5.980524182319641 0
1634264055090 5.98552680015564 0
1634264055778 5.955033659934998 0
1634264056504 5.794533967971802 0
1634264057240 2.9516139030456543 0
1634264057960 2.731239378452301 0
1634264058679 5.650375247001648 0
1634264060973 3.070977807044983 0
1634264061685 5.667948484420776 0
1634264062400 5.8611743450164795 0
1634264063168 5.762437343597412 0
1634264063906 5.3801456689834595 0
1634264064633 5.388218283653259 0
1634264065370 5.4259819984436035 0
1634264066075 5.951176643371582 0
1634264066781 5.809544086456299 0
1634264067503 5.236538946628571 0
1634264068220 5.453303575515747 0
1634264068944 5.737245321273804 0
1634264069655 5.415707111358643 0
1634264070358 5.430913150310516 0
1634264071066 5.340324521064758 0
1634264071779 5.815472364425659 0
1634264072511 2.8788084983825684 0
1634264073246 5.881065726280212 0
1634264073986 5.788785099983215 0
1634264074727 5.830198645591736 0
1634264076836 2.889041781425476 0
1634264077584 5.847712278366089 0
1634264078314 5.438463091850281 0
1634264079048 5.490906476974487 0
1634264079770 5.309601426124573 0
1634264080485 5.435395121574402 0
1634264081220 5.51801323890686 0
1634264081937 5.726859927177429 0
1634264082685 5.692623615264893 0
1634264083389 5.201444149017334 0
1634264084126 3.1295970678329468 0
1634264084861 5.070217847824097 0
1634264085567 2.7590203285217285 0
1634264086298 5.561042904853821 0
1634264087050 5.330470323562622 0
1634264087773 2.7392094135284424 0
1634264088487 5.5834983587265015 0
1634264089192 5.378440499305725 0
1634264089917 5.636335134506226 0
1634264090641 5.319197773933411 0
1634264092871 5.610595464706421 0
1634264093589 5.620334982872009 0
1634264094317 5.623554468154907 0
1634264095022 5.76946234703064 0
1634264095743 5.323399186134338 0
1634264096456 5.166868686676025 0
1634264097178 2.8076279163360596 0
1634264097908 5.210074067115784 0
1634264098630 5.433074235916138 0
1634264099354 5.13817024230957 0
1634264100060 5.496675252914429 0
1634264100769 2.6745734214782715 0
1634264101470 5.224535822868347 0
1634264102199 2.559290647506714 0
1634264102902 5.484370589256287 0
1634264103620 5.2304136753082275 0
1634264104348 5.417317032814026 0
1634264105086 5.470769286155701 0
1634264105829 5.537806034088135 0
1634264106551 2.5349061489105225 0
1634264108790 5.621113181114197 0
1634264109511 3.01906681060791 0
1634264110224 5.792039155960083 0
1634264110939 5.323781728744507 0
1634264111635 5.274499893188477 0
1634264112369 5.374586820602417 0
1634264113060 5.515514373779297 0
1634264113792 2.622216820716858 0
1634264114496 5.2766722440719604 0
1634264115195 5.000094532966614 0
1634264115924 2.1549004912376404 0
1634264116649 5.32514500617981 0
1634264117348 4.931390285491943 0
1634264118069 2.8605194091796875 0
1634264118775 2.458577275276184 0
1634264119479 2.218645215034485 0
1634264120183 5.239328742027283 0
1634264120903 5.193881988525391 0
1634264121619 2.2087589502334595 0
1634264122321 4.68704879283905 0
1634264124543 5.292529821395874 0
1634264125270 2.388476610183716 0
1634264125979 4.849813103675842 0
1634264126722 5.2555320262908936 0
1634264127436 4.904529809951782 0
1634264128163 2.256828784942627 0
1634264128892 5.059342384338379 0
1634264129608 4.779953241348267 0
1634264130340 2.219524323940277 0
1634264131044 5.243253588676453 0
1634264131761 5.081849932670593 0
1634264132483 2.0977054834365845 0
1634264133201 2.139843761920929 0
1634264133901 4.94325464963913 0
1634264134644 4.563746690750122 0
1634264135368 5.265990138053894 0
1634264136093 2.3445136547088623 0
1634264136808 5.118797302246094 0
1634264137544 5.114238858222961 0
1634264138278 1.9461138248443604 0
1634264140453 4.659597754478455 0
1634264141181 5.069130897521973 0
1634264141901 1.9454347491264343 0
1634264142618 5.083415985107422 0
1634264143342 5.163649082183838 0
1634264144071 5.085466980934143 0
1634264144787 2.2720277309417725 0
1634264145528 4.844421446323395 0
1634264146235 4.538793742656708 0
1634264146940 2.163637399673462 0
1634264147650 5.089464902877808 0
1634264148357 5.086208462715149 0
1634264149074 4.858697772026062 0
1634264149798 4.573320150375366 0
1634264150525 2.1917433738708496 0
1634264151242 4.514653444290161 0
1634264151972 4.6136791706085205 0
1634264152682 2.2781201601028442 0
1634264153400 2.082516074180603 0
1634264154121 4.736001789569855 0
1634264156319 2.218094229698181 0
1634264157044 4.764910042285919 0
1634264157765 4.380162835121155 0
1634264158470 4.905660152435303 0
1634264159188 2.2134151458740234 0
1634264159899 2.084693193435669 0
1634264160626 4.961148381233215 0
1634264161349 4.925774574279785 0
1634264162069 4.737599313259125 0
1634264162796 2.1578197479248047 0
1634264163508 1.8474119901657104 0
1634264164233 1.7519078254699707 0
1634264164952 4.243562877178192 0
1634264165683 4.654428958892822 0
1634264166425 4.948122501373291 0
1634264167167 1.9674102067947388 0
1634264167905 4.379490554332733 0
1634264168618 4.550924181938171 0
1634264169330 4.726297855377197 0
1634264170035 2.0464527010917664 0
1634264172254 4.201308012008667 0
1634264172965 4.721811413764954 0
1634264173667 4.476581335067749 0
1634264174378 4.832892894744873 0
1634264175105 4.731549978256226 0
1634264175809 4.773310422897339 0
1634264176519 1.6677045822143555 0
1634264177234 4.350266456604004 0
1634264177936 4.66312313079834 0
1634264178633 4.262315630912781 0
1634264179352 1.6670944690704346 0
1634264180091 4.534141540527344 0
1634264180819 4.409480690956116 0
1634264181548 4.659191370010376 0
1634264182259 4.322362899780273 0
1634264182981 4.776146292686462 0
1634264183690 4.5077842473983765 0
1634264184405 4.637492537498474 0
1634264185137 4.655155062675476 0
1634264185895 2.1973801851272583 0
1634264188076 4.7569819688797 0
1634264188781 4.495170593261719 0
1634264189493 4.636310696601868 0
1634264190204 4.754226326942444 0
1634264190923 4.104673206806183 0
1634264191649 4.377092480659485 0
1634264192372 2.400253176689148 0
1634264193079 4.212197959423065 0
1634264193786 4.446503043174744 0
1634264194486 2.0993934869766235 0
1634264195202 1.6358397006988525 0
1634264195919 5.262937784194946 0
1634264196625 5.203872799873352 0
1634264197337 4.967206954956055 0
1634264198051 2.194333076477051 0
1634264198771 3.7749465703964233 0
1634264199480 4.525875806808472 0
1634264200189 4.757273197174072 0
1634264200895 4.362995862960815 0
1634264201604 1.909685730934143 0
1634264203719 1.589784324169159 0
1634264204415 4.394158124923706 0
1634264205137 2.015684187412262 0
1634264205840 4.464347004890442 0
1634264206552 4.53058648109436 0
1634264207277 4.750231385231018 0
1634264207986 1.8936588764190674 0
1634264208707 4.41230833530426 0
1634264209415 2.1183095574378967 0
1634264210116 2.043180823326111 0
1634264210830 3.882443845272064 0
1634264211548 4.095952749252319 0
1634264212242 4.478129148483276 0
1634264212950 4.666963696479797 0
1634264213669 2.1877115964889526 0
1634264214391 4.696295976638794 0
1634264215102 4.0587769746780396 0
1634264215803 4.105198621749878 0
1634264216509 4.470154166221619 0
1634264217232 3.8485701084136963 0
1634264219357 1.999541163444519 0
1634264220066 2.100103437900543 0
1634264220771 4.375342607498169 0
1634264221485 3.8932941555976868 0
1634264222188 4.164868235588074 0
1634264222911 1.854796588420868 0
1634264223642 4.067128300666809 0
1634264224339 4.324946999549866 0
1634264225078 1.9571906924247742 0
1634264225822 4.550333261489868 0
1634264226544 4.276921629905701 0
1634264227251 4.243192374706268 0
1634264227962 1.6127799153327942 0
1634264228672 4.499969840049744 0
1634264229378 1.6820916533470154 0
1634264230088 1.8956068754196167 0
1634264230804 4.023992538452148 0
1634264231509 4.019047975540161 0
1634264232207 1.5460959672927856 0
1634264232921 3.8765469789505005 0
1634264235020 4.019048810005188 0
1634264235724 4.0778868198394775 0
1634264236431 4.179621934890747 0
1634264237134 1.5828996896743774 0
1634264237843 4.452038884162903 0
1634264238547 3.912910282611847 0
1634264239258 4.290456414222717 0
1634264239963 4.076635360717773 0
1634264240673 3.617154538631439 0
1634264241378 3.970277190208435 0
1634264242080 4.263582110404968 0
1634264242794 4.447781085968018 0
1634264243507 1.7361162900924683 0
1634264244209 2.018484055995941 0
1634264244914 3.9943658113479614 0
1634264245618 4.262126803398132 0
1634264246327 1.8364572525024414 0
1634264247030 3.825777053833008 0
1634264247730 3.838649570941925 0
1634264248438 1.8312638998031616 0
1634264250667 4.410987377166748 0
1634264251372 3.825694262981415 0
1634264252061 4.208086013793945 0
1634264252779 1.5842284560203552 0
1634264253485 4.038666129112244 0
1634264254191 3.7659019231796265 0
1634264254905 1.5722110271453857 0
1634264255601 1.7006247639656067 0
1634264256305 4.161754369735718 0
1634264257008 3.5454535484313965 0
1634264257712 3.8257890939712524 0
1634264258416 6.1796205043792725 0
1634264259120 4.581846475601196 0
1634264259823 2.0498610734939575 0
1634264260528 4.298454165458679 0
1634264261246 3.904894471168518 0
1634264261966 4.164868354797363 0
1634264262669 2.1055448055267334 0
1634264263373 3.9733890295028687 0
1634264264076 2.1373074054718018 0
1634264266164 4.074503660202026 0
1634264266867 3.727169156074524 0
1634264267571 4.392426013946533 0
1634264268277 4.098826766014099 0
1634264268980 3.46477872133255 0
1634264269684 3.854014575481415 0
1634264270387 4.057069301605225 0
1634264271091 3.9690436124801636 0
1634264271794 3.959197998046875 0
1634264272514 4.085662841796875 0
1634264273234 1.6398856043815613 0
1634264273938 3.665850877761841 0
1634264274643 4.250629186630249 0
1634264275353 1.8788902163505554 0
1634264276071 1.8718523383140564 0
1634264276775 3.7106406688690186 0
1634264277478 2.0006712079048157 0
1634264278182 3.41564679145813 0
1634264278885 4.116255283355713 0
1634264279590 1.7966802716255188 0
1634264281684 3.8911620378494263 0
1634264282382 1.99875408411026 0
1634264283086 3.8874759674072266 0
1634264283790 1.7819499969482422 0
1634264284493 4.028035938739777 0
1634264285197 1.7416448593139648 0
1634264285900 2.0161522030830383 0
1634264286605 1.949191927909851 0
1634264287323 3.6988431215286255 0
1634264288028 4.227561593055725 0
1634264288733 1.962988018989563 0
1634264289436 4.225151419639587 0
1634264290140 1.7022809982299805 0
1634264290843 1.891467809677124 0
1634264291548 2.2182880640029907 0
1634264292257 1.9026584029197693 0
1634264292962 3.5479332208633423 0
1634264293665 2.0769811868667603 0
1634264294369 1.6303399801254272 0
1634264295072 1.8992096185684204 0
1634264297196 3.788382887840271 0
1634264297896 2.095857262611389 0
1634264298586 4.004673063755035 0
1634264299290 1.8929062485694885 0
1634264299995 1.8902191519737244 0
1634264300698 3.5635207891464233 0
1634264301410 3.7702895402908325 0
1634264302121 3.806117832660675 0
1634264302841 3.715361714363098 0
1634264303564 1.9397766590118408 0
1634264304296 1.6870266795158386 0
1634264305027 3.578492283821106 0
1634264305743 3.786064028739929 0
1634264306430 3.781386971473694 0
1634264307150 4.1594719886779785 0
1634264307854 3.9381282329559326 0
1634264308561 3.506836473941803 0
1634264309266 3.901828408241272 0
1634264309965 3.740527331829071 0
1634264310669 3.842899203300476 0
1634264312791 3.7239379286766052 0
1634264313495 3.549710273742676 0
1634264314199 4.131240129470825 0
1634264314903 1.9062092900276184 0
1634264315606 4.1137672662734985 0
1634264316310 3.469276785850525 0
1634264317013 3.6733787655830383 0
1634264317733 3.6810569167137146 0
1634264318436 3.85110604763031 0
1634264319140 3.8401876091957092 0
1634264319843 4.0619624853134155 0
1634264320548 2.2340786457061768 0
1634264321263 2.018254280090332 0
1634264321973 3.2585608959198 0
1634264322664 4.076480865478516 0
1634264323368 2.2261462807655334 0
1634264324072 1.8801007270812988 0
1634264324776 3.468053638935089 0
1634264325479 1.6476557850837708 0
1634264326199 2.2438344955444336 0
1634264328295 1.8059454560279846 0
1634264328999 3.4251880049705505 0
1634264329703 4.019604682922363 0
1634264330416 1.526920735836029 0
1634264331117 3.437974274158478 0
1634264331820 3.3594159185886383 0
1634264332529 3.9914754033088684 0
1634264333242 4.050259590148926 0
1634264333946 3.6351550817489624 0
1634264334649 1.7999863028526306 0
1634264335353 4.010946035385132 0
1634264336056 4.025707840919495 0
1634264336760 3.6468687653541565 0
1634264337463 3.560507655143738 0
1634264338167 1.8728221654891968 0
1634264338871 3.374850630760193 0
1634264339575 4.023086428642273 0
1634264340278 3.829805612564087 0
1634264340983 3.4236358404159546 0
1634264341686 1.54836905002594 0
1634264343935 3.7430267333984375 0
1634264344651 4.164776802062988 0
1634264345353 3.5922523736953735 0
1634264346057 3.8180594444274902 0
1634264346760 3.5405584573745728 0
1634264347480 3.9728875160217285 0
1634264348199 3.9666754007339478 0
1634264348918 4.087272763252258 0
1634264349621 2.1873397827148438 0
1634264350326 3.75946843624115 0
1634264351029 3.271148920059204 0
1634264351748 1.7823147773742676 0
1634264352467 3.5450640320777893 0
1634264353171 3.33061146736145 0
1634264353875 2.103868782520294 0
1634264354597 1.639402687549591 0
1634264355304 3.484149158000946 0
1634264356008 3.296289563179016 0
1634264356711 3.613805890083313 0
1634264357431 3.9483792781829834 0
1634264359509 1.9261668920516968 0
1634264360214 3.3820438981056213 0
1634264360917 3.2587499618530273 0
1634264361622 3.681675434112549 0
1634264362342 2.370133399963379 0
1634264363060 1.9471248984336853 0
1634264363764 2.333562731742859 0
1634264364467 3.4754050374031067 0
1634264365187 3.688059091567993 0
1634264365890 3.918324589729309 0
1634264366594 1.6264303922653198 0
1634264367307 3.0537846088409424 0
1634264368009 1.6434291005134583 0
1634264368710 2.0650479793548584 0
1634264369416 3.4824507236480713 0
1634264370119 1.821482539176941 0
1634264370835 3.221620559692383 0
1634264371538 3.912368893623352 0
1634264372242 3.654736280441284 0
1634264372945 3.2895872592926025 0
1634264375040 3.8803921937942505 0
1634264375743 3.642509341239929 0
1634264376447 3.631203055381775 0
1634264377150 3.437329590320587 0
1634264377854 3.46009624004364 0
1634264378573 2.991384506225586 0
1634264379277 1.603707194328308 0
1634264380001 3.6198489665985107 0
1634264380710 3.246177315711975 0
1634264381414 2.1579670906066895 0
1634264382117 2.530663013458252 0
1634264382822 4.17074179649353 0
1634264383540 2.431935667991638 0
1634264384244 3.434841752052307 0
1634264384949 3.6586121320724487 0
1634264385653 3.6347020864486694 0
1634264386356 3.65547639131546 0
1634264387060 3.87027645111084 0
1634264387763 3.2784157395362854 0
1634264388467 1.8698304891586304 0
1634264390546 3.778102993965149 0
1634264391251 3.35137403011322 0
1634264391954 3.35105961561203 0
1634264392649 3.621103346347809 0
1634264393352 1.9014247059822083 0
1634264394056 3.8841681480407715 0
1634264394760 3.24505877494812 0
1634264395480 3.6466251611709595 0
1634264396183 3.8523526191711426 0
1634264396887 3.3541557788848877 0
1634264397590 3.6272263526916504 0
1634264398294 3.4492603540420532 0
1634264398997 3.6382921934127808 0
1634264399703 3.2979077100753784 0
1634264400406 3.3709463477134705 0
1634264401119 3.8166359663009644 0
1634264401828 3.6947513818740845 0
1634264402539 2.180143713951111 0
1634264403243 3.8162397146224976 0
1634264403946 3.0789466500282288 0
1634264406052 1.9860934615135193 0
1634264406763 3.3166706562042236 0
1634264407462 3.140968918800354 0
1634264408165 3.290269434452057 0
1634264408869 3.7721205949783325 0
1634264409589 3.132063865661621 0
1634264410293 3.0343008041381836 0
1634264410996 3.2756248712539673 0
1634264411716 3.1408467888832092 0
1634264412419 3.4917282462120056 0
1634264413123 3.754206657409668 0
1634264413827 3.2539420127868652 0
1634264414533 3.0746653974056244 0
1634264415243 2.872641682624817 0
1634264415954 2.839137554168701 0
1634264416663 3.4675064086914062 0
1634264417368 3.4645647406578064 0
1634264418071 3.07488214969635 0
1634264418775 3.7285706996917725 0
1634264419495 1.5164939165115356 0
1634264421570 3.738661050796509 0
1634264422283 2.811921536922455 0
1634264422989 1.6787229776382446 0
1634264423696 3.7166000604629517 0
1634264424399 3.4820836782455444 0
1634264425088 3.217711567878723 0
1634264425807 3.232136607170105 0
1634264426511 3.015701949596405 0
1634264427216 3.470880627632141 0
1634264427916 3.035487800836563 0
1634264428619 3.699378252029419 0
1634264429323 2.9969540536403656 0
1634264430027 3.406310737133026 0
1634264430747 2.2071231603622437 0
1634264431450 2.9149723052978516 0
1634264432154 3.680360198020935 0
1634264432857 1.5590226650238037 0
1634264433576 2.7804723978042603 0
1634264434279 3.4279361963272095 0
1634264434968 3.1705057621002197 0
1634264437070 2.99506676197052 0
1634264437774 2.225942373275757 0
1634264438477 3.2208410501480103 0
1634264439181 3.5056732296943665 0
1634264439885 3.4406898021698 0
1634264440590 2.3406028747558594 0
1634264441292 2.0890762209892273 0
1634264442012 1.880255103111267 0
1634264442715 3.431573271751404 0
1634264443419 3.1622856855392456 0
1634264444123 3.1755512952804565 0
1634264444828 3.446889042854309 0
1634264445547 3.152435064315796 0
1634264446256 3.0378894805908203 0
1634264446967 2.1545838117599487 0
1634264447664 2.7316259145736694 0
1634264448368 3.3624958992004395 0
1634264449071 2.899892747402191 0
1634264449775 3.3967126607894897 0
1634264450494 2.9847660064697266 0
1634264452822 3.110606610774994 0
1634264453523 3.343057692050934 0
1634264454233 3.355405032634735 0
1634264454945 1.6063048243522644 0
1634264455648 1.6355348229408264 0
1634264456361 3.410218834877014 0
1634264457068 2.5757553577423096 0
1634264457758 3.0869319438934326 0
1634264458477 3.0748241543769836 0
1634264459212 3.3621199131011963 0
1634264459916 2.1818084716796875 0
1634264460621 3.6286697387695312 0
1634264461323 2.2698713541030884 0
1634264462028 1.6771937012672424 0
1634264462746 2.7756531834602356 0
1634264463466 2.9521186351776123 0
1634264464179 3.3490025997161865 0
1634264464883 2.2308098673820496 0
1634264465586 3.328448176383972 0
1634264466290 3.1295379400253296 0
1634264468376 1.6134848892688751 0
1634264469070 2.829520344734192 0
1634264469774 2.232048273086548 0
1634264470478 3.1071733832359314 0
1634264471181 2.887152999639511 0
1634264471885 1.4791617095470428 0
1634264472588 2.8369751572608948 0
1634264473292 3.601967215538025 0
1634264473995 3.3087140321731567 0
1634264474701 2.1986570358276367 0
1634264475404 2.6617996096611023 0
1634264476108 3.0640770196914673 0
1634264476811 3.3161290287971497 0
1634264477515 2.6193026900291443 0
1634264478235 3.280010938644409 0
1634264478938 3.320054531097412 0
1634264479650 3.260750889778137 0
1634264480351 2.011142611503601 0
1634264481055 3.339212417602539 0
1634264481758 2.2110179662704468 0
1634264483847 3.605212450027466 0
1634264484561 3.299112379550934 0
1634264485257 2.612216889858246 0
1634264485960 3.246999502182007 0
1634264486678 3.5450992584228516 0
1634264487388 3.0263553261756897 0
1634264488085 1.6687361001968384 0
1634264488788 3.0088719725608826 0
1634264489508 3.546299695968628 0
1634264490210 2.164095640182495 0
1634264490914 3.2152918577194214 0
1634264491617 2.8287257254123688 0
1634264492337 2.8127559423446655 0
1634264493040 1.8168275952339172 0
1634264493744 3.099470615386963 0
1634264494447 2.241369843482971 0
1634264495167 1.5860812664031982 0
1634264495870 2.977851450443268 0
1634264496574 2.8177879750728607 0
1634264497278 3.1933467388153076 0
1634264499371 2.9828270077705383 0
1634264500070 3.2028090357780457 0
1634264500773 3.1920756101608276 0
1634264501467 1.645696759223938 0
1634264502201 3.283799886703491 0
1634264502905 1.6309558749198914 0
1634264503608 2.9832497239112854 0
1634264504312 3.2818610668182373 0
1634264505017 3.2688628435134888 0
1634264505724 2.1493841409683228 0
1634264506413 3.154475212097168 0
1634264507118 3.214508891105652 0
1634264507821 2.139847755432129 0
1634264508525 3.332276225090027 0
1634264509259 3.1229922771453857 0
1634264509963 2.1300418972969055 0
1634264510666 2.137877583503723 0
1634264511386 2.9969696402549744 0
1634264512089 3.5998945236206055 0
1634264512793 1.8024014830589294 0
1634264514878 2.573098212480545 0
1634264515589 3.5020625591278076 0
1634264516290 3.205159068107605 0
1634264516996 3.2164453864097595 0
1634264517714 3.260750889778137 0
1634264518418 3.0214473009109497 0
1634264519122 3.5359044075012207 0
1634264519827 1.9242973923683167 0
1634264520546 1.784043788909912 0
1634264521249 3.2468597888946533 0
1634264521954 3.259201169013977 0
1634264522668 3.482537269592285 0
1634264523368 1.406510829925537 0
1634264524072 2.8886247873306274 0
1634264524792 1.5705015659332275 0
1634264525495 2.787301182746887 0
1634264526199 2.939611315727234 0
1634264526886 3.4635493755340576 0
1634264527606 2.8095734119415283 0
1634264528325 1.5040876269340515 0
1634264530398 3.2346911430358887 0
1634264531117 2.9094595313072205 0
1634264531837 3.468638300895691 0
1634264532540 2.918385922908783 0
1634264533229 2.756493866443634 0
1634264533932 3.4470783472061157 0
1634264534638 1.3386108577251434 0
1634264535356 3.1369045972824097 0
1634264536060 2.7161705493927 0
1634264536763 2.892982304096222 0
1634264537468 2.8774567246437073 0
1634264538170 2.887011229991913 0
1634264538875 2.705763131380081 0
1634264539610 1.760944128036499 0
1634264540316 1.5024928450584412 0
1634264541020 2.8792206048965454 0
1634264541711 2.634469211101532 0
1634264542430 2.7170230448246 0
1634264543149 2.444182515144348 0
1634264543853 3.411981225013733 0
1634264545965 3.1783251762390137 0
1634264546669 1.7752004861831665 0
1634264547372 2.870750844478607 0
1634264548076 3.109921872615814 0
1634264548794 2.6095200777053833 0
1634264549514 2.6121798157691956 0
1634264550234 1.7775969505310059 0
1634264550938 1.7791926860809326 0
1634264551645 2.5995795726776123 0
1634264552351 3.0887628197669983 0
1634264553054 2.6650278866291046 0
1634264553759 3.089660108089447 0
1634264554461 3.0978108048439026 0
1634264555181 2.088545560836792 0
1634264555884 1.794501543045044 0
1634264556588 2.8450156450271606 0
1634264557308 2.6826981008052826 0
1634264558011 2.8440932035446167 0
1634264558715 2.659929633140564 0
1634264559418 1.5476971864700317 0
1634264561556 2.837784230709076 0
1634264562257 2.086146354675293 0
1634264562946 1.3504868745803833 0
1634264563664 3.1585757732391357 0
1634264564384 2.3966914117336273 0
1634264565088 3.08858859539032 0
1634264565792 2.3885227739810944 0
1634264566511 2.82677960395813 0
1634264567215 2.6563519835472107 0
1634264567918 2.667245239019394 0
1634264568622 2.6500722765922546 0
1634264569325 2.8237679600715637 0
1634264570029 3.377176284790039 0
1634264570748 2.6586198210716248 0
1634264571438 1.4677096009254456 0
1634264572156 3.123583972454071 0
1634264572862 3.112868070602417 0
1634264573554 2.1268527507781982 0
1634264574274 2.8648946285247803 0
1634264574995 3.094233453273773 0
1634264577062 3.125030517578125 0
1634264577766 1.6050165891647339 0
1634264578487 2.7150838971138 0
1634264579196 2.8376203775405884 0
1634264579885 3.3680280447006226 0
1634264580605 3.359506368637085 0
1634264581308 1.5787141919136047 0
1634264582012 3.1163341403007507 0
1634264582715 2.65219184756279 0
1634264583419 1.819837212562561 0
1634264584122 3.356489419937134 0
1634264584826 3.3593534231185913 0
1634264585530 3.2538723945617676 0
1634264586234 2.88093638420105 0
1634264586953 2.193565249443054 0
1634264587657 2.5946744680404663 0
1634264588368 1.8631154894828796 0
1634264589070 2.6298400163650513 0
1634264589773 2.6218130588531494 0
1634264590463 1.3992659151554108 0
1634264592838 2.371274769306183 0
1634264593541 3.3350672721862793 0
1634264594247 2.5567033290863037 0
1634264594958 1.5778332352638245 0
1634264595663 1.8281623721122742 0
1634264596367 3.098280429840088 0
1634264597071 2.3817029893398285 0
1634264597774 3.090898633003235 0
1634264598478 3.0465524196624756 0
1634264599181 2.5503222346305847 0
1634264599885 3.32886004447937 0
1634264600605 3.0465036630630493 0
1634264601309 2.802233338356018 0
1634264602012 2.7931610345840454 0
1634264602732 3.0873372554779053 0
1634264603435 2.7955204248428345 0
1634264604139 1.408905178308487 0
1634264604844 3.046840190887451 0
1634264605562 3.030198037624359 0
1634264606259 3.072077989578247 0
1634264608367 2.3311961591243744 0
1634264609071 2.36038738489151 0
1634264609774 2.3934755623340607 0
1634264610478 2.552259087562561 0
1634264611181 2.345298260450363 0
1634264611888 2.3438408374786377 0
1634264612607 1.5975057482719421 0
1634264613311 2.5659808218479156 0
1634264614014 2.328309118747711 0
1634264614718 2.3594712018966675 0
1634264615422 3.06736421585083 0
1634264616138 2.622872829437256 0
1634264616846 2.570941060781479 0
1634264617555 2.7676013708114624 0
1634264618258 1.3837331235408783 0
1634264618978 3.067300796508789 0
1634264619681 3.310365080833435 0
1634264620402 2.7710081934928894 0
1634264621105 2.779570758342743 0
1634264621809 3.055729866027832 0
1634264623907 2.76304030418396 0
1634264624616 2.7479618787765503 0
1634264625320 2.5663919150829315 0
1634264626026 3.0578008890151978 0
1634264626729 2.3004193007946014 0
1634264627433 2.298099845647812 0
1634264628136 2.5389961898326874 0
1634264628855 1.3811623752117157 0
1634264629544 2.133044481277466 0
1634264630247 2.2881486415863037 0
1634264630951 2.5458803176879883 0
1634264631670 2.998112201690674 0
1634264632389 2.546923041343689 0
1634264633092 2.7407155632972717 0
1634264633781 2.751290738582611 0
1634264634485 3.0436511039733887 0
1634264635203 2.729030132293701 0
1634264635912 1.5971907377243042 0
1634264636617 2.487301290035248 0
1634264637320 3.2799569368362427 0
1634264639420 3.282276153564453 0
1634264640123 1.3908380270004272 0
1634264640838 3.2793350219726562 0
1634264641540 3.035423517227173 0
1634264642283 2.527954936027527 0
1634264643006 2.532649129629135 0
1634264643738 1.8483943939208984 0
1634264644462 2.471988260746002 0
1634264645197 1.5857431888580322 0
1634264645916 2.7318513989448547 0
1634264646635 2.5262008905410767 0
1634264647348 2.7214879393577576 0
1634264648103 2.5318895280361176 0
1634264648839 2.2878731191158295 0
1634264649573 1.564934492111206 0
1634264650307 3.030874490737915 0
1634264651023 1.3679262101650238 0
1634264651743 2.536386013031006 0
1634264652448 2.5270593762397766 0
1634264653151 2.4679030179977417 0
1634264655271 2.9746596813201904 0
1634264655973 3.270357370376587 0
1634264656664 3.270811676979065 0
1634264657368 2.27388933300972 0
1634264658071 2.7075355648994446 0
1634264658775 2.9819839000701904 0
1634264659495 2.7031992077827454 0
1634264660198 2.278414785861969 0
1634264660902 2.7268987894058228 0
1634264661605 2.2722391486167908 0
1634264662309 2.2666048109531403 0
1634264663027 2.5149325728416443 0
1634264663732 3.2621448040008545 0
1634264664435 3.2624175548553467 0
1634264665139 2.503740280866623 0
1634264665842 2.1105997562408447 0
1634264666563 1.5445058941841125 0
1634264667267 2.719999372959137 0
1634264667969 3.267698884010315 0
1634264668661 1.8082730770111084 0
1634264670774 2.2558292746543884 0
1634264671478 2.2552850246429443 0
1634264672183 1.3159258365631104 0
1634264672901 2.7109302282333374 0
1634264673590 2.49090439081192 0
1634264674308 1.333693116903305 0
1634264675028 3.251620888710022 0
1634264675731 2.9576581716537476 0
1634264676452 2.9541996121406555 0
1634264677155 3.0077903270721436 0
1634264677866 2.4400545358657837 0
1634264678576 2.0515819787979126 0
1634264679273 2.7058717608451843 0
1634264679993 2.6823309659957886 0
1634264680696 2.9604387879371643 0
1634264681401 2.9541817903518677 0
1634264682104 2.4868142008781433 0
1634264682808 2.954193413257599 0
1634264683511 2.491654396057129 0
1634264684215 1.4399315118789673 0
