1634263964149 1.986999273300171 0
1634263966257 0.8806868195533752 0
1634263966961 1.432832419872284 0
1634263967665 1.1628269255161285 0
1634263968368 1.3940266370773315 0
1634263969068 0.4822821393609047 0
1634263969821 1.5122413337230682 0
1634263970570 1.3595834970474243 0
1634263971288 1.7077673077583313 0
1634263971998 1.0770656168460846 0
1634263972701 0.841743990778923 0
1634263973413 0.7980612516403198 0
1634263974121 1.018339455127716 0
1634263974831 0.834715336561203 0
1634263975542 1.5492841005325317 0
1634263976251 1.561074823141098 0
1634263976961 1.2160362005233765 0
1634263977671 1.3148204684257507 0
1634263978384 0.9216883182525635 0
1634263979096 0.7944263964891434 0
1634263979811 0.817753404378891 0
1634263981921 1.0262266993522644 0
1634263982650 1.0249146223068237 0
1634263983379 1.1346601843833923 0
1634263984109 0.9456889629364014 0
1634263984856 0.6721601635217667 0
1634263985580 1.2322746515274048 0
1634263986307 0.6357540786266327 0
1634263987037 1.3978177309036255 0
1634263987751 1.1471109986305237 0
1634263988456 1.473075807094574 0
1634263989165 1.5191092491149902 0
1634263989884 0.8708078861236572 0
1634263990616 0.7778446674346924 0
1634263991351 0.7072342783212662 0
1634263992073 0.7895145565271378 0
1634263992801 1.0277869701385498 0
1634263993530 0.8085326552391052 0
1634263994253 0.6220240592956543 0
1634263994968 0.610861524939537 0
1634263995686 0.6407223641872406 0
1634263997843 0.4949823468923569 0
1634263998560 0.4068303555250168 0
1634263999287 0.4875537231564522 0
1634263999998 1.0031658113002777 0
1634264000701 1.1538386940956116 0
1634264001410 1.597498506307602 0
1634264002126 1.2362697124481201 0
1634264002835 1.0317373871803284 0
1634264003531 0.7603802233934402 0
1634264004248 1.1551532745361328 0
1634264004958 0.9005250334739685 0
1634264005668 1.227946549654007 0
1634264006382 0.7489665001630783 0
1634264007086 1.2678056061267853 0
1634264007801 1.336722731590271 0
1634264008516 1.010776698589325 0
1634264009221 0.907360315322876 0
1634264009924 0.884658008813858 0
1634264010651 0.8299881517887115 0
1634264011383 1.4243022203445435 0
1634264013517 0.5660671144723892 0
1634264014228 0.7431526631116867 0
1634264014938 0.622628465294838 0
1634264015640 0.6665159910917282 0
1634264016364 0.7292338311672211 0
1634264017075 0.6462272256612778 0
1634264017784 0.42124851047992706 0
1634264018499 0.7571028172969818 0
1634264019210 0.6974792033433914 0
1634264019923 0.8223954439163208 0
1634264020631 0.7053161561489105 0
1634264021337 0.9575396776199341 0
1634264022067 1.513246327638626 0
1634264022769 0.5322717726230621 0
1634264023474 1.0588828027248383 0
1634264024186 0.7209281027317047 0
1634264024888 0.8121812790632248 0
1634264025593 0.707999587059021 0
1634264026308 0.4093487709760666 0
1634264027026 1.1680149734020233 0
1634264029225 0.5346518382430077 0
1634264029944 1.0040910840034485 0
1634264030671 0.7517891526222229 0
1634264031400 0.48822834342718124 0
1634264032105 1.2985979616641998 0
1634264032825 0.9118101894855499 0
1634264033524 0.9470388293266296 0
1634264034236 0.8305100500583649 0
1634264034953 0.675299771130085 0
1634264035659 1.039400428533554 0
1634264036366 0.7055247277021408 0
1634264037070 0.7739904075860977 0
1634264037770 0.9356145709753036 0
1634264038486 1.257171869277954 0
1634264039197 0.6757853254675865 0
1634264039912 0.7384438812732697 0
1634264040635 0.683894008398056 0
1634264041345 0.673856109380722 0
1634264042052 0.9076149761676788 0
1634264042768 1.1609940379858017 0
1634264044999 0.840512603521347 0
1634264045712 1.0417736023664474 0
1634264046450 0.622669905424118 0
1634264047164 0.792710542678833 0
1634264047883 0.9723531305789948 0
1634264048603 1.260874330997467 0
1634264049308 0.7316502034664154 0
1634264050044 1.6439121067523956 0
1634264050768 1.0507903844118118 0
1634264051480 0.7487255036830902 0
1634264052207 0.6496049761772156 0
1634264052919 1.7253808379173279 0
1634264053664 0.8057515621185303 0
1634264054370 0.8163508474826813 0
1634264055074 1.3095740675926208 0
1634264055778 1.5709699988365173 0
1634264056503 0.7926003336906433 0
1634264057238 0.8571189492940903 0
1634264057958 0.44624385237693787 0
1634264058677 0.9229531586170197 0
1634264060972 0.6956934630870819 0
1634264061684 0.8888092339038849 0
1634264062399 1.1799732446670532 0
1634264063166 0.6237501800060272 0
1634264063904 0.4599418044090271 0
1634264064631 0.7288926690816879 0
1634264065368 0.9793645441532135 0
1634264066073 0.899337112903595 0
1634264066779 0.7293823808431625 0
1634264067501 0.5165033340454102 0
1634264068218 1.3899229168891907 0
1634264068943 0.6613854020833969 0
1634264069653 0.5263407230377197 0
1634264070357 0.4549296349287033 0
1634264071064 0.3709305077791214 0
1634264071777 0.942363053560257 0
1634264072510 0.7269834876060486 0
1634264073244 1.0085392892360687 0
1634264073984 0.8429405987262726 0
1634264074725 0.7980681955814362 0
1634264076836 0.42471127212047577 0
1634264077583 0.6665229201316833 0
1634264078312 0.8993620872497559 0
1634264079046 0.9081788659095764 0
1634264079770 0.5913926064968109 0
1634264080483 0.9061810076236725 0
1634264081218 0.7944111227989197 0
1634264081937 0.5370352268218994 0
1634264082685 0.6833108365535736 0
1634264083389 0.506521075963974 0
1634264084125 0.5340483784675598 0
1634264084860 0.4085307717323303 0
1634264085567 0.5909368321299553 0
1634264086297 0.7129682302474976 0
1634264087049 0.7059838771820068 0
1634264087771 0.36104996502399445 0
1634264088485 0.6953262686729431 0
1634264089191 0.8536812961101532 0
1634264089915 0.6112801432609558 0
1634264090640 0.5130146741867065 0
1634264092869 0.7579750716686249 0
1634264093587 0.8987368941307068 0
1634264094316 0.6276608407497406 0
1634264095021 0.49682649970054626 0
1634264095741 0.44869572669267654 0
1634264096440 0.3951497972011566 0
1634264097176 0.7421668842434883 0
1634264097907 0.9395507574081421 0
1634264098628 0.6170830801129341 0
1634264099352 0.6175949648022652 0
1634264100058 0.8932617008686066 0
1634264100767 0.8553746789693832 0
1634264101470 0.8584398031234741 0
1634264102197 0.7056402266025543 0
1634264102900 1.1462254226207733 0
1634264103618 1.0936405658721924 0
1634264104348 1.0324604511260986 0
1634264105084 0.7380928993225098 0
1634264105827 1.1359730958938599 0
1634264106549 1.1687204241752625 0
1634264108788 1.0891257524490356 0
1634264109510 0.7598102390766144 0
1634264110223 1.7860592007637024 0
1634264110938 1.166187345981598 0
1634264111635 0.9245863258838654 0
1634264112353 1.5822213888168335 0
1634264113060 1.6869889497756958 0
1634264113790 0.8586021959781647 0
1634264114494 0.97743359208107 0
1634264115195 0.7301928997039795 0
1634264115922 0.5366845726966858 0
1634264116647 0.8383980691432953 0
1634264117348 0.6619629114866257 0
1634264118068 1.0510181486606598 0
1634264118775 0.6529310345649719 0
1634264119479 0.6388880461454391 0
1634264120183 1.2974530756473541 0
1634264120903 1.1398168206214905 0
1634264121617 0.7383837103843689 0
1634264122320 0.5930027663707733 0
1634264124543 1.247647762298584 0
1634264125268 0.8098360449075699 0
1634264125979 0.7894335091114044 0
1634264126721 0.8739111423492432 0
1634264127434 0.8653864562511444 0
1634264128163 1.0229597985744476 0
1634264128892 0.8076156675815582 0
1634264129606 0.8921449780464172 0
1634264130339 0.48508258163928986 0
1634264131044 0.668077141046524 0
1634264131759 0.7236644327640533 0
1634264132481 0.8788221329450607 0
1634264133199 0.5542399734258652 0
1634264133901 0.8338204026222229 0
1634264134642 0.5623519122600555 0
1634264135366 1.0822478234767914 0
1634264136093 0.8962956368923187 0
1634264136808 0.8368156850337982 0
1634264137542 0.49914728105068207 0
1634264138276 0.5625374913215637 0
1634264140453 0.463484525680542 0
1634264141179 0.5691891610622406 0
1634264141899 0.39712080359458923 0
1634264142617 0.5365743041038513 0
1634264143340 1.1156196892261505 0
1634264144071 0.7653770744800568 0
1634264144787 0.944885790348053 0
1634264145528 0.5767593085765839 0
1634264146233 0.5793813765048981 0
1634264146938 0.5078813284635544 0
1634264147650 0.4898996353149414 0
1634264148357 0.7633124887943268 0
1634264149074 0.5272991955280304 0
1634264149798 0.5653439611196518 0
1634264150523 0.5744934678077698 0
1634264151240 0.4933568984270096 0
1634264151970 0.5244106203317642 0
1634264152682 0.45774106681346893 0
1634264153398 0.4811786711215973 0
1634264154119 0.4526841342449188 0
1634264156317 0.29073700308799744 0
1634264157043 0.3794291913509369 0
1634264157763 0.3617081791162491 0
1634264158470 0.5308541059494019 0
1634264159186 0.47420547902584076 0
1634264159899 0.19713101536035538 0
1634264160624 0.21984495967626572 0
1634264161347 0.2133520171046257 0
1634264162067 0.7517263442277908 0
1634264162794 0.7624459117650986 0
1634264163506 0.5346913188695908 0
1634264164232 0.6586801111698151 0
1634264164951 0.6479906290769577 0
1634264165681 0.6690303683280945 0
1634264166423 0.557358130812645 0
1634264167165 0.7087926715612411 0
1634264167903 0.6124017685651779 0
1634264168616 0.7659531831741333 0
1634264169328 1.037619262933731 0
1634264170033 0.3766864836215973 0
1634264172254 0.7679802775382996 0
1634264172964 0.7988017499446869 0
1634264173665 0.7462490946054459 0
1634264174376 0.8163391649723053 0
1634264175103 0.8700459599494934 0
1634264175807 0.7610587477684021 0
1634264176517 0.6452162861824036 0
1634264177232 0.6672321259975433 0
1634264177936 0.40295615792274475 0
1634264178633 0.7858771681785583 0
1634264179350 0.5050536841154099 0
1634264180089 0.30806542932987213 0
1634264180818 0.5870574563741684 0
1634264181546 0.6975451111793518 0
1634264182257 0.6435263454914093 0
1634264182979 0.47352172434329987 0
1634264183688 0.9696076810359955 0
1634264184403 0.5988109111785889 0
1634264185135 0.7445529699325562 0
1634264185893 0.3735443502664566 0
1634264188075 0.4596271365880966 0
1634264188779 0.8132017552852631 0
1634264189491 1.2205604910850525 0
1634264190202 0.6562751233577728 0
1634264190922 0.5431461855769157 0
1634264191647 0.8583583831787109 0
1634264192370 0.561444416642189 0
1634264193077 0.45458077639341354 0
1634264193784 0.4698045998811722 0
1634264194486 0.7522981651127338 0
1634264195200 0.5165406614542007 0
1634264195918 1.0931656956672668 0
1634264196623 0.5095753967761993 0
1634264197335 0.3894614949822426 0
1634264198049 0.5989849716424942 0
1634264198755 0.8106213212013245 0
1634264199478 1.0865030586719513 0
1634264200187 1.2295876145362854 0
1634264200893 0.735827624797821 0
1634264201602 0.6057221591472626 0
1634264203717 0.6872407346963882 0
1634264204415 1.7497316002845764 0
1634264205135 1.0433396399021149 0
1634264205839 0.9211145639419556 0
1634264206552 1.278603047132492 0
1634264207275 0.7724001109600067 0
1634264207984 0.8083601891994476 0
1634264208706 0.898110032081604 0
1634264209414 0.8448169827461243 0
1634264210116 0.5120297074317932 0
1634264210830 0.5870736688375473 0
1634264211547 0.6689037978649139 0
1634264212242 0.8747043311595917 0
1634264212950 0.597947359085083 0
1634264213669 0.8806208670139313 0
1634264214389 0.5878494381904602 0
1634264215100 0.5126043260097504 0
1634264215803 0.598904013633728 0
1634264216509 0.9744888544082642 0
1634264217230 0.5977936685085297 0
1634264219354 0.4446847587823868 0
1634264220065 0.4956635534763336 0
1634264220771 0.5727319419384003 0
1634264221483 0.7145893424749374 0
1634264222188 1.0146420001983643 0
1634264222895 0.679769292473793 0
1634264223640 0.8965023159980774 0
1634264224339 0.6040213108062744 0
1634264225076 0.7346219420433044 0
1634264225820 0.45533742010593414 0
1634264226542 0.4166794717311859 0
1634264227249 0.5742419511079788 0
1634264227960 0.5772663727402687 0
1634264228670 0.4312805086374283 0
1634264229376 0.42263063788414 0
1634264230088 0.664729505777359 0
1634264230802 0.9866939783096313 0
1634264231504 0.5061609596014023 0
1634264232207 0.3732310086488724 0
1634264232921 0.7958584725856781 0
1634264235018 0.9640091955661774 0
1634264235708 0.8634985983371735 0
1634264236429 0.8169825971126556 0
1634264237132 0.5965489819645882 0
1634264237841 0.7447232007980347 0
1634264238546 0.6317456513643265 0
1634264239256 0.9952030181884766 0
1634264239961 0.651614636182785 0
1634264240671 0.45354143530130386 0
1634264241376 0.8597863018512726 0
1634264242079 0.7358696758747101 0
1634264242792 0.36017100512981415 0
1634264243492 0.4003584235906601 0
1634264244207 0.36850355565547943 0
1634264244912 0.6044674813747406 0
1634264245618 0.6442028284072876 0
1634264246325 0.3503825068473816 0
1634264247028 0.4412674903869629 0
1634264247730 0.7165734171867371 0
1634264248422 0.6831192672252655 0
1634264250667 0.47846701741218567 0
1634264251372 0.3300424888730049 0
1634264252061 0.5017623752355576 0
1634264252779 0.33942288905382156 0
1634264253485 0.6220695376396179 0
1634264254189 0.5181940197944641 0
1634264254903 0.2759501561522484 0
1634264255601 0.2371961623430252 0
1634264256305 0.39435237646102905 0
1634264257008 0.2454015463590622 0
1634264257712 0.23931637406349182 0
1634264258416 0.8441558480262756 0
1634264259120 0.6962054073810577 0
1634264259823 0.38434968888759613 0
1634264260528 0.6205279231071472 0
1634264261246 0.35741133987903595 0
1634264261966 0.5643857568502426 0
1634264262669 0.6962422281503677 0
1634264263373 0.9898236691951752 0
1634264264076 0.8040271550416946 0
1634264266164 0.4682394713163376 0
1634264266867 0.36072729527950287 0
1634264267556 0.4405704140663147 0
1634264268277 0.29026465117931366 0
1634264268980 0.26218923181295395 0
1634264269684 0.5502358376979828 0
1634264270387 0.48743103444576263 0
1634264271091 0.37015388533473015 0
1634264271794 0.5493319630622864 0
1634264272514 0.4428751990199089 0
1634264273234 0.39654095470905304 0
1634264273938 0.4669433608651161 0
1634264274642 0.3960677906870842 0
1634264275337 0.3372776731848717 0
1634264276071 0.2628629356622696 0
1634264276775 0.34263578057289124 0
1634264277478 0.2961120307445526 0
1634264278182 0.31516478955745697 0
1634264278885 0.7987220287322998 0
1634264279590 0.32157253473997116 0
1634264281682 0.7516485452651978 0
1634264282382 0.5416111499071121 0
1634264283086 0.9068379700183868 0
1634264283790 0.4638540670275688 0
1634264284493 0.7128553837537766 0
1634264285197 0.3790067583322525 0
1634264285900 0.46051208674907684 0
1634264286605 0.29617203027009964 0
1634264287308 0.45617595314979553 0
1634264288028 0.4167209267616272 0
1634264288733 0.3743787258863449 0
1634264289436 0.44028550386428833 0
1634264290140 0.38129038363695145 0
1634264290843 0.31494733691215515 0
1634264291548 0.3561234325170517 0
1634264292255 0.32576626539230347 0
1634264292960 0.6361651420593262 0
1634264293649 0.5138001143932343 0
1634264294353 0.6255561038851738 0
1634264295072 0.7079648971557617 0
1634264297195 0.6508719027042389 0
1634264297895 0.4660356044769287 0
1634264298586 0.47815200686454773 0
1634264299290 0.4359240382909775 0
1634264299995 0.4353373572230339 0
1634264300698 0.5385406762361526 0
1634264301408 0.4432464838027954 0
1634264302119 0.7591925263404846 0
1634264302838 0.633200615644455 0
1634264303564 0.4290700852870941 0
1634264304294 0.43130049109458923 0
1634264305025 0.584173247218132 0
1634264305727 0.3943249583244324 0
1634264306430 0.38197579979896545 0
1634264307134 0.17452318221330643 0
1634264307854 0.4815532714128494 0
1634264308561 0.32214854657649994 0
1634264309266 0.43559595942497253 0
1634264309965 0.33678948879241943 0
1634264310669 0.8476009964942932 0
1634264312791 0.7947143316268921 0
1634264313495 0.6586523354053497 0
1634264314199 0.5130715370178223 0
1634264314903 0.33324964344501495 0
1634264315606 0.2248169481754303 0
1634264316310 0.3323570489883423 0
1634264317013 0.4329632669687271 0
1634264317733 0.4828234165906906 0
1634264318436 0.21083468943834305 0
1634264319140 0.46149618923664093 0
1634264319843 0.22692251205444336 0
1634264320548 0.14349664747714996 0
1634264321262 0.5061784982681274 0
1634264321971 0.35528722405433655 0
1634264322664 0.3562096953392029 0
1634264323368 0.3764796108007431 0
1634264324072 0.31556960940361023 0
1634264324776 0.29234791547060013 0
1634264325479 0.3174721598625183 0
1634264326184 0.1970500871539116 0
1634264328295 0.23479317873716354 0
1634264328999 0.31449390947818756 0
1634264329703 0.2143929973244667 0
1634264330415 0.27884864807128906 0
1634264331117 0.31457266956567764 0
1634264331820 0.32626602053642273 0
1634264332527 0.4669244587421417 0
1634264333226 0.20268654078245163 0
1634264333930 0.37369993329048157 0
1634264334649 0.33679426461458206 0
1634264335353 0.1915268376469612 0
1634264336056 0.26491091400384903 0
1634264336760 1.2271881401538849 0
1634264337463 0.4815668910741806 0
1634264338167 0.37845324724912643 0
1634264338871 0.4167145565152168 0
1634264339575 0.38564788550138474 0
1634264340278 0.46339352428913116 0
1634264340983 0.40453948080539703 0
1634264341686 0.350486122071743 0
1634264343935 0.23176846653223038 0
1634264344650 0.36005938053131104 0
1634264345353 0.31234581768512726 0
1634264346057 0.4106457829475403 0
1634264346760 0.22000916674733162 0
1634264347480 0.21585948392748833 0
1634264348199 0.20345838740468025 0
1634264348918 0.2567250281572342 0
1634264349621 0.6698426902294159 0
1634264350326 0.6451755687594414 0
1634264351029 0.4119514226913452 0
1634264351748 0.32463187724351883 0
1634264352467 0.5599187314510345 0
1634264353171 0.7360922545194626 0
1634264353875 0.4665433131158352 0
1634264354595 0.6163743790239096 0
1634264355304 0.8880220055580139 0
1634264356008 1.1294342875480652 0
1634264356711 0.6785806864500046 0
1634264357415 0.45481881499290466 0
1634264359509 0.5855421274900436 0
1634264360214 0.502178505063057 0
1634264360917 0.44476308673620224 0
1634264361622 0.5708497315645218 0
1634264362342 0.42928000539541245 0
1634264363045 0.3775256276130676 0
1634264363764 0.3930511251091957 0
1634264364467 0.7455748021602631 0
1634264365171 0.7409468293190002 0
1634264365890 0.4560399055480957 0
1634264366594 0.6073167622089386 0
1634264367305 0.6400542706251144 0
1634264368008 0.3836803250014782 0
1634264368710 0.4070516638457775 0
1634264369416 0.5531883239746094 0
1634264370119 0.3945007920265198 0
1634264370820 0.5127108544111252 0
1634264371538 0.695820689201355 0
1634264372242 0.7717031836509705 0
1634264372945 0.5823631957173347 0
1634264375040 0.5301384627819061 0
1634264375743 0.6846882104873657 0
1634264376447 0.7315395772457123 0
1634264377150 0.7035197615623474 0
1634264377854 0.488312266767025 0
1634264378573 0.4850529544055462 0
1634264379277 0.4900020472705364 0
1634264380001 0.788357138633728 0
1634264380708 0.7086048126220703 0
1634264381414 0.5301521867513657 0
1634264382117 0.758506566286087 0
1634264382822 1.2907693982124329 0
1634264383540 0.8081875145435333 0
1634264384244 1.0581809282302856 0
1634264384949 0.857465922832489 0
1634264385653 0.9024806916713715 0
1634264386356 0.8708390891551971 0
1634264387060 0.648483082652092 0
1634264387763 0.6856400817632675 0
1634264388467 0.7097937762737274 0
1634264390546 0.9009654372930527 0
1634264391249 0.5922450348734856 0
1634264391952 0.6952670514583588 0
1634264392649 0.8711803257465363 0
1634264393352 0.5001659989356995 0
1634264394056 0.41729338467121124 0
1634264394760 0.4790870025753975 0
1634264395480 0.6476790755987167 0
1634264396183 0.3077377527952194 0
1634264396887 0.3712128810584545 0
1634264397590 0.36391519010066986 0
1634264398294 0.7183401882648468 0
1634264398997 0.7365018129348755 0
1634264399703 0.46613192558288574 0
1634264400406 0.3305595740675926 0
1634264401118 0.3786499798297882 0
1634264401826 0.512591227889061 0
1634264402539 0.32600946724414825 0
1634264403243 0.6318309605121613 0
1634264403946 0.5117296874523163 0
1634264406052 0.6048669442534447 0
1634264406762 0.7159870564937592 0
1634264407462 0.7061901912093163 0
1634264408165 0.5242571979761124 0
1634264408869 0.37513983622193336 0
1634264409589 0.5348990522325039 0
1634264410293 0.4943685978651047 0
1634264410996 0.5584164932370186 0
1634264411700 0.4863075613975525 0
1634264412419 0.6176247373223305 0
1634264413123 0.4088033512234688 0
1634264413827 0.4132804870605469 0
1634264414533 0.38047026842832565 0
1634264415242 0.4774903804063797 0
1634264415952 0.7038725465536118 0
1634264416663 0.7462779879570007 0
1634264417368 0.7655009478330612 0
1634264418071 0.63907041400671 0
1634264418775 0.631848655641079 0
1634264419479 0.5092644393444061 0
1634264421570 0.5578562170267105 0
1634264422281 0.5027676075696945 0
1634264422988 0.44740741699934006 0
1634264423680 0.4056244492530823 0
1634264424383 0.3807615712285042 0
1634264425088 0.4819265305995941 0
1634264425807 0.45029518008232117 0
1634264426511 0.4385502487421036 0
1634264427216 0.3419836424291134 0
1634264427916 0.3638719879090786 0
1634264428619 0.3470696359872818 0
1634264429323 0.36730337515473366 0
1634264430027 0.4799122214317322 0
1634264430731 0.3175114430487156 0
1634264431450 0.3918023258447647 0
1634264432154 0.30428507924079895 0
1634264432857 0.32230133935809135 0
1634264433561 0.39265201613307 0
1634264434264 0.314056146889925 0
1634264434968 0.3345719426870346 0
1634264437070 0.3334411643445492 0
1634264437774 0.4697256423532963 0
1634264438477 0.6266248151659966 0
1634264439181 0.5338468253612518 0
1634264439885 0.3649707958102226 0
1634264440590 0.6209135949611664 0
1634264441292 0.364210806787014 0
1634264442012 0.46490293741226196 0
1634264442715 0.3919859007000923 0
1634264443419 0.7786866128444672 0
1634264444123 0.46088579297065735 0
1634264444828 0.8194133937358856 0
1634264445547 0.4365072399377823 0
1634264446254 0.5634736865758896 0
1634264446966 0.7703776955604553 0
1634264447664 0.5307999700307846 0
1634264448368 0.8770462274551392 0
1634264449071 0.480417400598526 0
1634264449775 0.31291595101356506 0
1634264450494 0.5100942850112915 0
1634264452820 0.3551355302333832 0
1634264453507 0.5580764561891556 0
1634264454231 0.4874338060617447 0
1634264454943 0.3312722072005272 0
1634264455648 0.3219069764018059 0
1634264456360 0.24244935810565948 0
1634264457066 0.20123238116502762 0
1634264457758 0.23911578208208084 0
1634264458477 0.4807392507791519 0
1634264459197 0.19838470965623856 0
1634264459901 0.31977543979883194 0
1634264460605 0.17273488640785217 0
1634264461323 0.14347831159830093 0
1634264462028 0.29168814420700073 0
1634264462746 0.48090268671512604 0
1634264463466 0.4310867264866829 0
1634264464163 0.37101639807224274 0
1634264464867 0.33044668287038803 0
1634264465586 0.6009182333946228 0
1634264466290 0.38453687727451324 0
1634264468374 0.30206646770238876 0
1634264469070 0.4768368750810623 0
1634264469774 0.3090393915772438 0
1634264470478 0.5106262415647507 0
1634264471181 0.5528092905879021 0
1634264471885 0.42643728107213974 0
1634264472588 0.3784397467970848 0
1634264473292 0.2642817460000515 0
1634264473995 0.6765021979808807 0
1634264474701 0.38561122864484787 0
1634264475404 0.33410410583019257 0
1634264476108 0.6356054246425629 0
1634264476811 0.5076436400413513 0
1634264477515 0.2563154399394989 0
1634264478235 0.4690169245004654 0
1634264478922 0.16772940754890442 0
1634264479649 0.3742632567882538 0
1634264480351 0.24400028586387634 0
1634264481055 0.20200751349329948 0
1634264481758 0.20238327980041504 0
1634264483847 0.26554958149790764 0
1634264484559 0.5392141193151474 0
1634264485257 0.3296549394726753 0
1634264485960 0.4905658960342407 0
1634264486678 0.2725387215614319 0
1634264487386 0.28743021935224533 0
1634264488085 0.3124164529144764 0
1634264488788 0.2557166516780853 0
1634264489506 0.2465449944138527 0
1634264490195 0.23174740746617317 0
1634264490899 0.3872862160205841 0
1634264491617 0.2900207117199898 0
1634264492337 0.27597060799598694 0
1634264493040 0.40109843760728836 0
1634264493744 0.68557408452034 0
1634264494447 0.29229050502181053 0
1634264495151 0.36438629776239395 0
1634264495854 0.5801426768302917 0
1634264496558 0.4408451169729233 0
1634264497278 0.6804856359958649 0
1634264499369 0.5594758838415146 0
1634264500070 0.713270753622055 0
1634264500757 0.9294672161340714 0
1634264501467 0.6688391715288162 0
1634264502186 0.6565916240215302 0
1634264502890 0.6354956775903702 0
1634264503608 0.7730506658554077 0
1634264504297 0.7147103883326054 0
1634264505001 0.46657821349799633 0
1634264505722 0.8211147487163544 0
1634264506413 0.6463031768798828 0
1634264507118 0.41444676369428635 0
1634264507821 0.40077709406614304 0
1634264508525 0.487180694937706 0
1634264509243 0.5245687961578369 0
1634264509963 0.24108209647238255 0
1634264510666 0.3471516463905573 0
1634264511370 0.4418831020593643 0
1634264512073 0.4491586834192276 0
1634264512793 0.2915908806025982 0
1634264514878 0.2662467919290066 0
1634264515588 0.3269924819469452 0
1634264516290 0.5904165804386139 0
1634264516996 0.520605742931366 0
1634264517714 0.4343494474887848 0
1634264518418 0.37898312509059906 0
1634264519122 0.3259510509669781 0
1634264519827 0.4780263751745224 0
1634264520546 0.4115581139922142 0
1634264521249 0.21276519540697336 0
1634264521954 0.22085148841142654 0
1634264522666 0.27679213881492615 0
1634264523368 0.2505818083882332 0
1634264524072 0.41021284461021423 0
1634264524776 0.2828284427523613 0
1634264525495 0.2929779514670372 0
1634264526183 0.3163086622953415 0
1634264526886 0.41601526737213135 0
1634264527606 0.3194938153028488 0
1634264528325 0.24426960945129395 0
1634264530398 0.3374409079551697 0
1634264531117 0.42401038110256195 0
1634264531821 0.2901984378695488 0
1634264532524 0.2898898124694824 0
1634264533229 0.23598555475473404 0
1634264533932 0.2573660537600517 0
1634264534638 0.2649615854024887 0
1634264535356 0.47553153336048126 0
1634264536060 0.3459241986274719 0
1634264536763 0.26926693320274353 0
1634264537468 0.4726065695285797 0
1634264538170 0.4851202070713043 0
1634264538875 0.36347758024930954 0
1634264539610 0.4523768424987793 0
1634264540314 0.3518575616180897 0
1634264541018 0.27532142400741577 0
1634264541711 0.31508322805166245 0
1634264542430 0.295919306576252 0
1634264543149 0.4502525180578232 0
1634264543853 0.3666173219680786 0
1634264545965 0.32864585518836975 0
1634264546669 0.4616711139678955 0
1634264547372 0.3482867255806923 0
1634264548076 0.5235281735658646 0
1634264548794 0.3721085488796234 0
1634264549514 0.368876151740551 0
1634264550234 0.5124713554978371 0
1634264550938 0.3942219540476799 0
1634264551643 0.3673863932490349 0
1634264552336 0.35905835032463074 0
1634264553054 0.4457054138183594 0
1634264553759 0.2722746208310127 0
1634264554461 0.23648332804441452 0
1634264555166 0.33659660443663597 0
1634264555869 0.24875391274690628 0
1634264556588 0.26739904284477234 0
1634264557308 0.38496676832437515 0
1634264558011 0.27233918756246567 0
1634264558715 0.37390657514333725 0
1634264559418 0.23626472055912018 0
1634264561554 0.3573090359568596 0
1634264562242 0.37105829641222954 0
1634264562946 0.39186224341392517 0
1634264563664 0.379615169018507 0
1634264564384 0.3782728239893913 0
1634264565088 0.31364939361810684 0
1634264565792 0.38239339739084244 0
1634264566495 0.4134023040533066 0
1634264567215 0.3533696383237839 0
1634264567918 0.2937655672430992 0
1634264568622 0.43210646510124207 0
1634264569325 0.1718769297003746 0
1634264570029 0.3501419611275196 0
1634264570732 0.2386368364095688 0
1634264571438 0.4498152583837509 0
1634264572154 0.3976132720708847 0
1634264572860 0.34587471932172775 0
1634264573554 0.42265255004167557 0
1634264574274 0.2103508599102497 0
1634264574995 0.32759740203619003 0
1634264577062 0.3609536476433277 0
1634264577766 0.24242404103279114 0
1634264578485 0.32599395886063576 0
1634264579181 0.3956284001469612 0
1634264579885 0.387209452688694 0
1634264580605 0.4083299692720175 0
1634264581308 0.3483496643602848 0
1634264582012 0.2856316566467285 0
1634264582715 0.4575953856110573 0
1634264583419 0.2063734382390976 0
1634264584122 0.26316214352846146 0
1634264584826 0.5561627149581909 0
1634264585530 0.6405460834503174 0
1634264586234 0.5477935373783112 0
1634264586953 0.4339732453227043 0
1634264587657 0.7797313630580902 0
1634264588366 0.8339856043457985 0
1634264589069 0.6956966668367386 0
1634264589758 0.5953103452920914 0
1634264590463 0.4454837217926979 0
1634264592838 0.596462644636631 0
1634264593541 0.6392421796917915 0
1634264594247 0.649173304438591 0
1634264594958 0.5270450375974178 0
1634264595661 0.8707278966903687 0
1634264596351 0.3684937655925751 0
1634264597056 0.4903080612421036 0
1634264597774 0.39392634853720665 0
1634264598478 0.5237271711230278 0
1634264599181 0.40185075998306274 0
1634264599885 0.4384147338569164 0
1634264600605 0.5989981815218925 0
1634264601309 0.4353676550090313 0
1634264602012 0.40055301040410995 0
1634264602716 0.44017131067812443 0
1634264603435 0.6813847422599792 0
1634264604139 0.40417182818055153 0
1634264604844 0.7079213559627533 0
1634264605560 0.707983709871769 0
1634264606259 0.5227419789880514 0
1634264608367 0.46034834533929825 0
1634264609071 0.7464225590229034 0
1634264609774 0.5928792208433151 0
1634264610478 0.49085697531700134 0
1634264611181 0.41442468017339706 0
1634264611888 0.403228722512722 0
1634264612607 0.3832160159945488 0
1634264613295 0.44333141297101974 0
1634264614014 0.3875577561557293 0
1634264614718 0.36200227215886116 0
1634264615422 0.3827575147151947 0
1634264616136 0.38436755537986755 0
1634264616844 0.40234948694705963 0
1634264617555 0.5328728780150414 0
1634264618258 0.3243393413722515 0
1634264618978 0.4508288949728012 0
1634264619681 0.40744974464178085 0
1634264620385 0.47143618017435074 0
1634264621105 0.46628937125205994 0
1634264621809 0.41211655735969543 0
1634264623907 0.4941048175096512 0
1634264624615 0.6221732944250107 0
1634264625320 0.4586138054728508 0
1634264626010 0.6101345345377922 0
1634264626729 0.42569350451231003 0
1634264627433 0.29892564564943314 0
1634264628136 0.3805086463689804 0
1634264628855 0.3330714777112007 0
1634264629544 0.2976290434598923 0
1634264630247 0.3574703186750412 0
1634264630951 0.4221642166376114 0
1634264631670 0.7251750901341438 0
1634264632374 0.4661278873682022 0
1634264633077 0.6515126973390579 0
1634264633781 0.5287036746740341 0
1634264634485 0.44281739741563797 0
1634264635201 0.4530750401318073 0
1634264635910 0.6891622692346573 0
1634264636617 0.563832625746727 0
1634264637320 0.2633229196071625 0
1634264639420 0.20928451418876648 0
1634264640123 0.5561333894729614 0
1634264640836 0.23709161579608917 0
1634264641540 0.20367925241589546 0
1634264642281 0.4147261902689934 0
1634264643004 0.378997091203928 0
1634264643736 0.3999209627509117 0
1634264644461 0.43483901396393776 0
1634264645181 0.48103516548871994 0
1634264645901 0.40574612468481064 0
1634264646635 0.36716368049383163 0
1634264647348 0.33836688101291656 0
1634264648103 0.35765569657087326 0
1634264648839 0.34893810376524925 0
1634264649573 0.288306288421154 0
1634264650307 0.21941162459552288 0
1634264651023 0.3292750418186188 0
1634264651743 0.29782848060131073 0
1634264652448 0.3353779762983322 0
1634264653151 0.33245963230729103 0
1634264655269 0.2736189663410187 0
1634264655971 0.3232078105211258 0
1634264656664 0.5938934683799744 0
1634264657368 0.514224648475647 0
1634264658071 0.42854687944054604 0
1634264658775 0.6569174230098724 0
1634264659495 0.5298448204994202 0
1634264660198 0.6581991724669933 0
1634264660902 0.8612681850790977 0
1634264661605 0.6398724466562271 0
1634264662309 0.5966715589165688 0
1634264663027 0.5405152924358845 0
1634264663732 0.549750067293644 0
1634264664435 0.4662372097373009 0
1634264665139 0.4961292967200279 0
1634264665842 0.40256574004888535 0
1634264666563 0.3793848343193531 0
1634264667265 0.5587171614170074 0
1634264667968 0.37188994884490967 0
1634264668661 0.5329495221376419 0
1634264670774 0.3982381261885166 0
1634264671478 0.3767626881599426 0
1634264672183 0.35611220449209213 0
1634264672886 0.44589851051568985 0
1634264673590 0.41190431267023087 0
1634264674308 0.3481907770037651 0
1634264675028 0.29243161156773567 0
1634264675731 0.35166948288679123 0
1634264676452 0.3489047512412071 0
1634264677155 0.320329237729311 0
1634264677866 0.2681053467094898 0
1634264678574 0.333007225766778 0
1634264679273 0.41207724064588547 0
1634264679993 0.3402905762195587 0
1634264680696 0.4408925250172615 0
1634264681385 0.4045640081167221 0
1634264682104 0.4716791808605194 0
1634264682793 0.46819277852773666 0
1634264683511 0.4947335720062256 0
1634264684215 0.3005447145551443 0
