1634272029317 0 0
1634272030861 0 0
1634272031368 0 0
1634272031884 0 0
1634272032384 0 0
1634272032885 0 0
1634272033402 0 0
1634272033901 0 0
1634272034403 0 0
1634272034918 0 0
1634272035419 0 0
1634272035919 0 0
1634272036419 0 0
1634272036936 0 0
1634272037436 0 0
1634272037937 0 0
1634272038437 0 0
1634272038937 0 0
1634272039436 0 0
1634272039938 0 0
1634272040459 0 0
1634272041907 0 0
1634272042417 0 0
1634272042920 0 0
1634272043413 0 0
1634272043930 0 0
1634272044446 0 0
1634272044962 0 0
1634272045462 0 0
1634272045978 0 0
1634272046479 0 0
1634272046979 0 0
1634272047465 0 0
1634272047982 0 0
1634272048497 0 0
1634272049000 0 0
1634272049501 0 0
1634272050007 0 0
1634272050509 0 0
1634272051024 0 0
1634272051524 0 0
1634272053028 0 0
1634272053529 0 0
1634272054046 0 0
1634272054547 0 0
1634272055047 0 0
1634272055548 0 0
1634272056065 0 0
1634272056575 0 0
1634272057070 0 0
1634272057587 0 0
1634272058108 0 0
1634272058641 0 0
1634272059063 0 0
1634272059452 0 0
1634272059831 0 0
1634272060195 0 0
1634272060570 0 0
1634272060945 0 0
1634272061344 0 0
1634272061718 0 0
1634272062962 0 0
1634272063338 0 0
1634272063725 0 0
1634272064101 0 0
1634272064492 0 0
1634272064900 0 0
1634272065291 0 0
1634272065667 0 0
1634272066058 0 0
1634272066433 0 0
1634272066809 0 0
1634272067184 0 0
1634272067559 0 0
1634272067934 0 0
1634272068310 0 0
1634272068685 0 0
1634272069060 0 0
1634272069436 0 0
1634272069812 0 0
1634272070187 0 0
1634272071497 0 0
1634272071872 0 0
1634272072243 0 0
1634272072618 0 0
1634272073008 0 0
1634272073383 0 0
1634272073760 0 0
1634272074150 0 0
1634272074526 0 0
1634272074886 0 0
1634272075278 0 0
1634272075652 0 0
1634272076027 0 0
1634272076404 0 0
1634272076779 0 0
1634272077153 0 0
1634272077528 0 0
1634272077920 0 0
1634272078295 0 0
1634272078670 0 0
1634272079924 0 0
1634272080328 0 0
1634272080713 0 0
1634272081086 0 0
1634272081461 0 0
1634272081837 0 0
1634272082235 0 0
1634272082624 0 0
1634272083025 0 0
1634272083407 0 0
1634272083778 0 0
1634272084172 0 0
1634272084547 0 0
1634272084916 0 0
1634272085290 0 0
1634272085664 0 0
1634272086026 0 0
1634272086401 0 0
1634272086776 0 0
1634272087196 0 0
1634272088442 0 0
1634272088818 0 0
1634272089201 0 0
1634272089583 0 0
1634272089961 0 0
1634272090335 0 0
1634272090695 0 0
1634272091071 0 0
1634272091446 0 0
1634272091822 0 0
1634272092214 0 0
1634272092589 0 0
1634272092965 0 0
1634272093356 0 0
1634272093715 0 0
1634272094091 0 0
1634272094466 0 0
1634272094843 0 0
1634272095238 0 0
1634272095609 0 0
1634272096923 0 0
1634272097307 0 0
1634272097685 0 0
1634272098055 0 0
1634272098430 0 0
1634272098805 0 0
1634272099180 0 0
1634272099556 0 0
1634272099933 0 0
1634272100307 0 0
1634272100682 0 0
1634272101059 0 0
1634272101433 0 0
1634272101808 0 0
1634272102185 0 0
1634272102560 0 0
1634272102919 0 0
1634272103294 0 0
1634272103654 0 0
1634272104032 0 0
1634272105288 0 0
1634272105663 0 0
1634272106023 0 0
1634272106407 0 0
1634272106774 0 0
1634272107132 0 0
1634272107507 0 0
1634272107868 0 0
1634272108243 0 0
1634272108602 0 0
1634272108979 0 0
1634272109354 0 0
1634272109728 0 0
1634272110089 0 0
1634272110465 0 0
1634272110825 0 0
1634272111200 0 0
1634272111559 0 0
1634272111935 0 0
1634272112310 0 0
1634272113542 0 0
1634272113917 0 0
1634272114273 0 0
1634272114649 0 0
1634272115010 0 0
1634272115385 0 0
1634272115744 0 0
1634272116122 0 0
1634272116497 0 0
1634272116858 0 0
1634272117250 0 0
1634272117609 0 0
1634272117984 0 0
1634272118343 0 0
1634272118719 0 0
1634272119093 0 0
1634272119460 0 0
1634272119826 0 0
1634272120196 0 0
1634272120555 0 0
1634272121888 0 0
1634272122264 0 0
1634272122625 0 0
1634272123000 0 0
1634272123375 0 0
1634272123734 0 0
1634272124118 0 0
1634272124489 0 0
1634272124856 0 0
1634272125226 0 0
1634272125587 0 0
1634272125976 0 0
1634272126335 0 0
1634272126722 0 0
1634272127146 0 0
1634272127527 0 0
1634272127903 0 0
1634272128274 0 0
1634272128648 0 0
1634272129023 0 0
1634272130274 0 0
1634272130658 0 0
1634272131037 0 0
1634272131399 0 0
1634272131789 0 0
1634272132165 0 0
1634272132540 0 0
1634272132915 0 0
1634272133290 0 0
1634272133666 0 0
1634272134041 0 0
1634272134401 0 0
1634272134775 0 0
1634272135152 0 0
1634272135512 0 0
1634272135871 0 0
1634272136248 0 0
1634272136624 0 0
1634272136983 0 0
1634272137358 0 0
1634272138611 0 0
1634272138987 0 0
1634272139381 0 0
1634272139756 0 0
1634272140117 0 0
1634272140493 0 0
1634272140853 0 0
1634272141227 0 0
1634272141602 0 0
1634272141963 0 0
1634272142354 0 0
1634272142729 0 0
1634272143105 0 0
1634272143464 0 0
1634272143855 0 0
1634272144230 0 0
1634272144606 0 0
1634272144965 0 0
1634272145340 0 0
1634272145716 0 0
1634272147069 0 0
1634272147446 0 0
1634272147822 0 0
1634272148197 0 0
1634272148574 0 0
1634272148948 0 0
1634272149323 0 0
1634272149698 0 0
1634272150075 0 0
1634272150450 0 0
1634272150826 0 0
1634272151201 0 0
1634272151593 0 0
1634272151983 0 0
1634272152358 0 0
1634272152734 0 0
1634272153109 0 0
1634272153484 0 0
1634272153875 0 0
1634272154273 0 0
1634272155540 0 0
1634272155915 0 0
1634272156290 0 0
1634272156665 0 0
1634272157058 0 0
1634272157437 0 0
1634272157812 0 0
1634272158199 0 0
1634272158577 0 0
1634272158957 0 0
1634272159319 0 0
1634272159696 0 0
1634272160055 0 0
1634272160430 0 0
1634272160808 0 0
1634272161167 0 0
1634272161542 0 0
1634272161917 0 0
1634272162277 0 0
1634272162668 0 0
1634272163919 0 0
1634272164294 0 0
1634272164670 0 0
1634272165031 0 0
1634272165406 0 0
1634272165781 0 0
1634272166156 0 0
1634272166548 0 0
1634272166928 0 0
1634272167301 0 0
1634272167677 0 0
1634272168066 0 0
1634272168466 0 0
1634272168841 0 0
1634272169217 0 0
1634272169592 0 0
1634272169951 0 0
1634272170328 0 0
1634272170688 0 0
1634272171063 0 0
1634272172319 0 0
1634272172679 0 0
1634272173055 0 0
1634272173430 0 0
1634272173805 0 0
1634272174180 0 0
1634272174556 0 0
1634272174915 0 0
1634272175290 0 0
1634272175667 0 0
1634272176043 0 0
1634272176418 0 0
1634272176793 0 0
1634272177169 0 0
1634272177560 0 0
1634272177935 0 0
1634272178310 0 0
1634272178686 0 0
1634272179076 0 0
1634272179451 0 0
1634272180712 0 0
1634272181086 0 0
1634272181462 0 0
1634272181837 0 0
1634272182212 0 0
1634272182588 0 0
1634272182963 0 0
1634272183338 0 0
1634272183723 0 0
1634272184101 0 0
1634272184478 0 0
1634272184852 0 0
1634272185226 0 0
1634272185588 0 0
1634272185963 0 0
1634272186338 0 0
1634272186714 0 0
1634272187092 0 0
1634272187451 0 0
1634272187842 0 0
1634272189241 0 0
1634272189633 0 0
1634272190024 0 0
1634272190400 0 0
1634272190761 0 0
1634272191136 0 0
1634272191511 0 0
1634272191880 0 0
1634272192265 0 0
1634272192648 0 0
1634272193018 0 0
1634272193383 0 0
1634272193759 0 0
1634272194134 0 0
1634272194493 0 0
1634272194869 0 0
1634272195244 0 0
1634272195605 0 0
1634272195995 0 0
1634272196356 0 0
1634272197636 0 0
1634272198023 0 0
1634272198384 0 0
1634272198784 0 0
1634272199164 0 0
1634272199533 0 0
1634272199908 0 0
1634272200283 0 0
1634272200657 0 0
1634272201032 0 0
1634272201398 0 0
1634272201759 0 0
1634272202133 0 0
1634272202493 0 0
1634272202869 0 0
1634272203245 0 0
1634272203605 0 0
1634272203980 0 0
1634272204339 0 0
1634272204715 0 0
1634272205961 0 0
1634272206356 0 0
1634272206715 0 0
1634272207090 0 0
1634272207466 0 0
1634272207826 0 0
1634272208202 0 0
1634272208563 0 0
1634272208938 0 0
1634272209315 0 0
1634272209681 0 0
1634272210052 0 0
1634272210414 0 0
1634272210790 0 0
1634272211165 0 0
1634272211541 0 0
1634272211900 0 0
1634272212275 0 0
1634272212667 0 0
1634272213026 0 0
1634272214312 0 0
1634272214690 0 0
1634272215065 0 0
1634272215441 0 0
1634272215832 0 0
1634272216210 0 0
1634272216585 0 0
1634272216977 0 0
1634272217352 0 0
1634272217711 0 0
1634272218087 0 0
1634272218462 0 0
1634272218822 0 0
1634272219197 0 0
1634272219573 0 0
1634272219948 0 0
1634272220323 0 0
1634272220682 0 0
1634272221058 0 0
1634272221433 0 0
1634272222698 0 0
1634272223086 0 0
1634272223486 0 0
1634272223881 0 0
1634272224252 0 0
1634272224621 0 0
1634272225023 0 0
1634272225410 0 0
1634272225788 0 0
1634272226153 0 0
1634272226541 0 0
1634272226918 0 0
1634272227304 0 0
1634272227688 0 0
1634272228062 0 0
1634272228429 0 0
1634272228820 0 0
1634272229196 0 0
1634272229571 0 0
1634272229946 0 0
1634272231226 0 0
1634272231627 0 0
1634272232034 0 0
1634272232414 0 0
1634272232796 0 0
1634272233178 0 0
1634272233555 0 0
1634272233935 0 0
1634272234309 0 0
1634272234681 0 0
1634272235066 0 0
1634272235448 0 0
1634272235820 0 0
1634272236200 0 0
1634272236572 0 0
1634272236950 0 0
1634272237327 0 0
1634272237702 0 0
1634272238068 0 0
1634272238459 0 0
1634272239953 0 0
1634272240350 0 0
1634272240730 0 0
1634272241120 0 0
1634272241497 0 0
1634272241881 0 0
1634272242266 0 0
1634272242651 0 0
1634272243013 0 0
1634272243398 0 0
1634272243758 0 0
1634272244134 0 0
1634272244509 0 0
1634272244884 0 0
1634272245243 0 0
1634272245619 0 0
1634272245994 0 0
1634272246369 0 0
1634272246731 0 0
1634272247139 0 0
1634272248428 0 0
1634272248801 0 0
1634272249180 0 0
1634272249557 0 0
1634272249932 0 0
1634272250306 0 0
1634272250681 0 0
1634272251058 0 0
1634272251434 0 0
1634272251828 0 0
1634272252207 0 0
1634272252582 0 0
1634272252954 0 0
1634272253317 0 0
1634272253703 0 0
1634272254097 0 0
1634272254495 0 0
1634272254881 0 0
1634272255264 0 0
1634272255649 0 0
1634272256934 0 0
1634272257318 0 0
1634272257697 0 0
1634272258072 0 0
1634272258459 0 0
1634272258837 0 0
1634272259215 0 0
1634272259592 0 0
1634272259985 0 0
1634272260378 0 0
1634272260762 0 0
1634272261139 0 0
1634272261516 0 0
1634272261902 0 0
1634272262278 0 0
1634272262653 0 0
1634272263048 0 0
1634272263450 0 0
1634272263834 0 0
1634272264215 0 0
1634272265509 0 0
1634272265894 0 0
1634272266272 0 0
1634272266656 0 0
1634272267037 0 0
1634272267398 0 0
1634272267788 0 0
1634272268169 0 0
1634272268552 0 0
1634272268929 0 0
1634272269302 0 0
1634272269687 0 0
1634272270062 0 0
1634272270441 0 0
1634272270827 0 0
1634272271221 0 0
1634272271602 0 0
1634272271970 0 0
1634272272355 0 0
1634272272735 0 0
1634272274030 0 0
1634272274417 0 0
1634272274797 0 0
1634272275180 0 0
1634272275562 0 0
1634272275946 0 0
1634272276324 0 0
1634272276702 0 0
1634272277086 0 0
1634272277468 0 0
1634272277850 0 0
1634272278225 0 0
1634272278599 0 0
1634272278975 0 0
1634272279349 0 0
1634272279721 0 0
1634272280104 0 0
1634272280492 0 0
1634272280881 0 0
1634272281270 0 0
1634272282564 0 0
1634272282940 0 0
1634272283323 0 0
1634272283701 0 0
1634272284077 0 0
1634272284448 0 0
1634272284833 0 0
1634272285219 0 0
1634272285605 0 0
1634272285992 0 0
1634272286376 0 0
1634272286758 0 0
1634272287136 0 0
1634272287517 0 0
1634272287898 0 0
1634272288292 0 0
1634272288670 0 0
1634272289050 0 0
1634272289423 0 0
1634272289803 0 0
1634272291100 0 0
1634272291493 0 0
1634272291871 0 0
1634272292237 0 0
1634272292621 0 0
1634272293004 0 0
1634272293380 0 0
1634272293775 0 0
1634272294158 0 0
1634272294517 0 0
1634272294888 0 0
1634272295270 0 0
1634272295654 0 0
1634272296020 0 0
1634272296408 0 0
1634272296789 0 0
1634272297172 0 0
1634272297577 0 0
1634272297962 0 0
1634272298346 0 0
1634272299889 0 0
1634272300282 0 0
1634272300665 0 0
1634272301046 0 0
1634272301430 0 0
1634272301807 0 0
1634272302186 0 0
1634272302567 0 0
1634272302944 0 0
1634272303325 0 0
1634272303702 0 0
1634272304081 0 0
1634272304457 0 0
1634272304829 0 0
1634272305210 0 0
1634272305582 0 0
1634272305974 0 0
1634272306356 0 0
1634272306739 0 0
1634272307117 0 0
1634272308387 0 0
1634272308783 0 0
1634272309173 0 0
1634272309551 0 0
1634272309926 0 0
1634272310302 0 0
1634272310677 0 0
1634272311053 0 0
1634272311435 0 0
1634272311813 0 0
1634272312194 0 0
1634272312560 0 0
1634272312936 0 0
1634272313327 0 0
1634272313709 0 0
1634272314088 0 0
1634272314454 0 0
1634272314845 0 0
1634272315221 0 0
1634272315598 0 0
1634272316887 0 0
1634272317266 0 0
1634272317646 0 0
1634272318019 0 0
1634272318399 0 0
1634272318769 0 0
1634272319136 0 0
1634272319521 0 0
1634272319895 0 0
1634272320271 0 0
1634272320666 0 0
1634272321028 0 0
1634272321419 0 0
1634272321792 0 0
1634272322189 0 0
1634272322561 0 0
1634272322935 0 0
1634272323318 0 0
1634272323697 0 0
1634272324082 0 0
1634272325353 0 0
1634272325740 0 0
1634272326103 0 0
1634272326481 0 0
1634272326855 0 0
1634272327217 0 0
1634272327593 0 0
1634272327967 0 0
1634272328355 0 0
1634272328735 0 0
1634272329101 0 0
1634272329486 0 0
1634272329864 0 0
1634272330242 0 0
1634272330616 0 0
1634272330984 0 0
1634272331359 0 0
1634272331722 0 0
1634272332093 0 0
1634272332453 0 0
1634272333716 0 0
1634272334086 0 0
1634272334468 0 0
1634272334838 0 0
1634272335198 0 0
1634272335575 0 0
1634272335950 0 0
1634272336329 0 0
1634272336688 0 0
1634272337071 0 0
1634272337438 0 0
1634272337817 0 0
1634272338207 0 0
1634272338588 0 0
1634272338950 0 0
1634272339338 0 0
1634272339714 0 0
1634272340088 0 0
1634272340451 0 0
1634272340839 0 0
1634272342102 0 0
1634272342491 0 0
1634272342854 0 0
1634272343231 0 0
1634272343613 0 0
1634272343993 0 0
1634272344373 0 0
1634272344748 0 0
1634272345123 0 0
1634272345502 0 0
1634272345873 0 0
1634272346254 0 0
1634272346631 0 0
1634272346998 0 0
1634272347383 0 0
1634272347752 0 0
1634272348143 0 0
1634272348517 0 0
1634272348900 0 0
1634272349274 0 0
1634272350554 0 0
1634272350938 0 0
1634272351320 0 0
1634272351699 0 0
1634272352079 0 0
1634272352456 0 0
1634272352836 0 0
1634272353219 0 0
1634272353597 0 0
1634272353973 0 0
1634272354350 0 0
1634272354732 0 0
1634272355103 0 0
1634272355483 0 0
1634272355851 0 0
1634272356232 0 0
1634272356610 0 0
1634272356984 0 0
1634272357354 0 0
1634272357722 0 0
1634272358970 0 0
1634272359351 0 0
1634272359719 0 0
1634272360087 0 0
1634272360456 0 0
1634272360816 0 0
1634272361196 0 0
1634272361571 0 0
1634272361941 0 0
1634272362316 0 0
1634272362685 0 0
1634272363057 0 0
1634272363425 0 0
1634272363784 0 0
1634272364167 0 0
1634272364535 0 0
1634272364910 0 0
1634272365288 0 0
1634272365669 0 0
1634272366051 0 0
1634272367336 0 0
1634272367716 0 0
1634272368097 0 0
1634272368479 0 0
1634272368854 0 0
1634272369231 0 0
1634272369613 0 0
1634272369992 0 0
1634272370378 0 0
1634272370778 0 0
1634272371167 0 0
1634272371552 0 0
1634272371927 0 0
1634272372299 0 0
1634272372667 0 0
1634272373041 0 0
1634272373428 0 0
1634272373809 0 0
1634272374181 0 0
1634272374551 0 0
1634272375804 0 0
1634272376197 0 0
1634272376572 0 0
1634272376947 0 0
1634272377323 0 0
1634272377700 0 0
1634272378061 0 0
1634272378467 0 0
1634272378874 0 0
1634272379249 0 0
1634272379624 0 0
1634272379999 0 0
1634272380375 0 0
1634272380750 0 0
1634272381126 0 0
1634272381508 0 0
1634272381879 0 0
1634272382242 0 0
1634272382619 0 0
1634272382985 0 0
1634272384567 0 0
1634272384942 0 0
1634272385317 0 0
1634272385693 0 0
1634272386068 0 0
1634272386459 0 0
1634272386834 0 0
1634272387194 0 0
1634272387570 0 0
1634272387945 0 0
1634272388320 0 0
1634272388696 0 0
1634272389071 0 0
1634272389446 0 0
1634272389822 0 0
1634272390197 0 0
1634272390588 0 0
1634272390963 0 0
1634272391339 0 0
1634272391729 0 0
1634272393006 0 0
1634272393402 0 0
1634272393777 0 0
1634272394153 0 0
1634272394528 0 0
1634272394903 0 0
1634272395295 0 0
1634272395680 0 0
1634272396055 0 0
1634272396430 0 0
1634272396806 0 0
1634272397198 0 0
1634272397575 0 0
1634272397950 0 0
1634272398326 0 0
1634272398701 0 0
1634272399076 0 0
1634272399452 0 0
1634272399827 0 0
1634272400202 0 0
1634272401494 0 0
1634272401874 0 0
1634272402250 0 0
1634272402642 0 0
1634272403032 0 0
1634272403392 0 0
1634272403783 0 0
1634272404158 0 0
1634272404533 0 0
1634272404919 0 0
1634272405294 0 0
1634272405670 0 0
1634272406045 0 0
1634272406421 0 0
1634272406812 0 0
1634272407187 0 0
1634272407563 0 0
1634272407938 0 0
1634272408312 0 0
1634272408687 0 0
1634272409971 0 0
1634272410347 0 0
1634272410722 0 0
1634272411097 0 0
1634272411472 0 0
1634272411833 0 0
1634272412209 0 0
1634272412585 0 0
1634272412962 0 0
1634272413337 0 0
1634272413696 0 0
1634272414071 0 0
1634272414447 0 0
1634272414822 0 0
1634272415212 0 0
1634272415587 0 0
1634272415964 0 0
1634272416338 0 0
1634272416713 0 0
1634272417090 0 0
1634272418361 0 0
1634272418751 0 0
1634272419126 0 0
1634272419501 0 0
1634272419877 0 0
1634272420249 0 0
1634272420625 0 0
1634272421013 0 0
1634272421396 0 0
1634272421778 0 0
1634272422154 0 0
1634272422536 0 0
1634272422918 0 0
1634272423295 0 0
1634272423677 0 0
1634272424063 0 0
1634272424442 0 0
1634272424821 0 0
1634272425195 0 0
1634272425580 0 0
1634272426864 0 0
1634272427254 0 0
1634272427649 0 0
1634272428036 0 0
1634272428406 0 0
1634272428781 0 0
1634272429215 0 0
1634272429606 0 0
1634272429981 0 0
1634272430356 0 0
1634272430732 0 0
1634272431107 0 0
1634272431482 0 0
1634272431857 0 0
1634272432257 0 0
1634272432633 0 0
1634272433009 0 0
1634272433384 0 0
1634272433760 0 0
1634272434135 0 0
1634272435404 0 0
1634272435779 0 0
1634272436155 0 0
1634272436553 0 0
1634272436928 0 0
1634272437318 0 0
1634272437698 0 0
1634272438082 0 0
1634272438464 0 0
1634272438844 0 0
1634272439218 0 0
1634272439588 0 0
1634272439949 0 0
1634272440319 0 0
1634272440703 0 0
1634272441063 0 0
1634272441443 0 0
1634272441804 0 0
1634272442176 0 0
1634272442552 0 0
1634272443788 0 0
1634272444167 0 0
1634272444537 0 0
1634272444913 0 0
1634272445272 0 0
1634272445654 0 0
1634272446034 0 0
1634272446415 0 0
1634272446794 0 0
1634272447179 0 0
1634272447556 0 0
1634272447922 0 0
1634272448308 0 0
1634272448698 0 0
1634272449081 0 0
1634272449465 0 0
1634272449845 0 0
1634272450218 0 0
1634272450584 0 0
1634272450955 0 0
1634272452219 0 0
1634272452600 0 0
1634272452966 0 0
1634272453341 0 0
1634272453701 0 0
1634272454076 0 0
1634272454436 0 0
1634272454821 0 0
1634272455191 0 0
1634272455577 0 0
1634272455961 0 0
1634272456344 0 0
1634272456762 0 0
1634272457138 0 0
1634272457515 0 0
1634272457890 0 0
1634272458271 0 0
1634272458646 0 0
1634272459021 0 0
