1634268075778 0 0
1634268077920 0 0
1634268078628 0 0
1634268079339 0 0
1634268080003 0 0
1634268080664 0 0
1634268081320 0 0
1634268081995 0 0
1634268082651 0 0
1634268083324 0 0
1634268083980 0 0
1634268084653 0 0
1634268085325 0 0
1634268085982 0 0
1634268086669 0 0
1634268087327 0 0
1634268087983 0 0
1634268088649 0 0
1634268089326 0 0
1634268089984 0 0
1634268090685 0 0
1634268092819 0 0
1634268093507 0 0
1634268094164 0 0
1634268094837 0 0
1634268095511 0 0
1634268096201 0 0
1634268096875 0 0
1634268097551 0 0
1634268098211 0 0
1634268098882 0 0
1634268099555 0 0
1634268100211 0 0
1634268100904 0 0
1634268101587 0 0
1634268102260 0 0
1634268102947 0 0
1634268103630 0 0
1634268104324 0 0
1634268105017 0 0
1634268105713 0 0
1634268107830 0 0
1634268108535 0 0
1634268109210 0 0
1634268109916 0 0
1634268110602 0 0
1634268111290 0 0
1634268111964 0 0
1634268112651 0 0
1634268113356 0 0
1634268114056 0 0
1634268114745 0 0
1634268115464 0 0
1634268116168 0 0
1634268116855 0 0
1634268117559 0 0
1634268118232 0 0
1634268118919 0 0
1634268119607 0 0
1634268120310 0 0
1634268120999 0 0
1634268123067 0 0
1634268123747 0 0
1634268124415 0 0
1634268125144 0 0
1634268125847 0 0
1634268126540 0 0
1634268127228 0 0
1634268127917 0 0
1634268128604 0 0
1634268129310 0 0
1634268129997 0 0
1634268130701 0 0
1634268131420 0 0
1634268132093 0 0
1634268132761 0 0
1634268133434 0 0
1634268134106 0 0
1634268134794 0 0
1634268135466 0 0
1634268136123 0 0
1634268138257 0 0
1634268138922 0 0
1634268139585 0 0
1634268140242 0 0
1634268140914 0 0
1634268141603 0 0
1634268142276 0 0
1634268142949 0 0
1634268143622 0 0
1634268144294 0 0
1634268144966 0 0
1634268145639 0 0
1634268146312 0 0
1634268146985 0 0
1634268147666 0 0
1634268148337 0 0
1634268149009 0 0
1634268149701 0 0
1634268150387 0 0
1634268151085 0 0
1634268153210 0 0
1634268153893 0 0
1634268154570 0 0
1634268155243 0 0
1634268155915 0 0
1634268156587 0 0
1634268157260 0 0
1634268157933 0 0
1634268158605 0 0
1634268159278 0 0
1634268159951 0 0
1634268160659 0 0
1634268161346 0 0
1634268162016 0 0
1634268162679 0 0
1634268163364 0 0
1634268164035 0 0
1634268164714 0 0
1634268165382 0 0
1634268166040 0 0
1634268168167 0 0
1634268168840 0 0
1634268169512 0 0
1634268170185 0 0
1634268170856 0 0
1634268171529 0 0
1634268172202 0 0
1634268172859 0 0
1634268173542 0 0
1634268174212 0 0
1634268174883 0 0
1634268175572 0 0
1634268176228 0 0
1634268176901 0 0
1634268177573 0 0
1634268178245 0 0
1634268178917 0 0
1634268179590 0 0
1634268180277 0 0
1634268180950 0 0
1634268183021 0 0
1634268183712 0 0
1634268184367 0 0
1634268185055 0 0
1634268185719 0 0
1634268186449 0 0
1634268187117 0 0
1634268187790 0 0
1634268188477 0 0
1634268189166 0 0
1634268189854 0 0
1634268190543 0 0
1634268191214 0 0
1634268191919 0 0
1634268192606 0 0
1634268193310 0 0
1634268194013 0 0
1634268194717 0 0
1634268195405 0 0
1634268196109 0 0
1634268198211 0 0
1634268198902 0 0
1634268199593 0 0
1634268200274 0 0
1634268200956 0 0
1634268201641 0 0
1634268202319 0 0
1634268203009 0 0
1634268203679 0 0
1634268204361 0 0
1634268205070 0 0
1634268205760 0 0
1634268206454 0 0
1634268207148 0 0
1634268207831 0 0
1634268208513 0 0
1634268209193 0 0
1634268209877 0 0
1634268210582 0 0
1634268211289 0 0
1634268213510 0 0
1634268214197 0 0
1634268214886 0 0
1634268215578 0 0
1634268216252 0 0
1634268216960 0 0
1634268217644 0 0
1634268218337 0 0
1634268219005 0 0
1634268219687 0 0
1634268220362 0 0
1634268221047 0 0
1634268221711 0 0
1634268222399 0 0
1634268223070 0 0
1634268223760 0 0
1634268224456 0 0
1634268225118 0 0
1634268225794 0 0
1634268226461 0 0
1634268228584 0 0
1634268229275 0 0
1634268229962 0 0
1634268230640 0 0
1634268231323 0 0
1634268232023 0 0
1634268232711 0 0
1634268233402 0 0
1634268234081 0 0
1634268234762 0 0
1634268235457 0 0
1634268236157 0 0
1634268236849 0 0
1634268237527 0 0
1634268238215 0 0
1634268238887 0 0
1634268239571 0 0
1634268240261 0 0
1634268240966 0 0
1634268241657 0 0
1634268243809 0 0
1634268244479 0 0
1634268245187 0 0
1634268245866 0 0
1634268246567 0 0
1634268247274 0 0
1634268247961 0 0
1634268248652 0 0
1634268249340 0 0
1634268250024 0 0
1634268250721 0 0
1634268251391 0 0
1634268252077 0 0
1634268252763 0 0
1634268253444 0 0
1634268254127 0 0
1634268254804 0 0
1634268255473 0 0
1634268256144 0 0
1634268256818 0 0
1634268258994 0 0
1634268259688 0 0
1634268260388 0 0
1634268261056 0 0
1634268261732 0 0
1634268262411 0 0
1634268263077 0 0
1634268263770 0 0
1634268264456 0 0
1634268265148 0 0
1634268265825 0 0
1634268266512 0 0
1634268267186 0 0
1634268267858 0 0
1634268268532 0 0
1634268269212 0 0
1634268269886 0 0
1634268270572 0 0
1634268271246 0 0
1634268271921 0 0
1634268274224 0 0
1634268274909 0 0
1634268275605 0 0
1634268276302 0 0
1634268277002 0 0
1634268277690 0 0
1634268278351 0 0
1634268279024 0 0
1634268279736 0 0
1634268280428 0 0
1634268281112 0 0
1634268281796 0 0
1634268282488 0 0
1634268283178 0 0
1634268283858 0 0
1634268284517 0 0
1634268285187 0 0
1634268285860 0 0
1634268286549 0 0
1634268287219 0 0
1634268289452 0 0
1634268290125 0 0
1634268290805 0 0
1634268291485 0 0
1634268292163 0 0
1634268292837 0 0
1634268293521 0 0
1634268294210 0 0
1634268294901 0 0
1634268295590 0 0
1634268296261 0 0
1634268296953 0 0
1634268297624 0 0
1634268298292 0 0
1634268298980 0 0
1634268299673 0 0
1634268300357 0 0
1634268301045 0 0
1634268301722 0 0
1634268302407 0 0
1634268304537 0 0
1634268305241 0 0
1634268305913 0 0
1634268306590 0 0
1634268307275 0 0
1634268307971 0 0
1634268308655 0 0
1634268309341 0 0
1634268310012 0 0
1634268310692 0 0
1634268311405 0 0
1634268312093 0 0
1634268312761 0 0
1634268313455 0 0
1634268314153 0 0
1634268314841 0 0
1634268315529 0 0
1634268316215 0 0
1634268316912 0 0
1634268317612 0 0
1634268319832 0 0
1634268320517 0 0
1634268321192 0 0
1634268321874 0 0
1634268322550 0 0
1634268323227 0 0
1634268323911 0 0
1634268324576 0 0
1634268325256 0 0
1634268325942 0 0
1634268326619 0 0
1634268327315 0 0
1634268327975 0 0
1634268328658 0 0
1634268329335 0 0
1634268330034 0 0
1634268330729 0 0
1634268331410 0 0
1634268332096 0 0
1634268332808 0 0
1634268335029 0 0
1634268335751 0 0
1634268336444 0 0
1634268337123 0 0
1634268337809 0 0
1634268338495 0 0
1634268339197 0 0
1634268339879 0 0
1634268340571 0 0
1634268341261 0 0
1634268341980 0 0
1634268342658 0 0
1634268343323 0 0
1634268344005 0 0
1634268344682 0 0
1634268345357 0 0
1634268346062 0 0
1634268346746 0 0
1634268347461 0 0
1634268348168 0 0
1634268350429 0 0
1634268351139 0 0
1634268351858 0 0
1634268352594 0 0
1634268353313 0 0
1634268354013 0 0
1634268354717 0 0
1634268355407 0 0
1634268356085 0 0
1634268356771 0 0
1634268357457 0 0
1634268358143 0 0
1634268358840 0 0
1634268359545 0 0
1634268360245 0 0
1634268360923 0 0
1634268361596 0 0
1634268362268 0 0
1634268362951 0 0
1634268363628 0 0
1634268365761 0 0
1634268366464 0 0
1634268367151 0 0
1634268367813 0 0
1634268368514 0 0
1634268369194 0 0
1634268369877 0 0
1634268370561 0 0
1634268371261 0 0
1634268371942 0 0
1634268372626 0 0
1634268373332 0 0
1634268374017 0 0
1634268374697 0 0
1634268375409 0 0
1634268376092 0 0
1634268376783 0 0
1634268377475 0 0
1634268378173 0 0
1634268378863 0 0
1634268380982 0 0
1634268381660 0 0
1634268382345 0 0
1634268383023 0 0
1634268383713 0 0
1634268384405 0 0
1634268385091 0 0
1634268385767 0 0
1634268386456 0 0
1634268387144 0 0
1634268387813 0 0
1634268388552 0 0
1634268389296 0 0
1634268390018 0 0
1634268390712 0 0
1634268391407 0 0
1634268392119 0 0
1634268392824 0 0
1634268393508 0 0
1634268394184 0 0
1634268396350 0 0
1634268397020 0 0
1634268397693 0 0
1634268398374 0 0
1634268399058 0 0
1634268399757 0 0
1634268400473 0 0
1634268401180 0 0
1634268401883 0 0
1634268402567 0 0
1634268403254 0 0
1634268403930 0 0
1634268404613 0 0
1634268405302 0 0
1634268405978 0 0
1634268406666 0 0
1634268407351 0 0
1634268408025 0 0
1634268408704 0 0
1634268409378 0 0
1634268411508 0 0
1634268412189 0 0
1634268412910 0 0
1634268413592 0 0
1634268414276 0 0
1634268414958 0 0
1634268415632 0 0
1634268416303 0 0
1634268416991 0 0
1634268417680 0 0
1634268418376 0 0
1634268419057 0 0
1634268419738 0 0
1634268420409 0 0
1634268421089 0 0
1634268421763 0 0
1634268422460 0 0
1634268423159 0 0
1634268423864 0 0
1634268424541 0 0
1634268426755 0 0
1634268427441 0 0
1634268428173 0 0
1634268428860 0 0
1634268429523 0 0
1634268430212 0 0
1634268430899 0 0
1634268431586 0 0
1634268432291 0 0
1634268432948 0 0
1634268433621 0 0
1634268434293 0 0
1634268434966 0 0
1634268435690 0 0
1634268436375 0 0
1634268437045 0 0
1634268437712 0 0
1634268438411 0 0
1634268439111 0 0
1634268439802 0 0
1634268442070 0 0
1634268442737 0 0
1634268443421 0 0
1634268444101 0 0
1634268444772 0 0
1634268445443 0 0
1634268446117 0 0
1634268446790 0 0
1634268447462 0 0
1634268448136 0 0
1634268448808 0 0
1634268449481 0 0
1634268450153 0 0
1634268450824 0 0
1634268451497 0 0
1634268452169 0 0
1634268452827 0 0
1634268453499 0 0
1634268454182 0 0
1634268454864 0 0
1634268456924 0 0
1634268457605 0 0
1634268458273 0 0
1634268458944 0 0
1634268459617 0 0
1634268460289 0 0
1634268460962 0 0
1634268461634 0 0
1634268462307 0 0
1634268462964 0 0
1634268463637 0 0
1634268464326 0 0
1634268464999 0 0
1634268465686 0 0
1634268466359 0 0
1634268467032 0 0
1634268467715 0 0
1634268468398 0 0
1634268469102 0 0
1634268469805 0 0
1634268471904 0 0
1634268472614 0 0
1634268473278 0 0
