1634268075787 0.6982415318489075 0
1634268077927 0.47229087352752686 0
1634268078635 0.40118280053138733 0
1634268079346 0.2510201334953308 0
1634268080009 0.31319868564605713 0
1634268080664 0.30201658606529236 0
1634268081335 0.48476549983024597 0
1634268081995 0.3308357894420624 0
1634268082666 0.3230340778827667 0
1634268083324 0.24594593048095703 0
1634268083996 0.32620424032211304 0
1634268084669 0.3259478807449341 0
1634268085325 0.30448025465011597 0
1634268085998 0.2940066456794739 0
1634268086669 0.33156293630599976 0
1634268087327 0.26297277212142944 0
1634268087998 0.23896589875221252 0
1634268088670 0.24184298515319824 0
1634268089342 0.24605818092823029 0
1634268089999 0.2420952469110489 0
1634268090689 0.2543819546699524 0
1634268092835 0.28249287605285645 0
1634268093514 0.24512910842895508 0
1634268094179 0.27384644746780396 0
1634268094837 0.2527872920036316 0
1634268095521 0.22735534608364105 0
1634268096201 0.2342652827501297 0
1634268096875 0.21769285202026367 0
1634268097558 0.2182767391204834 0
1634268098226 0.24367211759090424 0
1634268098898 0.20641088485717773 0
1634268099555 0.2062937170267105 0
1634268100229 0.2680303752422333 0
1634268100920 0.2159377485513687 0
1634268101603 0.2360140085220337 0
1634268102276 0.23819172382354736 0
1634268102947 0.23102617263793945 0
1634268103630 0.19147029519081116 0
1634268104331 0.19873596727848053 0
1634268105024 0.2569580078125 0
1634268105729 0.19876275956630707 0
1634268107846 0.18487833440303802 0
1634268108541 0.18620674312114716 0
1634268109210 0.2313949316740036 0
1634268109916 0.25654008984565735 0
1634268110602 0.22800520062446594 0
1634268111290 0.19434776902198792 0
1634268111964 0.1954241245985031 0
1634268112651 0.19440557062625885 0
1634268113356 0.19227813184261322 0
1634268114072 0.16738352179527283 0
1634268114761 0.19637438654899597 0
1634268115479 0.18061625957489014 0
1634268116168 0.16593614220619202 0
1634268116872 0.19850793480873108 0
1634268117559 0.1746436506509781 0
1634268118232 0.14389580488204956 0
1634268118919 0.1731993556022644 0
1634268119607 0.18800555169582367 0
1634268120310 0.15871915221214294 0
1634268121014 0.19453349709510803 0
1634268123067 0.18015801906585693 0
1634268123756 0.1748691350221634 0
1634268124430 0.18057774007320404 0
1634268125151 0.1779198944568634 0
1634268125854 0.1582568734884262 0
1634268126540 0.1801324188709259 0
1634268127228 0.17567898333072662 0
1634268127932 0.1501731425523758 0
1634268128604 0.14501726627349854 0
1634268129310 0.21389998495578766 0
1634268129997 0.1850651204586029 0
1634268130701 0.148992657661438 0
1634268131420 0.1379469633102417 0
1634268132093 0.16616401076316833 0
1634268132777 0.14508436620235443 0
1634268133450 0.17636145651340485 0
1634268134121 0.14566409587860107 0
1634268134794 0.12345819920301437 0
1634268135466 0.12147114425897598 0
1634268136139 0.12799133360385895 0
1634268138263 0.1391623318195343 0
1634268138928 0.13486553728580475 0
1634268139585 0.1402089148759842 0
1634268140258 0.14229458570480347 0
1634268140930 0.1468573659658432 0
1634268141603 0.1985320746898651 0
1634268142291 0.18241658806800842 0
1634268142964 0.17391254007816315 0
1634268143637 0.17164988815784454 0
1634268144294 0.17210078239440918 0
1634268144966 0.14930610358715057 0
1634268145655 0.15459226071834564 0
1634268146328 0.18062153458595276 0
1634268147001 0.1275472193956375 0
1634268147673 0.131552591919899 0
1634268148337 0.12694917619228363 0
1634268149024 0.15812471508979797 0
1634268149701 0.16357271373271942 0
1634268150395 0.16737055778503418 0
1634268151085 0.122297503054142 0
1634268153217 0.12300952523946762 0
1634268153901 0.11402532458305359 0
1634268154570 0.11951390653848648 0
1634268155243 0.15224474668502808 0
1634268155930 0.18149563670158386 0
1634268156603 0.135455921292305 0
1634268157260 0.16970354318618774 0
1634268157933 0.1265697181224823 0
1634268158605 0.12955397367477417 0
1634268159278 0.18449437618255615 0
1634268159951 0.12986326217651367 0
1634268160659 0.14378610253334045 0
1634268161354 0.1699758917093277 0
1634268162023 0.1235743835568428 0
1634268162679 0.11298225075006485 0
1634268163364 0.1620718389749527 0
1634268164051 0.1233472228050232 0
1634268164722 0.181696355342865 0
1634268165382 0.13185329735279083 0
1634268166055 0.12260760366916656 0
1634268168167 0.11702825129032135 0
1634268168856 0.16581420600414276 0
1634268169527 0.13214550912380219 0
1634268170200 0.12532265484333038 0
1634268170872 0.13511694967746735 0
1634268171529 0.15782064199447632 0
1634268172202 0.1333371251821518 0
1634268172875 0.14797599613666534 0
1634268173550 0.1750330626964569 0
1634268174212 0.1724427342414856 0
1634268174883 0.1495487540960312 0
1634268175572 0.1772874891757965 0
1634268176244 0.1437922865152359 0
1634268176916 0.14026039838790894 0
1634268177573 0.1365819126367569 0
1634268178245 0.11063297092914581 0
1634268178917 0.1715993583202362 0
1634268179590 0.17912302911281586 0
1634268180277 0.22891128063201904 0
1634268180950 0.1803705394268036 0
1634268183037 0.17774000763893127 0
1634268183719 0.19891943037509918 0
1634268184383 0.13410668075084686 0
1634268185055 0.1308044195175171 0
1634268185737 0.12563848495483398 0
1634268186457 0.11537987738847733 0
1634268187132 0.13570636510849 0
1634268187805 0.17167305946350098 0
1634268188493 0.12831705808639526 0
1634268189166 0.12477532029151917 0
1634268189870 0.12934432923793793 0
1634268190558 0.14029093086719513 0
1634268191230 0.16990163922309875 0
1634268191934 0.14442531764507294 0
1634268192606 0.1606559306383133 0
1634268193326 0.15841089189052582 0
1634268194029 0.13060776889324188 0
1634268194717 0.1239485889673233 0
1634268195420 0.17315754294395447 0
1634268196124 0.11682575941085815 0
1634268198226 0.13233861327171326 0
1634268198902 0.12018921226263046 0
1634268199609 0.1443973034620285 0
1634268200289 0.2529489994049072 0
1634268200956 0.1900227963924408 0
1634268201641 0.16319723427295685 0
1634268202327 0.18648865818977356 0
1634268203017 0.16078437864780426 0
1634268203679 0.1609140783548355 0
1634268204363 0.18974199891090393 0
1634268205079 0.13997364044189453 0
1634268205769 0.13582971692085266 0
1634268206462 0.1260393112897873 0
1634268207155 0.12244319170713425 0
1634268207846 0.11091658473014832 0
1634268208521 0.1492210477590561 0
1634268209201 0.19001458585262299 0
1634268209886 0.1877346634864807 0
1634268210590 0.14854396879673004 0
1634268211298 0.12414388358592987 0
1634268213518 0.17220403254032135 0
1634268214204 0.1262805163860321 0
1634268214894 0.1395280957221985 0
1634268215586 0.1358804553747177 0
1634268216260 0.176487535238266 0
1634268216968 0.11557693779468536 0
1634268217644 0.11022350937128067 0
1634268218345 0.1111973449587822 0
1634268219020 0.16326871514320374 0
1634268219694 0.12731218338012695 0
1634268220378 0.12323537468910217 0
1634268221055 0.11442237347364426 0
1634268221727 0.12421156466007233 0
1634268222408 0.1116018295288086 0
1634268223086 0.16316008567810059 0
1634268223760 0.1194796934723854 0
1634268224462 0.11895204335451126 0
1634268225133 0.1213725134730339 0
1634268225810 0.11883562058210373 0
1634268226476 0.11969511210918427 0
1634268228591 0.10885541886091232 0
1634268229275 0.1631469428539276 0
1634268229978 0.1272420883178711 0
1634268230640 0.16300998628139496 0
1634268231333 0.1369059830904007 0
1634268232031 0.12554575502872467 0
1634268232720 0.11806191504001617 0
1634268233410 0.14561519026756287 0
1634268234088 0.12732143700122833 0
1634268234779 0.1689111739397049 0
1634268235457 0.19547781348228455 0
1634268236165 0.13893365859985352 0
1634268236857 0.1433376967906952 0
1634268237536 0.12840504944324493 0
1634268238223 0.11552541702985764 0
1634268238887 0.13563087582588196 0
1634268239578 0.14413830637931824 0
1634268240261 0.1366700381040573 0
1634268240975 0.1606534868478775 0
1634268241662 0.1432272344827652 0
1634268243816 0.11387991160154343 0
1634268244494 0.156361922621727 0
1634268245195 0.11403026431798935 0
1634268245873 0.1491621434688568 0
1634268246575 0.11515562236309052 0
1634268247274 0.1390967220067978 0
1634268247979 0.14140863716602325 0
1634268248659 0.11281564086675644 0
1634268249345 0.11834637075662613 0
1634268250028 0.1967126727104187 0
1634268250728 0.1580057442188263 0
1634268251406 0.1506485641002655 0
1634268252093 0.11447244137525558 0
1634268252771 0.12443902343511581 0
1634268253444 0.15338265895843506 0
1634268254135 0.11269734799861908 0
1634268254812 0.10983631014823914 0
1634268255481 0.14769691228866577 0
1634268256144 0.15006133913993835 0
1634268256826 0.11612030118703842 0
1634268258994 0.14940908551216125 0
1634268259698 0.10399239510297775 0
1634268260395 0.1017533540725708 0
1634268261056 0.1109316349029541 0
1634268261740 0.10687295347452164 0
1634268262411 0.15051984786987305 0
1634268263093 0.1507444679737091 0
1634268263778 0.15158472955226898 0
1634268264464 0.10900991410017014 0
1634268265156 0.115542933344841 0
1634268265825 0.10292788594961166 0
1634268266512 0.10261254757642746 0
1634268267186 0.11258383840322495 0
1634268267858 0.10344953089952469 0
1634268268532 0.17186971008777618 0
1634268269220 0.12182937562465668 0
1634268269894 0.10691733658313751 0
1634268270572 0.11045761406421661 0
1634268271262 0.11523376405239105 0
1634268271937 0.15217578411102295 0
1634268274236 0.1147739365696907 0
1634268274929 0.12462101131677628 0
1634268275613 0.10157611966133118 0
1634268276310 0.15170712769031525 0
1634268277010 0.10934511572122574 0
1634268277697 0.1063787117600441 0
1634268278367 0.10758368670940399 0
1634268279040 0.1197565570473671 0
1634268279745 0.15295188128948212 0
1634268280428 0.1081983745098114 0
1634268281112 0.10179880261421204 0
1634268281796 0.14627443253993988 0
1634268282504 0.10695715993642807 0
1634268283194 0.13063161075115204 0
1634268283858 0.12165041267871857 0
1634268284534 0.21294263005256653 0
1634268285203 0.16130608320236206 0
1634268285875 0.15763941407203674 0
1634268286556 0.1645464301109314 0
1634268287227 0.1852298080921173 0
1634268289459 0.17460954189300537 0
1634268290125 0.14469173550605774 0
1634268290821 0.14042453467845917 0
1634268291493 0.16607239842414856 0
1634268292170 0.14323167502880096 0
1634268292845 0.12588182091712952 0
1634268293530 0.16483981907367706 0
1634268294227 0.10521480441093445 0
1634268294908 0.1526602953672409 0
1634268295590 0.16357989609241486 0
1634268296276 0.1550518423318863 0
1634268296960 0.1317141354084015 0
1634268297632 0.11048942804336548 0
1634268298292 0.15310761332511902 0
1634268298988 0.11893019080162048 0
1634268299681 0.11200461536645889 0
1634268300376 0.17312832176685333 0
1634268301053 0.1459933966398239 0
1634268301729 0.10026942193508148 0
1634268302414 0.11850620806217194 0
1634268304549 0.1363866627216339 0
1634268305250 0.15252669155597687 0
1634268305929 0.13899922370910645 0
1634268306606 0.11412997543811798 0
1634268307275 0.11840902268886566 0
1634268307979 0.15430067479610443 0
1634268308663 0.1242622435092926 0
1634268309349 0.12304772436618805 0
1634268310028 0.1401074081659317 0
1634268310692 0.16184218227863312 0
1634268311413 0.13625000417232513 0
1634268312100 0.13067802786827087 0
1634268312777 0.12759608030319214 0
1634268313464 0.15377672016620636 0
1634268314161 0.11111768335103989 0
1634268314848 0.15194641053676605 0
1634268315544 0.09920202940702438 0
1634268316223 0.10690933465957642 0
1634268316920 0.11607751250267029 0
1634268317616 0.1031399816274643 0
1634268319838 0.14780879020690918 0
1634268320525 0.1522616297006607 0
1634268321200 0.14503534138202667 0
1634268321882 0.09343785792589188 0
1634268322558 0.10393702983856201 0
1634268323235 0.13528597354888916 0
1634268323919 0.11331923305988312 0
1634268324597 0.12645867466926575 0
1634268325271 0.11935003101825714 0
1634268325942 0.14600101113319397 0
1634268326627 0.14683882892131805 0
1634268327323 0.10517939180135727 0
1634268327990 0.095293328166008 0
1634268328666 0.14934049546718597 0
1634268329343 0.09626889228820801 0
1634268330043 0.10288175940513611 0
1634268330737 0.09656801074743271 0
1634268331412 0.1032085195183754 0
1634268332096 0.10589466243982315 0
1634268332816 0.09545174986124039 0
1634268335029 0.10025225579738617 0
1634268335759 0.11396730691194534 0
1634268336444 0.10438518971204758 0
1634268337139 0.10493012517690659 0
1634268337817 0.14423619210720062 0
1634268338495 0.09489724040031433 0
1634268339197 0.10419527441263199 0
1634268339879 0.09630434960126877 0
1634268340580 0.09875510632991791 0
1634268341283 0.10023307055234909 0
1634268341988 0.1008620634675026 0
1634268342665 0.13721534609794617 0
1634268343338 0.09484848380088806 0
1634268344013 0.13587644696235657 0
1634268344690 0.09989603608846664 0
1634268345373 0.10936428606510162 0
1634268346062 0.11621861159801483 0
1634268346762 0.09363093972206116 0
1634268347461 0.10389945656061172 0
1634268348176 0.1016024723649025 0
1634268350445 0.14057867228984833 0
1634268351147 0.09288801997900009 0
1634268351866 0.11175376176834106 0
1634268352603 0.11221939325332642 0
1634268353327 0.10302034765481949 0
1634268354029 0.10311192274093628 0
1634268354725 0.10833164304494858 0
1634268355413 0.11936745047569275 0
1634268356096 0.10531815141439438 0
1634268356779 0.0973847359418869 0
1634268357465 0.09532856941223145 0
1634268358152 0.139455646276474 0
1634268358848 0.10383855551481247 0
1634268359555 0.09380727261304855 0
1634268360246 0.10340701788663864 0
1634268360931 0.09251843392848969 0
1634268361604 0.10152184963226318 0
1634268362276 0.109137624502182 0
1634268362959 0.10590184479951859 0
1634268363628 0.10699822753667831 0
1634268365776 0.14218206703662872 0
1634268366472 0.0952766165137291 0
1634268367159 0.13760772347450256 0
1634268367829 0.139978289604187 0
1634268368514 0.09189392626285553 0
1634268369202 0.10439199209213257 0
1634268369885 0.13650643825531006 0
1634268370570 0.09181230515241623 0
1634268371269 0.09586045891046524 0
1634268371942 0.13680513203144073 0
1634268372629 0.09739364683628082 0
1634268373339 0.08850889652967453 0
1634268374024 0.13494400680065155 0
1634268374719 0.09242694079875946 0
1634268375417 0.09697304666042328 0
1634268376100 0.10131227225065231 0
1634268376792 0.10265380144119263 0
1634268377484 0.10565963387489319 0
1634268378183 0.10011283308267593 0
1634268378879 0.08509449660778046 0
1634268380990 0.09019815176725388 0
1634268381667 0.09285734593868256 0
1634268382354 0.10713675618171692 0
1634268383039 0.09368760883808136 0
1634268383713 0.10797867178916931 0
1634268384413 0.09505179524421692 0
1634268385099 0.10162974894046783 0
1634268385767 0.0948079526424408 0
1634268386465 0.08285638689994812 0
1634268387152 0.13205260038375854 0
1634268387828 0.09167446941137314 0
1634268388561 0.13373272120952606 0
1634268389305 0.08511369675397873 0
1634268390026 0.09264747053384781 0
1634268390712 0.12964053452014923 0
1634268391414 0.09024356305599213 0
1634268392127 0.09275151789188385 0
1634268392832 0.09887051582336426 0
1634268393513 0.0838746652007103 0
1634268394192 0.09631629288196564 0
1634268396358 0.10102926194667816 0
1634268397027 0.10860073566436768 0
1634268397701 0.10258082300424576 0
1634268398383 0.08657104521989822 0
1634268399067 0.08730173856019974 0
1634268399766 0.08893737941980362 0
1634268400480 0.08989093452692032 0
1634268401180 0.08678483963012695 0
1634268401891 0.0997878685593605 0
1634268402575 0.0856952965259552 0
1634268403262 0.08010786771774292 0
1634268403937 0.07994373887777328 0
1634268404621 0.08895760774612427 0
1634268405310 0.08568363636732101 0
1634268405986 0.12846402823925018 0
1634268406674 0.10349106043577194 0
1634268407358 0.08913033455610275 0
1634268408033 0.1004629135131836 0
1634268408712 0.08832050859928131 0
1634268409386 0.09751063585281372 0
1634268411515 0.08643412590026855 0
1634268412197 0.0890093594789505 0
1634268412919 0.13153304159641266 0
1634268413608 0.0957697331905365 0
1634268414283 0.12728039920330048 0
1634268414967 0.08129829913377762 0
1634268415640 0.09413772821426392 0
1634268416315 0.09439093619585037 0
1634268416991 0.1274014115333557 0
1634268417680 0.10331841558218002 0
1634268418385 0.12984558939933777 0
1634268419064 0.12827466428279877 0
1634268419746 0.09443441033363342 0
1634268420409 0.08380451798439026 0
1634268421089 0.13958027958869934 0
1634268421781 0.10661221295595169 0
1634268422467 0.09143895655870438 0
1634268423167 0.09481360018253326 0
1634268423872 0.08166433125734329 0
1634268424549 0.1268727034330368 0
1634268426762 0.09632181376218796 0
1634268427450 0.09395306557416916 0
1634268428181 0.14149074256420135 0
1634268428868 0.08623091131448746 0
1634268429538 0.11392906308174133 0
1634268430220 0.08902274817228317 0
1634268430908 0.11804935336112976 0
1634268431602 0.12657269835472107 0
1634268432291 0.09467156231403351 0
1634268432964 0.10104965418577194 0
1634268433636 0.12308701127767563 0
1634268434308 0.12500585615634918 0
1634268434981 0.09423109143972397 0
1634268435698 0.10947250574827194 0
1634268436382 0.09770442545413971 0
1634268437052 0.08364107459783554 0
1634268437728 0.13072086870670319 0
1634268438427 0.11190499365329742 0
1634268439119 0.09258625656366348 0
1634268439810 0.08514679223299026 0
1634268442070 0.12377133220434189 0
1634268442737 0.12441539019346237 0
1634268443430 0.098588727414608 0
1634268444101 0.1102169007062912 0
1634268444772 0.09965251386165619 0
1634268445450 0.12597596645355225 0
1634268446117 0.1313539296388626 0
1634268446806 0.12881988286972046 0
1634268447478 0.10592012107372284 0
1634268448152 0.11414884030818939 0
1634268448808 0.10341157019138336 0
1634268449481 0.09703296422958374 0
1634268450153 0.08955234289169312 0
1634268450840 0.08338882774114609 0
1634268451497 0.12544867396354675 0
1634268452169 0.0929483026266098 0
1634268452843 0.13090749084949493 0
1634268453515 0.09811865538358688 0
1634268454190 0.10581354051828384 0
1634268454872 0.12568919360637665 0
1634268456924 0.08012587577104568 0
1634268457612 0.08629608154296875 0
1634268458273 0.09408630430698395 0
1634268458944 0.10405783355236053 0
1634268459617 0.12189412862062454 0
1634268460289 0.08713491261005402 0
1634268460962 0.12230212986469269 0
1634268461634 0.10684268176555634 0
1634268462307 0.10455293953418732 0
1634268462980 0.12164228409528732 0
1634268463653 0.07932429015636444 0
1634268464326 0.07789476215839386 0
1634268465014 0.08754358440637589 0
1634268465686 0.12073103338479996 0
1634268466374 0.08836530894041061 0
1634268467048 0.08606366813182831 0
1634268467722 0.08611161261796951 0
1634268468413 0.12231983244419098 0
1634268469102 0.10331404209136963 0
1634268469820 0.08685067296028137 0
1634268471911 0.16017799079418182 0
1634268472621 0.12104938179254532 0
1634268473294 0.1119854599237442 0
