1634268075780 3.520042896270752 0
1634268077922 1.0448014736175537 0
1634268078630 1.6797771453857422 0
1634268079341 1.324094295501709 0
1634268080004 1.5001742839813232 0
1634268080664 1.0578606128692627 0
1634268081320 1.743361234664917 0
1634268081995 1.3394255638122559 0
1634268082666 1.6073795557022095 0
1634268083324 1.0143256187438965 0
1634268083996 1.566950798034668 0
1634268084653 1.2645212411880493 0
1634268085325 1.1185578107833862 0
1634268085998 1.2846970558166504 0
1634268086669 1.9802137613296509 0
1634268087327 1.76410973072052 0
1634268087998 1.5429656505584717 0
1634268088665 1.2451224327087402 0
1634268089326 1.5556695461273193 0
1634268089999 1.6770210266113281 0
1634268090685 1.430281639099121 0
1634268092819 1.9384355545043945 0
1634268093509 1.5778813362121582 0
1634268094179 1.1947437524795532 0
1634268094837 1.0444481372833252 0
1634268095513 0.9111390709877014 0
1634268096201 1.3059685230255127 0
1634268096875 0.9933047890663147 0
1634268097553 0.9988860487937927 0
1634268098211 0.7995517253875732 0
1634268098882 1.1808106899261475 0
1634268099555 1.2681150436401367 0
1634268100229 1.5557496547698975 0
1634268100904 1.731849193572998 0
1634268101587 1.5491633415222168 0
1634268102260 0.7528577446937561 0
1634268102947 1.4473700523376465 0
1634268103630 1.5804903507232666 0
1634268104326 1.05812668800354 0
1634268105019 1.1658101081848145 0
1634268105713 0.963674008846283 0
1634268107830 1.0744643211364746 0
1634268108536 0.9684405326843262 0
1634268109210 1.3587461709976196 0
1634268109916 1.5474823713302612 0
1634268110602 1.766057014465332 0
1634268111290 1.469855546951294 0
1634268111964 1.5789730548858643 0
1634268112651 1.628260850906372 0
1634268113356 1.3899216651916504 0
1634268114056 1.2566624879837036 0
1634268114745 1.27180814743042 0
1634268115464 1.2395613193511963 0
1634268116168 1.1321566104888916 0
1634268116871 0.8783837556838989 0
1634268117559 1.2535427808761597 0
1634268118232 1.2375298738479614 0
1634268118919 1.3625967502593994 0
1634268119607 1.1611772775650024 0
1634268120310 0.8885202407836914 0
1634268121014 1.4139598608016968 0
1634268123067 1.2406635284423828 0
1634268123749 1.5813097953796387 0
1634268124415 1.4662281274795532 0
1634268125146 1.3451769351959229 0
1634268125849 0.783261239528656 0
1634268126540 1.2676434516906738 0
1634268127228 0.8843757510185242 0
1634268127917 1.109236478805542 0
1634268128604 1.3200570344924927 0
1634268129310 1.3056364059448242 0
1634268129997 1.3920643329620361 0
1634268130701 1.2548789978027344 0
1634268131420 1.2503559589385986 0
1634268132093 1.1272764205932617 0
1634268132761 0.9002795219421387 0
1634268133434 1.349104642868042 0
1634268134106 1.1274347305297852 0
1634268134794 0.8423115611076355 0
1634268135466 1.187707781791687 0
1634268136139 1.237017035484314 0
1634268138258 1.1087677478790283 0
1634268138923 1.1163363456726074 0
1634268139585 1.296783685684204 0
1634268140258 0.854872465133667 0
1634268140914 1.8088865280151367 0
1634268141603 1.088794231414795 0
1634268142291 1.1097123622894287 0
1634268142964 1.170195460319519 0
1634268143622 1.1958355903625488 0
1634268144294 1.3336312770843506 0
1634268144966 1.2306804656982422 0
1634268145639 1.1252957582473755 0
1634268146328 1.1419677734375 0
1634268146985 0.966060996055603 0
1634268147668 0.9528941512107849 0
1634268148337 0.965399444103241 0
1634268149009 1.035385251045227 0
1634268149701 0.7250388860702515 0
1634268150389 0.9557931423187256 0
1634268151085 0.6651848554611206 0
1634268153212 0.9038012027740479 0
1634268153895 0.7232800126075745 0
1634268154570 0.6790130138397217 0
1634268155243 1.112093448638916 0
1634268155915 0.740391194820404 0
1634268156587 1.1074910163879395 0
1634268157260 1.1452590227127075 0
1634268157933 0.7879573702812195 0
1634268158605 1.2992627620697021 0
1634268159278 1.2955617904663086 0
1634268159951 1.3163646459579468 0
1634268160659 1.1335242986679077 0
1634268161348 0.6948384046554565 0
1634268162018 0.7595309615135193 0
1634268162679 1.1559758186340332 0
1634268163364 1.3889977931976318 0
1634268164035 1.4195586442947388 0
1634268164716 1.0072788000106812 0
1634268165382 0.7542843818664551 0
1634268166055 1.062721610069275 0
1634268168167 1.052756428718567 0
1634268168840 0.9742504358291626 0
1634268169512 1.2183642387390137 0
1634268170185 0.7839628458023071 0
1634268170856 0.7873011827468872 0
1634268171529 0.7721265554428101 0
1634268172202 0.9412256479263306 0
1634268172859 1.3781445026397705 0
1634268173544 1.3196624517440796 0
1634268174212 1.6768620014190674 0
1634268174883 0.7243077158927917 0
1634268175572 1.3325893878936768 0
1634268176244 1.496654987335205 0
1634268176901 0.9957648515701294 0
1634268177573 0.671973466873169 0
1634268178245 1.1683603525161743 0
1634268178917 1.2526283264160156 0
1634268179590 2.003546953201294 0
1634268180277 1.272914171218872 0
1634268180950 1.1400086879730225 0
1634268183021 1.6380958557128906 0
1634268183714 1.2558903694152832 0
1634268184367 1.1472744941711426 0
1634268185055 1.268474817276001 0
1634268185719 1.2616329193115234 0
1634268186451 0.6506170034408569 0
1634268187117 1.1267850399017334 0
1634268187790 1.3510479927062988 0
1634268188477 0.9284178018569946 0
1634268189166 0.9251922965049744 0
1634268189854 0.9492721557617188 0
1634268190543 0.9337698817253113 0
1634268191230 1.4641213417053223 0
1634268191919 0.8194553256034851 0
1634268192606 0.6941726207733154 0
1634268193310 0.8167458772659302 0
1634268194013 1.0142220258712769 0
1634268194717 0.7999901175498962 0
1634268195420 0.8368504047393799 0
1634268196124 0.9081000685691833 0
1634268198226 0.7836635112762451 0
1634268198902 0.9676744937896729 0
1634268199593 2.422391414642334 0
1634268200274 1.7758245468139648 0
1634268200956 1.1986974477767944 0
1634268201641 1.122519850730896 0
1634268202321 1.2628982067108154 0
1634268203011 0.766592800617218 0
1634268203679 0.9993841648101807 0
1634268204363 1.6772403717041016 0
1634268205073 1.0649627447128296 0
1634268205763 1.0004303455352783 0
1634268206456 0.9829230308532715 0
1634268207150 0.7694894075393677 0
1634268207831 1.3106374740600586 0
1634268208515 1.390914797782898 0
1634268209195 1.418595790863037 0
1634268209879 0.7110878229141235 0
1634268210584 1.215936303138733 0
1634268211291 1.5411338806152344 0
1634268213512 1.1760424375534058 0
1634268214199 1.2869346141815186 0
1634268214888 1.5422598123550415 0
1634268215580 1.246235728263855 0
1634268216254 1.1015243530273438 0
1634268216962 1.1797465085983276 0
1634268217644 1.1694586277008057 0
1634268218339 0.9228856563568115 0
1634268219005 1.1172516345977783 0
1634268219689 1.066617488861084 0
1634268220362 1.0319942235946655 0
1634268221049 0.9692859053611755 0
1634268221711 1.3336384296417236 0
1634268222401 1.3483859300613403 0
1634268223070 1.292570948600769 0
1634268223760 0.9466235637664795 0
1634268224458 1.3353850841522217 0
1634268225118 1.1881335973739624 0
1634268225794 1.0033310651779175 0
1634268226476 0.996522068977356 0
1634268228586 1.0576298236846924 0
1634268229275 0.7470265030860901 0
1634268229978 1.1115838289260864 0
1634268230640 0.6612136363983154 0
1634268231323 1.4754678010940552 0
1634268232025 1.2489047050476074 0
1634268232714 1.0641567707061768 0
1634268233404 1.0249751806259155 0
1634268234083 0.8920090198516846 0
1634268234762 0.8615536093711853 0
1634268235457 0.8163133859634399 0
1634268236159 0.6372779011726379 0
1634268236851 1.0540447235107422 0
1634268237529 1.1263681650161743 0
1634268238217 1.2468469142913818 0
1634268238887 0.920056164264679 0
1634268239573 1.11250901222229 0
1634268240261 1.039142370223999 0
1634268240969 0.6577932834625244 0
1634268241659 0.9381174445152283 0
1634268243811 0.8839443922042847 0
1634268244479 0.6648414134979248 0
1634268245189 0.9599605798721313 0
1634268245868 0.9587070941925049 0
1634268246569 0.7657687067985535 0
1634268247274 0.9633908271789551 0
1634268247961 0.8912656903266907 0
1634268248654 0.9938494563102722 0
1634268249343 1.232547640800476 0
1634268250026 1.6714650392532349 0
1634268250723 1.3355766534805298 0
1634268251391 0.6991852521896362 0
1634268252077 1.1077854633331299 0
1634268252765 1.1891707181930542 0
1634268253444 1.407771110534668 0
1634268254129 1.1806151866912842 0
1634268254806 1.0101665258407593 0
1634268255475 0.9130837917327881 0
1634268256144 0.8797082901000977 0
1634268256820 0.9626682996749878 0
1634268258994 1.0351357460021973 0
1634268259691 0.9188981652259827 0
1634268260390 0.7104185223579407 0
1634268261056 1.166381597518921 0
1634268261734 0.7800236940383911 0
1634268262411 0.9096444845199585 0
1634268263077 0.714043915271759 0
1634268263772 1.2397356033325195 0
1634268264458 0.7169053554534912 0
1634268265150 1.0909652709960938 0
1634268265825 0.9258120059967041 0
1634268266512 0.7695528268814087 0
1634268267186 0.7036723494529724 0
1634268267858 0.9562771320343018 0
1634268268532 0.9466813802719116 0
1634268269214 0.9132819175720215 0
1634268269888 0.8036784529685974 0
1634268270572 0.9203637838363647 0
1634268271246 0.810218095779419 0
1634268271921 0.794982373714447 0
1634268274227 0.9318783283233643 0
1634268274923 0.7503066658973694 0
1634268275607 0.645316481590271 0
1634268276304 0.7885949611663818 0
1634268277004 0.9714214205741882 0
1634268277692 0.9042890071868896 0
1634268278367 0.9143545627593994 0
1634268279024 0.5342679619789124 0
1634268279738 0.7744781970977783 0
1634268280428 0.7846176624298096 0
1634268281112 0.8121522665023804 0
1634268281796 0.5026798248291016 0
1634268282488 0.8140574097633362 0
1634268283178 0.6654698252677917 0
1634268283858 0.9053717851638794 0
1634268284533 1.224743127822876 0
1634268285187 1.020900011062622 0
1634268285860 1.1809008121490479 0
1634268286551 0.9625076055526733 0
1634268287221 1.0494195222854614 0
1634268289454 0.8656246662139893 0
1634268290125 0.8812310695648193 0
1634268290805 0.7798675894737244 0
1634268291487 0.8235210180282593 0
1634268292165 0.9832757711410522 0
1634268292839 0.9710842967033386 0
1634268293523 1.012665033340454 0
1634268294210 0.8252307176589966 0
1634268294903 0.9124859571456909 0
1634268295590 1.3817801475524902 0
1634268296276 0.9000734686851501 0
1634268296955 1.0047411918640137 0
1634268297626 0.5531386137008667 0
1634268298292 0.9338792562484741 0
1634268298982 1.3774490356445312 0
1634268299675 0.9522433280944824 0
1634268300369 0.6622065305709839 0
1634268301047 1.1595121622085571 0
1634268301724 0.8963112831115723 0
1634268302409 0.9968916177749634 0
1634268304540 1.25099778175354 0
1634268305243 1.2376174926757812 0
1634268305913 1.2088990211486816 0
1634268306606 0.7823727130889893 0
1634268307275 0.9965547323226929 0
1634268307973 0.943485677242279 0
1634268308657 0.786335825920105 0
1634268309343 0.7514413595199585 0
1634268310012 1.1036289930343628 0
1634268310692 0.9207354784011841 0
1634268311407 0.9250035285949707 0
1634268312095 0.8964377641677856 0
1634268312761 1.0194640159606934 0
1634268313458 1.2490544319152832 0
1634268314155 0.8141770362854004 0
1634268314843 1.0507278442382812 0
1634268315529 1.0469822883605957 0
1634268316217 0.937659740447998 0
1634268316914 1.0442612171173096 0
1634268317615 0.6804056167602539 0
1634268319833 0.9071043133735657 0
1634268320519 0.9743804931640625 0
1634268321194 0.6889024972915649 0
1634268321876 0.8634845018386841 0
1634268322552 0.5289002656936646 0
1634268323229 0.6995580196380615 0
1634268323913 0.8123720288276672 0
1634268324591 0.7881185412406921 0
1634268325256 0.8071008920669556 0
1634268325942 0.8067197799682617 0
1634268326621 0.8465958833694458 0
1634268327317 0.8567771911621094 0
1634268327975 0.751793384552002 0
1634268328661 0.9160340428352356 0
1634268329337 0.7707371115684509 0
1634268330036 0.5721657276153564 0
1634268330731 0.8068705797195435 0
1634268331412 0.8534564971923828 0
1634268332096 0.9296528100967407 0
1634268332810 0.5997084379196167 0
1634268335029 0.9035042524337769 0
1634268335753 0.9260948300361633 0
1634268336444 0.6257789731025696 0
1634268337123 0.7932747006416321 0
1634268337811 0.8564139604568481 0
1634268338495 1.0733952522277832 0
1634268339197 0.824816107749939 0
1634268339879 0.7455427050590515 0
1634268340573 0.796517014503479 0
1634268341261 0.4923465847969055 0
1634268341982 0.8676512837409973 0
1634268342660 0.8484629392623901 0
1634268343323 0.4930357038974762 0
1634268344007 0.6011817455291748 0
1634268344685 0.5088529586791992 0
1634268345373 0.8865487575531006 0
1634268346062 0.953047513961792 0
1634268346746 0.6909453272819519 0
1634268347461 0.645056962966919 0
1634268348170 0.6909705400466919 0
1634268350429 0.5417650938034058 0
1634268351141 0.8619593381881714 0
1634268351860 1.5926575660705566 0
1634268352596 1.0072392225265503 0
1634268353315 0.9115970134735107 0
1634268354013 0.9717379808425903 0
1634268354719 0.6234429478645325 0
1634268355409 0.9104446172714233 0
1634268356088 0.8257185220718384 0
1634268356773 0.9394404888153076 0
1634268357459 0.6176599264144897 0
1634268358145 0.9559125900268555 0
1634268358842 0.8505733013153076 0
1634268359548 0.7518638968467712 0
1634268360246 0.5793809294700623 0
1634268360925 0.8197473287582397 0
1634268361598 0.8351014852523804 0
1634268362270 0.5396997928619385 0
1634268362953 0.8975755572319031 0
1634268363628 0.8739325404167175 0
1634268365761 2.445782423019409 0
1634268366466 0.5871402025222778 0
1634268367153 0.9045184850692749 0
1634268367813 0.804690957069397 0
1634268368514 0.8681755065917969 0
1634268369196 0.9099107384681702 0
1634268369879 1.0281388759613037 0
1634268370564 0.8267123103141785 0
1634268371263 0.4630829691886902 0
1634268371942 0.5276682376861572 0
1634268372628 0.7653433084487915 0
1634268373334 0.7226519584655762 0
1634268374019 0.7784125208854675 0
1634268374713 0.47866111993789673 0
1634268375411 0.7050822973251343 0
1634268376094 0.6737866401672363 0
1634268376785 0.8007752895355225 0
1634268377477 0.46602073311805725 0
1634268378176 0.8626644015312195 0
1634268378863 0.6731014251708984 0
1634268380984 0.7421588897705078 0
1634268381662 0.6896044611930847 0
1634268382347 0.7437682151794434 0
1634268383023 0.42014074325561523 0
1634268383713 0.5549404621124268 0
1634268384407 0.48354873061180115 0
1634268385093 0.8424968123435974 0
1634268385767 0.5307151079177856 0
1634268386458 0.705295741558075 0
1634268387146 0.8223687410354614 0
1634268387828 0.7606449723243713 0
1634268388554 0.8349415063858032 0
1634268389299 0.5446155667304993 0
1634268390020 0.7995889186859131 0
1634268390712 0.8510708808898926 0
1634268391409 0.7438948154449463 0
1634268392121 0.7650163173675537 0
1634268392826 0.7481178045272827 0
1634268393510 0.7775275111198425 0
1634268394186 0.755062460899353 0
1634268396352 0.7896507978439331 0
1634268397022 0.7756808400154114 0
1634268397695 0.5260902643203735 0
1634268398376 0.7851129770278931 0
1634268399060 0.701190710067749 0
1634268399759 0.4688166379928589 0
1634268400476 0.4755634665489197 0
1634268401180 0.7124032974243164 0
1634268401885 0.4372691214084625 0
1634268402569 0.6704809665679932 0
1634268403256 0.6978199481964111 0
1634268403932 0.455988347530365 0
1634268404615 0.6684337854385376 0
1634268405304 0.6374226808547974 0
1634268405980 0.718100905418396 0
1634268406668 0.6913132071495056 0
1634268407353 0.4485904574394226 0
1634268408027 0.4914829730987549 0
1634268408706 0.4007170796394348 0
1634268409380 0.4008990526199341 0
1634268411510 0.8110331296920776 0
1634268412191 0.4203697741031647 0
1634268412912 0.45321521162986755 0
1634268413592 0.6590695977210999 0
1634268414278 1.0123871564865112 0
1634268414960 0.43718212842941284 0
1634268415634 0.41157248616218567 0
1634268416303 0.6887974739074707 0
1634268416991 0.49661681056022644 0
1634268417680 0.583850622177124 0
1634268418378 0.790637195110321 0
1634268419059 0.7163109183311462 0
1634268419740 0.5874661207199097 0
1634268420409 0.6685013175010681 0
1634268421089 0.5173498392105103 0
1634268421763 0.6425036191940308 0
1634268422462 0.60255366563797 0
1634268423161 0.3934613764286041 0
1634268423866 0.643115222454071 0
1634268424543 0.89732825756073 0
1634268426756 0.4267383813858032 0
1634268427443 0.5632831454277039 0
1634268428175 0.8527255654335022 0
1634268428862 0.7223619222640991 0
1634268429538 0.8643367290496826 0
1634268430214 1.0838984251022339 0
1634268430901 0.8367493748664856 0
1634268431586 0.8478823900222778 0
1634268432291 0.5287800431251526 0
1634268432964 1.0177937746047974 0
1634268433621 0.4980577230453491 0
1634268434293 0.5032644271850586 0
1634268434966 0.8812766075134277 0
1634268435692 0.9040845036506653 0
1634268436377 0.7651360630989075 0
1634268437047 0.7140765190124512 0
1634268437712 0.7072535753250122 0
1634268438427 0.9030100703239441 0
1634268439113 0.7349843978881836 0
1634268439804 0.7148069143295288 0
1634268442070 0.7279441952705383 0
1634268442737 1.068419098854065 0
1634268443423 0.8364092111587524 0
1634268444101 0.9348099827766418 0
1634268444772 0.7019529938697815 0
1634268445445 0.8149489760398865 0
1634268446117 0.839547872543335 0
1634268446806 1.0751405954360962 0
1634268447478 1.1950750350952148 0
1634268448136 1.3060972690582275 0
1634268448808 0.5701585412025452 0
1634268449481 0.7316386699676514 0
1634268450153 0.7024397850036621 0
1634268450824 0.7903012037277222 0
1634268451497 0.9322001934051514 0
1634268452169 0.7274805307388306 0
1634268452827 0.7555158734321594 0
1634268453515 1.085063099861145 0
1634268454184 0.9684501886367798 0
1634268454866 0.5585590600967407 0
1634268456924 0.8383611440658569 0
1634268457607 0.6743404865264893 0
1634268458273 0.7749449610710144 0
1634268458944 0.9184284210205078 0
1634268459617 0.8181834816932678 0
1634268460289 0.44019246101379395 0
1634268460962 0.7944967150688171 0
1634268461634 0.8830244541168213 0
1634268462307 0.6969801783561707 0
1634268462964 0.8450374603271484 0
1634268463637 0.8211653232574463 0
1634268464326 0.785233736038208 0
1634268464999 0.7209557890892029 0
1634268465686 0.75128573179245 0
1634268466359 0.5538402795791626 0
1634268467032 0.8159525394439697 0
1634268467717 0.7914454340934753 0
1634268468398 0.8094165325164795 0
1634268469102 0.6391754746437073 0
1634268469805 0.913943886756897 0
1634268471906 0.9686764478683472 0
1634268472616 0.9820950031280518 0
1634268473278 0.7762401700019836 0
