1634268075790 1.0243446230888367 0
1634268077931 0.5370648801326752 0
1634268078638 0.4472544193267822 0
1634268079349 0.38633640110492706 0
1634268080013 0.5231170505285263 0
1634268080664 0.545763298869133 0
1634268081335 0.4791124314069748 0
1634268081995 0.3879214972257614 0
1634268082666 0.17039945349097252 0
1634268083339 0.45421354472637177 0
1634268083996 0.24606405943632126 0
1634268084669 0.4467223733663559 0
1634268085340 0.3058833032846451 0
1634268085998 0.29956741631031036 0
1634268086669 0.10645676404237747 0
1634268087342 0.27795957028865814 0
1634268088008 0.1539502739906311 0
1634268088670 0.2939925342798233 0
1634268089342 0.23739301413297653 0
1634268089999 0.16890433430671692 0
1634268090689 0.2472873404622078 0
1634268092835 0.09662586078047752 0
1634268093518 0.15571708604693413 0
1634268094179 0.6803315430879593 0
1634268094852 0.4393262714147568 0
1634268095525 0.27931616082787514 0
1634268096201 0.34406672418117523 0
1634268096891 0.13542309775948524 0
1634268097561 0.28123606741428375 0
1634268098226 0.3560281675308943 0
1634268098898 0.29406195878982544 0
1634268099555 0.10608544293791056 0
1634268100229 0.22303700889460742 0
1634268100920 0.11837774515151978 0
1634268101603 0.045322790276259184 0
1634268102276 0.26594392117112875 0
1634268102947 0.05125987867359072 0
1634268103630 0.099801579490304 0
1634268104335 0.40735210478305817 0
1634268105028 0.3298536688089371 0
1634268105729 0.4398653656244278 0
1634268107846 0.21517050953116268 0
1634268108545 0.11822103708982468 0
1634268109210 0.12724496982991695 0
1634268109932 0.1209678656887263 0
1634268110618 0.041477033868432045 0
1634268111305 0.12600522860884666 0
1634268111979 0.035667155403643847 0
1634268112651 0.034422081895172596 0
1634268113356 0.3799992874264717 0
1634268114072 0.0058117874432355165 0
1634268114761 0.17774519696831703 0
1634268115479 0.07183799892663956 0
1634268116168 0.3260483145713806 0
1634268116872 0.2585169062949717 0
1634268117575 0.2337876781821251 0
1634268118248 0.11686982214450836 0
1634268118919 0.19576264917850494 0
1634268119607 0.21984922885894775 0
1634268120310 0.18474487960338593 0
1634268121014 0.11770043894648552 0
1634268123084 0.1093944925814867 0
1634268123760 0.1620054990053177 0
1634268124430 0.18280592933297157 0
1634268125155 0.25826792418956757 0
1634268125858 0.3417176604270935 0
1634268126540 0.02256669325288385 0
1634268127244 0.24031071364879608 0
1634268127932 0.2848840206861496 0
1634268128604 0.07338572293519974 0
1634268129310 0.2762625813484192 0
1634268129997 0.19086166471242905 0
1634268130717 0.20169590786099434 0
1634268131420 0.20408641546964645 0
1634268132093 0.05438226507976651 0
1634268132777 0.23945654183626175 0
1634268133450 0.26405368372797966 0
1634268134121 0.2805406153202057 0
1634268134810 0.2629462406039238 0
1634268135466 0.22517267614603043 0
1634268136139 0.1370677500963211 0
1634268138267 0.20043785125017166 0
1634268138932 0.1183277927339077 0
1634268139585 0.12201132252812386 0
1634268140258 0.19009681046009064 0
1634268140930 0.08543936908245087 0
1634268141603 0.32785892486572266 0
1634268142291 0.26759255677461624 0
1634268142964 0.17963135620811954 0
1634268143637 0.20829056203365326 0
1634268144310 0.2596283480525017 0
1634268144982 0.3996279686689377 0
1634268145655 0.2607868555933237 0
1634268146328 0.2834725007414818 0
1634268147001 0.4125392585992813 0
1634268147677 0.30173417180776596 0
1634268148337 0.1915167742408812 0
1634268149024 0.2678614556789398 0
1634268149701 0.23493963479995728 0
1634268150399 0.32593385875225067 0
1634268151085 0.3146771490573883 0
1634268153220 0.31768277287483215 0
1634268153905 0.2624240219593048 0
1634268154570 0.3414563536643982 0
1634268155243 0.23457413911819458 0
1634268155930 0.3900142163038254 0
1634268156603 0.18819184601306915 0
1634268157276 0.2317689061164856 0
1634268157949 0.17876975238323212 0
1634268158605 0.22272910177707672 0
1634268159278 0.15583424270153046 0
1634268159951 0.1573098972439766 0
1634268160674 0.24612390249967575 0
1634268161357 0.17461053282022476 0
1634268162027 0.1894293762743473 0
1634268162695 0.16685901954770088 0
1634268163364 0.12164943665266037 0
1634268164051 0.12622664496302605 0
1634268164725 0.36549319326877594 0
1634268165382 0.1900545433163643 0
1634268166055 0.18331915885210037 0
1634268168183 0.04399816319346428 0
1634268168856 0.3492186367511749 0
1634268169527 0.16476118937134743 0
1634268170200 0.09557515010237694 0
1634268170872 0.24961140006780624 0
1634268171545 0.32549089193344116 0
1634268172202 0.1368565708398819 0
1634268172875 0.16843914985656738 0
1634268173554 0.18672645837068558 0
1634268174227 0.1560436710715294 0
1634268174883 0.3486606329679489 0
1634268175572 0.21320322155952454 0
1634268176244 0.2604953646659851 0
1634268176916 0.14891215041279793 0
1634268177588 0.3468150794506073 0
1634268178245 0.11820731312036514 0
1634268178933 0.2385539785027504 0
1634268179590 0.07293190248310566 0
1634268180277 0.02008607843890786 0
1634268180966 0.05823996849358082 0
1634268183037 0.0639675110578537 0
1634268183722 0.08893157169222832 0
1634268184383 0.31746773794293404 0
1634268185055 0.03461349941790104 0
1634268185742 0.10864480584859848 0
1634268186461 0.21377933584153652 0
1634268187132 0.30261724069714546 0
1634268187805 0.3607310354709625 0
1634268188493 0.37141476571559906 0
1634268189166 0.35825151205062866 0
1634268189870 0.32200661301612854 0
1634268190558 0.3397793024778366 0
1634268191230 0.16833558678627014 0
1634268191934 0.3532460927963257 0
1634268192622 0.33130839467048645 0
1634268193326 0.15203322796151042 0
1634268194029 0.24515599012374878 0
1634268194717 0.12165840528905392 0
1634268195420 0.49234215915203094 0
1634268196124 0.347825288772583 0
1634268198226 0.2789229303598404 0
1634268198917 0.17971613467670977 0
1634268199609 0.075863316655159 0
1634268200289 0.17391430586576462 0
1634268200972 0.21628470160067081 0
1634268201641 0.26927466690540314 0
1634268202330 0.19560905545949936 0
1634268203020 0.2398633509874344 0
1634268203695 0.06041980721056461 0
1634268204363 0.14941735193133354 0
1634268205083 0.2994779273867607 0
1634268205773 0.2040580241009593 0
1634268206466 0.30030812323093414 0
1634268207159 0.2533567249774933 0
1634268207846 0.060783110558986664 0
1634268208525 0.16449961438775063 0
1634268209205 0.1746881678700447 0
1634268209890 0.2509061861783266 0
1634268210594 0.09463543444871902 0
1634268211302 0.10152755491435528 0
1634268213521 0.2034713514149189 0
1634268214208 0.19122863560914993 0
1634268214898 0.1118659507483244 0
1634268215590 0.21243702620267868 0
1634268216264 0.13739253766834736 0
1634268216972 0.46606617979705334 0
1634268217660 0.16063281148672104 0
1634268218349 0.326985239982605 0
1634268219020 0.16981756687164307 0
1634268219698 0.10746393911540508 0
1634268220378 0.28385964781045914 0
1634268221058 0.17826690524816513 0
1634268221727 0.21978666633367538 0
1634268222412 0.0786756444722414 0
1634268223086 0.09840399399399757 0
1634268223760 0.22143150120973587 0
1634268224462 0.10724428482353687 0
1634268225133 0.10663476586341858 0
1634268225810 0.12507105339318514 0
1634268226476 0.2874983549118042 0
1634268228595 0.2308545932173729 0
1634268229290 0.18787885271012783 0
1634268229978 0.4764686394482851 0
1634268230656 0.33333951979875565 0
1634268231338 0.19459405168890953 0
1634268232035 0.0925797987729311 0
1634268232724 0.25603873282670975 0
1634268233414 0.2679305076599121 0
1634268234092 0.23636947572231293 0
1634268234779 0.1953655369579792 0
1634268235472 0.15075722336769104 0
1634268236170 0.1989585980772972 0
1634268236861 0.24716294556856155 0
1634268237540 0.22150376439094543 0
1634268238227 0.16652557160705328 0
1634268238887 0.259510338306427 0
1634268239582 0.17149753496050835 0
1634268240261 0.12395375967025757 0
1634268240979 0.1604892909526825 0
1634268241662 0.3403969258069992 0
1634268243820 0.1795058697462082 0
1634268244494 0.23512748628854752 0
1634268245199 0.198152806609869 0
1634268245877 0.12605361826717854 0
1634268246579 0.10431246366351843 0
1634268247289 0.29775093495845795 0
1634268247982 0.2121782973408699 0
1634268248663 0.2789500132203102 0
1634268249345 0.14164458587765694 0
1634268250028 0.02110686944797635 0
1634268250728 0.06627263687551022 0
1634268251406 0.23764768987894058 0
1634268252093 0.26780807971954346 0
1634268252775 0.019087716937065125 0
1634268253444 0.04964487440884113 0
1634268254138 0.24336688965559006 0
1634268254815 0.29698917269706726 0
1634268255485 0.24503262341022491 0
1634268256144 0.2422157358378172 0
1634268256830 0.33154691755771637 0
1634268258994 0.171224323567003 0
1634268259702 0.24916121270507574 0
1634268260399 0.14187227934598923 0
1634268261056 0.2436914648860693 0
1634268261743 0.10910164192318916 0
1634268262427 0.3676147311925888 0
1634268263093 0.21303115785121918 0
1634268263782 0.11267268657684326 0
1634268264468 0.12009662017226219 0
1634268265160 0.29311588779091835 0
1634268265825 0.08554312866181135 0
1634268266512 0.046969935297966 0
1634268267201 0.24393886188045144 0
1634268267874 0.32747475802898407 0
1634268268548 0.1336183943785727 0
1634268269224 0.3002146780490875 0
1634268269898 0.3038865961134434 0
1634268270588 0.26252332888543606 0
1634268271262 0.18035736680030823 0
1634268271937 0.3707372900098562 0
1634268274241 0.24354969710111618 0
1634268274933 0.647962749004364 0
1634268275613 0.5665787681937218 0
1634268276312 0.5102536780759692 0
1634268277015 0.15007689967751503 0
1634268277701 0.5763271078467369 0
1634268278367 0.5734462216496468 0
1634268279040 0.2069582547992468 0
1634268279750 0.1009443726761674 0
1634268280445 0.6204440891742706 0
1634268281112 0.5126583687961102 0
1634268281811 0.14573199348524213 0
1634268282504 0.06021669879555702 0
1634268283194 0.03311561606824398 0
1634268283858 0.41712694615125656 0
1634268284534 0.2131742462515831 0
1634268285203 0.3038948029279709 0
1634268285875 0.21722517907619476 0
1634268286560 0.2793923318386078 0
1634268287232 0.2705592140555382 0
1634268289463 0.6063208729028702 0
1634268290125 0.595216765999794 0
1634268290821 0.5391534045338631 0
1634268291496 0.623123899102211 0
1634268292174 0.006601742934435606 0
1634268292848 0.3575423639267683 0
1634268293534 0.5299884043633938 0
1634268294232 0.5261913165450096 0
1634268294911 0.38084419816732407 0
1634268295606 0.25464101135730743 0
1634268296276 0.2541162446141243 0
1634268296964 0.2744332179427147 0
1634268297636 0.4168052077293396 0
1634268298307 0.3238305449485779 0
1634268298992 0.16917399130761623 0
1634268299686 0.058016035705804825 0
1634268300380 0.36631396412849426 0
1634268301055 0.28415124863386154 0
1634268301729 0.508190518245101 0
1634268302418 0.06887076608836651 0
1634268304554 0.16477707028388977 0
1634268305254 0.1914682686328888 0
1634268305929 0.20145220309495926 0
1634268306606 0.3136674165725708 0
1634268307291 0.0591901708394289 0
1634268307980 0.27164410054683685 0
1634268308667 0.1912902034819126 0
1634268309353 0.4122477024793625 0
1634268310028 0.10408533364534378 0
1634268310708 0.4920058399438858 0
1634268311417 0.3612641263753176 0
1634268312104 0.35187314450740814 0
1634268312777 0.3041534423828125 0
1634268313468 0.1312771844677627 0
1634268314166 0.12566720321774483 0
1634268314852 0.30210357904434204 0
1634268315544 0.2927507013082504 0
1634268316227 0.25018346309661865 0
1634268316924 0.05358883394364966 0
1634268317616 0.3198561817407608 0
1634268319842 0.36541327740997076 0
1634268320529 0.07861606497317553 0
1634268321204 0.17547987401485443 0
1634268321886 0.24037977308034897 0
1634268322562 0.09932875260710716 0
1634268323238 0.3859212249517441 0
1634268323923 0.2542425487190485 0
1634268324600 0.3384983167052269 0
1634268325271 0.03401455197308678 0
1634268325942 0.19524258002638817 0
1634268326631 0.3693210184574127 0
1634268327327 0.2556915916502476 0
1634268327990 0.26374509930610657 0
1634268328670 0.25408624298870564 0
1634268329347 0.3087380528450012 0
1634268330048 0.3649348318576813 0
1634268330741 0.32147829979658127 0
1634268331412 0.2841520644724369 0
1634268332096 0.3262683004140854 0
1634268332821 0.30879831314086914 0
1634268335045 0.08588232472538948 0
1634268335763 0.35177138447761536 0
1634268336462 0.4237673208117485 0
1634268337139 0.3267227001488209 0
1634268337821 0.3700835406780243 0
1634268338510 0.27828302048146725 0
1634268339197 0.3138932026922703 0
1634268339894 0.3486940450966358 0
1634268340584 0.31341759487986565 0
1634268341287 0.4025004953145981 0
1634268341992 0.4051589220762253 0
1634268342669 0.2772602727636695 0
1634268343338 0.29997575283050537 0
1634268344017 0.2574579920619726 0
1634268344694 0.4678046405315399 0
1634268345373 0.3809260055422783 0
1634268346078 0.18839363008737564 0
1634268346762 0.3108656518161297 0
1634268347461 0.33249862119555473 0
1634268348180 0.25490855425596237 0
1634268350445 0.4239470958709717 0
1634268351151 0.052648070733994246 0
1634268351870 0.08799685165286064 0
1634268352608 0.23574795573949814 0
1634268353332 0.32424915581941605 0
1634268354029 0.2979801595211029 0
1634268354729 0.34042610228061676 0
1634268355413 0.2913360260426998 0
1634268356102 0.38976535201072693 0
1634268356783 0.22721051424741745 0
1634268357468 0.3087766319513321 0
1634268358156 0.24433663673698902 0
1634268358852 0.34445882588624954 0
1634268359559 0.33942826092243195 0
1634268360246 0.18642454501241446 0
1634268360934 0.2447392218746245 0
1634268361608 0.031008455902338028 0
1634268362280 0.3741936832666397 0
1634268362963 0.2943369224667549 0
1634268363628 0.39191146194934845 0
1634268365776 1.1011349894106388 0
1634268366476 0.32500510662794113 0
1634268367162 0.3906872272491455 0
1634268367829 0.3474554643034935 0
1634268368514 0.28235622495412827 0
1634268369206 0.3599626049399376 0
1634268369889 0.3997161537408829 0
1634268370574 0.3003475731238723 0
1634268371273 0.4896145164966583 0
1634268371958 0.3107461165636778 0
1634268372629 0.380759060382843 0
1634268373343 0.3499419540166855 0
1634268374028 0.3536127358675003 0
1634268374723 0.47926609963178635 0
1634268375421 0.46322302520275116 0
1634268376104 0.5062517672777176 0
1634268376796 0.4569643437862396 0
1634268377488 0.4883376657962799 0
1634268378188 0.4333965927362442 0
1634268378879 0.5047820061445236 0
1634268380993 0.3108777701854706 0
1634268381670 0.37498708069324493 0
1634268382358 0.4572666212916374 0
1634268383039 0.506099671125412 0
1634268383729 0.2315581887960434 0
1634268384417 0.37913599237799644 0
1634268385103 0.43876995891332626 0
1634268385767 0.37417442351579666 0
1634268386469 0.4917002022266388 0
1634268387156 0.21756190434098244 0
1634268387828 0.19745974242687225 0
1634268388566 0.25068357214331627 0
1634268389309 0.35881317406892776 0
1634268390029 0.20826786989346147 0
1634268390712 0.3579481542110443 0
1634268391418 0.3597794771194458 0
1634268392131 0.3034439831972122 0
1634268392836 0.3029944449663162 0
1634268393513 0.22356857266277075 0
1634268394196 0.36626216769218445 0
1634268396361 0.3346155732870102 0
1634268397031 0.3442331403493881 0
1634268397705 0.26781204529106617 0
1634268398387 0.2576672099530697 0
1634268399071 0.3543407917022705 0
1634268399770 0.39068126678466797 0
1634268400480 0.23897975822910666 0
1634268401180 0.38028474152088165 0
1634268401895 0.27562956884503365 0
1634268402580 0.3359045088291168 0
1634268403267 0.4060322195291519 0
1634268403941 0.3957879841327667 0
1634268404625 0.20316993445158005 0
1634268405313 0.22263226378709078 0
1634268405990 0.24312627501785755 0
1634268406678 0.3165896087884903 0
1634268407362 0.4146265536546707 0
1634268408037 0.24824260151945055 0
1634268408715 0.452562615275383 0
1634268409390 0.38769881427288055 0
1634268411518 0.22243771329522133 0
1634268412201 0.2958015091717243 0
1634268412923 0.27852245792746544 0
1634268413613 0.31280558556318283 0
1634268414287 0.27912216261029243 0
1634268414971 0.3697522431612015 0
1634268415644 0.46284233033657074 0
1634268416320 0.24693503591697663 0
1634268416991 0.2292034737765789 0
1634268417695 0.4224417954683304 0
1634268418389 0.24399711296427995 0
1634268419064 0.28105493634939194 0
1634268419750 0.3015886880457401 0
1634268420425 0.44191405177116394 0
1634268421089 0.3993987590074539 0
1634268421785 0.4943021982908249 0
1634268422471 0.5204791277647018 0
1634268423171 0.4516962170600891 0
1634268423876 0.4412625730037689 0
1634268424553 0.34518298506736755 0
1634268426765 0.43829983472824097 0
1634268427453 0.2916247770190239 0
1634268428185 0.34435655176639557 0
1634268428871 0.38608916103839874 0
1634268429538 0.34538570791482925 0
1634268430224 0.2990499176084995 0
1634268430912 0.2618280313909054 0
1634268431602 0.11252802610397339 0
1634268432291 0.37483128905296326 0
1634268432964 0.2705003097653389 0
1634268433636 0.2277581139933318 0
1634268434308 0.38910163938999176 0
1634268434981 0.3301739990711212 0
1634268435702 0.27877313643693924 0
1634268436386 0.338869072496891 0
1634268437056 0.39162078499794006 0
1634268437728 0.4397284984588623 0
1634268438427 0.21654829755425453 0
1634268439122 0.39358390867710114 0
1634268439815 0.4029114991426468 0
1634268442070 0.38312743604183197 0
1634268442753 0.04268600884824991 0
1634268443434 0.24916928820312023 0
1634268444101 0.24183126399293542 0
1634268444772 0.3087794557213783 0
1634268445454 0.37286531925201416 0
1634268446117 0.35876140743494034 0
1634268446806 0.24609423894435167 0
1634268447478 0.2571009937673807 0
1634268448152 0.24930091574788094 0
1634268448823 0.36053673177957535 0
1634268449496 0.3945889323949814 0
1634268450168 0.3021057993173599 0
1634268450841 0.3133845701813698 0
1634268451497 0.31782303750514984 0
1634268452169 0.39414042234420776 0
1634268452843 0.20521031320095062 0
1634268453515 0.14726845920085907 0
1634268454194 0.3060590624809265 0
1634268454876 0.296895332634449 0
1634268456924 0.33818524330854416 0
1634268457615 0.25780181400477886 0
1634268458288 0.14905466022901237 0
1634268458960 0.24522606004029512 0
1634268459633 0.24880277551710606 0
1634268460289 0.2456118119880557 0
1634268460962 0.14779164269566536 0
1634268461649 0.23461198061704636 0
1634268462307 0.2200622856616974 0
1634268462980 0.34832650423049927 0
1634268463653 0.2702692896127701 0
1634268464326 0.2631206512451172 0
1634268465014 0.3813890069723129 0
1634268465702 0.3847130089998245 0
1634268466374 0.351846843957901 0
1634268467048 0.33414455503225327 0
1634268467726 0.258450947701931 0
1634268468413 0.362760528922081 0
1634268469117 0.2646075487136841 0
1634268469820 0.24223515018820763 0
1634268471915 0.2677827253937721 0
1634268472625 0.23713617026805878 0
1634268473294 0.24134086817502975 0
