1630753412251 0.6139617547931439 0
1630755685493 0.6329700016831777 0
1630758280405 0.6427726418857118 0
1630760773810 0.6430442519934776 0
1630763348546 0.6445619607546245 0
1630765823992 0.6502229169190649 0
1630768073591 0.6539540125663025 0
1630770321039 0.6599371828228591 0
1630772831121 0.6622364758008935 0
1630775149978 0.6690039562891764 0
1630777413568 0.6721499924918255 0
1630779670486 0.6783412321504341 0
1630781924207 0.6822130335382669 0
1630784395556 0.6845350416309859 0
1630786637812 0.6880002355719186 0
1630788875311 0.6919818147119272 0
1630791107668 0.696037368961127 0
1630793343978 0.697073566626353 0
1630795578171 0.7013468404850332 0
1630797814444 0.7029956730015308 0
1630800302621 0.7055777508810341 0
1630802638428 0.7097706884504794 0
1630804884927 0.7133717913943597 0
1630807155082 0.7159859340593041 0
1630814336631 0.7106371988733133 0
1630816616758 0.7169922798512933 0
1630818892486 0.7234864874058459 0
1630821165118 0.7243147510361958 0
1630823439695 0.7254750362361772 0
1630825714107 0.7284036425940961 0
1630828002566 0.7323771155024151 0
1630830278933 0.7332640362073134 0
1630832560954 0.7330940164715412 0
1630834832811 0.735420231359551 0
1630837107890 0.735592290938619 0
1630839381867 0.7375269463981492 0
1630841654452 0.7411081158971216 0
1630843925504 0.739090047327869 0
1630846203571 0.740545445896057 0
1630848478114 0.7407798016645821 0
1630850766130 0.746301960514252 0
1630853045813 0.7456828222935457 0
1630855317248 0.742813447153712 0
1630857587507 0.744146096419139 0
1630859856853 0.746054298547377 0
1630862125882 0.7423155982810331 0
1630864395116 0.7462312044149421 0
1630866976108 0.7502781881625393 0
1630869345541 0.7504182465105171 0
1630871637674 0.7529546205537867 0
