1630753412251 0.5675226988562622 0
1630755685493 0.588776369949421 0
1630758280405 0.6054405254053784 0
1630760773810 0.6217811854488877 0
1630763348546 0.6539583468293566 0
1630765823992 0.6685268408562761 0
1630768073591 0.6888268737189743 0
1630770321039 0.701742042978126 0
1630772831121 0.7145333598895243 0
1630775149978 0.7233705545764372 0
1630777413568 0.7365896515099399 0
1630779670486 0.7513247275926983 0
1630781924207 0.7631685798426708 0
1630784395556 0.7685978886592817 0
1630786637812 0.7733642387102885 0
1630788875311 0.7855788121022376 0
1630791107668 0.7916629975100599 0
1630793343978 0.7981312957154699 0
1630795578186 0.8044561851455506 0
1630797814444 0.8083162354417597 0
1630800302636 0.8146902735692911 0
1630802638428 0.8212261831904029 0
1630804884927 0.8283976280545617 0
1630807155082 0.8348653165690871 0
1630814336631 0.8264048724289398 0
1630816616758 0.8373072334082731 0
1630818892486 0.8464864496007024 0
1630821165134 0.8491273109453273 0
1630823439710 0.850884718708245 0
1630825714123 0.8562763893460649 0
1630828002566 0.8631131649017337 0
1630830278933 0.864851761654199 0
1630832560954 0.865226258714515 0
1630834832811 0.8689600265169718 0
1630837107890 0.8708667791033367 0
1630839381867 0.8744901181703589 0
1630841654452 0.8793415714459248 0
1630843925504 0.8755512596612957 0
1630846203571 0.8798034058277869 0
1630848478114 0.878702240176947 0
1630850766145 0.8877127077206068 0
1630853045813 0.8875909052699443 0
1630855317248 0.8829542904733176 0
1630857587523 0.8837409942265014 0
1630859856869 0.8883234179881682 0
1630862125882 0.881937749414559 0
1630864395116 0.888551661049027 0
1630866976124 0.894586759877492 0
1630869345541 0.8960028502596428 0
1630871637674 0.8996800611536189 0
