1633056139442 21.891403198242188 0
1633056268814 6.594437599182129 0
1633056529326 6.06329345703125 0
1633056658357 7.083743095397949 0
1633056787362 3.9788639545440674 0
1633056916357 8.794333457946777 0
1633057045365 3.5753700733184814 0
1633057174369 5.605499744415283 0
1633057303363 3.470611572265625 0
1633057432373 3.8323521614074707 0
1633057561380 7.863232612609863 0
1633057690778 5.496409893035889 0
1633057819791 4.96468448638916 0
1633057948796 5.246513843536377 0
1633058077802 2.9781055450439453 0
1633058206777 3.53310489654541 0
1633058335737 3.40976881980896 0
1633058464690 3.2632148265838623 0
1633058593654 4.595544338226318 0
1633058722619 4.350959777832031 0
1633058851582 4.320232391357422 0
1633058980942 2.9957845211029053 0
1633059109919 6.069633483886719 0
1633059238872 2.74196720123291 0
1633059367833 3.7403438091278076 0
1633059496801 2.9782350063323975 0
1633059625751 3.8010616302490234 0
1633059754720 3.7494428157806396 0
1633059883682 4.461385726928711 0
1633060012657 2.9931676387786865 0
1633060141624 3.596229314804077 0
1633060270975 3.788520097732544 0
1633060399952 2.283841133117676 0
1633060528923 3.8169164657592773 0
1633060657892 3.1031885147094727 0
1633060786867 2.7969765663146973 0
1633060915827 3.122208833694458 0
1633061044792 2.6110270023345947 0
1633061173762 2.5756757259368896 0
1633061302715 3.4537973403930664 0
1633061431669 4.176027774810791 0
1633061561050 3.4076547622680664 0
1633061690011 2.380880832672119 0
1633061818968 3.2171027660369873 0
1633061947931 3.0377349853515625 0
1633062076899 3.175342559814453 0
1633062205866 3.305393934249878 0
1633062334812 2.730318069458008 0
1633062463766 3.3662092685699463 0
1633062592726 2.077707290649414 0
1633062721704 2.4039599895477295 0
1633062851070 2.63095760345459 0
1633062980034 2.578705310821533 0
1633063108999 3.3932409286499023 0
1633063237955 1.9738702774047852 0
1633063366920 3.3727316856384277 0
1633063495872 4.248852252960205 0
1633063624846 2.6337544918060303 0
1633063753812 3.935412883758545 0
1633063882778 2.7683496475219727 0
1633064011723 3.195587635040283 0
1633064141089 3.6506991386413574 0
1633064270072 2.5482046604156494 0
1633064399048 3.0752995014190674 0
1633064528038 3.6063790321350098 0
1633064657025 2.218693733215332 0
1633064786015 2.7556676864624023 0
1633064915008 2.436511993408203 0
1633065043994 3.597440481185913 0
1633065172985 2.7777926921844482 0
1633065301967 3.173513889312744 0
1633065431358 3.479077100753784 0
1633065560354 3.634361743927002 0
1633065689330 3.6709744930267334 0
1633065818320 1.9087833166122437 0
1633065947309 2.3772802352905273 0
1633066076297 2.8616697788238525 0
1633066205296 3.5022449493408203 0
1633066334288 2.772594451904297 0
1633066463278 2.598332643508911 0
1633066592262 2.2943115234375 0
1633066721671 3.3170666694641113 0
1633066850663 2.4230122566223145 0
1633066979659 2.434379816055298 0
1633067108654 2.301790952682495 0
1633067237653 2.59093976020813 0
1633067366653 2.4859161376953125 0
1633067495643 2.825150728225708 0
1633067624640 1.563835620880127 0
1633067753641 2.642695665359497 0
1633067882636 2.1850404739379883 0
1633068012060 2.702206611633301 0
1633068141063 3.4016776084899902 0
1633068270058 2.9371962547302246 0
1633068399045 3.5759053230285645 0
1633068528032 2.9613230228424072 0
1633068657017 3.1021554470062256 0
1633068786036 1.7897858619689941 0
1633068915029 2.2096920013427734 0
1633069044022 2.7090742588043213 0
1633069173023 2.6552417278289795 0
1633069302446 2.4271597862243652 0
1633069431449 1.930277705192566 0
1633069560407 2.2233362197875977 0
1633069689398 2.3888118267059326 0
1633069818379 2.9341540336608887 0
1633069947367 3.555248737335205 0
1633070076359 2.7393510341644287 0
1633070205341 2.960942268371582 0
1633070334335 3.031543016433716 0
1633070463331 1.7103221416473389 0
1633070592774 1.8936963081359863 0
1633070721773 2.496046304702759 0
1633070850766 2.7785768508911133 0
1633070979755 1.8558459281921387 0
1633071108742 2.5967888832092285 0
1633071237730 2.5166709423065186 0
1633071366717 2.5411393642425537 0
1633071495702 1.8692638874053955 0
1633071624690 2.7046568393707275 0
1633071753671 2.8592677116394043 0
1633071883099 1.7653865814208984 0
1633072012082 2.6507396697998047 0
1633072141052 1.7939398288726807 0
1633072270016 2.5168700218200684 0
1633072398999 4.287613391876221 0
1633072527922 2.5390262603759766 0
1633072656894 1.9165242910385132 0
1633072785858 2.1151509284973145 0
1633072914821 2.466953754425049 0
1633073043803 2.5587949752807617 0
1633073173234 2.2304322719573975 0
1633073302229 1.921468734741211 0
1633073431218 3.0475046634674072 0
1633073560199 2.6739931106567383 0
1633073689129 2.1978328227996826 0
1633073818051 2.1049864292144775 0
1633073946988 2.077188730239868 0
1633074075956 2.8388493061065674 0
1633074204941 1.9264236688613892 0
1633074333911 2.4798450469970703 0
1633074463330 3.5326876640319824 0
1633074592330 2.7650845050811768 0
1633074721280 2.1307616233825684 0
1633074850230 1.8334379196166992 0
1633074979178 2.122422695159912 0
1633075108130 1.2570250034332275 0
1633075237094 1.955949306488037 0
1633075366049 2.3898279666900635 0
1633075495033 2.7055883407592773 0
1633075624011 2.2008721828460693 0
1633075753380 2.675123691558838 0
1633075882385 2.845601797103882 0
1633076011379 3.5792458057403564 0
1633076140365 2.145784378051758 0
1633076269323 1.96703040599823 0
1633076398291 1.8327888250350952 0
1633076527272 2.0380804538726807 0
1633076656247 2.2507126331329346 0
1633076785191 3.679570198059082 0
1633076914122 1.956313133239746 0
1633077043517 2.672151803970337 0
1633077172503 1.886049509048462 0
1633077301487 1.2853014469146729 0
1633077430475 1.5180797576904297 0
1633077559490 2.206878185272217 0
1633077688477 2.2642831802368164 0
1633077817484 2.299267292022705 0
1633077946475 2.2444138526916504 0
1633078075483 1.6088186502456665 0
1633078204470 2.5403146743774414 0
1633078333879 1.9360744953155518 0
1633078462889 2.0279335975646973 0
1633078591882 2.716362476348877 0
1633078720873 1.785995602607727 0
1633078849878 2.2585020065307617 0
1633078978880 3.1236608028411865 0
1633079107878 2.172623872756958 0
1633079236885 1.7295399904251099 0
1633079365889 2.379446506500244 0
1633079494884 2.6452879905700684 0
1633079624336 1.8544753789901733 0
1633079753345 2.8264763355255127 0
1633079882344 2.480513572692871 0
1633080011342 3.0984270572662354 0
1633080140336 2.4810311794281006 0
1633080269319 2.257294178009033 0
1633080398312 1.846250057220459 0
1633080527309 2.199388265609741 0
1633080656312 2.169567823410034 0
1633080785309 2.212728977203369 0
1633080914748 2.374232769012451 0
1633081043765 2.1349434852600098 0
1633081172772 1.9762132167816162 0
1633081301762 1.870370864868164 0
1633081430757 1.9979724884033203 0
1633081559739 2.9598217010498047 0
1633081688746 1.7645776271820068 0
1633081817798 1.7259844541549683 0
1633081946860 2.1626007556915283 0
1633082075862 1.9514057636260986 0
1633082205254 2.722780227661133 0
1633082334064 2.3817214965820312 0
1633082462859 1.4380192756652832 0
1633082591660 1.8370484113693237 0
1633082720456 1.9605624675750732 0
1633082849253 1.7245395183563232 0
1633082978050 2.2363040447235107 0
1633083106845 2.0659875869750977 0
1633083235652 2.933762550354004 0
1633083364456 1.5361336469650269 0
1633083493691 1.7400447130203247 0
1633083622510 2.2896742820739746 0
1633083751308 1.4652973413467407 0
1633083880110 2.273752450942993 0
1633084008919 1.6992037296295166 0
1633084137705 2.417940378189087 0
1633084266505 2.5833840370178223 0
1633084395306 2.182358741760254 0
1633084524107 1.9329516887664795 0
1633084652908 1.8595647811889648 0
1633084782163 2.723188877105713 0
1633084910977 1.8533082008361816 0
1633085039788 2.018357276916504 0
1633085168577 2.462066173553467 0
1633085297365 2.4680466651916504 0
1633085426127 2.8595995903015137 0
1633085554901 2.388911724090576 0
1633085683694 2.7502758502960205 0
1633085812492 2.622603416442871 0
1633085941308 2.4969446659088135 0
1633086070529 2.585028648376465 0
1633086199340 1.921834945678711 0
1633086328120 1.9432847499847412 0
1633086456905 2.9093992710113525 0
1633086585696 2.1983323097229004 0
1633086714472 2.52093768119812 0
1633086843251 2.2981770038604736 0
1633086972032 2.6601946353912354 0
1633087100747 1.8682502508163452 0
1633087229483 1.6552441120147705 0
1633087358670 2.8083505630493164 0
1633087487472 1.5833412408828735 0
1633087616270 2.5615592002868652 0
1633087745052 1.8756393194198608 0
1633087873840 2.38201642036438 0
1633088002603 1.6141197681427002 0
1633088131369 1.367509126663208 0
1633088260167 2.6670703887939453 0
1633088388973 2.0624263286590576 0
1633088517794 2.3090081214904785 0
1633088647039 1.7847373485565186 0
1633088775847 2.0381412506103516 0
1633088904657 1.6281602382659912 0
1633089033446 2.013310670852661 0
1633089162219 1.4120543003082275 0
1633089290995 1.8353830575942993 0
1633089419748 1.5991225242614746 0
1633089548468 1.868255615234375 0
1633089677192 1.6037728786468506 0
1633089805921 1.5826389789581299 0
1633089935091 2.049978733062744 0
1633090063803 1.5698989629745483 0
1633090192565 2.0173847675323486 0
1633090321339 3.136441946029663 0
1633090450101 1.8368537425994873 0
1633090578851 2.2579779624938965 0
1633090707620 2.766782283782959 0
1633090836356 1.857330560684204 0
1633090965077 2.047917127609253 0
1633091093842 1.9267315864562988 0
1633091223024 2.653594970703125 0
1633091351745 2.5203568935394287 0
1633091480474 2.117326021194458 0
1633091609198 2.699176073074341 0
1633091737903 1.2876614332199097 0
1633091866631 2.324528932571411 0
1633091995376 1.8034584522247314 0
1633092124126 1.46284019947052 0
1633092252899 2.0293989181518555 0
1633092381673 2.354844570159912 0
1633092510902 1.991550087928772 0
1633092639684 2.4048733711242676 0
1633092768454 2.3828818798065186 0
1633092897208 2.185713768005371 0
1633093025956 1.728792428970337 0
1633093154656 1.9895861148834229 0
1633093283364 2.20664644241333 0
1633093412108 1.9651975631713867 0
1633093540834 1.5370784997940063 0
1633093669517 1.7920472621917725 0
1633093798636 2.44883394241333 0
1633093927367 0.9870611429214478 0
1633094056048 1.3319931030273438 0
1633094184768 2.667269706726074 0
1633094313531 2.4975738525390625 0
1633094442282 2.3518688678741455 0
1633094571046 2.1025211811065674 0
1633094699809 2.027613639831543 0
1633094828560 1.9235360622406006 0
1633094957303 1.6069121360778809 0
1633095086489 1.6959316730499268 0
1633095215191 1.957949161529541 0
1633095343902 2.0227346420288086 0
1633095472625 2.1940479278564453 0
1633095601350 2.110825300216675 0
1633095730070 2.0637903213500977 0
1633095858799 1.8570278882980347 0
1633095987547 1.8405647277832031 0
1633096116311 1.4922325611114502 0
1633096245062 2.350830078125 0
1633096374225 2.4498798847198486 0
1633096502960 2.3754091262817383 0
1633096631674 2.277925491333008 0
1633096760414 2.2257189750671387 0
1633096889151 2.061675548553467 0
1633097017857 2.4084391593933105 0
1633097146561 1.7949926853179932 0
1633097275288 1.4182063341140747 0
1633097404005 2.102761745452881 0
1633097532726 2.3268842697143555 0
1633097661871 2.0630054473876953 0
1633097790576 1.8421173095703125 0
1633097919278 2.7717862129211426 0
1633098047987 1.738848328590393 0
1633098176718 2.008082389831543 0
1633098305488 1.9050979614257812 0
1633098434208 2.475876808166504 0
1633098562950 1.024365782737732 0
1633098691620 2.832061529159546 0
1633098820269 2.1120381355285645 0
1633098949377 1.886970043182373 0
1633099078119 2.260934591293335 0
1633099206851 2.226553201675415 0
1633099335629 1.9132157564163208 0
1633099464396 2.72310209274292 0
1633099593153 1.38817298412323 0
1633099721925 2.3343658447265625 0
1633099850690 2.0114169120788574 0
1633099979466 2.3365235328674316 0
1633100108231 2.119534730911255 0
1633100237471 1.7047773599624634 0
1633100366269 1.6340055465698242 0
1633100495047 1.8365225791931152 0
1633100623817 1.7586100101470947 0
1633100752584 1.8306808471679688 0
1633100881348 1.9242342710494995 0
1633101010122 2.370842933654785 0
1633101138899 1.8686630725860596 0
1633101267662 1.0653729438781738 0
1633101396433 1.8397775888442993 0
1633101525642 2.0146710872650146 0
1633101654420 2.6053032875061035 0
1633101783169 2.7151241302490234 0
1633101911924 1.6840028762817383 0
1633102040648 2.7095258235931396 0
1633102169397 1.768154263496399 0
1633102298152 1.6431481838226318 0
1633102426899 2.293221950531006 0
1633102555677 2.114732027053833 0
1633102684456 1.8817720413208008 0
1633102813669 1.8465185165405273 0
1633102942409 1.9146134853363037 0
1633103071176 2.2173173427581787 0
1633103199939 2.306460380554199 0
1633103328685 2.105902671813965 0
1633103457404 2.6114232540130615 0
1633103586168 1.7136563062667847 0
1633103714927 2.175400972366333 0
1633103843689 2.316690444946289 0
1633103972459 2.213160276412964 0
1633104101681 2.749898910522461 0
1633104230462 2.2618632316589355 0
1633104359236 1.9608246088027954 0
1633104488010 1.817084789276123 0
1633104616774 2.1630077362060547 0
1633104745557 2.0717310905456543 0
1633104874318 2.069845199584961 0
1633105003074 2.372436285018921 0
1633105131850 3.223266124725342 0
1633105260622 2.846449136734009 0
1633105389869 2.345086097717285 0
1633105518659 2.2129359245300293 0
1633105647436 1.7848904132843018 0
1633105776217 1.5709006786346436 0
1633105904991 2.2855682373046875 0
1633106033760 1.92482590675354 0
1633106162529 2.165416955947876 0
1633106291295 1.957417368888855 0
1633106420061 1.7894562482833862 0
1633106548829 1.8039534091949463 0
1633106678052 1.8289010524749756 0
1633106806846 2.4835500717163086 0
1633106935611 1.8813294172286987 0
1633107064349 1.5616497993469238 0
1633107193086 1.9510836601257324 0
1633107321847 1.8903110027313232 0
1633107450617 1.6590933799743652 0
1633107579388 1.1019973754882812 0
1633107708160 2.0320980548858643 0
1633107836944 1.801148772239685 0
1633107966173 1.6663544178009033 0
1633108094932 1.8881021738052368 0
1633108223681 1.6128157377243042 0
1633108352442 2.7958850860595703 0
1633108481171 1.8391759395599365 0
1633108609906 1.670651912689209 0
1633108738626 1.9073240756988525 0
1633108867398 1.7028658390045166 0
1633108996098 2.607408046722412 0
1633109124786 1.8617734909057617 0
1633109253936 1.6103342771530151 0
1633109382697 1.7093582153320312 0
1633109511466 1.6065763235092163 0
1633109640181 2.3636600971221924 0
1633109768846 2.816333293914795 0
1633109897521 1.329346776008606 0
1633110026223 2.5813746452331543 0
1633110154911 1.6062147617340088 0
1633110283665 1.92368745803833 0
1633110412414 1.611466407775879 0
1633110541626 1.5491386651992798 0
1633110670359 2.2328596115112305 0
1633110799109 1.6755131483078003 0
1633110927854 2.0035669803619385 0
1633111056529 1.9228086471557617 0
1633111185233 2.2894880771636963 0
1633111313952 1.9893593788146973 0
1633111442710 2.2703378200531006 0
1633111571445 1.9209458827972412 0
1633111700175 1.917535662651062 0
1633111829398 1.5281404256820679 0
1633111958121 2.637502670288086 0
1633112086853 2.3334898948669434 0
1633112215565 1.6158167123794556 0
1633112344228 1.9435064792633057 0
1633112472928 2.6645102500915527 0
1633112601623 1.4980052709579468 0
1633112730826 2.379031181335449 0
1633112859520 2.661364793777466 0
1633112988190 1.4141111373901367 0
1633113117411 1.1796648502349854 0
1633113246195 2.2572197914123535 0
1633113374946 2.3083834648132324 0
1633113503693 2.1533408164978027 0
1633113632442 1.8663811683654785 0
1633113761207 1.7468311786651611 0
1633113889940 1.6831051111221313 0
1633114018716 1.7302727699279785 0
1633114147499 1.7118185758590698 0
1633114276274 1.2114465236663818 0
1633114405500 2.004361867904663 0
1633114534292 2.737353563308716 0
1633114663012 2.8373241424560547 0
1633114791738 1.9588793516159058 0
1633114920466 1.3967936038970947 0
1633115049212 1.9592379331588745 0
1633115177984 2.1165902614593506 0
1633115306789 1.5676705837249756 0
1633115435524 1.8345723152160645 0
1633115564256 1.8051954507827759 0
1633115693480 2.2334976196289062 0
1633115822261 1.4736683368682861 0
1633115951033 2.0702834129333496 0
1633116079789 1.56597900390625 0
1633116208531 1.8338499069213867 0
1633116337330 2.178403854370117 0
1633116466126 1.8299949169158936 0
1633116594924 1.574374794960022 0
1633116723704 2.538408041000366 0
1633116852521 1.3877925872802734 0
1633116981774 1.6507747173309326 0
1633117110579 2.168832540512085 0
1633117239369 2.184431791305542 0
1633117368165 1.13054621219635 0
1633117496970 3.0387630462646484 0
1633117625742 0.9154629111289978 0
1633117754508 1.479633092880249 0
1633117883287 1.3107112646102905 0
1633118012066 1.6294755935668945 0
1633118140823 1.9554489850997925 0
1633118270062 1.6219563484191895 0
1633118398836 1.21053147315979 0
1633118527603 2.5107169151306152 0
1633118656386 2.1988525390625 0
1633118785181 2.5471420288085938 0
1633118913971 2.2733333110809326 0
1633119042761 1.9852895736694336 0
1633119171568 2.3603973388671875 0
1633119300361 1.6023718118667603 0
1633119429132 1.209463119506836 0
1633119558382 1.8974950313568115 0
1633119687168 2.018105983734131 0
1633119815940 1.5257043838500977 0
1633119944745 2.692960262298584 0
1633120073529 2.1862361431121826 0
1633120202332 2.2525131702423096 0
1633120331117 1.8288702964782715 0
1633120459915 2.2852745056152344 0
1633120588714 2.323904037475586 0
1633120717516 2.766432046890259 0
1633120846777 1.5028947591781616 0
1633120975583 1.571521520614624 0
1633121104370 1.4911048412322998 0
1633121233140 2.122831344604492 0
1633121361899 1.8582570552825928 0
1633121490671 1.0123292207717896 0
1633121619464 1.6807563304901123 0
1633121748263 1.5927897691726685 0
1633121877061 1.4244760274887085 0
1633122005852 2.0940475463867188 0
1633122135135 1.386211633682251 0
1633122263926 2.1568758487701416 0
1633122392723 1.5975263118743896 0
1633122521517 1.8153477907180786 0
1633122650303 2.762556791305542 0
1633122779090 2.2319862842559814 0
1633122907872 1.9818248748779297 0
1633123036678 2.742082118988037 0
1633123165471 2.3600759506225586 0
1633123294262 2.7122180461883545 0
1633123423519 1.96737802028656 0
1633123552334 2.7134509086608887 0
1633123681143 2.4993224143981934 0
1633123809947 2.150010347366333 0
1633123938743 1.8464499711990356 0
1633124067544 2.144118309020996 0
1633124196357 2.191215753555298 0
1633124325162 2.043119192123413 0
1633124453957 1.9541484117507935 0
1633124582758 2.0148966312408447 0
1633124712011 2.340420722961426 0
1633124840819 2.4111649990081787 0
1633124969612 1.5128796100616455 0
1633125098410 2.539425849914551 0
1633125227213 1.9767251014709473 0
1633125356009 1.8415555953979492 0
1633125484811 2.5792887210845947 0
1633125613608 2.7999255657196045 0
1633125742411 1.815772294998169 0
1633125871209 1.524070143699646 0
1633126000471 1.973028540611267 0
1633126129300 2.2909679412841797 0
1633126258093 1.792271375656128 0
1633126386899 2.081490993499756 0
1633126515684 1.5313379764556885 0
1633126644476 2.107586145401001 0
1633126773270 1.8185755014419556 0
1633126902071 1.993560552597046 0
1633127030877 1.7434425354003906 0
1633127159675 2.053558349609375 0
1633127288926 2.054100513458252 0
1633127417744 2.5688085556030273 0
1633127546542 1.9776256084442139 0
1633127675341 1.3661795854568481 0
1633127804136 1.3273229598999023 0
1633127932938 1.4449514150619507 0
1633128061726 2.1943359375 0
1633128190522 2.4065749645233154 0
1633128319313 2.194132089614868 0
1633128448104 1.8970681428909302 0
1633128577363 1.5186680555343628 0
1633128706147 1.3655529022216797 0
1633128834925 2.447303295135498 0
1633128963717 1.4106465578079224 0
1633129092512 1.6287182569503784 0
1633129221308 2.689685821533203 0
1633129350109 2.1118767261505127 0
1633129478908 1.7741568088531494 0
1633129607703 1.6557081937789917 0
1633129736496 2.3795626163482666 0
1633129865746 1.8409655094146729 0
1633129994576 1.4245920181274414 0
1633130123373 1.451237440109253 0
1633130252170 2.0040225982666016 0
1633130380979 2.922438621520996 0
1633130509781 2.0199222564697266 0
1633130638589 2.072298049926758 0
1633130767393 1.3971531391143799 0
1633130896187 2.006359577178955 0
1633131024984 2.1538171768188477 0
1633131154245 1.801392674446106 0
1633131283057 2.491279125213623 0
1633131411861 2.4914791584014893 0
1633131540655 1.8377525806427002 0
1633131669448 1.5070958137512207 0
1633131798252 2.0721163749694824 0
1633131927054 1.3003268241882324 0
1633132055849 2.0202927589416504 0
1633132184660 2.1905717849731445 0
1633132313461 2.1714162826538086 0
1633132442736 1.8225828409194946 0
1633132571550 1.439280390739441 0
1633132700351 1.8554675579071045 0
1633132829144 1.9717557430267334 0
1633132957947 1.2998476028442383 0
1633133086744 1.7386053800582886 0
1633133215548 2.6777563095092773 0
1633133344321 2.152658462524414 0
1633133473093 2.3219282627105713 0
1633133601866 1.7587863206863403 0
1633133731104 2.2992820739746094 0
1633133859903 1.6099807024002075 0
1633133988666 1.443731665611267 0
1633134117427 1.9401711225509644 0
1633134246196 2.1682217121124268 0
1633134374952 2.6122636795043945 0
1633134503712 1.546742558479309 0
1633134632479 1.4277880191802979 0
1633134761238 1.927490234375 0
1633134890004 1.9048391580581665 0
1633135019228 1.9953322410583496 0
1633135148002 1.792823076248169 0
1633135276767 2.3148155212402344 0
1633135405537 2.8580799102783203 0
1633135534306 1.6363756656646729 0
1633135663088 1.9959826469421387 0
1633135791865 1.6603177785873413 0
1633135920637 2.2528951168060303 0
1633136049407 2.5287840366363525 0
1633136178182 1.7842402458190918 0
1633136307424 1.5588951110839844 0
1633136436207 1.2841240167617798 0
1633136564986 1.5660980939865112 0
1633136693753 1.2818565368652344 0
1633136822523 1.9838351011276245 0
1633136951295 3.0766782760620117 0
1633137080065 1.2600595951080322 0
1633137208838 1.9494694471359253 0
1633137337611 2.0453848838806152 0
1633137466361 2.0061542987823486 0
1633137595565 1.6741355657577515 0
1633137724349 2.135385274887085 0
1633137853105 2.500072717666626 0
1633137981840 2.0931766033172607 0
1633138110601 2.0711283683776855 0
1633138239314 1.5513105392456055 0
1633138368086 2.461758613586426 0
1633138496845 1.8990929126739502 0
1633138625581 3.0061862468719482 0
1633138754305 2.3334288597106934 0
1633138883459 1.7089154720306396 0
1633139012199 2.175013542175293 0
1633139140926 2.018862247467041 0
1633139269654 1.591389775276184 0
1633139398308 2.3691611289978027 0
1633139527031 2.0875089168548584 0
1633139655751 1.9599734544754028 0
1633139784504 1.941298484802246 0
1633139913240 2.3034255504608154 0
1633140041983 2.7821204662323 0
1633140171158 2.332235813140869 0
1633140299885 1.9124835729599 0
1633140428638 1.8694205284118652 0
1633140557421 1.7410740852355957 0
1633140686185 2.15675950050354 0
1633140814929 1.7943875789642334 0
1633140943679 2.029911756515503 0
1633141072425 1.6692452430725098 0
1633141201181 1.8184796571731567 0
1633141329940 1.6477100849151611 0
1633141459144 1.2833831310272217 0
1633141587912 1.9463908672332764 0
1633141716677 2.1991448402404785 0
1633141845436 2.231599807739258 0
1633141974196 2.52348256111145 0
1633142102961 1.5631399154663086 0
1633142231669 1.7734143733978271 0
1633142360356 1.5029445886611938 0
1633142489076 1.9969327449798584 0
1633142617838 1.5613220930099487 0
1633142747056 2.4561691284179688 0
1633142875811 1.9630435705184937 0
1633143004567 2.3422882556915283 0
1633143133330 1.544562578201294 0
1633143262104 2.8001368045806885 0
1633143390878 2.0790281295776367 0
1633143519660 1.681888222694397 0
1633143648436 2.478431224822998 0
1633143777228 2.3918325901031494 0
1633143906011 3.3745079040527344 0
1633144035252 1.8241908550262451 0
1633144164031 1.7617141008377075 0
1633144292785 1.7577015161514282 0
1633144421542 2.249579906463623 0
1633144550331 1.6012935638427734 0
1633144679093 1.811872124671936 0
1633144807834 1.9832483530044556 0
1633144936541 2.2739436626434326 0
1633145065276 1.7577241659164429 0
1633145193999 1.9768797159194946 0
1633145323199 1.5817468166351318 0
1633145451927 1.8613379001617432 0
1633145580691 2.056074619293213 0
1633145709415 2.077643871307373 0
1633145838180 2.101581335067749 0
1633145966952 1.765482783317566 0
1633146095722 2.073523759841919 0
1633146224492 1.4330391883850098 0
1633146353253 2.751744508743286 0
1633146482000 1.9815917015075684 0
1633146611211 1.8440649509429932 0
1633146739979 1.8690074682235718 0
1633146868758 2.1124441623687744 0
1633146997529 2.1782217025756836 0
1633147126305 1.9413049221038818 0
1633147255082 1.5301765203475952 0
1633147383849 2.3470494747161865 0
1633147512626 1.8353567123413086 0
1633147641405 2.025627613067627 0
1633147770184 2.157683849334717 0
1633147899408 2.2388150691986084 0
1633148028181 1.4626744985580444 0
1633148156949 2.1187901496887207 0
1633148285716 1.8490700721740723 0
1633148414482 1.8229854106903076 0
1633148543237 2.413116216659546 0
1633148671988 1.5918554067611694 0
1633148800758 2.211289167404175 0
1633148929536 2.5840041637420654 0
1633149058292 2.098602771759033 0
1633149187508 2.0394177436828613 0
1633149316282 1.8145537376403809 0
1633149445015 1.595679759979248 0
1633149573771 1.3438711166381836 0
1633149702523 2.2132256031036377 0
1633149831301 1.5824799537658691 0
1633149960042 2.311617374420166 0
1633150088807 2.414832353591919 0
1633150217561 1.5934278964996338 0
1633150346332 1.6399072408676147 0
1633150475552 1.99080491065979 0
1633150604335 1.8050034046173096 0
1633150733086 1.4782437086105347 0
1633150861854 2.299589157104492 0
1633150990626 1.713630199432373 0
1633151119399 1.7200928926467896 0
1633151248171 2.1532108783721924 0
1633151376941 1.8391773700714111 0
1633151505709 1.4613760709762573 0
1633151634489 2.3636815547943115 0
1633151763715 2.2724575996398926 0
1633151892497 1.7071219682693481 0
1633152021266 2.118710994720459 0
1633152150037 2.1124136447906494 0
1633152278796 1.8588354587554932 0
1633152407559 1.9399406909942627 0
1633152536323 1.1409229040145874 0
1633152665094 2.0716817378997803 0
1633152793862 2.1131930351257324 0
1633152922634 1.4567928314208984 0
1633153051869 1.6949553489685059 0
1633153180679 2.0390727519989014 0
1633153309443 1.4305064678192139 0
1633153438221 2.7660512924194336 0
1633153566988 1.21049165725708 0
1633153695731 1.595172643661499 0
1633153824487 1.8389054536819458 0
1633153953251 2.021074056625366 0
1633154082016 2.436626672744751 0
1633154210777 2.3084282875061035 0
1633154339979 3.767829179763794 0
1633154468745 2.1091930866241455 0
1633154597518 2.0392889976501465 0
1633154726269 1.992511510848999 0
1633154855021 1.34652841091156 0
1633154983784 2.0223398208618164 0
1633155112553 2.230557918548584 0
1633155241335 2.198559284210205 0
1633155370114 1.8034963607788086 0
1633155498889 1.6258538961410522 0
1633155628127 1.873971700668335 0
1633155756922 1.632989764213562 0
1633155885694 1.7737964391708374 0
1633156014468 2.031590223312378 0
1633156143245 2.324486494064331 0
1633156271995 1.9449840784072876 0
1633156400766 2.222393751144409 0
1633156529534 1.7582166194915771 0
1633156658278 2.2030088901519775 0
1633156787041 2.5640785694122314 0
1633156916290 2.100018262863159 0
1633157045066 2.8053629398345947 0
1633157173834 1.703113079071045 0
1633157302614 1.8666067123413086 0
1633157431367 2.2465693950653076 0
1633157560124 1.4747822284698486 0
1633157688927 1.8206449747085571 0
1633157817687 2.3354902267456055 0
1633157946459 2.261065721511841 0
1633158075233 2.2426464557647705 0
1633158204455 1.7546265125274658 0
1633158333241 1.503408670425415 0
1633158462008 2.756807804107666 0
1633158590772 1.7899973392486572 0
1633158719548 1.7827155590057373 0
1633158848318 2.409162998199463 0
1633158977078 1.7933945655822754 0
1633159105846 1.8817932605743408 0
1633159234620 1.6579893827438354 0
1633159363393 1.7900365591049194 0
1633159492616 1.7059924602508545 0
1633159621416 2.347574472427368 0
1633159750186 2.1762537956237793 0
1633159878956 2.0313336849212646 0
1633160007721 2.4403183460235596 0
1633160136498 1.943317174911499 0
1633160265257 1.4618803262710571 0
1633160394032 1.5342187881469727 0
1633160522817 2.2972233295440674 0
1633160651580 1.8381404876708984 0
1633160780795 2.3700404167175293 0
1633160909581 2.039980173110962 0
1633161038350 1.560080885887146 0
1633161167124 1.8004556894302368 0
1633161295894 2.0958476066589355 0
1633161424671 2.720973253250122 0
1633161553453 2.2268717288970947 0
1633161682215 2.033963441848755 0
1633161810985 2.310689687728882 0
1633161939753 2.1170172691345215 0
1633162068984 1.4951117038726807 0
1633162197753 2.5965099334716797 0
1633162326528 2.1757493019104004 0
1633162455296 2.574734687805176 0
1633162584060 1.7270748615264893 0
1633162712829 2.3153650760650635 0
1633162841590 1.950507402420044 0
1633162970363 1.4561102390289307 0
1633163099125 1.9548031091690063 0
1633163227900 1.822582721710205 0
1633163357125 1.7185841798782349 0
1633163485926 1.6544733047485352 0
1633163614709 1.6353017091751099 0
1633163743478 1.41627037525177 0
1633163872246 2.27400803565979 0
1633164001020 2.0670905113220215 0
1633164129810 2.0551748275756836 0
1633164258577 1.5269832611083984 0
1633164387340 2.0531294345855713 0
1633164516114 2.6731696128845215 0
1633164645342 2.3502674102783203 0
1633164774134 2.520317316055298 0
1633164902908 1.8971463441848755 0
1633165031672 1.924377679824829 0
1633165160449 2.291940689086914 0
1633165289219 1.959607481956482 0
1633165417999 1.9099409580230713 0
1633165546763 2.2534360885620117 0
1633165675553 2.3874847888946533 0
1633165804325 1.8532675504684448 0
1633165933552 2.303770065307617 0
1633166062338 1.7344781160354614 0
1633166191104 1.5332744121551514 0
1633166319858 1.7892508506774902 0
1633166448624 2.1424007415771484 0
1633166577396 2.2844998836517334 0
1633166706167 2.108616828918457 0
1633166834928 1.9182610511779785 0
1633166963695 1.787712574005127 0
1633167092473 2.1721460819244385 0
1633167221695 1.6319465637207031 0
1633167350487 2.085409164428711 0
1633167479255 1.7617990970611572 0
1633167608027 1.339044213294983 0
1633167736812 1.7373783588409424 0
1633167865582 1.542887806892395 0
1633167994351 2.3376753330230713 0
1633168123122 2.184161901473999 0
1633168251885 1.7936774492263794 0
1633168380648 2.1796793937683105 0
1633168509852 2.358426570892334 0
1633168638634 1.4604581594467163 0
1633168767399 2.1388986110687256 0
1633168896163 1.976841688156128 0
1633169024931 2.164726734161377 0
1633169153705 1.8493064641952515 0
1633169282473 2.2619869709014893 0
1633169411246 1.8693827390670776 0
1633169540025 1.8646676540374756 0
1633169668789 2.115757942199707 0
1633169798005 1.8295443058013916 0
1633169926787 1.7825299501419067 0
1633170055499 2.0691516399383545 0
1633170184237 1.6321415901184082 0
1633170312994 1.9766628742218018 0
1633170441755 1.9275517463684082 0
1633170570528 1.8081316947937012 0
1633170699286 2.3104710578918457 0
1633170828044 2.0609841346740723 0
1633170956795 1.7606558799743652 0
1633171086006 1.7006133794784546 0
1633171214761 2.0740859508514404 0
1633171343521 2.4216346740722656 0
1633171472274 2.025570869445801 0
1633171601034 2.3607382774353027 0
1633171729800 1.5495814085006714 0
1633171858557 2.5188064575195312 0
1633171987318 2.004067897796631 0
1633172116070 1.9011346101760864 0
1633172244837 1.6163768768310547 0
1633172373998 2.0145914554595947 0
1633172502745 2.0154078006744385 0
1633172631497 2.659343719482422 0
1633172760257 2.483599901199341 0
1633172889047 1.9206515550613403 0
1633173017802 1.8652390241622925 0
1633173146585 2.2252063751220703 0
1633173275346 1.8739595413208008 0
1633173404110 1.5001027584075928 0
1633173532865 1.6078182458877563 0
1633173662034 2.1253435611724854 0
1633173790799 2.00791335105896 0
1633173919550 2.0404367446899414 0
1633174048300 1.7747015953063965 0
1633174177073 1.9757509231567383 0
1633174305846 2.4099512100219727 0
1633174434625 1.8209164142608643 0
1633174563399 1.3151895999908447 0
1633174692170 1.8609102964401245 0
1633174820917 1.778161883354187 0
1633174950131 1.9123632907867432 0
1633175078920 1.9099109172821045 0
1633175207692 2.181767225265503 0
1633175336467 2.113186836242676 0
1633175465230 1.9418426752090454 0
1633175593989 1.938263177871704 0
1633175722757 1.7750146389007568 0
1633175851528 1.5668246746063232 0
1633175980299 2.0274672508239746 0
1633176109068 1.747612714767456 0
1633176238281 1.6971265077590942 0
1633176367064 1.6828519105911255 0
1633176495840 1.8643746376037598 0
1633176624602 1.7215399742126465 0
1633176753389 2.264528751373291 0
1633176882160 2.1897568702697754 0
1633177010929 1.9327561855316162 0
1633177139700 2.476428985595703 0
1633177268477 1.8540327548980713 0
1633177397254 2.611046552658081 0
1633177526470 1.7196910381317139 0
1633177655269 2.614473342895508 0
1633177784039 1.879364013671875 0
1633177912805 2.019761323928833 0
1633178041574 2.3209474086761475 0
1633178170345 2.2848987579345703 0
1633178299133 1.9329522848129272 0
1633178427901 1.8259462118148804 0
1633178556677 1.798765778541565 0
1633178685441 1.8031612634658813 0
1633178814653 2.325875759124756 0
1633178943416 1.8962820768356323 0
1633179072178 1.7623138427734375 0
1633179200930 1.7456817626953125 0
1633179329677 2.094374179840088 0
1633179458425 1.694040060043335 0
1633179587163 2.224985122680664 0
1633179715923 2.0463571548461914 0
1633179844700 2.025533437728882 0
1633179973469 2.1470909118652344 0
1633180102682 1.8323858976364136 0
1633180231458 1.9048304557800293 0
1633180360234 1.9023491144180298 0
1633180489000 1.7016957998275757 0
1633180617769 2.0342583656311035 0
1633180746533 2.022139549255371 0
1633180875303 1.7893576622009277 0
1633181004072 2.0311622619628906 0
1633181132832 1.7215754985809326 0
1633181261591 1.8307805061340332 0
1633181390800 1.8858283758163452 0
1633181519581 2.0238161087036133 0
1633181648355 1.9560291767120361 0
1633181777118 2.0390865802764893 0
1633181905889 2.0933499336242676 0
1633182034659 2.4741017818450928 0
1633182163446 2.223419666290283 0
1633182292222 1.7165250778198242 0
1633182421001 2.2336559295654297 0
1633182549771 2.017240047454834 0
1633182678978 2.3361589908599854 0
1633182807752 1.9750672578811646 0
1633182936523 1.9927234649658203 0
1633183065291 1.786414623260498 0
1633183194042 1.7922108173370361 0
1633183322796 2.079317331314087 0
1633183451559 2.0700929164886475 0
1633183580328 2.0175983905792236 0
1633183709109 2.1368091106414795 0
1633183837875 1.7584826946258545 0
1633183967092 2.125499725341797 0
1633184095897 1.8991451263427734 0
1633184224670 2.080122232437134 0
1633184353445 1.7769801616668701 0
1633184482211 1.9245471954345703 0
1633184610978 1.9446942806243896 0
1633184739746 2.059657096862793 0
1633184868505 2.046501398086548 0
1633184997275 1.4168915748596191 0
