1633056139444 2.000075399875641 0
1633056268816 0.5764776468276978 0
1633056529328 0.8346918523311615 0
1633056658359 0.9929472804069519 0
1633056787364 0.6383329331874847 0
1633056916359 0.9684702157974243 0
1633057045367 0.5843774378299713 0
1633057174371 1.304064780473709 0
1633057303365 0.7064436674118042 0
1633057432375 0.4328620055758279 0
1633057561381 1.260383665561676 0
1633057690780 0.4265274405479431 0
1633057819793 0.499894455075264 0
1633057948798 1.3693857789039612 0
1633058077804 0.3518230989575386 0
1633058206779 0.7928401753306389 0
1633058335739 0.8468489944934845 0
1633058464694 0.8360932320356369 0
1633058593657 0.5146956294775009 0
1633058722621 1.309360384941101 0
1633058851586 0.595535546541214 0
1633058980944 0.7248204499483109 0
1633059109921 0.4173060357570648 0
1633059238874 0.683357834815979 0
1633059367835 0.6391811072826385 0
1633059496802 1.1371210813522339 0
1633059625753 1.0784364640712738 0
1633059754722 1.263462632894516 0
1633059883684 0.9384608566761017 0
1633060012659 0.7535508722066879 0
1633060141626 0.9454621821641922 0
1633060270977 1.3482014536857605 0
1633060399954 0.6046465337276459 0
1633060528925 1.2241144478321075 0
1633060657894 0.7403431236743927 0
1633060786869 0.6115088313817978 0
1633060915829 1.3445225358009338 0
1633061044793 0.7118388712406158 0
1633061173764 0.6544596254825592 0
1633061302717 1.5360729694366455 0
1633061431671 0.6074603013694286 0
1633061561052 1.3214539587497711 0
1633061690013 0.7640897035598755 0
1633061818970 1.0038989782333374 0
1633061947933 0.5622866600751877 0
1633062076902 0.8701477646827698 0
1633062205868 1.1550776362419128 0
1633062334815 0.7276095747947693 0
1633062463768 0.8759828209877014 0
1633062592728 0.28147537261247635 0
1633062721706 0.7527746558189392 0
1633062851073 0.5022372677922249 0
1633062980036 0.9938297867774963 0
1633063109001 1.4336524605751038 0
1633063237957 0.15174707770347595 0
1633063366922 1.3052180707454681 0
1633063495874 1.1741158962249756 0
1633063624848 1.0376481711864471 0
1633063753814 1.2629644870758057 0
1633063882780 0.9732125699520111 0
1633064011726 0.8403669856488705 0
1633064141091 0.9985719621181488 0
1633064270075 0.413149930536747 0
1633064399050 0.39506956189870834 0
1633064528040 1.4960840344429016 0
1633064657027 0.30006009340286255 0
1633064786017 0.37451986968517303 0
1633064915010 0.4757704883813858 0
1633065043996 1.168557196855545 0
1633065172987 1.0950826406478882 0
1633065301969 0.7146323919296265 0
1633065431360 1.5792129039764404 0
1633065560356 1.3399459421634674 0
1633065689334 1.7471287250518799 0
1633065818322 0.41979364678263664 0
1633065947311 0.6756629645824432 0
1633066076300 0.6704801619052887 0
1633066205298 1.5108876824378967 0
1633066334290 0.6724151074886322 0
1633066463280 0.8350347876548767 0
1633066592264 0.13593405112624168 0
1633066721674 0.947496622800827 0
1633066850665 0.5541667193174362 0
1633066979663 0.5655226558446884 0
1633067108656 0.8604158461093903 0
1633067237655 0.9357491135597229 0
1633067366655 0.6926139891147614 0
1633067495645 0.944426491856575 0
1633067624642 0.4689331352710724 0
1633067753643 0.8697603791952133 0
1633067882638 0.6070891916751862 0
1633068012062 0.6489386856555939 0
1633068141065 0.829585075378418 0
1633068270060 1.0249956250190735 0
1633068399047 1.0497073531150818 0
1633068528034 1.125198245048523 0
1633068657020 1.0136817693710327 0
1633068786038 0.2272559553384781 0
1633068915031 0.6058684140443802 0
1633069044023 0.6925473809242249 0
1633069173025 0.7973120659589767 0
1633069302448 0.829044982790947 0
1633069431451 0.46043532341718674 0
1633069560409 0.7550721764564514 0
1633069689400 0.7897331565618515 0
1633069818381 1.185828447341919 0
1633069947369 1.2118527293205261 0
1633070076361 0.8174474835395813 0
1633070205343 0.9545171558856964 0
1633070334337 1.3497222065925598 0
1633070463333 0.5242309719324112 0
1633070592776 0.675533801317215 0
1633070721775 0.902349054813385 0
1633070850768 1.611565887928009 0
1633070979757 0.38394986954745036 0
1633071108744 0.7967943549156189 0
1633071237732 0.7902234718203545 0
1633071366719 1.3078696727752686 0
1633071495704 0.16623910143971443 0
1633071624692 1.0032589137554169 0
1633071753673 1.0559470355510712 0
1633071883101 0.5409019589424133 0
1633072012084 0.9950857758522034 0
1633072141054 0.5434422194957733 0
1633072270018 1.0243202969431877 0
1633072399001 1.6064157485961914 0
1633072527924 0.6699382811784744 0
1633072656896 0.2366245687007904 0
1633072785860 0.6213258802890778 0
1633072914822 0.7331834435462952 0
1633073043805 0.9063519239425659 0
1633073173237 0.5551475882530212 0
1633073302231 0.5242210477590561 0
1633073431220 1.236892819404602 0
1633073560201 0.985967367887497 0
1633073689131 0.6472638547420502 0
1633073818053 0.772536888718605 0
1633073946990 0.5480905547738075 0
1633074075958 0.8494811616837978 0
1633074204943 0.49015532433986664 0
1633074333913 1.050568550825119 0
1633074463332 1.5795780420303345 0
1633074592332 1.3797577917575836 0
1633074721282 0.3516278341412544 0
1633074850232 0.36076387017965317 0
1633074979180 0.6629748977720737 0
1633075108132 0.42016176134347916 0
1633075237096 0.6346682608127594 0
1633075366050 0.7388762533664703 0
1633075495036 1.1264123171567917 0
1633075624013 0.8736241012811661 0
1633075753382 0.8948227167129517 0
1633075882387 0.8125667870044708 0
1633076011381 1.3800876140594482 0
1633076140367 0.7963915169239044 0
1633076269325 0.5786712467670441 0
1633076398293 0.48187577724456787 0
1633076527274 0.58966463804245 0
1633076656250 0.7382926940917969 0
1633076785193 2.141940176486969 0
1633076914124 0.7062890529632568 0
1633077043519 1.0026196539402008 0
1633077172505 0.6459576040506363 0
1633077301489 0.2249202700331807 0
1633077430476 0.2903517000377178 0
1633077559492 0.8546448945999146 0
1633077688479 0.8080263137817383 0
1633077817486 0.8445740044116974 0
1633077946478 0.6897902190685272 0
1633078075485 0.4665638655424118 0
1633078204472 0.8347226530313492 0
1633078333882 0.7563657015562057 0
1633078462891 0.6498324275016785 0
1633078591884 0.8819819390773773 0
1633078720875 0.45713137090206146 0
1633078849880 0.742859423160553 0
1633078978882 1.3431929051876068 0
1633079107880 0.953779935836792 0
1633079236887 0.5578210055828094 0
1633079365891 1.0674190521240234 0
1633079494887 1.1852519512176514 0
1633079624338 0.44789429008960724 0
1633079753347 1.4945131540298462 0
1633079882346 1.1482037603855133 0
1633080011344 1.4081217348575592 0
1633080140338 1.1989011317491531 0
1633080269321 1.102875530719757 0
1633080398314 0.6071853041648865 0
1633080527311 0.7112084031105042 0
1633080656314 0.9154361188411713 0
1633080785311 0.5565973818302155 0
1633080914751 0.7777257859706879 0
1633081043767 1.2331880331039429 0
1633081172774 0.8086822628974915 0
1633081301764 0.9101485013961792 0
1633081430759 0.5900179445743561 0
1633081559742 1.1709520816802979 0
1633081688748 0.15039132567471825 0
1633081817800 0.5123848468065262 0
1633081946862 0.6019167564809322 0
1633082075864 0.767946183681488 0
1633082205256 1.1555078774690628 0
1633082334066 0.9975544214248657 0
1633082462860 0.5245758146047592 0
1633082591662 0.6087497174739838 0
1633082720458 0.9096985757350922 0
1633082849255 0.47508624847978354 0
1633082978052 1.1342813670635223 0
1633083106847 0.8365277647972107 0
1633083235654 1.5014431476593018 0
1633083364458 0.7049467265605927 0
1633083493693 0.7162006497383118 0
1633083622512 0.8077922463417053 0
1633083751310 0.5621095299720764 0
1633083880112 1.1946519613265991 0
1633084008921 0.8028634190559387 0
1633084137707 0.849847823381424 0
1633084266506 1.0465269684791565 0
1633084395308 0.98530213534832 0
1633084524109 0.8146291077136993 0
1633084652910 0.8298709988594055 0
1633084782166 1.4362928569316864 0
1633084910979 0.7463552951812744 0
1633085039790 0.8001053929328918 0
1633085168579 1.2098951935768127 0
1633085297367 1.3626764416694641 0
1633085426129 1.3425375819206238 0
1633085554903 1.0376312136650085 0
1633085683696 1.2299480438232422 0
1633085812494 1.0048881471157074 0
1633085941310 1.0432316064834595 0
1633086070531 1.4137324094772339 0
1633086199342 0.5596584677696228 0
1633086328122 0.8688375055789948 0
1633086456907 1.6613773852586746 0
1633086585698 1.16045543551445 0
1633086714474 1.097252368927002 0
1633086843253 1.223253309726715 0
1633086972034 1.6662065982818604 0
1633087100749 0.8541660308837891 0
1633087229485 0.45404353737831116 0
1633087358672 1.1602423191070557 0
1633087487474 0.6111334264278412 0
1633087616273 1.6241158843040466 0
1633087745054 0.5182927846908569 0
1633087873842 1.236118197441101 0
1633088002605 0.8000260889530182 0
1633088131371 0.39563582837581635 0
1633088260169 1.4821749925613403 0
1633088388975 0.6847869157791138 0
1633088517796 1.099269837141037 0
1633088647041 0.6073247492313385 0
1633088775849 0.6463225781917572 0
1633088904659 0.4111449271440506 0
1633089033448 0.9204347133636475 0
1633089162221 0.24957681074738503 0
1633089290997 0.3576272604987025 0
1633089419750 0.5744709149003029 0
1633089548470 0.7435066103935242 0
1633089677194 0.6013432890176773 0
1633089805923 0.3097136914730072 0
1633089935094 0.9036850929260254 0
1633090063805 0.643936350941658 0
1633090192567 0.9362516701221466 0
1633090321341 1.8727192878723145 0
1633090450103 0.9147266298532486 0
1633090578853 1.1065577268600464 0
1633090707622 1.3840200304985046 0
1633090836358 0.5989271700382233 0
1633090965079 1.039576143026352 0
1633091093844 0.7099004238843918 0
1633091223026 1.474133551120758 0
1633091351747 1.3193386793136597 0
1633091480476 0.8678203001618385 0
1633091609200 1.097510814666748 0
1633091737905 0.20927970111370087 0
1633091866633 0.9599938839673996 0
1633091995378 0.7923775315284729 0
1633092124128 0.4137342572212219 0
1633092252901 0.8839693963527679 0
1633092381675 1.2632707953453064 0
1633092510904 1.0860301554203033 0
1633092639687 1.3080320060253143 0
1633092768456 1.1304423213005066 0
1633092897210 0.8824716955423355 0
1633093025958 0.5693157762289047 0
1633093154658 0.7722473442554474 0
1633093283366 0.7053675949573517 0
1633093412110 0.9372911006212234 0
1633093540836 0.7862468063831329 0
1633093669519 0.7670336291193962 0
1633093798638 0.9836757183074951 0
1633093927369 0.26067653112113476 0
1633094056050 0.6096793115139008 0
1633094184770 1.3467997610569 0
1633094313533 1.4864054918289185 0
1633094442284 1.0375808477401733 0
1633094571048 1.0615699887275696 0
1633094699811 0.8878338634967804 0
1633094828562 0.950036808848381 0
1633094957305 0.9926106035709381 0
1633095086491 0.4810140132904053 0
1633095215194 0.9537116885185242 0
1633095343904 1.095273494720459 0
1633095472627 1.2274979948997498 0
1633095601352 1.1789563596248627 0
1633095730072 0.67552250623703 0
1633095858800 0.6430935263633728 0
1633095987550 0.7359722852706909 0
1633096116313 0.43259990215301514 0
1633096245064 1.2577643990516663 0
1633096374227 1.1745952367782593 0
1633096502962 1.1534941792488098 0
1633096631676 1.123681515455246 0
1633096760416 0.9865957200527191 0
1633096889153 0.9896011352539062 0
1633097017859 1.2884840965270996 0
1633097146563 1.0308459252119064 0
1633097275290 0.7489931881427765 0
1633097404007 0.7512653172016144 0
1633097532728 1.0980746448040009 0
1633097661873 0.8792130947113037 0
1633097790578 0.8557847440242767 0
1633097919280 1.746378481388092 0
1633098047989 0.6814046651124954 0
1633098176720 0.7188512086868286 0
1633098305490 0.8473076075315475 0
1633098434210 1.5379260182380676 0
1633098562952 0.15489188209176064 0
1633098691622 1.39923095703125 0
1633098820272 1.1364243030548096 0
1633098949379 0.8547746539115906 0
1633099078121 1.3851580619812012 0
1633099206853 0.9149652570486069 0
1633099335631 0.7156860679388046 0
1633099464398 1.328610360622406 0
1633099593155 0.6491165906190872 0
1633099721927 1.0879739224910736 0
1633099850692 1.1856645941734314 0
1633099979468 1.2156181335449219 0
1633100108233 1.092747539281845 0
1633100237473 0.8426372557878494 0
1633100366270 0.7972789406776428 0
1633100495049 0.7272832840681076 0
1633100623819 0.7619559019804001 0
1633100752586 0.8492439389228821 0
1633100881350 1.0633926391601562 0
1633101010125 0.8787698447704315 0
1633101138901 0.5440468788146973 0
1633101267664 0.06159395043505356 0
1633101396434 0.9171967506408691 0
1633101525644 1.0420167744159698 0
1633101654422 1.4233773946762085 0
1633101783171 1.7041519284248352 0
1633101911926 0.8028836697340012 0
1633102040650 1.5845903754234314 0
1633102169399 0.6971960514783859 0
1633102298154 0.52361960709095 0
1633102426901 1.4450284838676453 0
1633102555679 1.1189740598201752 0
1633102684458 0.8344832360744476 0
1633102813671 0.9727423191070557 0
1633102942411 0.7723928093910217 0
1633103071178 1.022364765405655 0
1633103199941 1.1392147541046143 0
1633103328687 0.8810538053512573 0
1633103457406 1.5430786311626434 0
1633103586170 0.7188605666160583 0
1633103714929 0.736492931842804 0
1633103843691 1.1384942010045052 0
1633103972461 0.7757585197687149 0
1633104101683 1.814290463924408 0
1633104230464 1.0619953274726868 0
1633104359238 1.0247191190719604 0
1633104488012 1.0008037388324738 0
1633104616776 1.0044269263744354 0
1633104745560 1.0177002549171448 0
1633104874320 1.1512868702411652 0
1633105003077 1.3444674015045166 0
1633105131852 2.103773593902588 0
1633105260625 1.6977431178092957 0
1633105389871 1.457941472530365 0
1633105518661 1.2741705179214478 0
1633105647438 0.8171222805976868 0
1633105776219 0.7071959674358368 0
1633105904993 1.1767157912254333 0
1633106033762 1.0530145168304443 0
1633106162531 1.2337446212768555 0
1633106291297 1.2636696994304657 0
1633106420063 0.48383907973766327 0
1633106548831 0.8045600950717926 0
1633106678054 0.9473978318274021 0
1633106806848 1.4412637650966644 0
1633106935614 1.0703902542591095 0
1633107064351 0.7143749296665192 0
1633107193088 1.0568158328533173 0
1633107321849 0.8263920247554779 0
1633107450619 0.704188346862793 0
1633107579391 0.19689219072461128 0
1633107708162 1.1855350881814957 0
1633107836946 0.6662096381187439 0
1633107966176 0.7432482242584229 0
1633108094934 0.7060142457485199 0
1633108223683 0.7664058804512024 0
1633108352444 1.5433968007564545 0
1633108481173 0.8988530933856964 0
1633108609909 0.7023783922195435 0
1633108738628 0.6168213486671448 0
1633108867400 0.7020644843578339 0
1633108996100 1.646154522895813 0
1633109124788 0.8701531291007996 0
1633109253938 0.6482552886009216 0
1633109382699 0.8150231242179871 0
1633109511468 0.7196121215820312 0
1633109640184 1.239399254322052 0
1633109768848 1.7901056408882141 0
1633109897523 0.6267741918563843 0
1633110026225 1.443897306919098 0
1633110154913 0.9347051978111267 0
1633110283667 1.0135529339313507 0
1633110412416 0.6636217832565308 0
1633110541628 0.2319418410770595 0
1633110670361 1.1820949912071228 0
1633110799111 0.7725246548652649 0
1633110927856 1.0086605846881866 0
1633111056531 0.9465848505496979 0
1633111185235 1.210809588432312 0
1633111313954 1.0029126405715942 0
1633111442712 1.4007844924926758 0
1633111571447 1.1767893433570862 0
1633111700177 1.0208231210708618 0
1633111829400 0.7019759118556976 0
1633111958123 1.6217884719371796 0
1633112086855 1.3043948411941528 0
1633112215567 0.8959895670413971 0
1633112344230 1.0179337859153748 0
1633112472931 1.4653226733207703 0
1633112601625 0.7831969857215881 0
1633112730829 1.1719135642051697 0
1633112859522 1.743399202823639 0
1633112988192 0.5585601925849915 0
1633113117413 0.397763155400753 0
1633113246197 0.9700195491313934 0
1633113374948 1.3384724259376526 0
1633113503695 1.0250697135925293 0
1633113632443 0.7359706312417984 0
1633113761209 0.8525485396385193 0
1633113889942 0.8777765035629272 0
1633114018718 0.8716965019702911 0
1633114147501 0.9234117865562439 0
1633114276276 0.5436927676200867 0
1633114405502 0.6505188196897507 0
1633114534294 1.8757335543632507 0
1633114663014 1.879416048526764 0
1633114791740 1.181486964225769 0
1633114920469 0.6770315915346146 0
1633115049214 1.164417177438736 0
1633115177986 1.2696011066436768 0
1633115306791 0.5830927044153214 0
1633115435526 0.8609161972999573 0
1633115564258 1.0274642407894135 0
1633115693482 1.3429467678070068 0
1633115822264 0.5072711259126663 0
1633115951036 1.2772566676139832 0
1633116079791 0.8081836402416229 0
1633116208533 1.074079155921936 0
1633116337332 1.3142509460449219 0
1633116466128 0.9530078768730164 0
1633116594926 0.9178750813007355 0
1633116723706 1.6937888264656067 0
1633116852523 0.4498525857925415 0
1633116981776 0.8883809149265289 0
1633117110581 1.2327559888362885 0
1633117239371 1.2075040936470032 0
1633117368167 0.42531386762857437 0
1633117496972 1.8738009929656982 0
1633117625744 0.26828160136938095 0
1633117754510 0.7972034215927124 0
1633117883288 0.41090401262044907 0
1633118012068 0.8640943169593811 0
1633118140825 1.1257833242416382 0
1633118270064 0.8113591223955154 0
1633118398838 0.5224563330411911 0
1633118527605 1.6232029795646667 0
1633118656388 1.1185330599546432 0
1633118785183 1.7555512189865112 0
1633118913973 1.4836454093456268 0
1633119042763 1.131958782672882 0
1633119171571 1.5473089963197708 0
1633119300363 0.736043319106102 0
1633119429134 0.4241742044687271 0
1633119558384 1.0640438795089722 0
1633119687170 1.2162228226661682 0
1633119815942 0.6267563253641129 0
1633119944747 1.7449071407318115 0
1633120073531 1.1294403076171875 0
1633120202334 1.016713410615921 0
1633120331119 1.0738375186920166 0
1633120459917 1.3002124428749084 0
1633120588716 1.3636884093284607 0
1633120717518 1.5894497632980347 0
1633120846779 0.8424871861934662 0
1633120975585 0.8279178738594055 0
1633121104372 0.5616827458143234 0
1633121233142 1.2412413656711578 0
1633121361901 0.6217022389173508 0
1633121490673 0.5059236139059067 0
1633121619466 0.967479020357132 0
1633121748265 0.9831521213054657 0
1633121877063 0.534424677491188 0
1633122005854 1.1859959363937378 0
1633122135137 0.6077988296747208 0
1633122263929 0.7812691181898117 0
1633122392725 0.867659330368042 0
1633122521520 0.9223352670669556 0
1633122650305 1.8999363780021667 0
1633122779092 1.3862336575984955 0
1633122907874 0.899224579334259 0
1633123036680 1.8765186667442322 0
1633123165473 1.489280253648758 0
1633123294264 1.8057591319084167 0
1633123423521 1.1065212488174438 0
1633123552336 1.429536372423172 0
1633123681146 1.5438634753227234 0
1633123809949 1.3106472790241241 0
1633123938745 0.9716319143772125 0
1633124067546 1.3350439071655273 0
1633124196359 1.313724845647812 0
1633124325165 0.7667192220687866 0
1633124453959 1.077959030866623 0
1633124582760 1.0274303555488586 0
1633124712013 1.434564471244812 0
1633124840820 1.7143137454986572 0
1633124969614 0.6123789399862289 0
1633125098412 1.0861037969589233 0
1633125227215 1.187616541981697 0
1633125356011 0.9527398645877838 0
1633125484813 1.7442249655723572 0
1633125613610 1.9747713804244995 0
1633125742413 0.5637274710461497 0
1633125871211 0.7726656049489975 0
1633126000474 1.0717467367649078 0
1633126129302 1.2886321544647217 0
1633126258095 1.0600832104682922 0
1633126386901 1.154524803161621 0
1633126515686 0.7595665454864502 0
1633126644478 1.361789345741272 0
1633126773273 0.9902071356773376 0
1633126902073 1.0135856866836548 0
1633127030879 0.816902220249176 0
1633127159677 1.188905656337738 0
1633127288928 1.3086299300193787 0
1633127417746 1.385105848312378 0
1633127546544 1.2029440999031067 0
1633127675343 0.8557740449905396 0
1633127804138 0.7265991866588593 0
1633127932940 0.8164950311183929 0
1633128061728 1.2661649584770203 0
1633128190524 1.7461751848459244 0
1633128319316 1.5356507301330566 0
1633128448106 0.9073996245861053 0
1633128577365 0.6823758184909821 0
1633128706149 0.6446301639080048 0
1633128834927 1.3889979720115662 0
1633128963719 0.7011487931013107 0
1633129092514 0.8587653636932373 0
1633129221310 1.6888081431388855 0
1633129350111 1.3825723528862 0
1633129478910 1.0246766805648804 0
1633129607705 0.914627730846405 0
1633129736498 1.4685894846916199 0
1633129865749 0.8721316754817963 0
1633129994578 0.7140768468379974 0
1633130123375 0.7514415830373764 0
1633130252172 1.1059023141860962 0
1633130380981 1.3592082560062408 0
1633130509783 1.4237031936645508 0
1633130638591 1.3154458105564117 0
1633130767395 0.46990637481212616 0
1633130896188 1.0545499324798584 0
1633131024986 0.9391455054283142 0
1633131154247 0.9544456899166107 0
1633131283060 1.6783000230789185 0
1633131411863 1.5787087976932526 0
1633131540657 0.9737958312034607 0
1633131669450 0.8655922710895538 0
1633131798254 1.3702813982963562 0
1633131927056 0.5659790188074112 0
1633132055852 1.2763551473617554 0
1633132184662 1.3965169489383698 0
1633132313463 1.4131805300712585 0
1633132442738 1.2353975176811218 0
1633132571552 0.6936902105808258 0
1633132700353 1.2777156829833984 0
1633132829146 1.1340741217136383 0
1633132957949 0.5081308335065842 0
1633133086746 0.9892466962337494 0
1633133215550 1.6173942685127258 0
1633133344323 1.4206108450889587 0
1633133473095 1.5027751922607422 0
1633133601867 1.0156213343143463 0
1633133731107 1.5541325807571411 0
1633133859906 0.7924365997314453 0
1633133988668 0.8245115578174591 0
1633134117429 1.0809291303157806 0
1633134246198 1.3508903980255127 0
1633134374954 1.886749267578125 0
1633134503714 0.9394464194774628 0
1633134632481 0.6913282871246338 0
1633134761240 1.268517404794693 0
1633134890007 1.0967904031276703 0
1633135019230 1.3738065958023071 0
1633135148004 0.912113219499588 0
1633135276769 1.3811031579971313 0
1633135405539 1.8790938258171082 0
1633135534309 0.8463727682828903 0
1633135663090 1.2352265119552612 0
1633135791867 1.1063280999660492 0
1633135920639 1.3464182019233704 0
1633136049409 1.1606599688529968 0
1633136178185 0.7262201011180878 0
1633136307427 0.7214555144309998 0
1633136436210 0.5212858468294144 0
1633136564987 0.7658422589302063 0
1633136693755 0.6280829310417175 0
1633136822526 1.1878827214241028 0
1633136951297 2.3104121685028076 0
1633137080067 0.46243906021118164 0
1633137208840 0.9421506822109222 0
1633137337613 1.1064575612545013 0
1633137466363 1.2669711709022522 0
1633137595567 0.9707761406898499 0
1633137724351 1.3410104513168335 0
1633137853107 1.711695909500122 0
1633137981842 1.1853344440460205 0
1633138110603 1.120978683233261 0
1633138239317 0.6852009892463684 0
1633138368088 1.5080538988113403 0
1633138496847 1.0365758836269379 0
1633138625583 2.1005502343177795 0
1633138754308 1.4442763328552246 0
1633138883462 1.0288070142269135 0
1633139012201 0.9817582070827484 0
1633139140928 1.2453159987926483 0
1633139269656 0.8272580206394196 0
1633139398310 1.4246675372123718 0
1633139527033 1.0948480665683746 0
1633139655754 1.0059936940670013 0
1633139784506 1.0237068235874176 0
1633139913242 1.3365012109279633 0
1633140041985 1.8041148781776428 0
1633140171160 1.377335011959076 0
1633140299887 0.9503445625305176 0
1633140428640 0.9089878797531128 0
1633140557422 1.0351619720458984 0
1633140686187 1.2890845835208893 0
1633140814931 1.0653294920921326 0
1633140943681 1.3132359981536865 0
1633141072427 1.1856908798217773 0
1633141201183 1.0854055285453796 0
1633141329942 0.8947147130966187 0
1633141459146 0.5585629343986511 0
1633141587914 1.1097252368927002 0
1633141716679 1.533532977104187 0
1633141845439 1.4991539120674133 0
1633141974198 1.3168850541114807 0
1633142102963 0.7185645550489426 0
1633142231671 1.0985167026519775 0
1633142360359 0.6333071738481522 0
1633142489079 1.241906926035881 0
1633142617841 0.8914036154747009 0
1633142747058 1.4367898106575012 0
1633142875813 1.0907806754112244 0
1633143004569 1.6474112272262573 0
1633143133332 0.8232097923755646 0
1633143262106 2.0118055939674377 0
1633143390881 0.9755829274654388 0
1633143519662 0.9590798914432526 0
1633143648438 1.5233049988746643 0
1633143777231 1.4293471425771713 0
1633143906013 2.4589450359344482 0
1633144035255 1.0742729306221008 0
1633144164033 0.856717586517334 0
1633144292787 1.1812005937099457 0
1633144421544 1.5230500102043152 0
1633144550333 0.8292122483253479 0
1633144679095 1.1319532841444016 0
1633144807836 1.1092763543128967 0
1633144936544 1.4647875428199768 0
1633145065278 0.895546019077301 0
1633145194001 1.073870599269867 0
1633145323201 0.7615383267402649 0
1633145451929 1.0647152662277222 0
1633145580693 1.253376066684723 0
1633145709417 1.268277108669281 0
1633145838182 1.319058895111084 0
1633145966954 1.079991191625595 0
1633146095724 0.9969035387039185 0
1633146224494 0.6924201250076294 0
1633146353255 1.9830580949783325 0
1633146482002 1.1880753934383392 0
1633146611214 0.8693808019161224 0
1633146739981 1.1901664733886719 0
1633146868760 1.2218698263168335 0
1633146997531 1.3325012922286987 0
1633147126307 1.2728092670440674 0
1633147255083 0.8771957755088806 0
1633147383851 1.7564277052879333 0
1633147512628 0.9699420928955078 0
1633147641407 1.188934177160263 0
1633147770186 1.1810376048088074 0
1633147899410 1.5627289414405823 0
1633148028184 0.6692970991134644 0
1633148156951 1.3908300399780273 0
1633148285718 1.216925859451294 0
1633148414484 1.255981981754303 0
1633148543239 1.2351503372192383 0
1633148671990 1.0042008757591248 0
1633148800760 1.4546193480491638 0
1633148929538 1.6821268796920776 0
1633149058294 1.285214364528656 0
1633149187510 1.2519375085830688 0
1633149316284 1.0012200772762299 0
1633149445017 0.7978141009807587 0
1633149573773 0.7766852974891663 0
1633149702525 1.3408702611923218 0
1633149831302 0.8221363425254822 0
1633149960044 1.4671353101730347 0
1633150088809 1.5001769661903381 0
1633150217563 1.065992534160614 0
1633150346334 0.8040024638175964 0
1633150475554 1.2096397280693054 0
1633150604337 1.1233658194541931 0
1633150733088 0.5983647927641869 0
1633150861856 1.4933249354362488 0
1633150990628 0.9843355417251587 0
1633151119401 1.1554021835327148 0
1633151248173 1.4550621509552002 0
1633151376943 1.1611007750034332 0
1633151505711 0.764187753200531 0
1633151634491 1.619042456150055 0
1633151763717 1.115592211484909 0
1633151892499 0.880340114235878 0
1633152021268 1.3695880770683289 0
1633152150039 1.543561577796936 0
1633152278798 0.8814623355865479 0
1633152407561 1.0851168036460876 0
1633152536325 0.45621564239263535 0
1633152665095 1.2333041429519653 0
1633152793864 1.3487742245197296 0
1633152922636 1.0314134359359741 0
1633153051871 1.0035221576690674 0
1633153180681 1.0027659237384796 0
1633153309445 0.647747129201889 0
1633153438223 1.9845194816589355 0
1633153566990 0.5186010450124741 0
1633153695733 0.7442407459020615 0
1633153824489 0.9465384781360626 0
1633153953253 1.0753515362739563 0
1633154082018 1.7121055126190186 0
1633154210779 1.5842650532722473 0
1633154339981 2.706189751625061 0
1633154468747 1.1417700052261353 0
1633154597520 1.2470492124557495 0
1633154726271 0.9486918449401855 0
1633154855023 0.5646021962165833 0
1633154983786 0.9029902219772339 0
1633155112555 1.408299207687378 0
1633155241337 1.1791051924228668 0
1633155370116 1.1313506960868835 0
1633155498891 0.9452053904533386 0
1633155628130 1.182828664779663 0
1633155756924 0.9418686330318451 0
1633155885696 0.9528608322143555 0
1633156014470 1.1432865262031555 0
1633156143247 1.4444469213485718 0
1633156271997 1.132220298051834 0
1633156400768 1.5934892892837524 0
1633156529536 0.9231694936752319 0
1633156658280 1.3665533661842346 0
1633156787043 1.6524122953414917 0
1633156916292 1.355517566204071 0
1633157045068 1.9753212928771973 0
1633157173836 0.9245988428592682 0
1633157302616 0.9494653046131134 0
1633157431369 1.2931576371192932 0
1633157560126 0.7407810688018799 0
1633157688929 0.9818803668022156 0
1633157817689 1.2784819602966309 0
1633157946461 1.3650671541690826 0
1633158075235 1.0381935834884644 0
1633158204457 1.038532793521881 0
1633158333243 0.8203591704368591 0
1633158462010 1.7729060649871826 0
1633158590774 0.9858609735965729 0
1633158719550 1.2248051762580872 0
1633158848320 1.4687121510505676 0
1633158977080 1.1409582495689392 0
1633159105848 0.8937269449234009 0
1633159234622 1.1554444432258606 0
1633159363395 0.9460835158824921 0
1633159492618 1.1081855297088623 0
1633159621418 1.400844395160675 0
1633159750188 1.3338376581668854 0
1633159878958 1.237196683883667 0
1633160007723 1.529685914516449 0
1633160136500 1.4704815745353699 0
1633160265259 0.8123547434806824 0
1633160394034 0.7650300562381744 0
1633160522819 1.2923958897590637 0
1633160651582 1.3470059633255005 0
1633160780797 1.4864827990531921 0
1633160909584 1.303165853023529 0
1633161038352 1.1142868101596832 0
1633161167126 1.0856832265853882 0
1633161295896 1.2534964680671692 0
1633161424673 1.6073964536190033 0
1633161553455 1.3804733753204346 0
1633161682217 1.1323568224906921 0
1633161810987 1.3660271167755127 0
1633161939755 1.14910227060318 0
1633162068986 0.7730516195297241 0
1633162197755 1.5378656387329102 0
1633162326530 1.2684628069400787 0
1633162455298 1.746499240398407 0
1633162584062 0.9077767729759216 0
1633162712831 1.5059329271316528 0
1633162841592 1.0658893287181854 0
1633162970365 0.810839056968689 0
1633163099128 1.2615751028060913 0
1633163227902 0.9871482253074646 0
1633163357127 1.0539367198944092 0
1633163485928 0.8845598846673965 0
1633163614711 0.7371996343135834 0
1633163743480 0.6906161606311798 0
1633163872248 1.4273311495780945 0
1633164001022 1.1469602584838867 0
1633164129813 1.2651638984680176 0
1633164258578 0.5604767799377441 0
1633164387342 1.2671353816986084 0
1633164516116 2.110739290714264 0
1633164645344 1.4774032831192017 0
1633164774136 1.6646846532821655 0
1633164902910 1.0039092898368835 0
1633165031674 1.1489811539649963 0
1633165160451 1.481444001197815 0
1633165289221 1.2908565998077393 0
1633165418001 1.2320052981376648 0
1633165546765 1.6257152557373047 0
1633165675555 1.5827453136444092 0
1633165804328 1.1848354935646057 0
1633165933554 1.0403603613376617 0
1633166062340 0.8089450001716614 0
1633166191106 0.8400052189826965 0
1633166319860 1.15619695186615 0
1633166448626 1.2425313889980316 0
1633166577399 1.3623958826065063 0
1633166706169 1.3337246775627136 0
1633166834930 1.0073304176330566 0
1633166963697 0.9632807075977325 0
1633167092475 0.9851735532283783 0
1633167221698 0.8766539394855499 0
1633167350489 1.3508915901184082 0
1633167479257 0.9514845609664917 0
1633167608030 0.6748179793357849 0
1633167736814 0.9478729814291 0
1633167865584 1.0310204327106476 0
1633167994353 1.7188690900802612 0
1633168123124 1.4675753712654114 0
1633168251887 1.0874230861663818 0
1633168380650 1.0019495487213135 0
1633168509855 1.386067122220993 0
1633168638636 0.6773550808429718 0
1633168767401 1.3471329808235168 0
1633168896166 1.2140058279037476 0
1633169024933 1.1345762610435486 0
1633169153707 1.0013664364814758 0
1633169282475 1.0559807121753693 0
1633169411248 1.0764878988265991 0
1633169540027 1.0352765023708344 0
1633169668792 1.4191102981567383 0
1633169798007 1.161522090435028 0
1633169926789 1.1567193567752838 0
1633170055501 1.3972644805908203 0
1633170184239 1.0478583574295044 0
1633170312996 1.019582360982895 0
1633170441757 1.2958629131317139 0
1633170570530 1.17876598238945 0
1633170699289 1.4188455939292908 0
1633170828046 1.3339537978172302 0
1633170956796 0.9420603513717651 0
1633171086008 1.1466844081878662 0
1633171214763 1.2964292168617249 0
1633171343523 1.79861181974411 0
1633171472276 1.1331547498703003 0
1633171601036 1.3284718096256256 0
1633171729802 0.951875627040863 0
1633171858559 1.6655497550964355 0
1633171987320 1.27340966463089 0
1633172116074 1.0932040512561798 0
1633172244839 0.8751529157161713 0
1633172374000 1.1416573524475098 0
1633172502747 1.2279505729675293 0
1633172631499 1.4621593952178955 0
1633172760259 1.089553952217102 0
1633172889049 1.106233686208725 0
1633173017804 1.1785191595554352 0
1633173146587 1.3474307656288147 0
1633173275348 0.9772914052009583 0
1633173404113 1.0373961329460144 0
1633173532867 0.9294880926609039 0
1633173662036 1.142044484615326 0
1633173790801 1.3028470277786255 0
1633173919552 1.0043655931949615 0
1633174048302 0.9569098651409149 0
1633174177075 1.04674831032753 0
1633174305848 1.2478627562522888 0
1633174434627 1.1650626361370087 0
1633174563401 0.7891237139701843 0
1633174692172 1.1793489456176758 0
1633174820919 1.130316972732544 0
1633174950134 1.2451045215129852 0
1633175078922 1.1837488412857056 0
1633175207694 1.4379801154136658 0
1633175336469 1.3325595259666443 0
1633175465232 1.1813912391662598 0
1633175593991 1.2513105273246765 0
1633175722759 0.9352549910545349 0
1633175851530 1.05503711104393 0
1633175980301 1.2757179141044617 0
1633176109070 1.0071985125541687 0
1633176238283 1.105671614408493 0
1633176367067 1.0522378981113434 0
1633176495842 1.275047481060028 0
1633176624604 1.076136738061905 0
1633176753391 1.15760737657547 0
1633176882162 1.403339147567749 0
1633177010931 1.3713171482086182 0
1633177139702 1.5575300455093384 0
1633177268480 1.0549563765525818 0
1633177397256 1.6683575510978699 0
1633177526472 0.98989537358284 0
1633177655271 1.4723028540611267 0
1633177784041 1.0460962653160095 0
1633177912807 0.8957852423191071 0
1633178041576 1.4785518050193787 0
1633178170347 1.6967230439186096 0
1633178299135 1.3373741507530212 0
1633178427903 1.145555019378662 0
1633178556678 1.136590301990509 0
1633178685443 1.2158761024475098 0
1633178814655 1.554680049419403 0
1633178943418 1.105380117893219 0
1633179072180 1.146982580423355 0
1633179200932 1.1419941186904907 0
1633179329679 1.323758840560913 0
1633179458427 1.0733967423439026 0
1633179587165 1.296635776758194 0
1633179715925 1.3706358075141907 0
1633179844702 1.2439334392547607 0
1633179973471 1.2154039144515991 0
1633180102684 1.149116039276123 0
1633180231460 1.3012290596961975 0
1633180360236 1.1478731632232666 0
1633180489003 1.0381357669830322 0
1633180617772 1.4256412386894226 0
1633180746536 1.2170575857162476 0
1633180875305 1.0800266861915588 0
1633181004074 1.1966735124588013 0
1633181132834 1.0735696852207184 0
1633181261593 1.2910048365592957 0
1633181390803 1.1859341263771057 0
1633181519583 1.0835630297660828 0
1633181648357 1.4241926670074463 0
1633181777120 1.271969974040985 0
1633181905892 1.3981714844703674 0
1633182034661 1.4980564713478088 0
1633182163448 1.2118921875953674 0
1633182292224 1.0808528065681458 0
1633182421003 1.0995526909828186 0
1633182549773 1.0826587080955505 0
1633182678980 1.35378497838974 0
1633182807754 1.19928640127182 0
1633182936524 1.3887622952461243 0
1633183065293 1.0959409475326538 0
1633183194044 1.075556993484497 0
1633183322798 1.335322916507721 0
1633183451561 1.2604168057441711 0
1633183580330 1.269313931465149 0
1633183709111 1.2467591762542725 0
1633183837877 1.0996589958667755 0
1633183967094 1.136064738035202 0
1633184095899 1.248302936553955 0
1633184224672 1.0660801231861115 0
1633184353447 1.1069782972335815 0
1633184482214 1.246084451675415 0
1633184610980 1.2151482105255127 0
1633184739748 1.1454470455646515 0
1633184868507 1.3787575960159302 0
1633184997277 1.018925040960312 0
