1634268004696 0 0
1634268006777 0 0
1634268007445 0 0
1634268008118 0 0
1634268008774 0 0
1634268009447 0 0
1634268010103 0 0
1634268010776 0 0
1634268011449 0 0
1634268012106 0 0
1634268012778 0 0
1634268013436 0 0
1634268014108 0 0
1634268014765 0 0
1634268015437 0 0
1634268016109 0 0
1634268016773 0 0
1634268017431 0 0
1634268018102 0 0
1634268018760 0 0
1634268019431 0 0
1634268021443 0 0
1634268022116 0 0
1634268022772 0 0
1634268023445 0 0
1634268024117 0 0
1634268024774 0 0
1634268025446 0 0
1634268026103 0 0
1634268026761 0 0
1634268027432 0 0
1634268028089 0 0
1634268028761 0 0
1634268030242 0 0
