1634268004696 0 0
1634268006775 1 0
1634268007445 2 0
1634268008102 3 0
1634268008774 4 0
1634268009447 5 0
1634268010103 6 0
1634268010776 7 0
1634268011433 8 0
1634268012106 9 0
1634268012778 10 0
1634268013436 11 0
1634268014108 12 0
1634268014765 13 0
1634268015437 14 0
1634268016107 15 0
1634268016771 16 0
1634268017431 17 0
1634268018102 18 0
1634268018760 19 0
1634268019431 20 0
1634268021441 21 0
1634268022116 22 0
1634268022772 23 0
1634268023445 24 0
1634268024101 25 0
1634268024774 26 0
1634268025430 27 0
1634268026103 28 0
1634268026761 29 0
1634268027432 30 0
1634268028089 31 0
1634268028761 32 0
1634268030242 33 0
