1630676705924 0 0
1630677046967 1 0
1630677388394 2 0
1630677729885 3 0
1630678070797 4 0
1630678412544 5 0
1630678753985 6 0
1630679095943 7 0
1630679437777 8 0
1630679778764 9 0
1630680135326 10 0
1630680479937 11 0
1630680822928 12 0
1630681165379 13 0
1630681507964 14 0
1630681850091 15 0
1630682192410 16 0
1630682533990 17 0
1630682875696 18 0
1630683218372 19 0
1630683563432 20 0
1630683907908 21 0
1630684251473 22 0
1630684593727 23 0
1630684936137 24 0
1630685278970 25 0
1630685621430 26 0
1630685963572 27 0
1630686306374 28 0
1630686648627 29 0
1630687003569 30 0
1630687345167 31 0
1630687688893 32 0
1630688031912 33 0
1630688374827 34 0
1630688716841 35 0
1630689059472 36 0
1630689401368 37 0
1630689743027 38 0
1630690085078 39 0
1630690430144 40 0
1630690771392 41 0
1630691112834 42 0
1630691455827 43 0
1630691797909 44 0
1630692140006 45 0
1630692480839 46 0
1630692823564 47 0
1630693165711 48 0
1630693507683 49 0
1630693861998 50 0
1630694203971 51 0
1630694546928 52 0
1630694889932 53 0
1630695231669 54 0
1630695573559 55 0
1630695914967 56 0
1630696256994 57 0
1630696598716 58 0
1630696940203 59 0
1630697284669 60 0
1630697625828 61 0
1630697968009 62 0
1630698310045 63 0
1630698653142 64 0
1630698995290 65 0
1630699337186 66 0
1630699679127 67 0
1630700021398 68 0
1630700363551 69 0
1630700719898 70 0
1630701060980 71 0
1630701402612 72 0
1630701744537 73 0
1630702087588 74 0
1630702430310 75 0
1630702772198 76 0
1630703114390 77 0
1630703456426 78 0
1630703798452 79 0
1630704143175 80 0
1630704484602 81 0
1630704823788 82 0
1630705165241 83 0
1630705506885 84 0
1630705849125 85 0
1630706190488 86 0
1630706532368 87 0
1630706873826 88 0
1630707215469 89 0
1630707569720 90 0
1630707910992 91 0
1630708251464 92 0
1630708592952 93 0
1630708935317 94 0
1630709277181 95 0
1630709619547 96 0
1630709961733 97 0
1630710303643 98 0
1630710645942 99 0
