1630676705947 0.21594261974096307 0
1630677046967 0.35804949665069585 0
1630677388394 0.4526173684597016 0
1630677729885 0.5245618405342102 0
1630678070812 0.5585799486637116 0
1630678412560 0.5828096294403079 0
1630678754001 0.5982703428268437 0
1630679095959 0.6129552447795867 0
1630679437808 0.6441435105800631 0
1630679778780 0.6481410117149354 0
1630680135342 0.6601315276622773 0
1630680479953 0.682109769821167 0
1630680822944 0.7017785387039182 0
1630681165395 0.7182100410461428 0
1630681507980 0.7379881625175476 0
1630681850107 0.7467631411552428 0
1630682192425 0.7629687428474424 0
1630682534006 0.778990725517273 0
1630682875712 0.7861825737953185 0
1630683218387 0.7933597273826596 0
1630683563447 0.784873258113861 0
1630683907923 0.8082326130867005 0
1630684251488 0.8132318663597107 0
1630684593743 0.816525275707245 0
1630684936153 0.832127933502197 0
1630685278970 0.8358051309585572 0
1630685621445 0.8510804796218875 0
1630685963572 0.8602453155517578 0
1630686306389 0.8649256949424741 0
1630686648643 0.8726296892166137 0
1630687003584 0.8754652791023253 0
1630687345183 0.8805025606155397 0
1630687688909 0.8843592000007631 0
1630688031928 0.8876008276939394 0
1630688374843 0.8905961074829103 0
1630688716857 0.894239761352539 0
1630689059503 0.8944845862388613 0
1630689401384 0.8947886824607852 0
1630689743043 0.8999476833343505 0
1630690085094 0.9037555208206178 0
1630690430144 0.9061973066329959 0
1630690771392 0.9089398622512816 0
1630691112850 0.9115693354606625 0
1630691455843 0.9142462816238405 0
1630691797941 0.9149988384246831 0
1630692140037 0.9162450313568112 0
1630692480855 0.9182771348953248 0
1630692823580 0.9181748123168941 0
1630693165711 0.9195150589942931 0
1630693507698 0.9215787625312806 0
1630693862013 0.9242919507026673 0
1630694203987 0.9248232660293579 0
1630694546944 0.9251324400901794 0
1630694889948 0.926676898956299 0
1630695231684 0.9276314949989319 0
1630695573575 0.9275591187477114 0
1630695914983 0.9268015408515928 0
1630696257010 0.9233326544761659 0
1630696598732 0.9252696900367738 0
1630696940219 0.9313085651397706 0
1630697284684 0.9343364148139954 0
1630697625843 0.9361748929023742 0
1630697968024 0.9374243040084836 0
1630698310061 0.9382291812896725 0
1630698653158 0.9386544675827028 0
1630698995306 0.9401683888435359 0
1630699337201 0.9378487877845767 0
1630699679142 0.9272383036613466 0
1630700021398 0.9333856635093685 0
1630700363567 0.9395428886413569 0
1630700719898 0.942155891895294 0
1630701060995 0.9439926805496215 0
1630701402628 0.9451217355728151 0
1630701744537 0.9459257707595825 0
1630702087588 0.9462835097312927 0
1630702430325 0.9472626748085021 0
1630702772214 0.9479807472229005 0
1630703114405 0.9477113413810727 0
1630703456441 0.9477835946083067 0
1630703798468 0.9481856908798215 0
1630704143191 0.948884126186371 0
1630704484618 0.9494254560470581 0
1630704823804 0.9495213146209718 0
1630705165241 0.9499795308113098 0
1630705506900 0.9507199087142945 0
1630705849156 0.9517291507720945 0
1630706190504 0.9514944028854367 0
1630706532383 0.9506746687889098 0
1630706873841 0.9465064220428472 0
1630707215485 0.9449317016601559 0
1630707569736 0.9472364172935483 0
1630707911007 0.9509843306541442 0
1630708251464 0.9526503181457517 0
1630708592952 0.9547586555480959 0
1630708935333 0.9555581998825076 0
1630709277196 0.9527111659049993 0
1630709619563 0.9453020477294926 0
1630709961733 0.930484282016754 0
1630710303659 0.9438380494117737 0
1630710645957 0.9473827881813048 0
