1630676705938 0.7646652679443361 0
1630677046967 0.6063440346717834 0
1630677388394 0.5086223964691161 0
1630677729885 0.44927272081375125 0
1630678070812 0.41594020938873305 0
1630678412544 0.39110351133346555 0
1630678753985 0.37447219038009644 0
1630679095943 0.36087491512298575 0
1630679437793 0.3457003264427184 0
1630679778780 0.3416449623107909 0
1630680135342 0.3314908542633056 0
1630680479937 0.31678259181976337 0
1630680822944 0.3069269008636474 0
1630681165379 0.2956351594924926 0
1630681507964 0.285261999130249 0
1630681850107 0.27955273532867425 0
1630682192425 0.2706388545036317 0
1630682533990 0.26045994138717654 0
1630682875712 0.2533343148231506 0
1630683218372 0.24857286739349368 0
1630683563432 0.25480700826644903 0
1630683907908 0.23901007127761842 0
1630684251488 0.2352471923828125 0
1630684593727 0.23201423883438108 0
1630684936153 0.22113248157501217 0
1630685278970 0.2198793849945069 0
1630685621430 0.20774081563949584 0
1630685963572 0.2002554020881652 0
1630686306374 0.19679782199859627 0
1630686648627 0.1915104355812073 0
1630687003569 0.1884582142829895 0
1630687345167 0.18484012317657472 0
1630687688893 0.18223479843139645 0
1630688031928 0.17940270853042603 0
1630688374827 0.176973816871643 0
1630688716857 0.17399136829376222 0
1630689059487 0.17394180774688725 0
1630689401368 0.17319739627838135 0
1630689743027 0.16944284296035775 0
1630690085094 0.16637968969345088 0
1630690430144 0.16382839632034302 0
1630690771392 0.16146514558792116 0
1630691112850 0.1597279210090637 0
1630691455843 0.15782478570938108 0
1630691797925 0.15706124496459958 0
1630692140021 0.1557027344703675 0
1630692480855 0.1540320014953614 0
1630692823564 0.15408006858825685 0
1630693165711 0.1531518263816834 0
1630693507698 0.15076594638824467 0
1630693861998 0.14850959014892573 0
1630694203971 0.14828997039794922 0
1630694546944 0.14781065845489505 0
1630694889932 0.14652603769302364 0
1630695231684 0.14547257566452032 0
1630695573575 0.14567717123031615 0
1630695914983 0.14572298812866208 0
1630696256994 0.14960970926284795 0
1630696598732 0.14813961362838746 0
1630696940219 0.14210683155059825 0
1630697284684 0.13957581329345697 0
1630697625828 0.1384208807945252 0
1630697968024 0.13711356401443478 0
1630698310045 0.13638720226287837 0
1630698653142 0.1358375520706177 0
1630698995290 0.13431172513961792 0
1630699337186 0.1369733691215515 0
1630699679142 0.14538421440124505 0
1630700021398 0.14014609289169314 0
1630700363567 0.1349061055183411 0
1630700719898 0.13259276199340825 0
1630701060980 0.1311595034599304 0
1630701402628 0.13006784677505487 0
1630701744537 0.12947056865692133 0
1630702087588 0.12885888290405276 0
1630702430325 0.1283722634315491 0
1630702772198 0.12777320194244385 0
1630703114390 0.12794708871841431 0
1630703456441 0.12750844764709462 0
1630703798468 0.1273641471862793 0
1630704143191 0.12679267549514772 0
1630704484602 0.12592039251327516 0
1630704823788 0.12594381141662597 0
1630705165241 0.12566570234298702 0
1630705506885 0.12490040493011476 0
1630705849140 0.12376698064804079 0
1630706190504 0.1242584662437439 0
1630706532383 0.12485347223281855 0
1630706873841 0.1280058712959289 0
1630707215485 0.12971164655685427 0
1630707569720 0.1276905918121337 0
1630707911007 0.1239409132003784 0
1630708251464 0.12289115667343144 0
1630708592952 0.12111897802352907 0
1630708935317 0.12037940025329588 0
1630709277181 0.12296062040328977 0
1630709619547 0.1296823115348817 0
1630709961733 0.1422182087898255 0
1630710303659 0.13013732671737668 0
1630710645942 0.12709688997268678 0
