1630676705934 0.33495145571231855 0
1630677046967 0.48519344568252565 0
1630677388394 0.5460703790187834 0
1630677729885 0.584719041824341 0
1630678070797 0.603368482351303 0
1630678412544 0.6218196966648102 0
1630678753985 0.6346719427108763 0
1630679095943 0.6460714001655578 0
1630679437793 0.6620969417095183 0
1630679778780 0.6638516993522644 0
1630680135342 0.6729503264427183 0
1630680479937 0.6874367856979366 0
1630680822928 0.6967553043365479 0
1630681165379 0.7076111102104187 0
1630681507964 0.7177274556159974 0
1630681850091 0.7230585122108459 0
1630682192425 0.7317185859680178 0
1630682533990 0.7417405977249146 0
1630682875712 0.748675405025482 0
1630683218372 0.7532716841697693 0
1630683563432 0.7468060765266418 0
1630683907908 0.7625705366134642 0
1630684251473 0.7662551412582396 0
1630684593727 0.7693447165489198 0
1630684936153 0.7801958494186402 0
1630685278970 0.7814254512786863 0
1630685621430 0.7934985542297366 0
1630685963572 0.801030789375305 0
1630686306374 0.80446106672287 0
1630686648627 0.8097139983177185 0
1630687003569 0.812699297904968 0
1630687345167 0.8162670893669128 0
1630687688893 0.8188948340415952 0
1630688031912 0.8217060308456423 0
1630688374827 0.824102961063385 0
1630688716857 0.8270314245223997 0
1630689059487 0.8270832295417784 0
1630689401368 0.8277544417381286 0
1630689743027 0.831464570999146 0
1630690085094 0.8345145916938784 0
1630690430144 0.8370736660957334 0
1630690771392 0.8393674449920655 0
1630691112850 0.8410982899665829 0
1630691455827 0.8429937267303466 0
1630691797925 0.8437694015502929 0
1630692140021 0.8450682554244994 0
1630692480855 0.8467181940078735 0
1630692823564 0.8466721644401549 0
1630693165711 0.8475685682296753 0
1630693507683 0.8499259757995605 0
1630693861998 0.8521507887840271 0
1630694203971 0.8523656301498412 0
1630694546928 0.8528684206008911 0
1630694889932 0.8541137270927429 0
1630695231684 0.8551626105308537 0
1630695573575 0.8549383153915403 0
1630695914983 0.8548885245323179 0
1630696256994 0.850964766502381 0
1630696598732 0.8524342837333682 0
1630696940219 0.858430561065674 0
1630697284684 0.8609622797966006 0
1630697625828 0.8621125478744507 0
1630697968024 0.8634143753051758 0
1630698310045 0.864140933513641 0
1630698653142 0.8646805934906006 0
1630698995290 0.866179662704468 0
1630699337186 0.8635775828361514 0
1630699679142 0.85510830450058 0
1630700021398 0.8603248987197873 0
1630700363551 0.8655532817840575 0
1630700719898 0.8678755249977111 0
1630701060980 0.869289499282837 0
1630701402628 0.8703804569244388 0
1630701744537 0.8709738001823423 0
1630702087588 0.8715832581520082 0
1630702430310 0.8720693731307982 0
1630702772198 0.8726580004692078 0
1630703114390 0.8724840383529664 0
1630703456441 0.872905704498291 0
1630703798468 0.8730619077682493 0
1630704143191 0.873636459350586 0
1630704484602 0.8744857053756714 0
1630704823788 0.8744552688598637 0
1630705165241 0.8747465944290157 0
1630705506885 0.8755036849975587 0
1630705849140 0.876621469020844 0
1630706190504 0.8761348724365234 0
1630706532383 0.8755274276733397 0
1630706873841 0.8723577957153326 0
1630707215469 0.8706627497673035 0
1630707569720 0.8726554136276247 0
1630707911007 0.8764022068977357 0
1630708251464 0.8774597902297973 0
1630708592952 0.8792375807762146 0
1630708935317 0.8799756426811218 0
1630709277181 0.8773984794616702 0
1630709619547 0.8706488900184631 0
1630709961733 0.8580948290824888 0
1630710303643 0.8701697072982786 0
1630710645942 0.8732254953384397 0
