1630676705941 0.7414310603141786 0
1630677046967 0.8785780792236327 0
1630677388394 0.9128337659835815 0
1630677729885 0.9285647063255315 0
1630678070812 0.9343075928688048 0
1630678412544 0.9381803069114687 0
1630678754001 0.9405785813331604 0
1630679095943 0.9427914562225342 0
1630679437793 0.9467482056617738 0
1630679778780 0.9472095327377318 0
1630680135342 0.9488307824134827 0
1630680479937 0.9515699639320373 0
1630680822944 0.9536740231513977 0
1630681165379 0.9555923151969908 0
1630681507964 0.9576080145835876 0
1630681850107 0.9585412178039552 0
1630682192425 0.9601341896057127 0
1630682533990 0.9618180599212643 0
1630682875712 0.9627949190139771 0
1630683218372 0.9635425629615783 0
1630683563432 0.9625766048431398 0
1630683907908 0.9650609788894654 0
1630684251488 0.9656102538108827 0
1630684593727 0.966087545394897 0
1630684936153 0.9677143845558167 0
1630685278970 0.9679726610183714 0
1630685621430 0.9697257347106929 0
1630685963572 0.9708105297088622 0
1630686306374 0.9713017826080319 0
1630686648627 0.9721423120498659 0
1630687003584 0.9725171656608579 0
1630687345167 0.973006783485413 0
1630687688893 0.973442299365997 0
1630688031928 0.9738175692558289 0
1630688374827 0.9741266508102415 0
1630688716857 0.9745562257766724 0
1630689059487 0.9745958585739136 0
1630689401384 0.974603451251984 0
1630689743043 0.9751807689666747 0
1630690085094 0.9756477985382079 0
1630690430144 0.9759511971473694 0
1630690771392 0.9762794375419616 0
1630691112850 0.9765562000274658 0
1630691455843 0.9768008403778075 0
1630691797925 0.9768861150741577 0
1630692140021 0.9770969076156615 0
1630692480855 0.977325637817383 0
1630692823564 0.9772967495918272 0
1630693165711 0.9774803771972654 0
1630693507698 0.9777934389114382 0
1630693861998 0.9780568628311159 0
1630694203987 0.9781471519470211 0
1630694546944 0.9782157020568847 0
1630694889932 0.9783527054786679 0
1630695231684 0.9784636735916139 0
1630695573575 0.9784720354080199 0
1630695914983 0.9784318647384646 0
1630696257010 0.9778910999298096 0
1630696598732 0.9781699995994569 0
1630696940219 0.9789263839721679 0
1630697284684 0.9792937169075014 0
1630697625843 0.9794470272064207 0
1630697968024 0.9796333250999446 0
1630698310061 0.9797343277931214 0
1630698653142 0.9797878580093379 0
1630698995290 0.9799859104156499 0
1630699337186 0.9796683349609376 0
1630699679142 0.9784591817855836 0
1630700021398 0.9791993861198425 0
1630700363567 0.9799167823791506 0
1630700719898 0.9802308301925663 0
1630701060980 0.9804274320602413 0
1630701402628 0.9805534191131594 0
1630701744537 0.9806502127647398 0
1630702087588 0.9807290730476379 0
1630702430325 0.980812489032745 0
1630702772198 0.9808993654251095 0
1630703114405 0.9808822007179256 0
1630703456441 0.9809078702926638 0
1630703798468 0.9809805150032042 0
1630704143191 0.9810343823432922 0
1630704484602 0.9811268386840822 0
1630704823788 0.9811542801856995 0
1630705165241 0.9812040333747862 0
1630705506885 0.9813023371696474 0
1630705849140 0.9814316091537479 0
1630706190504 0.9813754291534423 0
1630706532383 0.9812851009368899 0
1630706873841 0.9808498148918154 0
1630707215485 0.9806235427856445 0
1630707569720 0.9809198842048646 0
1630707911007 0.9813683419227598 0
1630708251464 0.9815343985557555 0
1630708592952 0.9817952108383178 0
1630708935317 0.9818881840705869 0
1630709277196 0.9815355577468874 0
1630709619563 0.980605319023132 0
1630709961733 0.9788710875511171 0
1630710303659 0.9805196361541748 0
1630710645942 0.9809618024826051 0
