1624726025044 0 0
1624726025935 1 0
1624726026816 2 0
1624726027690 3 0
1624726028575 4 0
1624726029461 5 0
1624726030328 6 0
1624726031199 7 0
1624726032074 8 0
1624726032954 9 0
1624726033835 10 0
1624726034754 11 0
1624726035632 12 0
1624726036514 13 0
1624726037387 14 0
1624726038266 15 0
1624726039144 16 0
1624726040017 17 0
1624726040914 18 0
1624726041801 19 0
1624726042696 20 0
1624726043603 21 0
1624726044508 22 0
1624726045402 23 0
1624726046284 24 0
1624726047155 25 0
1624726048031 26 0
1624726048906 27 0
1624726049789 28 0
1624726050705 29 0
1624726051617 30 0
1624726052521 31 0
1624726053418 32 0
1624726054325 33 0
1624726055228 34 0
1624726056130 35 0
1624726057022 36 0
1624726057920 37 0
1624726058823 38 0
1624726059723 39 0
1624726060623 40 0
1624726061547 41 0
1624726062455 42 0
1624726063352 43 0
1624726064248 44 0
1624726065140 45 0
1624726066026 46 0
1624726066910 47 0
1624726067807 48 0
1624726068711 49 0
1624726069622 50 0
1624726070550 51 0
1624726071469 52 0
1624726072398 53 0
1624726073331 54 0
1624726074255 55 0
1624726075189 56 0
1624726076129 57 0
1624726077026 58 0
1624726077936 59 0
1624726078851 60 0
1624726079758 61 0
1624726080667 62 0
1624726081552 63 0
1624726082444 64 0
1624726083326 65 0
1624726084212 66 0
1624726085096 67 0
1624726085985 68 0
1624726086869 69 0
1624726087754 70 0
1624726088640 71 0
1624726089524 72 0
1624726090406 73 0
1624726091293 74 0
1624726092176 75 0
1624726093086 76 0
1624726093995 77 0
1624726094901 78 0
1624726095795 79 0
1624726096682 80 0
1624726097590 81 0
1624726098498 82 0
1624726099413 83 0
1624726100323 84 0
1624726101230 85 0
1624726102138 86 0
1624726103052 87 0
1624726103963 88 0
1624726104868 89 0
1624726105772 90 0
1624726106681 91 0
1624726107588 92 0
1624726108490 93 0
1624726109396 94 0
1624726110303 95 0
1624726111217 96 0
1624726112126 97 0
1624726113029 98 0
1624726113932 99 0
1624726114840 100 0
1624726115753 101 0
1624726116667 102 0
1624726117573 103 0
1624726118481 104 0
1624726119388 105 0
1624726120299 106 0
1624726121236 107 0
1624726122168 108 0
1624726123143 109 0
1624726124072 110 0
1624726125003 111 0
1624726125910 112 0
1624726126820 113 0
1624726127740 114 0
1624726128642 115 0
1624726129554 116 0
1624726130462 117 0
1624726131385 118 0
1624726132313 119 0
1624726133244 120 0
1624726134157 121 0
1624726135075 122 0
1624726135989 123 0
1624726136909 124 0
1624726137828 125 0
1624726138729 126 0
1624726139640 127 0
1624726140552 128 0
1624726141452 129 0
1624726142375 130 0
1624726143274 131 0
1624726144183 132 0
1624726145097 133 0
1624726145991 134 0
1624726146874 135 0
1624726147762 136 0
1624726148644 137 0
1624726149535 138 0
1624726150427 139 0
1624726151344 140 0
1624726152228 141 0
1624726153111 142 0
1624726153996 143 0
1624726154877 144 0
1624726155774 145 0
1624726156661 146 0
1624726157546 147 0
1624726158431 148 0
1624726159317 149 0
1624726160201 150 0
1624726161083 151 0
1624726161968 152 0
1624726162858 153 0
1624726163750 154 0
1624726164640 155 0
1624726165524 156 0
1624726166411 157 0
1624726167300 158 0
1624726168190 159 0
1624726169080 160 0
1624726169966 161 0
1624726170860 162 0
1624726171752 163 0
1624726172642 164 0
1624726173523 165 0
1624726174417 166 0
1624726175297 167 0
1624726176188 168 0
1624726177078 169 0
1624726177985 170 0
1624726178879 171 0
1624726179764 172 0
1624726180650 173 0
1624726181535 174 0
1624726182420 175 0
1624726183300 176 0
1624726184193 177 0
1624726185087 178 0
1624726185976 179 0
1624726186869 180 0
1624726187758 181 0
1624726188642 182 0
1624726189526 183 0
1624726190412 184 0
1624726191300 185 0
1624726192189 186 0
1624726193074 187 0
1624726193954 188 0
1624726194845 189 0
1624726195733 190 0
1624726196619 191 0
1624726197505 192 0
1624726198397 193 0
1624726199284 194 0
1624726200175 195 0
1624726201063 196 0
1624726201960 197 0
1624726202856 198 0
1624726203765 199 0
1624726204681 200 0
1624726205585 201 0
1624726206493 202 0
1624726207391 203 0
1624726208280 204 0
1624726209181 205 0
1624726210084 206 0
1624726211007 207 0
1624726211918 208 0
1624726212852 209 0
1624726213736 210 0
1624726214626 211 0
1624726215530 212 0
1624726216417 213 0
1624726217300 214 0
1624726218183 215 0
1624726219074 216 0
1624726219959 217 0
1624726220843 218 0
1624726221751 219 0
1624726222664 220 0
1624726223580 221 0
1624726224493 222 0
1624726225397 223 0
1624726226306 224 0
1624726227221 225 0
1624726228137 226 0
1624726229053 227 0
1624726229969 228 0
1624726230863 229 0
1624726231769 230 0
1624726232660 231 0
1624726233547 232 0
1624726234434 233 0
1624726235319 234 0
1624726236209 235 0
1624726237106 236 0
1624726237997 237 0
1624726238886 238 0
1624726239768 239 0
1624726240659 240 0
1624726241553 241 0
1624726242438 242 0
1624726243321 243 0
1624726244218 244 0
1624726245100 245 0
1624726245994 246 0
1624726246890 247 0
1624726247780 248 0
1624726248669 249 0
1624726249556 250 0
1624726250439 251 0
1624726251324 252 0
1624726252220 253 0
1624726253108 254 0
1624726253995 255 0
1624726254883 256 0
1624726255763 257 0
1624726256654 258 0
1624726257546 259 0
1624726258439 260 0
1624726259347 261 0
1624726260254 262 0
1624726261157 263 0
1624726262046 264 0
1624726262931 265 0
1624726263817 266 0
1624726264698 267 0
1624726265587 268 0
1624726266511 269 0
1624726267741 270 0
1624726268986 271 0
1624726270190 272 0
1624726271326 273 0
1624726272220 274 0
1624726273128 275 0
1624726274034 276 0
1624726274930 277 0
1624726275815 278 0
1624726276700 279 0
1624726277589 280 0
1624726278474 281 0
1624726279360 282 0
1624726280249 283 0
1624726281125 284 0
1624726282014 285 0
1624726282918 286 0
1624726283802 287 0
1624726284685 288 0
1624726285572 289 0
1624726286465 290 0
1624726287350 291 0
1624726288229 292 0
1624726289116 293 0
1624726289999 294 0
1624726290879 295 0
1624726291783 296 0
1624726292719 297 0
1624726293678 298 0
1624726294596 299 0
1624726295569 300 0
1624726296474 301 0
1624726297364 302 0
1624726298279 303 0
1624726299211 304 0
1624726300144 305 0
1624726301032 306 0
1624726301953 307 0
1624726302888 308 0
1624726303813 309 0
1624726304739 310 0
1624726305661 311 0
1624726306584 312 0
1624726307496 313 0
1624726308397 314 0
1624726309301 315 0
1624726310205 316 0
1624726311120 317 0
1624726312025 318 0
1624726312931 319 0
1624726313824 320 0
1624726314716 321 0
1624726315612 322 0
1624726316515 323 0
1624726317425 324 0
1624726318332 325 0
1624726319227 326 0
1624726320141 327 0
1624726321077 328 0
1624726321981 329 0
1624726322880 330 0
1624726323813 331 0
1624726324742 332 0
1624726325667 333 0
1624726326607 334 0
1624726327527 335 0
1624726328441 336 0
1624726329393 337 0
1624726330304 338 0
1624726331196 339 0
1624726332085 340 0
1624726332968 341 0
1624726333856 342 0
1624726334742 343 0
1624726335631 344 0
1624726336522 345 0
1624726337411 346 0
1624726338305 347 0
1624726339194 348 0
1624726340091 349 0
1624726340986 350 0
1624726341872 351 0
1624726342759 352 0
1624726343657 353 0
1624726344557 354 0
1624726345441 355 0
1624726346331 356 0
1624726347232 357 0
1624726348136 358 0
1624726349044 359 0
1624726349952 360 0
1624726350847 361 0
1624726351730 362 0
1624726352620 363 0
1624726353508 364 0
1624726354392 365 0
1624726355282 366 0
1624726356175 367 0
1624726357059 368 0
1624726357953 369 0
1624726358844 370 0
1624726359729 371 0
1624726360612 372 0
1624726361506 373 0
1624726362394 374 0
1624726363279 375 0
1624726364175 376 0
1624726365057 377 0
1624726365944 378 0
1624726366846 379 0
1624726367748 380 0
1624726368628 381 0
1624726369514 382 0
1624726370402 383 0
1624726371295 384 0
1624726372180 385 0
1624726373069 386 0
1624726373961 387 0
1624726374875 388 0
1624726375792 389 0
1624726376702 390 0
1624726377614 391 0
1624726378522 392 0
1624726379435 393 0
1624726380357 394 0
1624726381279 395 0
1624726382195 396 0
1624726383112 397 0
1624726384019 398 0
1624726384939 399 0
1624726385856 400 0
1624726386752 401 0
1624726387645 402 0
1624726388526 403 0
1624726389414 404 0
1624726390311 405 0
1624726391196 406 0
1624726392085 407 0
1624726392978 408 0
1624726393865 409 0
1624726394752 410 0
1624726395641 411 0
1624726396525 412 0
1624726397410 413 0
1624726398301 414 0
1624726399191 415 0
1624726400084 416 0
1624726400967 417 0
1624726401857 418 0
1624726402747 419 0
1624726403637 420 0
1624726404526 421 0
1624726405421 422 0
1624726406311 423 0
1624726407219 424 0
1624726408121 425 0
1624726409020 426 0
1624726409932 427 0
1624726410822 428 0
1624726411712 429 0
1624726412598 430 0
1624726413488 431 0
1624726414377 432 0
1624726415263 433 0
1624726416156 434 0
1624726417044 435 0
1624726417943 436 0
1624726418829 437 0
1624726419721 438 0
1624726420602 439 0
1624726421492 440 0
1624726422382 441 0
1624726423266 442 0
1624726424153 443 0
1624726425044 444 0
1624726425938 445 0
1624726426823 446 0
1624726427714 447 0
1624726428597 448 0
1624726429484 449 0
1624726430370 450 0
1624726431258 451 0
1624726432154 452 0
1624726433047 453 0
1624726433936 454 0
1624726434826 455 0
1624726435723 456 0
1624726436608 457 0
1624726437495 458 0
1624726438395 459 0
1624726439282 460 0
1624726440168 461 0
1624726441050 462 0
1624726441942 463 0
1624726442825 464 0
1624726443714 465 0
1624726444606 466 0
1624726445493 467 0
1624726446379 468 0
1624726447274 469 0
1624726448158 470 0
1624726449039 471 0
1624726449932 472 0
1624726450816 473 0
1624726451700 474 0
1624726452584 475 0
1624726453473 476 0
1624726454369 477 0
1624726455280 478 0
1624726456177 479 0
1624726457060 480 0
1624726457944 481 0
1624726458833 482 0
1624726459718 483 0
1624726460611 484 0
1624726461500 485 0
1624726462386 486 0
1624726463277 487 0
1624726464160 488 0
1624726465051 489 0
1624726465939 490 0
1624726466843 491 0
1624726467756 492 0
1624726468644 493 0
1624726469557 494 0
1624726470472 495 0
1624726471385 496 0
1624726472302 497 0
1624726473193 498 0
1624726474119 499 0
1624726475073 500 0
1624726476015 501 0
1624726476942 502 0
1624726477888 503 0
1624726478817 504 0
1624726479729 505 0
1624726480680 506 0
1624726481609 507 0
1624726482543 508 0
1624726483472 509 0
1624726484416 510 0
1624726485352 511 0
1624726486294 512 0
1624726487228 513 0
1624726488161 514 0
1624726489111 515 0
1624726490052 516 0
1624726490935 517 0
1624726491821 518 0
1624726492713 519 0
1624726493605 520 0
1624726494500 521 0
1624726495386 522 0
1624726496279 523 0
1624726497167 524 0
1624726498056 525 0
1624726498937 526 0
1624726499832 527 0
1624726500720 528 0
1624726501613 529 0
1624726502523 530 0
1624726503435 531 0
1624726504353 532 0
1624726505266 533 0
1624726506181 534 0
1624726507094 535 0
1624726508015 536 0
1624726508930 537 0
1624726509839 538 0
1624726510752 539 0
1624726511670 540 0
1624726512577 541 0
1624726513485 542 0
1624726514389 543 0
1624726515307 544 0
1624726516214 545 0
1624726517116 546 0
1624726518025 547 0
1624726518943 548 0
1624726519856 549 0
1624726520763 550 0
1624726521681 551 0
1624726522567 552 0
1624726523450 553 0
