1624726025065 25.160097122192383 0
1624726025955 19.374374389648438 0
1624726026837 14.338706970214844 0
1624726027711 13.350296020507812 0
1624726028600 12.232009887695312 0
1624726029482 10.311890602111816 0
1624726030349 14.520936012268066 0
1624726031219 16.57444190979004 0
1624726032095 10.694915771484375 0
1624726032976 10.575700759887695 0
1624726033857 15.400481224060059 0
1624726034775 10.558485984802246 0
1624726035656 19.97515106201172 0
1624726036534 9.585939407348633 0
1624726037407 10.283002853393555 0
1624726038287 12.309906005859375 0
1624726039165 8.36815357208252 0
1624726040041 13.829195976257324 0
1624726040937 7.273653984069824 0
1624726041824 8.71017837524414 0
1624726042720 11.001321792602539 0
1624726043627 10.23855209350586 0
1624726044532 7.224231243133545 0
1624726045425 10.316084861755371 0
1624726046305 7.94901180267334 0
1624726047176 15.368982315063477 0
1624726048050 11.765357971191406 0
1624726048928 9.842503547668457 0
1624726049814 10.797391891479492 0
1624726050731 9.83249282836914 0
1624726051641 6.923795700073242 0
1624726052545 9.124043464660645 0
1624726053443 10.609827041625977 0
1624726054351 8.83413028717041 0
1624726055252 7.437675476074219 0
1624726056151 7.791131019592285 0
1624726057047 7.047705173492432 0
1624726057948 9.579066276550293 0
1624726058850 8.259734153747559 0
1624726059747 8.061079978942871 0
1624726060650 8.75106430053711 0
1624726061572 6.4789814949035645 0
1624726062479 8.121675491333008 0
1624726063374 6.881114959716797 0
1624726064273 9.948168754577637 0
1624726065164 7.220307350158691 0
1624726066046 6.6166090965271 0
1624726066934 9.085372924804688 0
1624726067831 7.5840911865234375 0
1624726068736 4.923503875732422 0
1624726069645 7.504271507263184 0
1624726070576 10.04883098602295 0
1624726071495 13.20134162902832 0
1624726072422 7.299515724182129 0
1624726073355 10.957206726074219 0
1624726074280 8.570730209350586 0
1624726075216 11.331205368041992 0
1624726076153 12.210652351379395 0
1624726077054 5.464803695678711 0
1624726077961 7.6147308349609375 0
1624726078874 7.420235633850098 0
1624726079782 5.812808036804199 0
1624726080687 11.647520065307617 0
1624726081573 13.523595809936523 0
1624726082466 8.107257843017578 0
1624726083346 7.705358505249023 0
1624726084234 11.876707077026367 0
1624726085118 7.136044502258301 0
1624726086005 7.989995956420898 0
1624726086889 5.856327056884766 0
1624726087775 8.427192687988281 0
1624726088663 5.611943244934082 0
1624726089546 7.799245834350586 0
1624726090427 8.294929504394531 0
1624726091313 5.069370269775391 0
1624726092203 7.906049728393555 0
1624726093109 5.416799545288086 0
1624726094022 6.827779769897461 0
1624726094924 7.274138927459717 0
1624726095816 4.952784538269043 0
1624726096708 8.000638008117676 0
1624726097616 7.312561988830566 0
1624726098524 11.881837844848633 0
1624726099438 18.329978942871094 0
1624726100348 6.503829002380371 0
1624726101255 7.230362892150879 0
1624726102163 7.920742988586426 0
1624726103077 13.264491081237793 0
1624726103987 8.332136154174805 0
1624726104892 15.768927574157715 0
1624726105797 7.035984992980957 0
1624726106705 9.699747085571289 0
1624726107614 9.886579513549805 0
1624726108514 6.824575424194336 0
1624726109422 6.287391662597656 0
1624726110329 13.381631851196289 0
1624726111242 7.6619977951049805 0
1624726112149 6.706307411193848 0
1624726113053 7.7614665031433105 0
1624726113958 6.944976329803467 0
1624726114866 6.838961601257324 0
1624726115778 6.398184776306152 0
1624726116692 6.6220502853393555 0
1624726117593 6.71132755279541 0
1624726118505 11.633499145507812 0
1624726119413 7.458030700683594 0
1624726120324 7.126931190490723 0
1624726121261 7.028202533721924 0
1624726122199 8.701754570007324 0
1624726123168 6.785712718963623 0
1624726124098 10.561304092407227 0
1624726125030 8.926024436950684 0
1624726125932 8.391860008239746 0
1624726126849 6.053677558898926 0
1624726127766 6.058825492858887 0
1624726128668 5.765066146850586 0
1624726129582 8.269623756408691 0
1624726130488 5.150768280029297 0
1624726131411 8.512228012084961 0
1624726132338 6.542521953582764 0
1624726133270 7.897210121154785 0
1624726134181 6.635796546936035 0
1624726135098 5.835019111633301 0
1624726136014 9.342001914978027 0
1624726136934 8.775148391723633 0
1624726137853 4.174283027648926 0
1624726138757 5.8408331871032715 0
1624726139668 5.787256717681885 0
1624726140573 5.500033855438232 0
1624726141479 7.335658073425293 0
1624726142400 8.035737037658691 0
1624726143300 9.839934349060059 0
1624726144208 4.731955528259277 0
1624726145119 9.671213150024414 0
1624726146012 6.806621074676514 0
1624726146894 5.51828670501709 0
1624726147785 4.4480743408203125 0
1624726148665 5.280305862426758 0
1624726149556 5.329303741455078 0
1624726150451 5.072438716888428 0
1624726151367 7.228509426116943 0
1624726152247 5.391816139221191 0
1624726153132 8.707353591918945 0
1624726154016 9.828512191772461 0
1624726154899 6.440131187438965 0
1624726155794 6.303485870361328 0
1624726156682 8.446797370910645 0
1624726157566 8.96909236907959 0
1624726158453 4.9863057136535645 0
1624726159337 7.394598007202148 0
1624726160222 5.991950988769531 0
1624726161104 8.98320198059082 0
1624726161990 6.977554798126221 0
1624726162878 4.9791998863220215 0
1624726163771 4.491354465484619 0
1624726164661 9.961021423339844 0
1624726165545 5.817653179168701 0
1624726166432 5.770143508911133 0
1624726167321 7.161088943481445 0
1624726168211 5.732124328613281 0
1624726169102 5.388962745666504 0
1624726169986 4.87531042098999 0
1624726170883 5.539345741271973 0
1624726171774 6.40679931640625 0
1624726172662 5.242343902587891 0
1624726173546 5.274669647216797 0
1624726174437 10.38630485534668 0
1624726175319 9.121274948120117 0
1624726176211 5.110795021057129 0
1624726177106 6.927928447723389 0
1624726178007 12.014080047607422 0
1624726178900 7.721165180206299 0
1624726179785 7.470594882965088 0
1624726180672 6.573551654815674 0
1624726181556 9.509846687316895 0
1624726182440 5.946377754211426 0
1624726183322 6.158825397491455 0
1624726184214 9.265183448791504 0
1624726185112 9.603593826293945 0
1624726185997 8.242693901062012 0
1624726186891 6.984065532684326 0
1624726187778 6.511784553527832 0
1624726188663 9.514822006225586 0
1624726189548 6.373342514038086 0
1624726190436 7.064323425292969 0
1624726191322 5.309769153594971 0
1624726192210 6.166542053222656 0
1624726193095 6.949800491333008 0
1624726193976 9.968289375305176 0
1624726194866 7.833032131195068 0
1624726195754 7.610380172729492 0
1624726196640 6.635971546173096 0
1624726197529 5.266822814941406 0
1624726198417 6.67929744720459 0
1624726199306 10.742730140686035 0
1624726200198 5.986733436584473 0
1624726201088 5.366605758666992 0
1624726201983 5.271748065948486 0
1624726202883 5.689805030822754 0
1624726203789 12.613042831420898 0
1624726204705 5.004627704620361 0
1624726205609 6.773384094238281 0
1624726206516 6.486174583435059 0
1624726207414 4.736997604370117 0
1624726208304 4.992542266845703 0
1624726209208 6.365901947021484 0
1624726210108 7.804685115814209 0
1624726211032 6.221914291381836 0
1624726211943 6.4450883865356445 0
1624726212873 8.562176704406738 0
1624726213758 9.255865097045898 0
1624726214649 6.545057773590088 0
1624726215552 6.446556568145752 0
1624726216438 9.397388458251953 0
1624726217324 5.197693347930908 0
1624726218206 5.637326717376709 0
1624726219096 6.111122131347656 0
1624726219979 4.1983537673950195 0
1624726220867 4.515738487243652 0
1624726221778 5.763947486877441 0
1624726222690 6.830208778381348 0
1624726223606 5.46719217300415 0
1624726224516 5.997553825378418 0
1624726225422 5.8388214111328125 0
1624726226330 7.830472469329834 0
1624726227246 8.063889503479004 0
1624726228162 6.963854789733887 0
1624726229077 5.9732465744018555 0
1624726229992 11.661930084228516 0
1624726230894 5.381771564483643 0
1624726231792 5.935564994812012 0
1624726232681 4.659816265106201 0
1624726233569 6.354890823364258 0
1624726234456 4.906542778015137 0
1624726235340 4.978427410125732 0
1624726236230 6.06857967376709 0
1624726237129 6.953932285308838 0
1624726238018 6.069152355194092 0
1624726238907 8.390151977539062 0
1624726239790 6.597550392150879 0
1624726240681 6.0510125160217285 0
1624726241574 5.868919849395752 0
1624726242458 8.092835426330566 0
1624726243343 6.635493755340576 0
1624726244238 6.2923903465271 0
1624726245121 4.512269020080566 0
1624726246016 9.142627716064453 0
1624726246915 5.132753849029541 0
1624726247800 7.919159889221191 0
1624726248692 4.331627368927002 0
1624726249577 4.787391662597656 0
1624726250459 5.375216484069824 0
1624726251346 7.574612140655518 0
1624726252241 6.270339012145996 0
1624726253129 5.866509437561035 0
1624726254016 5.725033760070801 0
1624726254902 4.769350528717041 0
1624726255785 6.368520259857178 0
1624726256675 7.5622124671936035 0
1624726257567 7.246932029724121 0
1624726258463 7.172781944274902 0
1624726259372 8.294404029846191 0
1624726260279 5.488765239715576 0
1624726261184 8.580275535583496 0
1624726262068 5.812836647033691 0
1624726262952 6.236569404602051 0
1624726263838 5.759862899780273 0
1624726264719 5.307922840118408 0
1624726265609 6.788713455200195 0
1624726266546 5.046176910400391 0
1624726267772 6.18393611907959 0
1624726269015 7.851434230804443 0
1624726270221 5.520175933837891 0
1624726271347 7.32993221282959 0
1624726272245 5.590038299560547 0
1624726273153 5.4273481369018555 0
1624726274058 4.26679801940918 0
1624726274952 4.612789630889893 0
1624726275836 5.194398880004883 0
1624726276721 5.243608474731445 0
1624726277610 6.401532173156738 0
1624726278495 3.9254467487335205 0
1624726279382 8.077613830566406 0
1624726280271 8.583087921142578 0
1624726281146 7.192403793334961 0
1624726282038 6.142675876617432 0
1624726282942 6.813086032867432 0
1624726283822 5.057709693908691 0
1624726284707 8.193982124328613 0
1624726285595 5.735139846801758 0
1624726286486 7.532430648803711 0
1624726287370 7.849499702453613 0
1624726288250 4.788166046142578 0
1624726289137 4.569495677947998 0
1624726290019 5.114689826965332 0
1624726290901 8.380868911743164 0
1624726291807 4.809304237365723 0
1624726292741 7.761557579040527 0
1624726293703 4.77332878112793 0
1624726294620 5.770247459411621 0
1624726295591 8.327902793884277 0
1624726296495 8.695219993591309 0
1624726297388 11.192008018493652 0
1624726298301 6.155910491943359 0
1624726299235 10.008284568786621 0
1624726300164 7.720160961151123 0
1624726301059 7.536542892456055 0
1624726301980 5.158615589141846 0
1624726302916 8.87612533569336 0
1624726303838 9.384151458740234 0
1624726304763 8.01402759552002 0
1624726305688 7.388925075531006 0
1624726306608 6.430261611938477 0
1624726307518 6.236983299255371 0
1624726308416 9.5523099899292 0
1624726309322 6.222306251525879 0
1624726310227 8.251450538635254 0
1624726311141 5.608400821685791 0
1624726312046 6.173081874847412 0
1624726312952 5.599734306335449 0
1624726313847 8.374135971069336 0
1624726314737 4.95819091796875 0
1624726315634 6.072039604187012 0
1624726316537 6.97123908996582 0
1624726317451 10.716103553771973 0
1624726318354 6.9041428565979 0
1624726319248 5.585400581359863 0
1624726320166 5.838031768798828 0
1624726321099 5.3689985275268555 0
1624726322001 5.284495830535889 0
1624726322905 9.19194221496582 0
1624726323837 5.592660427093506 0
1624726324767 4.95924186706543 0
1624726325695 5.555677890777588 0
1624726326634 6.292258262634277 0
1624726327549 4.738956451416016 0
1624726328467 5.485063076019287 0
1624726329415 6.55034065246582 0
1624726330325 6.8440446853637695 0
1624726331216 4.51582145690918 0
1624726332106 8.754724502563477 0
1624726332989 5.886608123779297 0
1624726333877 9.005376815795898 0
1624726334764 7.2734222412109375 0
1624726335652 9.539088249206543 0
1624726336543 8.157642364501953 0
1624726337435 8.395709991455078 0
1624726338325 6.228078842163086 0
1624726339215 7.116219997406006 0
1624726340113 7.467095375061035 0
1624726341007 5.977276802062988 0
1624726341893 5.981238842010498 0
1624726342779 9.058327674865723 0
1624726343678 5.750084400177002 0
1624726344577 7.224665641784668 0
1624726345463 11.591999053955078 0
1624726346353 6.345850467681885 0
1624726347256 5.383584976196289 0
1624726348161 7.298147678375244 0
1624726349068 4.692429542541504 0
1624726349979 7.083991050720215 0
1624726350868 5.115749359130859 0
1624726351751 4.803513050079346 0
1624726352640 5.659945487976074 0
1624726353528 5.304726600646973 0
1624726354412 6.217863082885742 0
1624726355303 4.92328405380249 0
1624726356195 7.6160078048706055 0
1624726357082 6.016116619110107 0
1624726357975 6.274056434631348 0
1624726358865 9.836438179016113 0
1624726359749 7.324361801147461 0
1624726360636 6.485745906829834 0
1624726361528 5.086062908172607 0
1624726362416 8.693490028381348 0
1624726363300 5.305298805236816 0
1624726364196 9.833803176879883 0
1624726365077 5.091513633728027 0
1624726365968 7.733694076538086 0
1624726366871 7.859591484069824 0
1624726367769 5.716517448425293 0
1624726368648 6.186722755432129 0
1624726369537 7.809078216552734 0
1624726370424 7.287415504455566 0
1624726371316 6.22549295425415 0
1624726372202 5.1129350662231445 0
1624726373091 4.369845390319824 0
1624726373985 5.994682788848877 0
1624726374901 5.4869890213012695 0
1624726375818 8.920355796813965 0
1624726376726 4.80094575881958 0
1624726377637 7.801433086395264 0
1624726378548 4.199178218841553 0
1624726379462 5.230376243591309 0
1624726380382 4.0786662101745605 0
1624726381303 7.127027988433838 0
1624726382221 4.653469085693359 0
1624726383139 5.537708759307861 0
1624726384045 7.664312362670898 0
1624726384964 5.661075592041016 0
1624726385880 6.389388561248779 0
1624726386774 5.956325531005859 0
1624726387666 8.128177642822266 0
1624726388547 7.676156997680664 0
1624726389436 7.4839677810668945 0
1624726390331 9.578095436096191 0
1624726391217 7.400080680847168 0
1624726392107 15.082196235656738 0
1624726393000 4.5655999183654785 0
1624726393885 10.002936363220215 0
1624726394772 5.749752044677734 0
1624726395662 5.485393524169922 0
1624726396546 5.290548801422119 0
1624726397432 6.434122562408447 0
1624726398322 5.734108924865723 0
1624726399214 4.680824279785156 0
1624726400105 8.035009384155273 0
1624726400988 6.231510639190674 0
1624726401879 7.626969814300537 0
1624726402768 6.997954368591309 0
1624726403659 6.8800787925720215 0
1624726404548 8.792548179626465 0
1624726405441 4.615772724151611 0
1624726406335 7.4053144454956055 0
1624726407247 5.86175537109375 0
1624726408146 6.282639026641846 0
1624726409045 6.484129905700684 0
1624726409954 6.295619964599609 0
1624726410845 4.751389503479004 0
1624726411734 5.653946876525879 0
1624726412619 9.722557067871094 0
1624726413509 9.609501838684082 0
1624726414400 6.674436092376709 0
1624726415285 7.6059184074401855 0
1624726416178 9.51935863494873 0
1624726417067 7.922787666320801 0
1624726417966 7.170821189880371 0
1624726418851 5.80468225479126 0
1624726419741 5.097058296203613 0
1624726420624 7.449522972106934 0
1624726421514 5.023444652557373 0
1624726422403 6.622556209564209 0
1624726423287 4.329418182373047 0
1624726424178 8.868754386901855 0
1624726425065 6.845416069030762 0
1624726425959 3.8508172035217285 0
1624726426845 5.015491008758545 0
1624726427734 5.657928466796875 0
1624726428619 5.738475799560547 0
1624726429506 10.837002754211426 0
1624726430390 6.039454936981201 0
1624726431280 5.0586066246032715 0
1624726432175 5.773029327392578 0
1624726433068 6.433598518371582 0
1624726433958 6.087514400482178 0
1624726434847 7.73852014541626 0
1624726435744 5.829202651977539 0
1624726436631 9.431750297546387 0
1624726437517 4.6853413581848145 0
1624726438415 5.388115406036377 0
1624726439303 5.073423862457275 0
1624726440189 9.139802932739258 0
1624726441072 4.140495300292969 0
1624726441964 5.20390510559082 0
1624726442847 8.801497459411621 0
1624726443736 9.409540176391602 0
1624726444627 4.679134368896484 0
1624726445513 7.85119104385376 0
1624726446399 4.998378753662109 0
1624726447293 6.025911808013916 0
1624726448178 4.283987522125244 0
1624726449061 5.348234176635742 0
1624726449953 5.2461090087890625 0
1624726450837 5.6446614265441895 0
1624726451722 6.487186908721924 0
1624726452605 5.246024131774902 0
1624726453496 4.915018558502197 0
1624726454397 7.865203857421875 0
1624726455305 6.686178684234619 0
1624726456197 7.092604160308838 0
1624726457082 5.690882205963135 0
1624726457966 6.047540664672852 0
1624726458854 4.9024977684021 0
1624726459743 5.935552597045898 0
1624726460631 9.432629585266113 0
1624726461520 8.74655532836914 0
1624726462406 5.475104331970215 0
1624726463298 5.641679286956787 0
1624726464182 6.4232497215271 0
1624726465072 5.8461151123046875 0
1624726465963 6.141536235809326 0
1624726466869 5.635634899139404 0
1624726467778 5.333986759185791 0
1624726468667 10.575047492980957 0
1624726469581 7.640509128570557 0
1624726470496 4.953477382659912 0
1624726471412 6.76662015914917 0
1624726472323 8.86759090423584 0
1624726473218 5.282116413116455 0
1624726474144 6.324687957763672 0
1624726475098 5.015725135803223 0
1624726476039 5.974066734313965 0
1624726476970 6.985569953918457 0
1624726477913 5.521621227264404 0
1624726478840 6.960011005401611 0
1624726479754 10.366130828857422 0
1624726480705 5.9588799476623535 0
1624726481634 5.4532999992370605 0
1624726482570 9.757599830627441 0
1624726483497 4.963749885559082 0
1624726484440 5.019056797027588 0
1624726485377 4.819987773895264 0
1624726486319 6.340476036071777 0
1624726487252 5.708883285522461 0
1624726488189 5.601929664611816 0
1624726489135 5.19811487197876 0
1624726490074 4.403443336486816 0
1624726490955 5.089995384216309 0
1624726491843 6.0148091316223145 0
1624726492733 4.396983623504639 0
1624726493626 4.844933986663818 0
1624726494521 5.492461681365967 0
1624726495408 5.348565578460693 0
1624726496300 5.29158878326416 0
1624726497188 5.195277214050293 0
1624726498076 5.8435444831848145 0
1624726498957 8.453253746032715 0
1624726499852 4.937938213348389 0
1624726500741 8.80776596069336 0
1624726501638 7.015812873840332 0
1624726502547 5.5218706130981445 0
1624726503458 4.954071998596191 0
1624726504381 4.535833835601807 0
1624726505291 4.694340705871582 0
1624726506205 7.543802738189697 0
1624726507119 5.90875244140625 0
1624726508039 6.685326099395752 0
1624726508954 6.245055675506592 0
1624726509863 6.563873767852783 0
1624726510778 4.528738498687744 0
1624726511694 6.3652777671813965 0
1624726512600 5.5143537521362305 0
1624726513508 4.48579216003418 0
1624726514414 6.324406147003174 0
1624726515331 4.260647296905518 0
1624726516236 5.763918876647949 0
1624726517138 9.673341751098633 0
1624726518052 5.88751745223999 0
1624726518968 4.568767547607422 0
1624726519882 4.51295804977417 0
1624726520788 5.539891242980957 0
1624726521706 5.006953239440918 0
1624726522588 6.895815372467041 0
1624726523472 4.65747594833374 0
