1634792682707 9.255986213684082 0
1634792686841 3.7959580421447754 0
1634792689656 4.79278039932251 0
1634792692474 5.663131237030029 0
1634792695400 3.3111376762390137 0
1634792698324 2.5101113319396973 0
1634792701173 4.522912979125977 0
1634792703990 3.0803117752075195 0
1634792706803 2.7079179286956787 0
1634792709604 4.828396320343018 0
1634792712424 4.360074996948242 0
1634792716543 2.655735731124878 0
1634792719400 3.689094066619873 0
1634792722228 4.676539421081543 0
1634792725120 4.186039924621582 0
1634792727960 2.475588321685791 0
1634792730861 3.7446234226226807 0
1634792733691 2.868946075439453 0
1634792737124 3.166520833969116 0
1634792740002 2.301945447921753 0
1634792742809 3.499018430709839 0
1634792746942 4.295788764953613 0
1634792749763 2.2889633178710938 0
1634792752579 4.221545219421387 0
1634792755389 2.6246302127838135 0
1634792758208 2.6858651638031006 0
1634792761025 3.632401466369629 0
1634792763879 2.389080047607422 0
1634792766849 2.680513381958008 0
1634792769712 2.105496883392334 0
1634792772699 2.0323572158813477 0
1634792776843 2.503047466278076 0
1634792779756 2.1813266277313232 0
1634792782627 2.5082623958587646 0
1634792785519 2.7221550941467285 0
1634792788355 3.2203681468963623 0
1634792791265 2.6921653747558594 0
1634792794200 2.008768081665039 0
1634792797075 2.7630228996276855 0
1634792800009 2.6503825187683105 0
1634792802856 3.2828760147094727 0
1634792807091 2.3729350566864014 0
1634792810009 2.5472207069396973 0
1634792812926 2.8503470420837402 0
1634792815822 1.8507318496704102 0
1634792818626 2.791487455368042 0
1634792821442 3.2865982055664062 0
1634792824258 1.9489268064498901 0
1634792827069 2.062224864959717 0
1634792829875 2.1311659812927246 0
1634792832693 1.966981053352356 0
1634792836791 1.7493976354599 0
1634792839610 2.1726486682891846 0
1634792842436 1.9518733024597168 0
1634792845252 2.016183614730835 0
1634792848079 1.963641881942749 0
1634792850893 2.050067663192749 0
1634792853706 2.057337760925293 0
1634792856520 2.1320059299468994 0
1634792859324 2.4747726917266846 0
1634792862141 2.7807931900024414 0
1634792866224 2.292712926864624 0
1634792869047 1.97279953956604 0
1634792871859 2.155951499938965 0
1634792874659 2.910566806793213 0
1634792877476 1.948777675628662 0
1634792880296 2.683867931365967 0
1634792883143 2.168595552444458 0
1634792886065 3.231102228164673 0
1634792888926 1.9635626077651978 0
1634792891828 1.7351922988891602 0
1634792896089 2.499769926071167 0
1634792898944 2.471585512161255 0
1634792901812 2.3428263664245605 0
1634792904677 2.3067750930786133 0
1634792907502 1.8518218994140625 0
1634792910312 1.6636409759521484 0
1634792913168 1.9528911113739014 0
1634792916121 2.038641929626465 0
1634792919069 1.6788771152496338 0
1634792921975 1.8908751010894775 0
1634792926245 2.1540656089782715 0
1634792929172 1.99678635597229 0
1634792932056 1.4920687675476074 0
1634792934977 2.5399556159973145 0
1634792937997 1.5861457586288452 0
1634792940841 1.9202024936676025 0
1634792943694 2.9176385402679443 0
1634792946575 2.1958069801330566 0
1634792949491 1.6610424518585205 0
1634792952315 1.9186569452285767 0
1634792956508 1.7905356884002686 0
1634792959334 2.1489341259002686 0
1634792962177 2.0468716621398926 0
1634792965022 1.4897395372390747 0
1634792967849 1.8999325037002563 0
1634792970683 1.9169551134109497 0
1634792973509 2.288818836212158 0
1634792976356 2.185337543487549 0
1634792979198 2.171086311340332 0
1634792982037 1.8869019746780396 0
1634792986297 1.577929973602295 0
1634792989247 1.7250914573669434 0
1634792992093 1.9145331382751465 0
1634792995018 1.743546962738037 0
1634792997896 2.2805981636047363 0
1634793000771 1.854691743850708 0
1634793003659 1.3806357383728027 0
1634793006527 1.8728331327438354 0
1634793009346 1.9635837078094482 0
1634793012144 2.1344919204711914 0
1634793016253 2.086986541748047 0
1634793019060 1.5499162673950195 0
1634793021894 1.8358895778656006 0
1634793024734 2.056529998779297 0
1634793027596 1.4604257345199585 0
1634793030413 2.5444231033325195 0
1634793033243 2.583054542541504 0
1634793036118 1.9486531019210815 0
1634793038950 1.5122240781784058 0
1634793041822 1.5604931116104126 0
1634793045972 1.4484952688217163 0
1634793048906 1.5381841659545898 0
1634793051849 1.9932899475097656 0
1634793054782 2.3379740715026855 0
1634793057628 1.5212758779525757 0
1634793060585 1.6083122491836548 0
1634793063521 1.4430999755859375 0
1634793066426 2.180159568786621 0
1634793069377 1.507038950920105 0
1634793072181 1.9261643886566162 0
1634793076298 1.7993980646133423 0
1634793079121 2.100529670715332 0
1634793081942 1.7057363986968994 0
1634793084797 1.6286786794662476 0
1634793087618 1.8679238557815552 0
1634793090468 1.8110973834991455 0
1634793093326 1.6241419315338135 0
1634793096207 1.5360416173934937 0
1634793099038 1.8719431161880493 0
1634793101836 1.4153424501419067 0
1634793106061 1.783257007598877 0
1634793108859 2.2949602603912354 0
1634793111652 1.5505447387695312 0
1634793114481 2.148226022720337 0
1634793117364 1.8577589988708496 0
1634793120201 2.0266261100769043 0
1634793123102 1.761409878730774 0
1634793125966 1.7311090230941772 0
1634793128793 1.9302470684051514 0
1634793131578 1.7179698944091797 0
1634793135731 1.6255080699920654 0
1634793138577 1.3832204341888428 0
1634793141410 2.5624735355377197 0
1634793144243 1.726372241973877 0
1634793147009 1.9096481800079346 0
1634793149782 1.8748199939727783 0
1634793152615 1.6158126592636108 0
1634793155385 1.8046848773956299 0
1634793158190 1.2907625436782837 0
1634793160993 1.5310585498809814 0
1634793165102 1.4834572076797485 0
1634793167922 1.8192722797393799 0
1634793170730 1.5538318157196045 0
1634793173531 1.481359601020813 0
1634793176360 1.7355191707611084 0
1634793179193 1.5882291793823242 0
1634793182026 1.9699459075927734 0
1634793184860 1.545217514038086 0
1634793187664 1.8304462432861328 0
1634793190481 1.4685752391815186 0
1634793194611 1.591782808303833 0
1634793197460 1.6170361042022705 0
1634793200291 1.7538859844207764 0
1634793203115 1.4086776971817017 0
1634793205907 1.5590285062789917 0
1634793208690 2.032531976699829 0
1634793211474 1.5460553169250488 0
1634793214312 1.4722193479537964 0
1634793217170 1.623196005821228 0
1634793219982 1.4005446434020996 0
1634793224165 1.6931467056274414 0
1634793226961 1.3211735486984253 0
1634793229763 1.3267111778259277 0
1634793232594 1.179240345954895 0
1634793235411 2.100456953048706 0
1634793238189 1.6747698783874512 0
1634793240994 1.9268062114715576 0
1634793243794 2.423758029937744 0
1634793246613 2.559544563293457 0
1634793249411 1.5842552185058594 0
1634793253668 1.9169353246688843 0
1634793256463 1.5171563625335693 0
1634793259237 1.5159637928009033 0
1634793262066 1.7201330661773682 0
1634793264993 1.767873764038086 0
1634793267870 1.8275279998779297 0
1634793270713 1.728619933128357 0
1634793273591 1.3467413187026978 0
1634793276509 1.731583595275879 0
1634793279404 1.5742459297180176 0
1634793283495 1.525915265083313 0
1634793286282 1.3350021839141846 0
1634793289127 1.5724382400512695 0
1634793292021 1.3545318841934204 0
1634793294855 1.6772432327270508 0
1634793297655 1.5168687105178833 0
1634793300485 2.141901731491089 0
1634793303375 1.5446207523345947 0
1634793306156 1.4488908052444458 0
1634793309008 1.4074339866638184 0
1634793313213 1.3771576881408691 0
1634793316043 1.2416620254516602 0
1634793318822 1.5930448770523071 0
1634793321599 1.3801910877227783 0
1634793324386 1.4322048425674438 0
1634793327166 1.3380203247070312 0
1634793329942 1.497008204460144 0
1634793332715 1.3775691986083984 0
1634793335477 1.4048831462860107 0
1634793338259 2.32564377784729 0
1634793342409 1.5049233436584473 0
1634793345248 1.7185524702072144 0
1634793348075 1.955533504486084 0
1634793350978 1.8188254833221436 0
1634793353922 1.5569041967391968 0
1634793356737 1.5932481288909912 0
1634793359585 1.659935712814331 0
1634793362459 2.6672489643096924 0
1634793365344 1.6396849155426025 0
1634793368232 1.6836318969726562 0
1634793372355 1.3895552158355713 0
1634793375129 1.4834771156311035 0
1634793377898 1.2685420513153076 0
1634793380673 1.7389013767242432 0
1634793383440 1.7055332660675049 0
1634793386225 1.3369941711425781 0
1634793388993 1.4642735719680786 0
1634793391762 1.3642600774765015 0
1634793394532 1.8236942291259766 0
1634793397344 1.2091134786605835 0
1634793401447 1.3720109462738037 0
1634793404234 1.1543668508529663 0
1634793407008 1.8125630617141724 0
1634793409774 1.69110107421875 0
1634793412583 2.0038886070251465 0
1634793415364 1.597778558731079 0
1634793418141 1.9716291427612305 0
1634793420951 2.0014424324035645 0
1634793423775 1.6835640668869019 0
1634793426618 1.1673202514648438 0
1634793430899 1.6819349527359009 0
1634793433713 1.0427682399749756 0
1634793436518 1.4157391786575317 0
1634793439328 1.6216094493865967 0
1634793442191 1.3502081632614136 0
1634793445083 2.238201856613159 0
1634793447979 1.662865161895752 0
1634793450870 1.2183970212936401 0
1634793453699 1.5774463415145874 0
