1634792682717 4.9214184284210205 0
1634792686841 2.290407180786133 0
1634792689656 2.8774629831314087 0
1634792692474 3.690194845199585 0
1634792695405 1.8876529932022095 0
1634792698324 1.3784573078155518 0
1634792701173 2.7750259041786194 0
1634792703990 1.7800331115722656 0
1634792706808 1.5488442778587341 0
1634792709620 2.8524858951568604 0
1634792712424 2.8091065883636475 0
1634792716547 1.5396201014518738 0
1634792719404 2.1617974638938904 0
1634792722235 2.724749445915222 0
1634792725125 2.468829035758972 0
1634792727965 1.3757672309875488 0
1634792730866 2.2084877490997314 0
1634792733691 1.4992863535881042 0
1634792737124 1.7442852854728699 0
1634792740007 1.233285903930664 0
1634792742819 2.1499080657958984 0
1634792746942 2.6892433166503906 0
1634792749768 1.3773428201675415 0
1634792752584 2.6560020446777344 0
1634792755389 1.4069044589996338 0
1634792758208 1.2654295563697815 0
1634792761025 2.072797179222107 0
1634792763884 1.125062346458435 0
1634792766854 1.2438035607337952 0
1634792769717 1.0936188995838165 0
1634792772704 1.1726559400558472 0
1634792776848 1.259068250656128 0
1634792779756 1.1959744989871979 0
1634792782632 1.3928507566452026 0
1634792785524 1.464954912662506 0
1634792788360 1.7102326154708862 0
1634792791270 1.555254578590393 0
1634792794205 1.0515869557857513 0
1634792797075 1.5706371665000916 0
1634792800025 1.5698580741882324 0
1634792802877 1.8696207404136658 0
1634792807091 1.2565593123435974 0
1634792810009 1.3087267875671387 0
1634792812941 1.1802971959114075 0
1634792815826 0.8817274272441864 0
1634792818626 1.5698819160461426 0
1634792821442 1.966826856136322 0
1634792824263 1.0227571725845337 0
1634792827074 0.904301643371582 0
1634792829875 1.1675222516059875 0
1634792832693 1.1238226294517517 0
1634792836807 0.9597077667713165 0
1634792839625 1.078295886516571 0
1634792842441 1.0658368170261383 0
1634792845257 1.1677029132843018 0
1634792848084 1.058530330657959 0
1634792850898 0.9817856252193451 0
1634792853711 0.9941067099571228 0
1634792856525 1.051625669002533 0
1634792859324 0.8854315876960754 0
1634792862141 1.176224797964096 0
1634792866224 1.3228091597557068 0
1634792869052 0.929440826177597 0
1634792871864 1.0753627121448517 0
1634792874674 1.1274173855781555 0
1634792877476 0.8150509297847748 0
1634792880301 1.498773217201233 0
1634792883148 0.8682587444782257 0
1634792886070 1.6592040359973907 0
1634792888926 0.9975979626178741 0
1634792891833 0.8909793794155121 0
1634792896093 1.1173524260520935 0
1634792898944 1.5076984167099 0
1634792901818 1.1832417249679565 0
1634792904682 0.8878341317176819 0
1634792907507 0.8384501338005066 0
1634792910317 0.8042412996292114 0
1634792913173 1.0480031371116638 0
1634792916126 1.0461317300796509 0
1634792919073 0.8756055533885956 0
1634792921981 0.9534409642219543 0
1634792926250 1.1411933898925781 0
1634792929177 0.6600226759910583 0
1634792932061 0.7483910918235779 0
1634792934977 0.9322535693645477 0
1634792938002 0.8338772803544998 0
1634792940846 1.105041265487671 0
1634792943698 1.163408637046814 0
1634792946580 1.0672615468502045 0
1634792949496 0.8992007374763489 0
1634792952320 1.0496796071529388 0
1634792956510 1.1241510510444641 0
1634792959339 1.256922572851181 0
1634792962181 0.9128143191337585 0
1634792965026 0.7686281502246857 0
1634792967854 0.68534105271101 0
1634792970688 0.9636272192001343 0
1634792973525 1.0899049639701843 0
1634792976362 1.0456730127334595 0
1634792979202 1.0503668785095215 0
1634792982042 0.7878067791461945 0
1634792986302 0.7241379916667938 0
1634792989252 0.974602222442627 0
1634792992093 0.7018571496009827 0
1634792995022 0.7887207865715027 0
1634792997901 0.7840664386749268 0
1634793000775 0.8901739716529846 0
1634793003661 0.8192705512046814 0
1634793006527 0.6778453439474106 0
1634793009351 0.8771188259124756 0
1634793012160 0.8267581760883331 0
1634793016258 0.7375075221061707 0
1634793019060 0.76900415122509 0
1634793021894 0.9458014965057373 0
1634793024734 0.8661795556545258 0
1634793027601 0.8140387535095215 0
1634793030413 1.0384438037872314 0
1634793033243 1.1036760210990906 0
1634793036123 0.8269032835960388 0
1634793038956 0.6819988489151001 0
1634793041837 0.7176557779312134 0
1634793045977 0.7708429992198944 0
1634793048911 0.7675264477729797 0
1634793051853 0.8332212269306183 0
1634793054787 0.9124929010868073 0
1634793057633 0.7356944382190704 0
1634793060590 0.759550005197525 0
1634793063526 0.603924110531807 0
1634793066432 0.9554652273654938 0
1634793069377 0.6658174395561218 0
1634793072181 1.0286777317523956 0
1634793076303 0.8910180032253265 0
1634793079126 0.9338480830192566 0
1634793081947 0.701907217502594 0
1634793084802 0.7004198879003525 0
1634793087618 0.7242679595947266 0
1634793090474 0.7213184237480164 0
1634793093328 0.7147605717182159 0
1634793096212 0.6724267899990082 0
1634793099038 0.7534860074520111 0
1634793101841 0.7286756336688995 0
1634793106061 0.8534568548202515 0
1634793108874 1.017576515674591 0
1634793111657 0.8847135007381439 0
1634793114486 1.0658556818962097 0
1634793117369 1.1373533606529236 0
1634793120206 1.2249391674995422 0
1634793123107 0.7655167281627655 0
1634793125966 0.8155690729618073 0
1634793128798 0.8453642725944519 0
1634793131594 0.824050635099411 0
1634793135736 0.6658831238746643 0
1634793138582 0.786744236946106 0
1634793141410 1.144197165966034 0
1634793144243 0.7798148393630981 0
1634793147025 0.9749768376350403 0
1634793149798 0.8776652663946152 0
1634793152620 0.5600037425756454 0
1634793155385 0.7863841652870178 0
1634793158195 0.6500703394412994 0
1634793160998 0.7008945047855377 0
1634793165102 0.5180051922798157 0
1634793167922 0.7274453639984131 0
1634793170730 0.6732116043567657 0
1634793173531 0.5079938471317291 0
1634793176360 0.7548617720603943 0
1634793179209 0.5558914989233017 0
1634793182031 0.8403223752975464 0
1634793184866 0.6045777201652527 0
1634793187669 0.9606132209300995 0
1634793190486 0.5622303485870361 0
1634793194627 0.5371379256248474 0
1634793197460 0.7640352249145508 0
1634793200291 0.7359318435192108 0
1634793203120 0.7414153814315796 0
1634793205912 0.7046093642711639 0
1634793208690 0.6855203807353973 0
1634793211479 0.6395348906517029 0
1634793214312 0.6035194844007492 0
1634793217174 0.5517974942922592 0
1634793219987 0.5407713353633881 0
1634793224169 0.7191177308559418 0
1634793226966 0.7549106776714325 0
1634793229768 0.7142651379108429 0
1634793232599 0.6134991347789764 0
1634793235411 0.7734236717224121 0
1634793238194 0.8687410354614258 0
1634793241009 0.9151550233364105 0
1634793243799 1.4926396608352661 0
1634793246618 1.156947910785675 0
1634793249417 0.7277218997478485 0
1634793253673 0.8309125006198883 0
1634793256463 0.6495122015476227 0
1634793259237 0.7076381742954254 0
1634793262066 0.9123513400554657 0
1634793264993 0.8489196300506592 0
1634793267870 0.7389971613883972 0
1634793270713 0.813035786151886 0
1634793273591 0.765997514128685 0
1634793276524 0.8167886734008789 0
1634793279404 0.8519701659679413 0
1634793283511 0.6849218308925629 0
1634793286282 0.5242079347372055 0
1634793289142 0.6230655461549759 0
1634793292021 0.6741834282875061 0
1634793294855 0.8247306942939758 0
1634793297670 0.7484887838363647 0
1634793300501 0.6616626977920532 0
1634793303380 0.5739613920450211 0
1634793306171 0.6302823722362518 0
1634793309013 0.6701601147651672 0
1634793313213 0.6307213306427002 0
1634793316048 0.5416598320007324 0
1634793318827 0.7545347809791565 0
1634793321604 0.5961688309907913 0
1634793324391 0.6357094496488571 0
1634793327166 0.599847748875618 0
1634793329942 0.6485846787691116 0
1634793332720 0.6967359185218811 0
1634793335477 0.7486403286457062 0
1634793338263 0.8687366247177124 0
1634793342414 0.7242879569530487 0
1634793345253 0.8561228215694427 0
1634793348080 0.7709436118602753 0
1634793350983 0.7295021414756775 0
1634793353927 0.5809393674135208 0
1634793356741 0.7062280774116516 0
1634793359590 0.6011515855789185 0
1634793362465 1.0105976164340973 0
1634793365357 0.6812390685081482 0
1634793368237 0.7162542045116425 0
1634793372355 0.6213443428277969 0
1634793375144 0.823825478553772 0
1634793377914 0.5488712936639786 0
1634793380673 0.6525033712387085 0
1634793383455 0.7550002038478851 0
1634793386225 0.5772360116243362 0
1634793388993 0.6738732159137726 0
1634793391762 0.5287866592407227 0
1634793394532 0.6585152447223663 0
1634793397349 0.6233396381139755 0
1634793401453 0.6507105380296707 0
1634793404238 0.5079346746206284 0
1634793407013 0.7999652326107025 0
1634793409774 0.7432398200035095 0
1634793412588 0.9212793409824371 0
1634793415364 0.7692278921604156 0
1634793418157 0.6931794881820679 0
1634793420966 0.9094983339309692 0
1634793423775 0.7859901487827301 0
1634793426618 0.5400321334600449 0
1634793430914 0.6677864491939545 0
1634793433729 0.5749123692512512 0
1634793436523 0.582816869020462 0
1634793439328 0.6320157051086426 0
1634793442206 0.5558410808444023 0
1634793445083 0.6530303359031677 0
1634793447995 0.7480274438858032 0
1634793450886 0.5774907469749451 0
1634793453699 0.7015219926834106 0
