1634792682717 2.8287596702575684 0
1634792686841 1.239550232887268 0
1634792689656 1.0735474824905396 0
1634792692474 1.9344947338104248 0
1634792695407 1.082661747932434 0
1634792698324 0.7428702712059021 0
1634792701189 0.8219521641731262 0
1634792703990 0.8640228509902954 0
1634792706809 0.8378631472587585 0
1634792709621 1.2311304807662964 0
1634792712424 0.8959888219833374 0
1634792716549 0.8294307589530945 0
1634792719406 0.9731864333152771 0
1634792722237 1.0296850204467773 0
1634792725126 1.1201117038726807 0
1634792727967 0.6754156947135925 0
1634792730867 0.7632832527160645 0
1634792733691 0.7028031945228577 0
1634792737124 0.9301525950431824 0
1634792740008 0.6436355113983154 0
1634792742819 1.1071603298187256 0
1634792746942 1.270784854888916 0
1634792749769 0.7601284980773926 0
1634792752585 1.6232465505599976 0
1634792755389 0.703652560710907 0
1634792758208 0.6357277035713196 0
1634792761025 1.066794753074646 0
1634792763885 0.599172830581665 0
1634792766856 0.6358820796012878 0
1634792769719 0.6811601519584656 0
1634792772706 0.5938591957092285 0
1634792776850 0.7640881538391113 0
1634792779756 0.7144207954406738 0
1634792782634 1.0626507997512817 0
1634792785526 0.9309229850769043 0
1634792788362 0.6836491823196411 0
1634792791272 0.5974224805831909 0
1634792794207 0.6410590410232544 0
1634792797075 0.7171863317489624 0
1634792800025 0.6107197999954224 0
1634792802879 0.6737273335456848 0
1634792807107 0.7198843359947205 0
1634792810009 0.7834803462028503 0
1634792812941 0.5772079229354858 0
1634792815826 0.6304160356521606 0
1634792818626 0.6572195291519165 0
1634792821442 0.8074272274971008 0
1634792824265 0.5978246927261353 0
1634792827076 0.4898165464401245 0
1634792829892 0.5532290935516357 0
1634792832693 0.6459739804267883 0
1634792836807 0.6999081373214722 0
1634792839625 0.5547632575035095 0
1634792842442 0.7185899615287781 0
1634792845259 0.5970208644866943 0
1634792848086 0.6324319839477539 0
1634792850899 0.47950831055641174 0
1634792853712 0.5490676164627075 0
1634792856526 0.5460528135299683 0
1634792859324 0.46860724687576294 0
1634792862141 0.48956945538520813 0
1634792866224 0.5012335777282715 0
1634792869054 0.6555705070495605 0
1634792871866 0.6905968189239502 0
1634792874674 0.47291141748428345 0
1634792877476 0.629645586013794 0
1634792880303 0.5126667618751526 0
1634792883149 0.5206955671310425 0
1634792886072 0.4319310486316681 0
1634792888926 0.5310953855514526 0
1634792891834 0.550433874130249 0
1634792896093 0.4965665340423584 0
1634792898944 0.5125964879989624 0
1634792901819 0.4966340661048889 0
1634792904684 0.520918607711792 0
1634792907509 0.6108279228210449 0
1634792910318 0.6756431460380554 0
1634792913174 0.5353557467460632 0
1634792916128 0.5747985243797302 0
1634792919075 0.5999400019645691 0
1634792921983 0.6585478186607361 0
1634792926252 0.5744145512580872 0
1634792929178 0.4103432893753052 0
1634792932062 0.5712193846702576 0
1634792934977 0.4160594642162323 0
1634792938004 0.5908759832382202 0
1634792940848 0.6742978096008301 0
1634792943700 0.506639301776886 0
1634792946581 0.5799450278282166 0
1634792949497 0.5462930202484131 0
1634792952322 0.7262320518493652 0
1634792956510 0.502045214176178 0
1634792959340 0.48181429505348206 0
1634792962183 0.5671384334564209 0
1634792965028 0.5500073432922363 0
1634792967854 0.5617733597755432 0
1634792970690 0.5380158424377441 0
1634792973525 0.5065033435821533 0
1634792976364 0.6134335994720459 0
1634792979204 0.5404751896858215 0
1634792982043 0.4331807494163513 0
1634792986303 0.4562932550907135 0
1634792989254 0.4672688841819763 0
1634792992093 0.400313138961792 0
1634792995024 0.4971773028373718 0
1634792997903 0.418367862701416 0
1634793000777 0.539240300655365 0
1634793003661 0.4579344093799591 0
1634793006527 0.48037219047546387 0
1634793009352 0.5746755003929138 0
1634793012160 0.3826330602169037 0
1634793016260 0.43157950043678284 0
1634793019076 0.5482182502746582 0
1634793021894 0.4197649359703064 0
1634793024734 0.6253989934921265 0
1634793027603 0.5006464719772339 0
1634793030413 0.5149022340774536 0
1634793033243 0.3799610733985901 0
1634793036125 0.4855559468269348 0
1634793038958 0.4794454276561737 0
1634793041837 0.4374600648880005 0
1634793045979 0.5838974714279175 0
1634793048913 0.492712140083313 0
1634793051855 0.43292567133903503 0
1634793054789 0.3214113414287567 0
1634793057635 0.4926862120628357 0
1634793060591 0.5355435013771057 0
1634793063529 0.4176044762134552 0
1634793066433 0.4519635736942291 0
1634793069377 0.5350289940834045 0
1634793072181 0.4429015815258026 0
1634793076305 0.5787534713745117 0
1634793079127 0.41987383365631104 0
1634793081948 0.43345245718955994 0
1634793084803 0.4975302815437317 0
1634793087618 0.4493120610713959 0
1634793090476 0.5265807509422302 0
1634793093328 0.512452244758606 0
1634793096214 0.41081660985946655 0
1634793099054 0.3914479613304138 0
1634793101843 0.38571444153785706 0
1634793106078 0.5148414969444275 0
1634793108874 0.5123986005783081 0
1634793111658 0.3953574299812317 0
1634793114488 0.5210541486740112 0
1634793117371 0.5426785349845886 0
1634793120207 0.49164050817489624 0
1634793123108 0.41979455947875977 0
1634793125966 0.43792104721069336 0
1634793128799 0.6451880931854248 0
1634793131594 0.5420547723770142 0
1634793135738 0.3730396032333374 0
1634793138584 0.44749781489372253 0
1634793141410 0.3773030638694763 0
1634793144243 0.4331469237804413 0
1634793147025 0.6155989170074463 0
1634793149798 0.7071627378463745 0
1634793152621 0.3706395626068115 0
1634793155385 0.40717804431915283 0
1634793158197 0.3615071773529053 0
1634793161000 0.42985841631889343 0
1634793165118 0.3525729477405548 0
1634793167922 0.44281625747680664 0
1634793170730 0.4058898985385895 0
1634793173531 0.30639058351516724 0
1634793176360 0.4408673644065857 0
1634793179210 0.31514066457748413 0
1634793182033 0.5783275365829468 0
1634793184867 0.3874317407608032 0
1634793187671 0.453448623418808 0
1634793190488 0.3715705871582031 0
1634793194627 0.3238258361816406 0
1634793197460 0.44314706325531006 0
1634793200306 0.43773186206817627 0
1634793203121 0.5410811901092529 0
1634793205913 0.474939227104187 0
1634793208690 0.3885689675807953 0
1634793211481 0.44732198119163513 0
1634793214312 0.3605918288230896 0
1634793217176 0.3128376305103302 0
1634793219988 0.40690556168556213 0
1634793224170 0.42910224199295044 0
1634793226967 0.38674604892730713 0
1634793229769 0.37181344628334045 0
1634793232600 0.43354493379592896 0
1634793235411 0.4458404779434204 0
1634793238195 0.507300078868866 0
1634793241009 0.5392966270446777 0
1634793243800 0.8981380462646484 0
1634793246619 0.6416735649108887 0
1634793249418 0.4042123556137085 0
1634793253675 0.4287012815475464 0
1634793256463 0.34929749369621277 0
1634793259237 0.37651801109313965 0
1634793262066 0.6352314352989197 0
1634793264993 0.5624278783798218 0
1634793267870 0.40893033146858215 0
1634793270713 0.5562240481376648 0
1634793273591 0.5304734706878662 0
1634793276524 0.3921220898628235 0
1634793279404 0.360803484916687 0
1634793283511 0.3875569701194763 0
1634793286282 0.30843254923820496 0
1634793289142 0.4563385546207428 0
1634793292021 0.3186005651950836 0
1634793294855 0.45283105969429016 0
1634793297670 0.43706202507019043 0
1634793300501 0.31185704469680786 0
1634793303382 0.3827931880950928 0
1634793306171 0.36325109004974365 0
1634793309014 0.42510056495666504 0
1634793313228 0.3412019610404968 0
1634793316050 0.3588199019432068 0
1634793318828 0.42199188470840454 0
1634793321605 0.421209454536438 0
1634793324393 0.3940039575099945 0
1634793327166 0.3991016745567322 0
1634793329942 0.4641343951225281 0
1634793332722 0.4867270588874817 0
1634793335492 0.36565962433815 0
1634793338263 0.486994206905365 0
1634793342416 0.5213339328765869 0
1634793345255 0.4443971812725067 0
1634793348081 0.3962133824825287 0
1634793350984 0.3471915125846863 0
1634793353928 0.4399186968803406 0
1634793356743 0.40255290269851685 0
1634793359591 0.35994112491607666 0
1634793362467 0.5446978807449341 0
1634793365359 0.4604262709617615 0
1634793368238 0.44477319717407227 0
1634793372355 0.47170621156692505 0
1634793375144 0.34837305545806885 0
1634793377914 0.3840983510017395 0
1634793380688 0.41967424750328064 0
1634793383455 0.5112924575805664 0
1634793386225 0.43587714433670044 0
1634793388993 0.38660717010498047 0
1634793391762 0.33413827419281006 0
1634793394547 0.3966463804244995 0
1634793397351 0.38215190172195435 0
1634793401455 0.44236883521080017 0
1634793404240 0.31761434674263 0
1634793407015 0.5166079998016357 0
1634793409774 0.360585480928421 0
1634793412590 0.517424464225769 0
1634793415364 0.4594220519065857 0
1634793418157 0.40440070629119873 0
1634793420966 0.49716198444366455 0
1634793423791 0.6324410438537598 0
1634793426618 0.34788888692855835 0
1634793430914 0.3984059691429138 0
1634793433729 0.3228256404399872 0
1634793436525 0.3526585102081299 0
1634793439328 0.3512340188026428 0
1634793442206 0.4432690739631653 0
1634793445083 0.3988012671470642 0
1634793447995 0.4070354700088501 0
1634793450886 0.43050673604011536 0
1634793453699 0.5134544372558594 0
