1624726824965 1.593534767627716 0
1624726825868 0.14800752720874755 0
1624726826761 0.8077333271503448 0
1624726827656 1.6305111348628998 0
1624726828547 0.800056129693985 0
1624726829447 0.9990689158439636 0
1624726830364 0.5044850409030914 0
1624726831264 2.2304684221744537 0
1624726832159 1.5347620844841003 0
1624726833052 0.9784330129623413 0
1624726834181 0.25233539938926697 0
1624726835103 3.6015557050704956 0
1624726836024 1.1952340006828308 0
1624726836958 2.225546285510063 0
1624726837874 0.5784958600997925 0
1624726838777 1.208372950553894 0
1624726839673 1.247359961271286 0
1624726840576 2.997762620449066 0
1624726841481 0.36788634724507574 0
1624726842382 1.6138425171375275 0
1624726843629 1.626818597316742 0
1624726844556 2.2441861629486084 0
1624726845453 0.8806738555431366 0
1624726846350 1.2213201522827148 0
1624726847255 4.435722827911377 0
1624726848156 0.6048244759440422 0
1624726849061 0.7155221179127693 0
1624726849963 1.5678531527519226 0
1624726850865 2.363981992006302 0
1624726851755 0.7677896916866302 0
1624726852883 2.4638444781303406 0
1624726853806 0.548471212387085 0
1624726854730 1.1251212656497955 0
1624726855650 1.9018780291080475 0
