1624726824986 16.68118143081665 0
1624726825889 14.788751125335693 0
1624726826783 11.146203994750977 0
1624726827676 8.74709415435791 0
1624726828567 8.283020257949829 0
1624726829474 10.64704179763794 0
1624726830389 6.203424692153931 0
1624726831285 7.7301695346832275 0
1624726832180 13.072371482849121 0
1624726833073 4.606716990470886 0
1624726834207 6.152833700180054 0
1624726835132 5.428665637969971 0
1624726836049 5.269152641296387 0
1624726836983 5.42915403842926 0
1624726837896 6.643759608268738 0
1624726838798 4.949836015701294 0
1624726839695 4.224132657051086 0
1624726840599 6.907453298568726 0
1624726841502 7.788156747817993 0
1624726842403 7.610766410827637 0
1624726843654 7.4126136302948 0
1624726844577 4.26169753074646 0
1624726845475 5.346225261688232 0
1624726846371 6.457922458648682 0
1624726847279 3.7001049518585205 0
1624726848177 3.599590539932251 0
1624726849082 5.449010848999023 0
1624726849985 3.9862494468688965 0
1624726850885 5.553366661071777 0
1624726851776 9.046045541763306 0
1624726852909 4.798555374145508 0
1624726853832 6.793956756591797 0
1624726854753 5.255964517593384 0
1624726855677 4.4873366355896 0
