1624726824944 8.194966793060303 0
1624726825846 7.040724992752075 0
1624726826740 5.483604669570923 0
1624726827636 4.506680488586426 0
1624726828527 3.3410924673080444 0
1624726829421 4.4353485107421875 0
1624726830340 2.971080780029297 0
1624726831243 4.496959328651428 0
1624726832137 5.198012590408325 0
1624726833030 2.0993070006370544 0
1624726834155 2.8825031518936157 0
1624726835078 2.4489643573760986 0
1624726835999 1.9767867922782898 0
1624726836931 2.4057425260543823 0
1624726837853 2.171867549419403 0
1624726838756 1.8527029752731323 0
1624726839653 1.7952367663383484 0
1624726840553 3.494766116142273 0
1624726841460 3.6335376501083374 0
1624726842363 3.5555107593536377 0
1624726843604 3.2507251501083374 0
1624726844533 1.6021342277526855 0
1624726845431 2.3255762457847595 0
1624726846330 2.5749576091766357 0
1624726847233 1.5600082278251648 0
1624726848136 1.4715163111686707 0
1624726849040 2.2130056619644165 0
1624726849942 1.5164819359779358 0
1624726850844 2.3438151478767395 0
1624726851735 4.076706647872925 0
1624726852856 2.2319138050079346 0
1624726853781 3.136246085166931 0
1624726854704 2.3946913480758667 0
1624726855626 1.5849079489707947 0
