1643764274133 0 0
1643764426525 0 0
1643764578722 0 0
1643764729078 0 0
1643764879400 0 0
1643765029726 0 0
1643765180062 0 0
1643765330399 0 0
1643765480760 0 0
1643765631108 0 0
1643765781462 0 0
1643765931812 0 0
1643766082184 0 0
1643766232531 0 0
1643766382877 0 0
1643766533209 0 0
1643766683487 0 0
1643766833777 0 0
1643766984065 0 0
1643767134352 0 0
1643767284631 0 0
1643767436567 0 0
1643767586768 0 0
1643767737066 0 0
1643767887379 0 0
1643768037690 0 0
1643768188076 0 0
1643768338576 0 0
1643768489102 0 0
1643768639659 0 0
1643768790206 0 0
1643768940736 0 0
1643769091288 0 0
1643769241825 0 0
1643769392371 0 0
1643769542922 0 0
1643769693485 0 0
1643769844059 0 0
1643769994618 0 0
1643770145185 0 0
1643770295761 0 0
1643770448009 0 0
1643770598603 0 0
1643770749191 0 0
1643770899766 0 0
1643771050348 0 0
1643771200942 0 0
1643771351524 0 0
1643771502098 0 0
1643771652621 0 0
1643771803179 0 0
1643771953741 0 0
1643772104245 0 0
1643772254766 0 0
1643772405349 0 0
1643772555914 0 0
1643772706496 0 0
1643772857071 0 0
1643773007644 0 0
1643773158213 0 0
1643773308789 0 0
1643773461034 0 0
1643773611634 0 0
1643773762228 0 0
1643773912820 0 0
1643774063411 0 0
1643774213995 0 0
1643774364583 0 0
1643774515173 0 0
1643774665770 0 0
1643774816365 0 0
1643774966966 0 0
1643775117580 0 0
1643775268177 0 0
1643775418782 0 0
1643775569377 0 0
1643775719945 0 0
1643775870490 0 0
1643776021063 0 0
1643776171656 0 0
1643776322227 0 0
1643776474483 0 0
1643776625036 0 0
1643776775621 0 0
1643776926228 0 0
1643777076821 0 0
1643777227426 0 0
1643777377998 0 0
1643777528556 0 0
1643777679110 0 0
1643777829696 0 0
1643777980296 0 0
1643778130889 0 0
1643778281486 0 0
1643778432079 0 0
1643778582658 0 0
1643778733231 0 0
1643778883796 0 0
1643779034357 0 0
1643779184927 0 0
1643779335480 0 0
1643779487680 0 0
1643779638313 0 0
1643779788935 0 0
1643779939546 0 0
1643780090162 0 0
1643780240719 0 0
1643780391273 0 0
1643780541849 0 0
1643780692450 0 0
1643780843067 0 0
1643780993699 0 0
1643781144301 0 0
1643781294863 0 0
1643781445415 0 0
1643781596022 0 0
1643781746581 0 0
1643781897149 0 0
1643782047734 0 0
1643782198347 0 0
1643782348960 0 0
1643782501264 0 0
1643782651878 0 0
1643782802493 0 0
1643782953093 0 0
1643783103738 0 0
1643783254361 0 0
1643783404996 0 0
1643783555640 0 0
1643783706285 0 0
1643783856924 0 0
1643784007528 0 0
1643784158118 0 0
1643784308723 0 0
1643784459340 0 0
1643784609926 0 0
1643784760565 0 0
1643784911207 0 0
1643785061856 0 0
1643785212478 0 0
1643785363079 0 0
1643785515321 0 0
1643785666057 0 0
1643785816705 0 0
1643785967363 0 0
1643786118013 0 0
1643786268643 0 0
1643786419265 0 0
1643786569894 0 0
1643786720525 0 0
1643786871162 0 0
1643787021817 0 0
1643787172453 0 0
1643787323071 0 0
1643787473657 0 0
1643787624268 0 0
1643787774886 0 0
1643787925509 0 0
1643788076132 0 0
1643788226779 0 0
1643788377438 0 0
1643788529657 0 0
1643788680264 0 0
1643788830883 0 0
1643788981515 0 0
1643789132130 0 0
1643789282751 0 0
1643789433385 0 0
1643789584004 0 0
1643789734596 0 0
1643789885196 0 0
1643790035829 0 0
1643790186459 0 0
1643790337072 0 0
1643790487683 0 0
1643790638299 0 0
1643790788928 0 0
1643790939588 0 0
1643791090202 0 0
1643791240811 0 0
1643791391424 0 0
1643791543786 0 0
1643791694455 0 0
1643791845104 0 0
1643791995767 0 0
1643792146422 0 0
1643792297066 0 0
1643792447691 0 0
1643792598331 0 0
1643792748988 0 0
1643792899621 0 0
1643793050268 0 0
1643793200924 0 0
1643793351577 0 0
1643793502224 0 0
1643793652837 0 0
1643793803435 0 0
1643793954047 0 0
1643794104680 0 0
1643794255334 0 0
1643794405986 0 0
1643794558271 0 0
1643794708911 0 0
1643794859531 0 0
1643795010136 0 0
1643795160756 0 0
1643795311375 0 0
1643795461985 0 0
1643795612608 0 0
1643795763230 0 0
1643795913868 0 0
1643796064508 0 0
1643796215115 0 0
1643796365733 0 0
1643796516354 0 0
1643796667003 0 0
1643796817638 0 0
1643796968285 0 0
1643797118952 0 0
1643797269611 0 0
1643797420254 0 0
1643797572497 0 0
1643797723100 0 0
1643797873705 0 0
1643798024321 0 0
1643798174927 0 0
1643798325541 0 0
1643798476183 0 0
1643798626822 0 0
1643798777435 0 0
1643798928015 0 0
1643799078617 0 0
1643799229225 0 0
1643799379863 0 0
1643799530500 0 0
1643799681149 0 0
1643799831769 0 0
1643799982393 0 0
1643800132986 0 0
1643800283614 0 0
1643800434239 0 0
1643800586594 0 0
1643800737194 0 0
1643800887840 0 0
1643801038492 0 0
1643801189148 0 0
1643801339772 0 0
1643801490402 0 0
1643801641042 0 0
1643801791690 0 0
1643801942357 0 0
1643802093034 0 0
1643802243701 0 0
1643802394349 0 0
1643802544996 0 0
1643802695625 0 0
1643802846247 0 0
1643802996859 0 0
1643803147473 0 0
1643803298100 0 0
1643803448733 0 0
1643803601006 0 0
1643803751641 0 0
1643803902282 0 0
1643804052896 0 0
1643804203542 0 0
1643804354190 0 0
1643804504835 0 0
1643804655509 0 0
1643804806170 0 0
1643804956784 0 0
1643805107403 0 0
1643805258043 0 0
1643805408689 0 0
1643805559323 0 0
1643805709949 0 0
1643805860581 0 0
1643806011219 0 0
1643806161882 0 0
1643806312534 0 0
1643806463163 0 0
1643806615391 0 0
1643806765994 0 0
1643806916616 0 0
1643807067255 0 0
1643807217912 0 0
1643807368595 0 0
1643807519062 0 0
1643807669512 0 0
1643807819963 0 0
1643807970420 0 0
1643808120889 0 0
1643808271316 0 0
1643808421769 0 0
1643808572244 0 0
1643808722722 0 0
1643808873219 0 0
1643809023670 0 0
1643809174091 0 0
1643809324525 0 0
1643809474967 0 0
1643809627039 0 0
1643809777688 0 0
1643809928334 0 0
1643810078991 0 0
1643810229610 0 0
1643810380217 0 0
1643810530850 0 0
1643810681484 0 0
1643810832104 0 0
1643810982732 0 0
1643811133386 0 0
1643811284042 0 0
1643811434694 0 0
1643811585350 0 0
1643811735991 0 0
1643811886625 0 0
1643812037282 0 0
1643812187938 0 0
1643812338607 0 0
1643812489269 0 0
1643812641508 0 0
1643812792122 0 0
1643812942746 0 0
1643813093387 0 0
1643813244013 0 0
1643813394613 0 0
1643813545243 0 0
1643813695885 0 0
1643813846502 0 0
1643813997124 0 0
1643814147747 0 0
1643814298354 0 0
1643814448993 0 0
1643814599625 0 0
1643814750286 0 0
1643814900938 0 0
1643815051588 0 0
1643815202208 0 0
1643815352823 0 0
1643815503475 0 0
1643815655726 0 0
1643815806324 0 0
1643815956903 0 0
1643816107545 0 0
1643816258179 0 0
1643816408816 0 0
1643816559411 0 0
1643816709996 0 0
1643816860575 0 0
1643817011197 0 0
1643817161817 0 0
1643817312436 0 0
1643817463061 0 0
1643817613688 0 0
1643817764303 0 0
1643817914899 0 0
1643818065517 0 0
1643818216121 0 0
1643818366724 0 0
1643818517341 0 0
1643818669799 0 0
1643818820459 0 0
1643818971099 0 0
1643819121721 0 0
1643819272347 0 0
1643819422937 0 0
1643819573583 0 0
1643819724240 0 0
1643819874885 0 0
1643820025550 0 0
1643820176214 0 0
1643820326848 0 0
1643820477476 0 0
1643820628105 0 0
1643820778738 0 0
1643820929353 0 0
1643821079970 0 0
1643821230627 0 0
1643821381261 0 0
1643821531915 0 0
1643821684162 0 0
1643821834740 0 0
1643821985319 0 0
1643822135934 0 0
1643822286563 0 0
1643822437186 0 0
1643822587793 0 0
1643822738425 0 0
1643822889028 0 0
1643823039625 0 0
1643823190202 0 0
1643823340804 0 0
1643823491369 0 0
1643823641906 0 0
1643823792508 0 0
1643823943134 0 0
1643824093743 0 0
1643824244334 0 0
1643824394900 0 0
1643824545483 0 0
1643824697705 0 0
1643824848256 0 0
1643824998800 0 0
1643825149359 0 0
1643825299895 0 0
1643825450448 0 0
1643825601203 0 0
1643825751717 0 0
1643825902243 0 0
1643826052751 0 0
1643826203260 0 0
1643826353760 0 0
1643826504246 0 0
1643826654736 0 0
1643826805251 0 0
1643826955768 0 0
1643827106256 0 0
1643827256767 0 0
1643827407284 0 0
1643827557788 0 0
1643827709908 0 0
1643827860404 0 0
1643828010907 0 0
1643828161394 0 0
1643828311846 0 0
1643828462313 0 0
1643828612773 0 0
1643828763321 0 0
1643828913827 0 0
1643829064578 0 0
1643829215093 0 0
1643829365603 0 0
1643829516069 0 0
1643829666545 0 0
1643829817014 0 0
1643829967525 0 0
1643830118013 0 0
1643830268524 0 0
1643830419063 0 0
1643830569622 0 0
1643830721769 0 0
1643830872275 0 0
1643831022799 0 0
1643831173329 0 0
1643831323863 0 0
1643831474396 0 0
1643831624923 0 0
1643831775447 0 0
1643831925980 0 0
1643832076511 0 0
1643832227042 0 0
1643832377558 0 0
1643832528078 0 0
1643832678609 0 0
1643832829138 0 0
1643832979642 0 0
1643833130148 0 0
1643833280688 0 0
1643833431207 0 0
1643833581730 0 0
1643833733855 0 0
1643833884334 0 0
1643834034843 0 0
1643834185352 0 0
1643834335866 0 0
1643834486395 0 0
1643834636926 0 0
1643834787425 0 0
1643834937911 0 0
1643835088377 0 0
1643835238863 0 0
1643835389336 0 0
1643835539863 0 0
1643835690384 0 0
1643835840850 0 0
1643835991334 0 0
1643836141797 0 0
1643836292303 0 0
1643836442801 0 0
1643836593288 0 0
1643836745381 0 0
1643836895653 0 0
1643837045935 0 0
1643837196245 0 0
1643837346554 0 0
1643837496848 0 0
1643837647151 0 0
1643837797494 0 0
1643837947783 0 0
1643838098058 0 0
1643838248312 0 0
1643838398601 0 0
1643838548934 0 0
1643838699233 0 0
1643838849525 0 0
1643838999848 0 0
1643839150179 0 0
1643839300475 0 0
1643839450771 0 0
1643839601037 0 0
1643839752882 0 0
1643839903314 0 0
1643840053756 0 0
1643840204198 0 0
1643840354687 0 0
1643840505163 0 0
1643840655630 0 0
1643840806073 0 0
1643840956493 0 0
1643841106982 0 0
1643841257462 0 0
1643841407942 0 0
1643841558411 0 0
1643841708876 0 0
1643841859364 0 0
1643842009810 0 0
1643842160269 0 0
1643842310701 0 0
1643842461162 0 0
1643842611616 0 0
1643842763983 0 0
1643842914379 0 0
1643843064823 0 0
1643843215265 0 0
1643843365720 0 0
1643843516212 0 0
1643843666650 0 0
1643843817095 0 0
1643843967525 0 0
1643844117955 0 0
1643844268429 0 0
1643844418971 0 0
1643844569576 0 0
1643844720198 0 0
1643844870827 0 0
1643845021447 0 0
1643845172072 0 0
1643845322699 0 0
1643845473331 0 0
1643845623956 0 0
1643845776196 0 0
1643845926821 0 0
1643846077456 0 0
1643846228089 0 0
1643846378733 0 0
1643846529393 0 0
1643846680037 0 0
1643846830667 0 0
1643846981317 0 0
1643847131968 0 0
1643847282590 0 0
1643847433191 0 0
1643847583815 0 0
1643847734434 0 0
1643847885039 0 0
1643848035663 0 0
1643848186306 0 0
1643848336954 0 0
1643848487604 0 0
1643848638239 0 0
1643848790487 0 0
1643848941145 0 0
1643849091799 0 0
1643849242449 0 0
1643849393102 0 0
1643849543754 0 0
1643849694424 0 0
1643849845099 0 0
1643849995756 0 0
1643850146410 0 0
1643850297067 0 0
1643850447730 0 0
1643850598394 0 0
1643850749073 0 0
1643850899719 0 0
1643851050357 0 0
1643851201010 0 0
1643851351634 0 0
1643851502253 0 0
1643851652904 0 0
1643851805150 0 0
1643851955798 0 0
1643852106448 0 0
1643852257075 0 0
1643852407689 0 0
1643852558329 0 0
1643852708974 0 0
1643852859619 0 0
1643853010277 0 0
1643853160908 0 0
1643853311530 0 0
1643853462157 0 0
1643853612793 0 0
1643853763434 0 0
1643853914059 0 0
1643854064674 0 0
1643854215297 0 0
1643854365954 0 0
1643854516599 0 0
1643854667262 0 0
1643854819518 0 0
1643854970166 0 0
1643855120797 0 0
1643855271410 0 0
1643855422034 0 0
1643855572669 0 0
1643855723312 0 0
1643855873949 0 0
1643856024612 0 0
1643856175260 0 0
1643856325890 0 0
1643856476498 0 0
1643856627080 0 0
1643856777668 0 0
1643856928249 0 0
1643857078834 0 0
1643857229420 0 0
1643857379988 0 0
1643857530561 0 0
1643857681157 0 0
1643857833746 0 0
1643857984334 0 0
1643858134937 0 0
1643858285519 0 0
1643858436088 0 0
1643858586661 0 0
1643858737263 0 0
1643858887858 0 0
1643859038446 0 0
1643859189024 0 0
1643859339612 0 0
1643859490185 0 0
1643859640780 0 0
1643859791364 0 0
1643859941938 0 0
1643860092532 0 0
1643860243123 0 0
1643860393730 0 0
1643860544346 0 0
1643860694972 0 0
1643860847168 0 0
1643860997757 0 0
1643861148355 0 0
1643861298962 0 0
1643861449585 0 0
1643861600204 0 0
1643861750825 0 0
1643861901465 0 0
1643862052093 0 0
1643862202702 0 0
1643862353315 0 0
1643862503913 0 0
1643862654540 0 0
1643862805151 0 0
1643862955763 0 0
1643863106365 0 0
1643863256970 0 0
1643863407583 0 0
1643863558182 0 0
1643863708777 0 0
1643863860959 0 0
1643864011553 0 0
1643864162148 0 0
1643864312779 0 0
1643864463398 0 0
1643864614021 0 0
1643864764655 0 0
1643864915260 0 0
1643865065876 0 0
1643865216483 0 0
1643865367093 0 0
1643865517682 0 0
1643865668288 0 0
1643865818908 0 0
1643865969533 0 0
1643866120244 0 0
1643866270843 0 0
1643866421441 0 0
1643866572056 0 0
1643866722678 0 0
1643866874880 0 0
1643867025541 0 0
1643867176209 0 0
1643867326879 0 0
1643867477511 0 0
1643867628148 0 0
1643867778771 0 0
1643867929416 0 0
1643868080049 0 0
1643868230686 0 0
1643868381348 0 0
1643868532005 0 0
1643868682690 0 0
1643868833353 0 0
1643868983996 0 0
1643869134637 0 0
1643869285311 0 0
1643869435976 0 0
1643869586647 0 0
1643869737334 0 0
1643869889580 0 0
1643870040245 0 0
1643870190891 0 0
1643870341537 0 0
1643870492199 0 0
1643870642839 0 0
1643870793472 0 0
1643870944131 0 0
1643871094810 0 0
1643871245457 0 0
1643871396107 0 0
1643871546729 0 0
1643871697395 0 0
1643871848040 0 0
1643871998687 0 0
1643872149303 0 0
1643872299927 0 0
1643872450580 0 0
1643872601246 0 0
1643872751911 0 0
1643872904174 0 0
1643873054776 0 0
1643873205383 0 0
1643873356038 0 0
1643873506652 0 0
1643873657248 0 0
1643873807861 0 0
1643873958495 0 0
1643874109172 0 0
1643874259804 0 0
1643874410429 0 0
1643874561050 0 0
1643874711715 0 0
1643874862370 0 0
1643875013023 0 0
1643875163668 0 0
1643875314303 0 0
1643875464935 0 0
1643875615590 0 0
1643875766261 0 0
1643875918546 0 0
1643876069248 0 0
1643876219957 0 0
1643876370647 0 0
1643876521331 0 0
1643876672000 0 0
1643876822654 0 0
1643876973309 0 0
1643877123975 0 0
1643877274677 0 0
1643877425377 0 0
1643877576033 0 0
1643877726680 0 0
1643877877817 0 0
1643878028498 0 0
1643878179203 0 0
1643878329882 0 0
1643878480546 0 0
1643878631199 0 0
1643878781865 0 0
1643878934139 0 0
1643879084840 0 0
1643879235532 0 0
1643879386205 0 0
1643879536865 0 0
1643879687531 0 0
1643879838200 0 0
1643879988854 0 0
1643880139497 0 0
1643880290165 0 0
1643880440845 0 0
1643880591533 0 0
1643880742187 0 0
1643880892826 0 0
1643881043490 0 0
1643881194188 0 0
1643881344900 0 0
1643881495600 0 0
1643881646256 0 0
1643881796930 0 0
1643881949193 0 0
1643882099865 0 0
1643882250554 0 0
1643882401236 0 0
1643882551906 0 0
1643882702578 0 0
1643882853222 0 0
1643883003897 0 0
1643883154564 0 0
1643883305223 0 0
1643883455881 0 0
1643883606547 0 0
1643883757216 0 0
1643883907903 0 0
1643884058559 0 0
1643884209204 0 0
1643884359829 0 0
1643884510507 0 0
1643884661167 0 0
1643884811841 0 0
1643884964115 0 0
1643885114766 0 0
1643885265396 0 0
1643885416022 0 0
1643885566677 0 0
1643885717313 0 0
1643885867930 0 0
1643886018568 0 0
1643886169223 0 0
1643886319904 0 0
1643886470566 0 0
1643886621210 0 0
1643886771843 0 0
1643886922506 0 0
1643887073172 0 0
1643887223858 0 0
1643887374536 0 0
1643887525239 0 0
1643887675905 0 0
1643887826557 0 0
1643887978793 0 0
1643888129472 0 0
1643888280119 0 0
1643888430752 0 0
1643888581411 0 0
1643888732085 0 0
1643888882738 0 0
1643889033414 0 0
1643889184084 0 0
1643889334716 0 0
1643889485348 0 0
1643889636002 0 0
1643889786702 0 0
1643889937401 0 0
1643890088074 0 0
1643890238739 0 0
1643890389385 0 0
1643890540024 0 0
1643890690643 0 0
1643890841296 0 0
1643890993549 0 0
1643891144171 0 0
1643891294815 0 0
1643891445457 0 0
1643891596109 0 0
1643891746773 0 0
1643891897386 0 0
1643892048003 0 0
1643892198620 0 0
1643892349276 0 0
1643892499946 0 0
1643892650596 0 0
1643892801258 0 0
1643892951916 0 0
1643893102541 0 0
1643893253169 0 0
1643893403801 0 0
1643893554441 0 0
1643893705082 0 0
1643893855702 0 0
1643894007978 0 0
1643894158650 0 0
1643894309332 0 0
1643894459990 0 0
1643894610639 0 0
1643894761299 0 0
1643894911938 0 0
1643895062609 0 0
1643895213281 0 0
1643895363988 0 0
1643895514684 0 0
1643895665378 0 0
1643895816057 0 0
1643895966711 0 0
1643896117348 0 0
1643896268025 0 0
1643896418699 0 0
1643896569341 0 0
1643896719990 0 0
1643896870664 0 0
1643897022947 0 0
1643897173636 0 0
1643897324289 0 0
1643897474939 0 0
1643897625577 0 0
1643897776234 0 0
1643897926874 0 0
1643898077526 0 0
1643898228157 0 0
1643898378787 0 0
1643898529402 0 0
1643898680032 0 0
1643898830648 0 0
1643898981265 0 0
1643899131865 0 0
1643899282454 0 0
1643899433041 0 0
1643899583631 0 0
1643899734245 0 0
1643899884831 0 0
1643900037628 0 0
1643900188123 0 0
1643900338623 0 0
1643900489147 0 0
1643900639641 0 0
1643900790138 0 0
1643900940638 0 0
1643901091146 0 0
1643901241641 0 0
1643901392142 0 0
1643901542674 0 0
1643901693202 0 0
1643901843699 0 0
1643901994153 0 0
1643902144642 0 0
1643902295165 0 0
1643902445666 0 0
1643902596183 0 0
1643902746658 0 0
1643902897151 0 0
1643903049243 0 0
1643903199738 0 0
1643903350241 0 0
1643903500737 0 0
1643903651217 0 0
1643903801701 0 0
1643903952176 0 0
1643904102663 0 0
1643904253111 0 0
1643904403577 0 0
1643904554060 0 0
1643904704548 0 0
1643904855027 0 0
1643905005511 0 0
1643905155944 0 0
1643905306385 0 0
1643905456830 0 0
1643905607273 0 0
1643905757700 0 0
1643905908187 0 0
1643906060258 0 0
1643906210671 0 0
1643906361139 0 0
1643906511606 0 0
1643906662064 0 0
1643906812534 0 0
1643906962953 0 0
1643907113381 0 0
1643907263820 0 0
1643907414244 0 0
1643907564649 0 0
1643907715070 0 0
1643907865486 0 0
1643908015917 0 0
1643908166377 0 0
1643908316839 0 0
1643908467273 0 0
1643908617726 0 0
1643908768155 0 0
1643908918600 0 0
1643909070657 0 0
1643909220950 0 0
1643909371218 0 0
1643909521488 0 0
1643909671743 0 0
1643909822029 0 0
1643909972286 0 0
1643910122550 0 0
1643910272802 0 0
1643910423042 0 0
1643910573292 0 0
1643910723545 0 0
1643910873765 0 0
1643911024020 0 0
1643911174257 0 0
1643911324510 0 0
1643911474797 0 0
1643911625030 0 0
1643911775260 0 0
1643911925519 0 0
1643912077378 0 0
1643912227653 0 0
1643912377918 0 0
1643912528156 0 0
1643912678391 0 0
1643912828661 0 0
1643912978918 0 0
1643913129176 0 0
1643913279451 0 0
1643913429697 0 0
1643913580350 0 0
1643913730603 0 0
1643913880833 0 0
1643914031068 0 0
1643914181283 0 0
1643914331535 0 0
1643914481791 0 0
1643914632048 0 0
1643914782300 0 0
