1643764274131 0 0
1643764426525 1 0
1643764578722 2 0
1643764729070 3 0
1643764879392 4 0
1643765029718 5 0
1643765180062 6 0
1643765330399 7 0
1643765480758 8 0
1643765631108 9 0
1643765781462 10 0
1643765931812 11 0
1643766082184 12 0
1643766232531 13 0
1643766382877 14 0
1643766533209 15 0
1643766683485 16 0
1643766833777 17 0
1643766984065 18 0
1643767134344 19 0
1643767284631 20 0
1643767436567 21 0
1643767586768 22 0
1643767737066 23 0
1643767887379 24 0
1643768037690 25 0
1643768188076 26 0
1643768338568 27 0
1643768489102 28 0
1643768639659 29 0
1643768790206 30 0
1643768940736 31 0
1643769091280 32 0
1643769241825 33 0
1643769392371 34 0
1643769542920 35 0
1643769693485 36 0
1643769844049 37 0
1643769994618 38 0
1643770145185 39 0
1643770295761 40 0
1643770448007 41 0
1643770598595 42 0
1643770749191 43 0
1643770899766 44 0
1643771050340 45 0
1643771200942 46 0
1643771351522 47 0
1643771502090 48 0
1643771652621 49 0
1643771803179 50 0
1643771953739 51 0
1643772104245 52 0
1643772254766 53 0
1643772405349 54 0
1643772555914 55 0
1643772706496 56 0
1643772857063 57 0
1643773007644 58 0
1643773158213 59 0
1643773308787 60 0
1643773461034 61 0
1643773611626 62 0
1643773762228 63 0
1643773912812 64 0
1643774063411 65 0
1643774213995 66 0
1643774364581 67 0
1643774515171 68 0
1643774665770 69 0
1643774816363 70 0
1643774966966 71 0
1643775117572 72 0
1643775268177 73 0
1643775418780 74 0
1643775569377 75 0
1643775719945 76 0
1643775870490 77 0
1643776021055 78 0
1643776171656 79 0
1643776322227 80 0
1643776474481 81 0
1643776625036 82 0
1643776775621 83 0
1643776926228 84 0
1643777076821 85 0
1643777227426 86 0
1643777377996 87 0
1643777528556 88 0
1643777679110 89 0
1643777829696 90 0
1643777980296 91 0
1643778130889 92 0
1643778281478 93 0
1643778432077 94 0
1643778582658 95 0
1643778733223 96 0
1643778883796 97 0
1643779034357 98 0
1643779184927 99 0
1643779335480 100 0
1643779487680 101 0
1643779638313 102 0
1643779788927 103 0
1643779939546 104 0
1643780090154 105 0
1643780240719 106 0
1643780391273 107 0
1643780541841 108 0
1643780692450 109 0
1643780843059 110 0
1643780993699 111 0
1643781144301 112 0
1643781294863 113 0
1643781445415 114 0
1643781596020 115 0
1643781746581 116 0
1643781897147 117 0
1643782047732 118 0
1643782198347 119 0
1643782348958 120 0
1643782501264 121 0
1643782651876 122 0
1643782802493 123 0
1643782953093 124 0
1643783103736 125 0
1643783254361 126 0
1643783404988 127 0
1643783555632 128 0
1643783706283 129 0
1643783856922 130 0
1643784007528 131 0
1643784158118 132 0
1643784308721 133 0
1643784459338 134 0
1643784609926 135 0
1643784760563 136 0
1643784911205 137 0
1643785061856 138 0
1643785212476 139 0
1643785363071 140 0
1643785515321 141 0
1643785666057 142 0
1643785816705 143 0
1643785967355 144 0
1643786118013 145 0
1643786268641 146 0
1643786419265 147 0
1643786569886 148 0
1643786720525 149 0
1643786871160 150 0
1643787021809 151 0
1643787172453 152 0
1643787323071 153 0
1643787473657 154 0
1643787624268 155 0
1643787774886 156 0
1643787925501 157 0
1643788076132 158 0
1643788226777 159 0
1643788377436 160 0
1643788529657 161 0
1643788680256 162 0
1643788830883 163 0
1643788981515 164 0
1643789132130 165 0
1643789282751 166 0
1643789433385 167 0
1643789584002 168 0
1643789734596 169 0
1643789885196 170 0
1643790035829 171 0
1643790186459 172 0
1643790337070 173 0
1643790487683 174 0
1643790638297 175 0
1643790788928 176 0
1643790939588 177 0
1643791090202 178 0
1643791240811 179 0
1643791391424 180 0
1643791543786 181 0
1643791694455 182 0
1643791845104 183 0
1643791995767 184 0
1643792146422 185 0
1643792297066 186 0
1643792447691 187 0
1643792598329 188 0
1643792748988 189 0
1643792899621 190 0
1643793050268 191 0
1643793200924 192 0
1643793351575 193 0
1643793502224 194 0
1643793652829 195 0
1643793803435 196 0
1643793954047 197 0
1643794104680 198 0
1643794255326 199 0
1643794405986 200 0
1643794558271 201 0
1643794708903 202 0
1643794859531 203 0
1643795010136 204 0
1643795160756 205 0
1643795311375 206 0
1643795461983 207 0
1643795612608 208 0
1643795763230 209 0
1643795913866 210 0
1643796064500 211 0
1643796215113 212 0
1643796365725 213 0
1643796516346 214 0
1643796666995 215 0
1643796817638 216 0
1643796968285 217 0
1643797118944 218 0
1643797269611 219 0
1643797420254 220 0
1643797572497 221 0
1643797723100 222 0
1643797873705 223 0
1643798024319 224 0
1643798174919 225 0
1643798325541 226 0
1643798476175 227 0
1643798626814 228 0
1643798777427 229 0
1643798928015 230 0
1643799078609 231 0
1643799229223 232 0
1643799379863 233 0
1643799530498 234 0
1643799681141 235 0
1643799831769 236 0
1643799982385 237 0
1643800132986 238 0
1643800283606 239 0
1643800434239 240 0
1643800586594 241 0
1643800737194 242 0
1643800887840 243 0
1643801038484 244 0
1643801189148 245 0
1643801339772 246 0
1643801490394 247 0
1643801641040 248 0
1643801791690 249 0
1643801942357 250 0
1643802093034 251 0
1643802243701 252 0
1643802394349 253 0
1643802544996 254 0
1643802695623 255 0
1643802846247 256 0
1643802996859 257 0
1643803147473 258 0
1643803298100 259 0
1643803448725 260 0
1643803601006 261 0
1643803751641 262 0
1643803902274 263 0
1643804052894 264 0
1643804203540 265 0
1643804354190 266 0
1643804504835 267 0
1643804655509 268 0
1643804806168 269 0
1643804956784 270 0
1643805107403 271 0
1643805258043 272 0
1643805408689 273 0
1643805559323 274 0
1643805709941 275 0
1643805860581 276 0
1643806011219 277 0
1643806161874 278 0
1643806312534 279 0
1643806463163 280 0
1643806615391 281 0
1643806765994 282 0
1643806916616 283 0
1643807067255 284 0
1643807217910 285 0
1643807368595 286 0
1643807519062 287 0
1643807669512 288 0
1643807819955 289 0
1643807970420 290 0
1643808120889 291 0
1643808271316 292 0
1643808421769 293 0
1643808572242 294 0
1643808722722 295 0
1643808873217 296 0
1643809023668 297 0
1643809174091 298 0
1643809324525 299 0
1643809474967 300 0
1643809627039 301 0
1643809777680 302 0
1643809928326 303 0
1643810078991 304 0
1643810229610 305 0
1643810380217 306 0
1643810530850 307 0
1643810681484 308 0
1643810832102 309 0
1643810982732 310 0
1643811133386 311 0
1643811284034 312 0
1643811434694 313 0
1643811585350 314 0
1643811735983 315 0
1643811886625 316 0
1643812037274 317 0
1643812187938 318 0
1643812338607 319 0
1643812489269 320 0
1643812641508 321 0
1643812792122 322 0
1643812942746 323 0
1643813093385 324 0
1643813244013 325 0
1643813394613 326 0
1643813545243 327 0
1643813695885 328 0
1643813846502 329 0
1643813997124 330 0
1643814147747 331 0
1643814298354 332 0
1643814448985 333 0
1643814599625 334 0
1643814750286 335 0
1643814900938 336 0
1643815051580 337 0
1643815202200 338 0
1643815352823 339 0
1643815503473 340 0
1643815655726 341 0
1643815806316 342 0
1643815956903 343 0
1643816107545 344 0
1643816258171 345 0
1643816408808 346 0
1643816559411 347 0
1643816709996 348 0
1643816860575 349 0
1643817011189 350 0
1643817161817 351 0
1643817312428 352 0
1643817463061 353 0
1643817613688 354 0
1643817764303 355 0
1643817914899 356 0
1643818065509 357 0
1643818216119 358 0
1643818366722 359 0
1643818517341 360 0
1643818669799 361 0
1643818820451 362 0
1643818971091 363 0
1643819121721 364 0
1643819272339 365 0
1643819422937 366 0
1643819573575 367 0
1643819724240 368 0
1643819874885 369 0
1643820025550 370 0
1643820176206 371 0
1643820326848 372 0
1643820477476 373 0
1643820628103 374 0
1643820778738 375 0
1643820929353 376 0
1643821079962 377 0
1643821230619 378 0
1643821381261 379 0
1643821531915 380 0
1643821684154 381 0
1643821834740 382 0
1643821985319 383 0
1643822135932 384 0
1643822286563 385 0
1643822437184 386 0
1643822587793 387 0
1643822738417 388 0
1643822889028 389 0
1643823039623 390 0
1643823190202 391 0
1643823340804 392 0
1643823491369 393 0
1643823641906 394 0
1643823792508 395 0
1643823943134 396 0
1643824093743 397 0
1643824244326 398 0
1643824394900 399 0
1643824545483 400 0
1643824697703 401 0
1643824848256 402 0
1643824998792 403 0
1643825149359 404 0
1643825299895 405 0
1643825450448 406 0
1643825601195 407 0
1643825751717 408 0
1643825902243 409 0
1643826052751 410 0
1643826203260 411 0
1643826353760 412 0
1643826504246 413 0
1643826654736 414 0
1643826805251 415 0
1643826955760 416 0
1643827106256 417 0
1643827256767 418 0
1643827407284 419 0
1643827557788 420 0
1643827709900 421 0
1643827860404 422 0
1643828010907 423 0
1643828161394 424 0
1643828311844 425 0
1643828462313 426 0
1643828612773 427 0
1643828763313 428 0
1643828913825 429 0
1643829064578 430 0
1643829215093 431 0
1643829365603 432 0
1643829516069 433 0
1643829666543 434 0
1643829817012 435 0
1643829967525 436 0
1643830118013 437 0
1643830268524 438 0
1643830419061 439 0
1643830569622 440 0
1643830721769 441 0
1643830872275 442 0
1643831022799 443 0
1643831173327 444 0
1643831323863 445 0
1643831474394 446 0
1643831624915 447 0
1643831775447 448 0
1643831925980 449 0
1643832076511 450 0
1643832227040 451 0
1643832377558 452 0
1643832528076 453 0
1643832678609 454 0
1643832829136 455 0
1643832979642 456 0
1643833130148 457 0
1643833280688 458 0
1643833431207 459 0
1643833581722 460 0
1643833733847 461 0
1643833884334 462 0
1643834034843 463 0
1643834185344 464 0
1643834335866 465 0
1643834486395 466 0
1643834636924 467 0
1643834787425 468 0
1643834937910 469 0
1643835088377 470 0
1643835238863 471 0
1643835389336 472 0
1643835539861 473 0
1643835690376 474 0
1643835840850 475 0
1643835991334 476 0
1643836141797 477 0
1643836292295 478 0
1643836442801 479 0
1643836593288 480 0
1643836745373 481 0
1643836895653 482 0
1643837045927 483 0
1643837196245 484 0
1643837346554 485 0
1643837496848 486 0
1643837647151 487 0
1643837797486 488 0
1643837947783 489 0
1643838098058 490 0
1643838248310 491 0
1643838398601 492 0
1643838548934 493 0
1643838699233 494 0
1643838849525 495 0
1643838999848 496 0
1643839150179 497 0
1643839300475 498 0
1643839450771 499 0
1643839601035 500 0
1643839752880 501 0
1643839903312 502 0
1643840053748 503 0
1643840204198 504 0
1643840354685 505 0
1643840505163 506 0
1643840655630 507 0
1643840806073 508 0
1643840956493 509 0
1643841106980 510 0
1643841257454 511 0
1643841407942 512 0
1643841558411 513 0
1643841708876 514 0
1643841859362 515 0
1643842009810 516 0
1643842160267 517 0
1643842310701 518 0
1643842461154 519 0
1643842611616 520 0
1643842763983 521 0
1643842914377 522 0
1643843064823 523 0
1643843215265 524 0
1643843365720 525 0
1643843516210 526 0
1643843666650 527 0
1643843817095 528 0
1643843967523 529 0
1643844117955 530 0
1643844268429 531 0
1643844418971 532 0
1643844569576 533 0
1643844720198 534 0
1643844870827 535 0
1643845021447 536 0
1643845172072 537 0
1643845322699 538 0
1643845473331 539 0
1643845623956 540 0
1643845776188 541 0
1643845926819 542 0
1643846077456 543 0
1643846228089 544 0
1643846378733 545 0
1643846529389 546 0
1643846680029 547 0
1643846830667 548 0
1643846981317 549 0
1643847131960 550 0
1643847282590 551 0
1643847433183 552 0
1643847583815 553 0
1643847734434 554 0
1643847885039 555 0
1643848035663 556 0
1643848186306 557 0
1643848336954 558 0
1643848487604 559 0
1643848638237 560 0
1643848790487 561 0
1643848941145 562 0
1643849091799 563 0
1643849242441 564 0
1643849393094 565 0
1643849543754 566 0
1643849694422 567 0
1643849845091 568 0
1643849995756 569 0
1643850146410 570 0
1643850297067 571 0
1643850447728 572 0
1643850598394 573 0
1643850749064 574 0
1643850899719 575 0
1643851050349 576 0
1643851201010 577 0
1643851351634 578 0
1643851502253 579 0
1643851652904 580 0
1643851805142 581 0
1643851955798 582 0
1643852106448 583 0
1643852257075 584 0
1643852407689 585 0
1643852558327 586 0
1643852708966 587 0
1643852859619 588 0
1643853010275 589 0
1643853160908 590 0
1643853311530 591 0
1643853462149 592 0
1643853612793 593 0
1643853763434 594 0
1643853914057 595 0
1643854064672 596 0
1643854215297 597 0
1643854365954 598 0
1643854516597 599 0
1643854667262 600 0
1643854819518 601 0
1643854970166 602 0
1643855120797 603 0
1643855271410 604 0
1643855422026 605 0
1643855572669 606 0
1643855723304 607 0
1643855873949 608 0
1643856024612 609 0
1643856175260 610 0
1643856325890 611 0
1643856476496 612 0
1643856627080 613 0
1643856777668 614 0
1643856928249 615 0
1643857078826 616 0
1643857229418 617 0
1643857379986 618 0
1643857530561 619 0
1643857681155 620 0
1643857833738 621 0
1643857984334 622 0
1643858134935 623 0
1643858285517 624 0
1643858436088 625 0
1643858586661 626 0
1643858737263 627 0
1643858887856 628 0
1643859038444 629 0
1643859189024 630 0
1643859339612 631 0
1643859490177 632 0
1643859640778 633 0
1643859791362 634 0
1643859941938 635 0
1643860092524 636 0
1643860243123 637 0
1643860393730 638 0
1643860544344 639 0
1643860694972 640 0
1643860847168 641 0
1643860997755 642 0
1643861148355 643 0
1643861298954 644 0
1643861449585 645 0
1643861600204 646 0
1643861750825 647 0
1643861901465 648 0
1643862052093 649 0
1643862202702 650 0
1643862353307 651 0
1643862503913 652 0
1643862654538 653 0
1643862805149 654 0
1643862955755 655 0
1643863106365 656 0
1643863256970 657 0
1643863407583 658 0
1643863558179 659 0
1643863708769 660 0
1643863860949 661 0
1643864011551 662 0
1643864162148 663 0
1643864312779 664 0
1643864463398 665 0
1643864614021 666 0
1643864764655 667 0
1643864915260 668 0
1643865065876 669 0
1643865216483 670 0
1643865367091 671 0
1643865517680 672 0
1643865668286 673 0
1643865818908 674 0
1643865969533 675 0
1643866120244 676 0
1643866270841 677 0
1643866421441 678 0
1643866572056 679 0
1643866722670 680 0
1643866874880 681 0
1643867025541 682 0
1643867176201 683 0
1643867326877 684 0
1643867477511 685 0
1643867628146 686 0
1643867778771 687 0
1643867929416 688 0
1643868080041 689 0
1643868230684 690 0
1643868381348 691 0
1643868532005 692 0
1643868682690 693 0
1643868833353 694 0
1643868983996 695 0
1643869134637 696 0
1643869285309 697 0
1643869435974 698 0
1643869586639 699 0
1643869737332 700 0
1643869889580 701 0
1643870040237 702 0
1643870190889 703 0
1643870341535 704 0
1643870492191 705 0
1643870642839 706 0
1643870793472 707 0
1643870944131 708 0
1643871094810 709 0
1643871245457 710 0
1643871396099 711 0
1643871546721 712 0
1643871697393 713 0
1643871848040 714 0
1643871998687 715 0
1643872149303 716 0
1643872299927 717 0
1643872450580 718 0
1643872601244 719 0
1643872751911 720 0
1643872904172 721 0
1643873054768 722 0
1643873205383 723 0
1643873356036 724 0
1643873506644 725 0
1643873657240 726 0
1643873807861 727 0
1643873958493 728 0
1643874109172 729 0
1643874259804 730 0
1643874410427 731 0
1643874561050 732 0
1643874711707 733 0
1643874862370 734 0
1643875013023 735 0
1643875163668 736 0
1643875314295 737 0
1643875464935 738 0
1643875615590 739 0
1643875766261 740 0
1643875918538 741 0
1643876069248 742 0
1643876219957 743 0
1643876370647 744 0
1643876521323 745 0
1643876672000 746 0
1643876822646 747 0
1643876973307 748 0
1643877123975 749 0
1643877274669 750 0
1643877425369 751 0
1643877576031 752 0
1643877726680 753 0
1643877877817 754 0
1643878028498 755 0
1643878179203 756 0
1643878329874 757 0
1643878480546 758 0
1643878631199 759 0
1643878781865 760 0
1643878934139 761 0
1643879084840 762 0
1643879235532 763 0
1643879386203 764 0
1643879536865 765 0
1643879687531 766 0
1643879838200 767 0
1643879988854 768 0
1643880139497 769 0
1643880290165 770 0
1643880440845 771 0
1643880591533 772 0
1643880742187 773 0
1643880892826 774 0
1643881043490 775 0
1643881194180 776 0
1643881344900 777 0
1643881495597 778 0
1643881646256 779 0
1643881796927 780 0
1643881949191 781 0
1643882099857 782 0
1643882250554 783 0
1643882401236 784 0
1643882551906 785 0
1643882702576 786 0
1643882853222 787 0
1643883003895 788 0
1643883154564 789 0
1643883305215 790 0
1643883455879 791 0
1643883606545 792 0
1643883757208 793 0
1643883907903 794 0
1643884058559 795 0
1643884209204 796 0
1643884359829 797 0
1643884510505 798 0
1643884661167 799 0
1643884811839 800 0
1643884964115 801 0
1643885114764 802 0
1643885265396 803 0
1643885416022 804 0
1643885566677 805 0
1643885717313 806 0
1643885867930 807 0
1643886018568 808 0
1643886169223 809 0
1643886319904 810 0
1643886470566 811 0
1643886621210 812 0
1643886771835 813 0
1643886922506 814 0
1643887073172 815 0
1643887223858 816 0
1643887374536 817 0
1643887525231 818 0
1643887675905 819 0
1643887826557 820 0
1643887978793 821 0
1643888129470 822 0
1643888280117 823 0
1643888430752 824 0
1643888581403 825 0
1643888732085 826 0
1643888882738 827 0
1643889033406 828 0
1643889184084 829 0
1643889334716 830 0
1643889485348 831 0
1643889635994 832 0
1643889786694 833 0
1643889937399 834 0
1643890088074 835 0
1643890238739 836 0
1643890389385 837 0
1643890540016 838 0
1643890690643 839 0
1643890841296 840 0
1643890993541 841 0
1643891144163 842 0
1643891294815 843 0
1643891445457 844 0
1643891596101 845 0
1643891746773 846 0
1643891897386 847 0
1643892048003 848 0
1643892198620 849 0
1643892349276 850 0
1643892499946 851 0
1643892650596 852 0
1643892801250 853 0
1643892951908 854 0
1643893102541 855 0
1643893253169 856 0
1643893403793 857 0
1643893554441 858 0
1643893705080 859 0
1643893855702 860 0
1643894007976 861 0
1643894158648 862 0
1643894309332 863 0
1643894459990 864 0
1643894610639 865 0
1643894761297 866 0
1643894911938 867 0
1643895062601 868 0
1643895213273 869 0
1643895363988 870 0
1643895514684 871 0
1643895665378 872 0
1643895816057 873 0
1643895966709 874 0
1643896117348 875 0
1643896268025 876 0
1643896418691 877 0
1643896569341 878 0
1643896719990 879 0
1643896870664 880 0
1643897022939 881 0
1643897173628 882 0
1643897324289 883 0
1643897474939 884 0
1643897625577 885 0
1643897776226 886 0
1643897926874 887 0
1643898077526 888 0
1643898228157 889 0
1643898378785 890 0
1643898529402 891 0
1643898680030 892 0
1643898830648 893 0
1643898981265 894 0
1643899131865 895 0
1643899282454 896 0
1643899433041 897 0
1643899583631 898 0
1643899734237 899 0
1643899884823 900 0
1643900037628 901 0
1643900188121 902 0
1643900338623 903 0
1643900489145 904 0
1643900639633 905 0
1643900790136 906 0
1643900940638 907 0
1643901091146 908 0
1643901241641 909 0
1643901392142 910 0
1643901542674 911 0
1643901693202 912 0
1643901843697 913 0
1643901994153 914 0
1643902144642 915 0
1643902295163 916 0
1643902445666 917 0
1643902596175 918 0
1643902746650 919 0
1643902897151 920 0
1643903049241 921 0
1643903199736 922 0
1643903350233 923 0
1643903500729 924 0
1643903651217 925 0
1643903801701 926 0
1643903952176 927 0
1643904102663 928 0
1643904253111 929 0
1643904403577 930 0
1643904554052 931 0
1643904704546 932 0
1643904855027 933 0
1643905005503 934 0
1643905155942 935 0
1643905306385 936 0
1643905456828 937 0
1643905607273 938 0
1643905757700 939 0
1643905908179 940 0
1643906060258 941 0
1643906210669 942 0
1643906361139 943 0
1643906511606 944 0
1643906662064 945 0
1643906812526 946 0
1643906962951 947 0
1643907113381 948 0
1643907263812 949 0
1643907414242 950 0
1643907564641 951 0
1643907715070 952 0
1643907865478 953 0
1643908015917 954 0
1643908166377 955 0
1643908316839 956 0
1643908467273 957 0
1643908617726 958 0
1643908768155 959 0
1643908918591 960 0
1643909070657 961 0
1643909220950 962 0
1643909371218 963 0
1643909521488 964 0
1643909671743 965 0
1643909822029 966 0
1643909972286 967 0
1643910122550 968 0
1643910272800 969 0
1643910423042 970 0
1643910573292 971 0
1643910723544 972 0
1643910873763 973 0
1643911024020 974 0
1643911174257 975 0
1643911324510 976 0
1643911474797 977 0
1643911625022 978 0
1643911775260 979 0
1643911925517 980 0
1643912077378 981 0
1643912227651 982 0
1643912377918 983 0
1643912528154 984 0
1643912678391 985 0
1643912828661 986 0
1643912978910 987 0
1643913129168 988 0
1643913279449 989 0
1643913429697 990 0
1643913580350 991 0
1643913730603 992 0
1643913880833 993 0
1643914031068 994 0
1643914181283 995 0
1643914331527 996 0
1643914481789 997 0
1643914632048 998 0
1643914782300 999 0
