1643764274138 6.607306480407715 0
1643764426533 0.8440379500389099 0
1643764578722 1.0546238720417023 0
1643764729078 1.2940756380558014 0
1643764879400 1.3916803002357483 0
1643765029726 0.7665664777159691 0
1643765180070 1.5092130899429321 0
1643765330409 1.4596912860870361 0
1643765480760 1.4644080698490143 0
1643765631118 1.2176260352134705 0
1643765781462 0.5172880738973618 0
1643765931820 0.7828076183795929 0
1643766082192 0.8455609381198883 0
1643766232539 1.0557316839694977 0
1643766382877 0.8019627034664154 0
1643766533209 1.4850845485925674 0
1643766683487 1.9591966271400452 0
1643766833777 0.7010719776153564 0
1643766984073 2.0199902057647705 0
1643767134352 1.7950495481491089 0
1643767284643 1.3101240694522858 0
1643767436575 0.7317989766597748 0
1643767586776 1.3787864446640015 0
1643767737074 1.518501728773117 0
1643767887387 0.7545078694820404 0
1643768037690 0.9818708002567291 0
1643768188076 1.1632145941257477 0
1643768338578 0.7782728970050812 0
1643768489112 0.4873386397957802 0
1643768639667 1.2667492926120758 0
1643768790215 0.9051870703697205 0
1643768940744 1.325076401233673 0
1643769091292 1.2686686515808105 0
1643769241833 1.1400350630283356 0
1643769392379 0.6041125357151031 0
1643769542922 0.7562268897891045 0
1643769693493 1.4654988944530487 0
1643769844059 1.0945653170347214 0
1643769994626 1.4197157621383667 0
1643770145193 0.5811284929513931 0
1643770295769 1.6271162629127502 0
1643770448009 1.163369059562683 0
1643770598603 1.172651469707489 0
1643770749191 1.3785530626773834 0
1643770899774 1.100933164358139 0
1643771050348 0.8085694760084152 0
1643771200950 1.1451341211795807 0
1643771351524 0.754361167550087 0
1643771502098 1.5100390911102295 0
1643771652629 1.6631744503974915 0
1643771803187 0.8416536301374435 0
1643771953741 1.027856469154358 0
1643772104253 0.7553649842739105 0
1643772254776 0.7677702605724335 0
1643772405357 1.02907332777977 0
1643772555922 1.1873915195465088 0
1643772706496 0.682599276304245 0
1643772857071 0.8603242933750153 0
1643773007644 0.9101501107215881 0
1643773158221 1.2357450723648071 0
1643773308789 1.0994957834482193 0
1643773461044 0.8808306753635406 0
1643773611634 1.0446479618549347 0
1643773762236 1.0314225256443024 0
1643773912820 0.8560304343700409 0
1643774063421 0.7950021028518677 0
1643774213995 0.7611481547355652 0
1643774364583 1.1254678666591644 0
1643774515173 1.1866306364536285 0
1643774665778 1.9423106908798218 0
1643774816365 0.9607467353343964 0
1643774966966 1.302273452281952 0
1643775117582 1.6008472442626953 0
1643775268185 1.2165481448173523 0
1643775418782 0.9015823602676392 0
1643775569377 1.561510294675827 0
1643775719945 1.8716894388198853 0
1643775870498 1.1399730294942856 0
1643776021065 1.680830717086792 0
1643776171664 1.136645257472992 0
1643776322238 1.3234397768974304 0
1643776474483 0.7894634157419205 0
1643776625036 1.4141836166381836 0
1643776775629 0.31629063189029694 0
1643776926228 1.0279183685779572 0
1643777076831 1.2444995641708374 0
1643777227426 0.9610797166824341 0
1643777377998 0.8895847946405411 0
1643777528564 1.243975579738617 0
1643777679118 0.911651611328125 0
1643777829704 0.9468933939933777 0
1643777980296 1.3888157606124878 0
1643778130899 2.1845098733901978 0
1643778281486 0.5928309261798859 0
1643778432079 2.2368438839912415 0
1643778582666 2.213014990091324 0
1643778733233 0.7636654078960419 0
1643778883796 0.7782014608383179 0
1643779034365 1.2566925287246704 0
1643779184927 0.9795082211494446 0
1643779335488 1.3024341315031052 0
1643779487688 1.276900589466095 0
1643779638313 1.3383782505989075 0
1643779788935 2.211991310119629 0
1643779939554 1.3190045356750488 0
1643780090162 1.1094765663146973 0
1643780240727 1.1149664670228958 0
1643780391281 1.2857248783111572 0
1643780541851 1.261658489704132 0
1643780692458 0.7174333035945892 0
1643780843069 1.554015338420868 0
1643780993707 0.8619831502437592 0
1643781144311 0.9195656776428223 0
1643781294863 1.48778235912323 0
1643781445423 1.4535335302352905 0
1643781596022 1.1964024007320404 0
1643781746589 1.207608163356781 0
1643781897149 1.0079011507332325 0
1643782047734 0.9684401154518127 0
1643782198355 1.5657286643981934 0
1643782348960 0.9303858280181885 0
1643782501272 0.6890262365341187 0
1643782651878 0.7894241660833359 0
1643782802493 0.6446473598480225 0
1643782953101 0.8420022428035736 0
1643783103738 1.4310956597328186 0
1643783254369 1.5532934069633484 0
1643783404996 1.3631799817085266 0
1643783555642 1.697896420955658 0
1643783706285 0.8414792418479919 0
1643783856924 1.0892162472009659 0
1643784007536 0.9798603951931 0
1643784158126 0.6817795038223267 0
1643784308723 1.2304923832416534 0
1643784459340 0.9686557054519653 0
1643784609936 1.05320655554533 0
1643784760565 1.1216437220573425 0
1643784911207 1.266815036535263 0
1643785061864 1.2055147886276245 0
1643785212478 1.2764612138271332 0
1643785363079 1.2857284545898438 0
1643785515331 1.0644268691539764 0
1643785666065 1.2267305254936218 0
1643785816713 0.9820772111415863 0
1643785967365 0.7856273949146271 0
1643786118021 1.5415443181991577 0
1643786268643 0.8815028965473175 0
1643786419273 1.3438444137573242 0
1643786569894 1.2112801671028137 0
1643786720533 1.158372163772583 0
1643786871162 1.544019877910614 0
1643787021819 1.3803448975086212 0
1643787172453 0.9647034704685211 0
1643787323071 0.5345814228057861 0
1643787473665 1.5421181917190552 0
1643787624268 0.8279013186693192 0
1643787774886 1.018088847398758 0
1643787925509 0.7724771946668625 0
1643788076140 1.3919914960861206 0
1643788226779 0.6675197333097458 0
1643788377438 0.5376647710800171 0
1643788529665 0.8831413686275482 0
1643788680264 0.8555024266242981 0
1643788830891 0.7909678518772125 0
1643788981523 1.1610186100006104 0
1643789132138 1.6064028143882751 0
1643789282759 1.891625165939331 0
1643789433393 1.1564111113548279 0
1643789584004 1.666778713464737 0
1643789734604 0.9019257724285126 0
1643789885204 1.1792417466640472 0
1643790035837 0.6836945414543152 0
1643790186467 0.8554433286190033 0
1643790337072 0.8750295639038086 0
1643790487683 0.6385226249694824 0
1643790638299 1.8700815439224243 0
1643790788936 1.6926380395889282 0
1643790939596 1.5667247772216797 0
1643791090210 0.37662288546562195 0
1643791240819 0.6586127579212189 0
1643791391432 1.4581387042999268 0
1643791543796 0.8399458229541779 0
1643791694463 1.7978438138961792 0
1643791845112 1.2139091491699219 0
1643791995775 0.775739997625351 0
1643792146430 1.0038578808307648 0
1643792297074 0.880167543888092 0
1643792447699 0.6899517625570297 0
1643792598331 1.3759950697422028 0
1643792748996 0.9411658048629761 0
1643792899629 1.9422422051429749 0
1643793050276 1.0449762642383575 0
1643793200932 0.9128164649009705 0
1643793351577 0.5603195279836655 0
1643793502232 1.391956865787506 0
1643793652837 1.3264004588127136 0
1643793803443 1.3452712893486023 0
1643793954055 1.0060754716396332 0
1643794104688 2.0309693217277527 0
1643794255336 1.020875245332718 0
1643794405994 1.6352524161338806 0
1643794558281 1.5729961395263672 0
1643794708913 1.8863781094551086 0
1643794859539 0.8999185562133789 0
1643795010144 1.2228825688362122 0
1643795160764 0.8684038817882538 0
1643795311375 1.4811493754386902 0
1643795461985 1.1295238137245178 0
1643795612608 0.7259482592344284 0
1643795763238 1.128944307565689 0
1643795913868 1.1684270799160004 0
1643796064510 1.4213395714759827 0
1643796215115 1.0394586473703384 0
1643796365735 1.1028973162174225 0
1643796516354 1.23833829164505 0
1643796667003 0.7370920777320862 0
1643796817646 0.6914171576499939 0
1643796968293 1.2745442688465118 0
1643797118952 1.0305123031139374 0
1643797269621 1.257659137248993 0
1643797420262 0.9987106621265411 0
1643797572505 1.102155089378357 0
1643797723108 0.791427731513977 0
1643797873713 1.2797421216964722 0
1643798024321 0.96360282599926 0
1643798174929 0.8287357985973358 0
1643798325549 1.9144218564033508 0
1643798476183 0.571446567773819 0
1643798626822 1.2537878155708313 0
1643798777435 0.9248106479644775 0
1643798928025 1.335726022720337 0
1643799078617 1.4046975374221802 0
1643799229225 1.3023758828639984 0
1643799379871 1.0904882550239563 0
1643799530500 1.2935259938240051 0
1643799681149 0.9475788325071335 0
1643799831779 1.1824857592582703 0
1643799982393 0.7015849053859711 0
1643800132994 1.2530701160430908 0
1643800283614 1.3348026275634766 0
1643800434239 1.7621942162513733 0
1643800586604 0.8078908175230026 0
1643800737194 1.2055885195732117 0
1643800887848 1.8041391968727112 0
1643801038492 0.9592432975769043 0
1643801189156 0.8802680969238281 0
1643801339780 2.0790765285491943 0
1643801490402 1.9261605143547058 0
1643801641042 1.3247510194778442 0
1643801791698 0.9188485741615295 0
1643801942365 1.3050687313079834 0
1643802093042 1.501421570777893 0
1643802243709 1.229640543460846 0
1643802394359 1.2643356025218964 0
1643802545004 1.7102116346359253 0
1643802695625 1.4805776476860046 0
1643802846255 0.5212292075157166 0
1643802996867 1.329277515411377 0
1643803147481 0.8372412323951721 0
1643803298108 0.7010492235422134 0
1643803448735 1.7845277786254883 0
1643803601016 0.642085924744606 0
1643803751649 1.2503612041473389 0
1643803902282 1.3842500895261765 0
1643804052896 1.7209118604660034 0
1643804203542 1.0438615679740906 0
1643804354198 1.0777815580368042 0
1643804504843 1.131891131401062 0
1643804655517 1.3306969106197357 0
1643804806170 1.3469263017177582 0
1643804956792 1.6259748935699463 0
1643805107411 1.0796333849430084 0
1643805258053 0.9775440394878387 0
1643805408697 0.9205023646354675 0
1643805559332 1.0719509720802307 0
1643805709951 1.7332197427749634 0
1643805860581 0.8322729468345642 0
1643806011229 1.2532919347286224 0
1643806161882 0.8030358254909515 0
1643806312542 1.226845145225525 0
1643806463163 1.8186730742454529 0
1643806615401 1.0764634013175964 0
1643806765994 1.3811038434505463 0
1643806916624 1.113627851009369 0
1643807067263 0.801092803478241 0
1643807217912 0.8218315243721008 0
1643807368603 1.858773410320282 0
1643807519070 0.9441573619842529 0
1643807669520 1.457715928554535 0
1643807819965 0.931661456823349 0
1643807970428 1.156842678785324 0
1643808120897 0.9496704638004303 0
1643808271324 1.1920631229877472 0
1643808421777 1.6301294267177582 0
1643808572244 1.08915114402771 0
1643808722730 0.8115121722221375 0
1643808873219 1.0059186220169067 0
1643809023670 0.5659870207309723 0
1643809174099 1.7265657186508179 0
1643809324525 1.0836011469364166 0
1643809474975 0.9463986754417419 0
1643809627047 1.075693279504776 0
1643809777688 0.9535592198371887 0
1643809928334 1.3727579712867737 0
1643810078991 1.6298962831497192 0
1643810229618 1.6042176485061646 0
1643810380225 0.9248568713665009 0
1643810530858 1.1278420388698578 0
1643810681492 1.6152876913547516 0
1643810832104 1.070767343044281 0
1643810982740 1.2368969321250916 0
1643811133394 0.907167375087738 0
1643811284042 0.8600733280181885 0
1643811434702 0.6519169956445694 0
1643811585350 0.8444520533084869 0
1643811735991 1.3320903182029724 0
1643811886633 1.3001896739006042 0
1643812037282 0.9722018837928772 0
1643812187946 1.3482282161712646 0
1643812338615 1.1256832480430603 0
1643812489279 1.1657796502113342 0
1643812641518 1.7620878219604492 0
1643812792122 1.2449798285961151 0
1643812942746 1.4851332902908325 0
1643813093387 0.9428695440292358 0
1643813244013 1.1228258609771729 0
1643813394621 2.5146437287330627 0
1643813545251 1.162249505519867 0
1643813695893 1.4813790321350098 0
1643813846510 0.8227492272853851 0
1643813997124 1.1335364282131195 0
1643814147755 1.1428075730800629 0
1643814298362 1.0756882429122925 0
1643814448995 0.9254244118928909 0
1643814599633 1.1968405842781067 0
1643814750286 1.4022970795631409 0
1643814900946 1.0203443467617035 0
1643815051590 1.6774821281433105 0
1643815202208 1.2204952239990234 0
1643815352831 1.1739003360271454 0
1643815503475 1.2270829677581787 0
1643815655734 1.4649625420570374 0
1643815806324 0.856083869934082 0
1643815956911 1.1303590834140778 0
1643816107553 1.1268447041511536 0
1643816258179 1.4204901456832886 0
1643816408816 1.5833569169044495 0
1643816559419 1.105034962296486 0
1643816710004 0.8963097631931305 0
1643816860583 1.2471609115600586 0
1643817011197 1.325190246105194 0
1643817161825 1.1753334999084473 0
1643817312436 1.1978478133678436 0
1643817463069 0.8876352608203888 0
1643817613696 1.4524794816970825 0
1643817764311 0.9299633204936981 0
1643817914909 1.6235665678977966 0
1643818065517 1.6983659863471985 0
1643818216121 1.0921840071678162 0
1643818366724 1.1366656422615051 0
1643818517349 1.4375706315040588 0
1643818669807 1.893945038318634 0
1643818820459 1.4120997786521912 0
1643818971099 1.1634006202220917 0
1643819121729 0.992774486541748 0
1643819272347 0.8544197976589203 0
1643819422945 1.2310686111450195 0
1643819573585 1.599805235862732 0
1643819724248 1.4137579202651978 0
1643819874893 0.593104213476181 0
1643820025558 1.6580307483673096 0
1643820176216 1.4811939001083374 0
1643820326856 1.2590529918670654 0
1643820477484 1.1939606666564941 0
1643820628105 1.1621628999710083 0
1643820778746 0.9967927038669586 0
1643820929361 1.2877193689346313 0
1643821079970 0.777734786272049 0
1643821230629 1.581237554550171 0
1643821381269 1.2746548652648926 0
1643821531923 0.9421710968017578 0
1643821684164 1.4018928706645966 0
1643821834750 1.2747400104999542 0
1643821985327 1.7088483572006226 0
1643822135934 1.1097612977027893 0
1643822286563 1.1452252268791199 0
1643822437186 1.092909187078476 0
1643822587801 1.4016336798667908 0
1643822738427 1.2064404785633087 0
1643822889036 1.216444492340088 0
1643823039625 1.4071066975593567 0
1643823190210 1.4351693987846375 0
1643823340812 0.8801746964454651 0
1643823491377 1.9513466358184814 0
1643823641914 1.1562381982803345 0
1643823792516 1.2970669269561768 0
1643823943134 2.13973468542099 0
1643824093743 1.1746975779533386 0
1643824244336 1.7177940607070923 0
1643824394908 1.3323257267475128 0
1643824545491 1.6576772332191467 0
1643824697705 1.0340293943881989 0
1643824848265 1.1896295547485352 0
1643824998800 2.003428280353546 0
1643825149359 1.0993272364139557 0
1643825299903 1.6326000690460205 0
1643825450456 1.8052651286125183 0
1643825601203 1.230379045009613 0
1643825751725 1.6149264574050903 0
1643825902251 1.8129475712776184 0
1643826052759 1.2794784903526306 0
1643826203268 1.5643782019615173 0
1643826353760 0.9592455923557281 0
1643826504254 0.8236929476261139 0
1643826654744 1.1622197031974792 0
1643826805259 1.3292946815490723 0
1643826955768 2.0484779477119446 0
1643827106264 1.0323287546634674 0
1643827256775 1.0293593108654022 0
1643827407292 1.2544010281562805 0
1643827557788 1.2605752348899841 0
1643827709910 1.0396420657634735 0
1643827860412 1.2972925901412964 0
1643828010915 1.0963076651096344 0
1643828161402 1.3572100400924683 0
1643828311846 1.7338638305664062 0
1643828462313 1.1980776488780975 0
1643828612781 2.001669943332672 0
1643828763323 1.3930577635765076 0
1643828913827 1.022702433168888 0
1643829064588 1.4956732988357544 0
1643829215093 1.0373912453651428 0
1643829365611 0.8411313593387604 0
1643829516077 1.5343259572982788 0
1643829666545 1.0821714997291565 0
1643829817014 1.0183356702327728 0
1643829967533 1.0076582431793213 0
1643830118013 1.5895896553993225 0
1643830268532 1.1771645545959473 0
1643830419063 2.0033841133117676 0
1643830569630 1.4347422122955322 0
1643830721777 1.0398332476615906 0
1643830872283 1.2442307472229004 0
1643831022809 1.19761061668396 0
1643831173329 1.4772781431674957 0
1643831323871 0.856685072183609 0
1643831474396 1.0954189598560333 0
1643831624923 0.9589782953262329 0
1643831775455 1.3724221587181091 0
1643831925988 1.1434758603572845 0
1643832076521 1.3337581157684326 0
1643832227042 1.180658996105194 0
1643832377566 1.4373913407325745 0
1643832528078 1.6771290600299835 0
1643832678617 1.0935000777244568 0
1643832829138 1.1774258315563202 0
1643832979650 1.7205402851104736 0
1643833130156 1.39970463514328 0
1643833280696 1.89171701669693 0
1643833431215 2.3813565969467163 0
1643833581732 0.9490125775337219 0
1643833733857 1.389029622077942 0
1643833884342 1.4276829957962036 0
1643834034851 1.2749319970607758 0
1643834185352 1.27195405960083 0
1643834335876 1.5138676762580872 0
1643834486405 1.3250120282173157 0
1643834636926 1.6303219199180603 0
1643834787425 1.3404863476753235 0
1643834937911 1.421489804983139 0
1643835088385 1.7154024243354797 0
1643835238871 1.7103856801986694 0
1643835389344 1.6678887009620667 0
1643835539863 1.1862484812736511 0
1643835690386 1.3207255601882935 0
1643835840860 2.6355469822883606 0
1643835991342 1.1771979928016663 0
1643836141805 2.1806503534317017 0
1643836292305 1.2921404242515564 0
1643836442801 0.9704123735427856 0
1643836593296 1.7164521217346191 0
1643836745383 1.2735377848148346 0
1643836895661 1.7798874974250793 0
1643837045935 1.1007347106933594 0
1643837196245 1.6312044262886047 0
1643837346554 1.174160897731781 0
1643837496848 0.9339262247085571 0
1643837647159 1.102597713470459 0
1643837797494 0.7776803970336914 0
1643837947791 1.8305726051330566 0
1643838098066 0.9574566781520844 0
1643838248312 1.5623971223831177 0
1643838398609 1.0317216217517853 0
1643838548942 1.8380504250526428 0
1643838699233 1.4199910461902618 0
1643838849535 1.2105841636657715 0
1643838999856 1.2457111477851868 0
1643839150187 1.4716299772262573 0
1643839300483 1.794386386871338 0
1643839450779 1.4549427032470703 0
1643839601037 1.5638507604599 0
1643839752882 1.3564890325069427 0
1643839903314 1.0689100325107574 0
1643840053756 1.5634235739707947 0
1643840204206 0.7666143774986267 0
1643840354687 2.3719735145568848 0
1643840505163 1.2167737483978271 0
1643840655638 1.5546129941940308 0
1643840806073 1.5032967925071716 0
1643840956501 0.9532228708267212 0
1643841106982 1.7176222801208496 0
1643841257464 1.5695727467536926 0
1643841407950 1.4101347029209137 0
1643841558411 1.450386643409729 0
1643841708885 1.7599580585956573 0
1643841859364 0.9756828546524048 0
1643842009818 1.499703198671341 0
1643842160269 1.1581705212593079 0
1643842310709 1.0007661879062653 0
1643842461162 1.3998488783836365 0
1643842611624 1.750286877155304 0
1643842763983 1.2587513327598572 0
1643842914379 1.3776695728302002 0
1643843064831 1.0235136449337006 0
1643843215273 1.1247505247592926 0
1643843365720 1.246044099330902 0
1643843516212 1.092531830072403 0
1643843666658 1.9817535281181335 0
1643843817104 1.4310407042503357 0
1643843967525 1.5686580538749695 0
1643844117964 1.684792935848236 0
1643844268429 1.4814072251319885 0
1643844418981 1.3394100069999695 0
1643844569584 1.1615394353866577 0
1643844720198 1.2124838829040527 0
1643844870835 1.021846890449524 0
1643845021455 1.5036969184875488 0
1643845172072 1.85171240568161 0
1643845322707 1.688944935798645 0
1643845473339 1.4249602854251862 0
1643845623964 1.1680996417999268 0
1643845776198 1.156482309103012 0
1643845926821 1.2347670793533325 0
1643846077464 1.206303596496582 0
1643846228097 0.9181426465511322 0
1643846378743 1.2530174255371094 0
1643846529397 1.5150548219680786 0
1643846680037 1.6492284536361694 0
1643846830675 1.5153375267982483 0
1643846981325 1.270754098892212 0
1643847131970 1.2540254592895508 0
1643847282599 1.8587095141410828 0
1643847433193 1.2094932198524475 0
1643847583823 1.203520342707634 0
1643847734442 0.9224385321140289 0
1643847885047 1.7002093195915222 0
1643848035671 1.1839608550071716 0
1643848186314 1.458793580532074 0
1643848336962 1.0573709309101105 0
1643848487604 1.4387591481208801 0
1643848638239 1.7167258858680725 0
1643848790495 1.8612832427024841 0
1643848941145 1.2106338739395142 0
1643849091799 1.3189629912376404 0
1643849242449 1.6256710290908813 0
1643849393102 1.0461421012878418 0
1643849543762 1.5071467161178589 0
1643849694424 1.7357717752456665 0
1643849845101 1.7772778272628784 0
1643849995764 1.6064793467521667 0
1643850146418 1.557471752166748 0
1643850297075 2.2913366556167603 0
1643850447730 1.7318335175514221 0
1643850598402 1.1659492254257202 0
1643850749073 1.7550316452980042 0
1643850899728 1.5284211039543152 0
1643851050357 1.2424439489841461 0
1643851201018 0.8624328076839447 0
1643851351642 0.9275655746459961 0
1643851502261 1.5371831059455872 0
1643851652904 0.9841721951961517 0
1643851805152 1.466233491897583 0
1643851955806 1.3293615579605103 0
1643852106456 0.9352541863918304 0
1643852257083 1.769354522228241 0
1643852407689 1.005338653922081 0
1643852558329 1.969035029411316 0
1643852708974 0.8988311886787415 0
1643852859627 0.9062055051326752 0
1643853010277 1.7954179048538208 0
1643853160916 1.2148260176181793 0
1643853311538 1.24007648229599 0
1643853462157 1.5581305027008057 0
1643853612793 1.3539175391197205 0
1643853763434 1.3508880734443665 0
1643853914059 1.3724616169929504 0
1643854064674 1.373438447713852 0
1643854215305 1.507064402103424 0
1643854365954 1.6880878806114197 0
1643854516599 1.374746859073639 0
1643854667270 1.6706271767616272 0
1643854819528 1.9093776047229767 0
1643854970174 1.6221092343330383 0
1643855120805 1.4560317397117615 0
1643855271410 1.1277787685394287 0
1643855422034 1.0234181582927704 0
1643855572669 1.702641874551773 0
1643855723312 1.1944765448570251 0
1643855873957 1.6507954001426697 0
1643856024620 1.5272511839866638 0
1643856175268 1.0458543002605438 0
1643856325898 1.5606252551078796 0
1643856476498 1.5955856442451477 0
1643856627088 1.3147642612457275 0
1643856777676 1.5726056694984436 0
1643856928257 0.7445184290409088 0
1643857078834 1.5498055219650269 0
1643857229420 2.140047550201416 0
1643857379988 1.868914544582367 0
1643857530569 1.1762043237686157 0
1643857681157 1.2005265355110168 0
1643857833748 1.38282310962677 0
1643857984342 1.3031379580497742 0
1643858134937 0.8521908819675446 0
1643858285519 1.8713237047195435 0
1643858436096 1.2740803360939026 0
1643858586671 1.3689919114112854 0
1643858737271 1.4914734363555908 0
1643858887858 1.281629890203476 0
1643859038446 1.2808385789394379 0
1643859189032 1.3104048371315002 0
1643859339620 1.5216175317764282 0
1643859490185 2.061577618122101 0
1643859640780 2.230307102203369 0
1643859791364 1.347208559513092 0
1643859941948 1.2125760316848755 0
1643860092534 1.1885216236114502 0
1643860243131 1.6444030404090881 0
1643860393738 1.252371907234192 0
1643860544346 1.9159778952598572 0
1643860694980 2.0139143466949463 0
1643860847176 0.8946456909179688 0
1643860997757 1.8209798336029053 0
1643861148363 0.9629392623901367 0
1643861298964 1.222970962524414 0
1643861449593 2.020183563232422 0
1643861600212 1.3302857279777527 0
1643861750833 0.9408896267414093 0
1643861901473 1.1434342861175537 0
1643862052101 1.6661659479141235 0
1643862202710 1.0866810977458954 0
1643862353317 1.2606300115585327 0
1643862503921 0.885317862033844 0
1643862654540 1.649936318397522 0
1643862805151 1.3321844935417175 0
1643862955765 1.7875795364379883 0
1643863106365 1.2449786067008972 0
1643863256978 1.395254671573639 0
1643863407591 1.6840872466564178 0
1643863558182 1.712577223777771 0
1643863708779 0.9292939007282257 0
1643863860959 1.7547879815101624 0
1643864011553 1.5628517866134644 0
1643864162156 1.0435513257980347 0
1643864312789 2.140056014060974 0
1643864463406 1.3178722858428955 0
1643864614029 1.7500795125961304 0
1643864764664 1.448606014251709 0
1643864915268 1.235092580318451 0
1643865065884 2.068093478679657 0
1643865216491 0.9911006987094879 0
1643865367093 1.1726620197296143 0
1643865517682 1.3459901809692383 0
1643865668288 1.106245994567871 0
1643865818908 1.8922433257102966 0
1643865969543 2.186889410018921 0
1643866120252 1.2764541506767273 0
1643866270843 1.397233247756958 0
1643866421449 1.9189238250255585 0
1643866572064 1.4221728444099426 0
1643866722678 1.1091589331626892 0
1643866874880 1.2884052693843842 0
1643867025549 1.113798350095749 0
1643867176209 1.1490857005119324 0
1643867326879 1.3598842024803162 0
1643867477519 1.5493881106376648 0
1643867628148 1.5008610486984253 0
1643867778781 1.1559349298477173 0
1643867929424 1.169564425945282 0
1643868080049 0.6186376065015793 0
1643868230686 1.5984825491905212 0
1643868381358 1.5391144156455994 0
1643868532013 1.1658107340335846 0
1643868682698 0.8303381204605103 0
1643868833363 2.176489233970642 0
1643868984004 1.350282371044159 0
1643869134645 1.525959849357605 0
1643869285311 1.3270342648029327 0
1643869435976 1.362775057554245 0
1643869586647 1.3303875923156738 0
1643869737334 2.3482500314712524 0
1643869889590 1.2211746573448181 0
1643870040247 1.3342283368110657 0
1643870190891 0.8272818028926849 0
1643870341537 1.915683388710022 0
1643870492199 1.8513513803482056 0
1643870642847 2.1095171570777893 0
1643870793480 1.0444022417068481 0
1643870944131 1.2897460460662842 0
1643871094818 1.1671276986598969 0
1643871245457 2.135084390640259 0
1643871396107 1.4148913025856018 0
1643871546731 1.0510068237781525 0
1643871697395 1.8117271661758423 0
1643871848048 1.3003217577934265 0
1643871998695 1.4349926114082336 0
1643872149303 1.088723510503769 0
1643872299935 1.6736880540847778 0
1643872450580 1.6083768010139465 0
1643872601246 0.9539782702922821 0
1643872751919 0.959303617477417 0
1643872904174 1.7133185863494873 0
1643873054778 1.1161085963249207 0
1643873205391 1.6580089926719666 0
1643873356038 1.7863109111785889 0
1643873506652 1.519046425819397 0
1643873657248 0.938132256269455 0
1643873807871 1.4101500511169434 0
1643873958495 1.1442047357559204 0
1643874109172 1.305157482624054 0
1643874259812 2.193315029144287 0
1643874410429 1.2770555019378662 0
1643874561058 1.5080268383026123 0
1643874711717 1.3457802534103394 0
1643874862378 0.7760931849479675 0
1643875013031 1.2187636494636536 0
1643875163676 0.8492818474769592 0
1643875314303 1.3629738688468933 0
1643875464943 1.3946877121925354 0
1643875615598 1.4821289777755737 0
1643875766269 1.4718758165836334 0
1643875918548 1.5115601420402527 0
1643876069256 2.519392251968384 0
1643876219965 1.3297098577022552 0
1643876370655 1.436926543712616 0
1643876521331 1.2663812637329102 0
1643876672008 1.12581005692482 0
1643876822656 1.357310801744461 0
1643876973309 1.0918312966823578 0
1643877123983 1.0138810276985168 0
1643877274677 1.0413398742675781 0
1643877425379 1.7523815631866455 0
1643877576033 1.1975269615650177 0
1643877726680 1.6977723836898804 0
1643877877825 1.5617826581001282 0
1643878028506 1.6921852231025696 0
1643878179211 1.9878112077713013 0
1643878329882 1.4116491079330444 0
1643878480546 2.115323781967163 0
1643878631207 1.1215677857398987 0
1643878781873 1.1412996053695679 0
1643878934147 1.344842255115509 0
1643879084848 0.9547880589962006 0
1643879235540 0.9081155061721802 0
1643879386205 1.3556054830551147 0
1643879536873 2.308917820453644 0
1643879687531 1.2241755723953247 0
1643879838208 1.6021016240119934 0
1643879988862 1.424021065235138 0
1643880139505 1.6891854405403137 0
1643880290175 1.4431223273277283 0
1643880440853 1.454841673374176 0
1643880591541 1.094363033771515 0
1643880742187 1.3729108273983002 0
1643880892834 2.0505788922309875 0
1643881043498 1.214595377445221 0
1643881194190 1.0109707415103912 0
1643881344900 1.4025555849075317 0
1643881495600 0.9328821301460266 0
1643881646266 1.594008445739746 0
1643881796930 1.822459101676941 0
1643881949201 2.003954589366913 0
1643882099865 1.1160018146038055 0
1643882250562 1.339349389076233 0
1643882401244 0.46758368611335754 0
1643882551914 1.4625417590141296 0
1643882702578 1.0356244295835495 0
1643882853230 1.3652823567390442 0
1643883003897 1.2262647151947021 0
1643883154572 1.0578385591506958 0
1643883305225 1.8613093495368958 0
1643883455881 2.5330604910850525 0
1643883606547 1.325951337814331 0
1643883757218 1.5542074739933014 0
1643883907911 1.2871617078781128 0
1643884058567 1.3555081486701965 0
1643884209212 1.676655888557434 0
1643884359837 1.8024562001228333 0
1643884510507 1.3177666068077087 0
1643884661175 1.3898391127586365 0
1643884811841 2.2069804668426514 0
1643884964125 1.2206914722919464 0
1643885114766 1.7118716835975647 0
1643885265404 1.6682538986206055 0
1643885416030 1.259491890668869 0
1643885566685 1.8383349776268005 0
1643885717321 1.089398205280304 0
1643885867938 1.3190637230873108 0
1643886018576 1.0138302445411682 0
1643886169231 1.3990184664726257 0
1643886319912 1.1584939360618591 0
1643886470574 1.9186910390853882 0
1643886621218 1.177524447441101 0
1643886771843 1.3896559476852417 0
1643886922506 2.0206064581871033 0
1643887073180 1.224463939666748 0
1643887223866 1.2669609487056732 0
1643887374544 1.8502468466758728 0
1643887525239 1.5040143728256226 0
1643887675915 1.6363341212272644 0
1643887826565 1.6057686805725098 0
1643887978803 1.127588003873825 0
1643888129472 1.3719859719276428 0
1643888280119 1.9789178967475891 0
1643888430760 2.1358920335769653 0
1643888581413 0.9961557686328888 0
1643888732085 1.8031728863716125 0
1643888882748 1.1882507801055908 0
1643889033414 1.110666662454605 0
1643889184092 1.3975926041603088 0
1643889334724 1.3742535412311554 0
1643889485356 1.6301640272140503 0
1643889636004 1.1088947653770447 0
1643889786704 0.9918495714664459 0
1643889937401 1.1987726092338562 0
1643890088082 1.389122486114502 0
1643890238747 1.1488951742649078 0
1643890389395 1.5774703621864319 0
1643890540024 1.183120608329773 0
1643890690651 1.4324016571044922 0
1643890841296 2.0113940834999084 0
1643890993551 1.4377644658088684 0
1643891144171 1.1078113317489624 0
1643891294815 1.5413538813591003 0
1643891445465 1.3459854125976562 0
1643891596111 2.2860003113746643 0
1643891746773 1.6394245028495789 0
1643891897394 1.3814814686775208 0
1643892048014 1.487866759300232 0
1643892198620 1.5157462358474731 0
1643892349276 1.7701117396354675 0
1643892499954 1.9260915517807007 0
1643892650604 0.7617700099945068 0
1643892801258 0.7064773291349411 0
1643892951916 1.3228974342346191 0
1643893102549 1.5406391620635986 0
1643893253177 1.2691956162452698 0
1643893403801 1.269439160823822 0
1643893554449 1.1679370403289795 0
1643893705082 2.1179268956184387 0
1643893855710 1.2649612426757812 0
1643894007978 1.3788764476776123 0
1643894158650 1.8414992690086365 0
1643894309340 1.622424840927124 0
1643894459998 0.9375837743282318 0
1643894610650 1.622498631477356 0
1643894761299 1.5801883935928345 0
1643894911946 1.320763885974884 0
1643895062611 1.5174332857131958 0
1643895213281 0.8998386263847351 0
1643895363996 2.0845404267311096 0
1643895514692 1.0417002141475677 0
1643895665386 1.546129584312439 0
1643895816057 1.5546671152114868 0
1643895966711 1.6369964480400085 0
1643896117356 1.6358524560928345 0
1643896268033 1.5536791682243347 0
1643896418699 2.002091348171234 0
1643896569351 1.2533291578292847 0
1643896719990 1.5565963387489319 0
1643896870672 1.2038990557193756 0
1643897022949 1.6686264872550964 0
1643897173636 1.055825024843216 0
1643897324297 1.362085223197937 0
1643897474939 1.04190593957901 0
1643897625585 1.8136951327323914 0
1643897776236 1.0726411044597626 0
1643897926882 1.344534993171692 0
1643898077534 1.0589183568954468 0
1643898228157 1.4022151827812195 0
1643898378787 1.1227155029773712 0
1643898529410 1.4037604331970215 0
1643898680032 1.2257026433944702 0
1643898830648 1.3769951462745667 0
1643898981273 2.07152783870697 0
1643899131873 1.1463482081890106 0
1643899282454 1.3314147591590881 0
1643899433051 1.8508018255233765 0
1643899583631 1.0299000144004822 0
1643899734247 1.1739449799060822 0
1643899884831 1.224234163761139 0
1643900037630 1.6471255421638489 0
1643900188123 1.4639694690704346 0
1643900338631 0.6439121067523956 0
1643900489147 2.1122386753559113 0
1643900639643 1.312215268611908 0
1643900790138 0.9040741920471191 0
1643900940646 1.6471962332725525 0
1643901091154 1.0591053366661072 0
1643901241649 1.3491301536560059 0
1643901392150 2.114392399787903 0
1643901542682 1.7259284853935242 0
1643901693210 1.0968989431858063 0
1643901843699 1.0797439217567444 0
1643901994161 0.9588736891746521 0
1643902144650 1.1588312983512878 0
1643902295165 1.2819994986057281 0
1643902445674 1.226064145565033 0
1643902596183 1.618131935596466 0
1643902746658 1.4489502906799316 0
1643902897151 1.3252422213554382 0
1643903049243 1.6262983083724976 0
1643903199738 1.143652766942978 0
1643903350241 1.7149875164031982 0
1643903500737 1.6001507639884949 0
1643903651225 1.1236944794654846 0
1643903801709 1.032007098197937 0
1643903952186 1.9525084495544434 0
1643904102671 1.4329562187194824 0
1643904253119 1.8512875437736511 0
1643904403585 1.5823791027069092 0
1643904554062 1.3384348452091217 0
1643904704548 1.4170470833778381 0
1643904855035 1.1027160286903381 0
1643905005511 1.4443772435188293 0
1643905155944 1.168886974453926 0
1643905306393 1.0115604400634766 0
1643905456830 2.1801183223724365 0
1643905607281 2.0482488870620728 0
1643905757708 0.8750376105308533 0
1643905908187 1.2555816769599915 0
1643906060268 1.77866929769516 0
1643906210671 1.4742395281791687 0
1643906361147 1.6659332513809204 0
1643906511614 1.6172791719436646 0
1643906662072 1.6025243997573853 0
1643906812534 1.3851858973503113 0
1643906962953 1.5729954838752747 0
1643907113389 1.7868762612342834 0
1643907263820 1.6655173897743225 0
1643907414244 1.2471482157707214 0
1643907564651 1.1772085130214691 0
1643907715070 1.8338084816932678 0
1643907865486 0.9815179407596588 0
1643908015925 1.1064905524253845 0
1643908166385 1.1137171387672424 0
1643908316847 1.5832780003547668 0
1643908467273 1.2597422003746033 0
1643908617726 1.930619478225708 0
1643908768163 0.9677514433860779 0
1643908918600 1.6141969561576843 0
1643909070667 1.8493675589561462 0
1643909220950 1.2160517871379852 0
1643909371226 0.9085821509361267 0
1643909521488 1.1798469126224518 0
1643909671751 0.6593375504016876 0
1643909822029 2.4709649085998535 0
1643909972286 0.9879997670650482 0
1643910122550 1.3601555824279785 0
1643910272802 1.9010177850723267 0
1643910423050 1.2835078835487366 0
1643910573292 1.6810305714607239 0
1643910723545 1.37621009349823 0
1643910873765 1.3769859671592712 0
1643911024028 1.0835862457752228 0
1643911174265 1.8514827489852905 0
1643911324518 1.5779061913490295 0
1643911474805 1.6087230443954468 0
1643911625030 1.7714186906814575 0
1643911775268 1.4448698163032532 0
1643911925519 1.2409003973007202 0
1643912077388 1.2488781213760376 0
1643912227653 1.3673287630081177 0
1643912377926 0.7986969351768494 0
1643912528156 1.3960443139076233 0
1643912678399 1.4996122121810913 0
1643912828671 1.4067535400390625 0
1643912978920 1.6408660113811493 0
1643913129176 1.991841197013855 0
1643913279451 1.4077928960323334 0
1643913429705 1.8743330836296082 0
1643913580358 1.3400015234947205 0
1643913730611 1.2598111629486084 0
1643913880833 1.8323711156845093 0
1643914031068 1.556516945362091 0
1643914181291 1.344508707523346 0
1643914331537 1.8752318024635315 0
1643914481791 1.670945942401886 0
1643914632056 1.5295460224151611 0
1643914782310 1.8709771633148193 0
