1643764274143 5.431719779968262 0
1643764426535 4.8405022621154785 0
1643764578732 2.329820156097412 0
1643764729078 0.7215398550033569 0
1643764879410 3.4483723640441895 0
1643765029736 1.7974815368652344 0
1643765180070 1.2932186126708984 0
1643765330409 1.9643186330795288 0
1643765480768 2.7893388271331787 0
1643765631118 1.9640929698944092 0
1643765781470 2.080831289291382 0
1643765931820 0.8388538360595703 0
1643766082192 3.121114730834961 0
1643766232539 0.5521066188812256 0
1643766382887 1.4149694442749023 0
1643766533217 1.9409284591674805 0
1643766683495 0.7635151147842407 0
1643766833787 0.8617547750473022 0
1643766984073 0.8317953944206238 0
1643767134362 0.6932785511016846 0
1643767284643 2.948141574859619 0
1643767436577 0.8544116020202637 0
1643767586776 2.3583900928497314 0
1643767737074 1.7555181980133057 0
1643767887387 2.204594135284424 0
1643768037698 0.5957452058792114 0
1643768188084 1.3227579593658447 0
1643768338588 1.514367938041687 0
1643768489112 1.8861323595046997 0
1643768639667 2.1426422595977783 0
1643768790215 0.7723755836486816 0
1643768940744 1.4818917512893677 0
1643769091299 1.3306498527526855 0
1643769241833 0.17532113194465637 0
1643769392379 0.9355778098106384 0
1643769542930 2.50640869140625 0
1643769693493 0.5200398564338684 0
1643769844069 3.609157085418701 0
1643769994626 0.8217704892158508 0
1643770145193 1.2534083127975464 0
1643770295769 1.5991652011871338 0
1643770448019 3.6345484256744385 0
1643770598613 0.871383547782898 0
1643770749201 0.9040440320968628 0
1643770899774 0.6254433989524841 0
1643771050358 0.7284985780715942 0
1643771200950 1.0672876834869385 0
1643771351532 2.8333678245544434 0
1643771502108 1.3277064561843872 0
1643771652629 0.4289249777793884 0
1643771803187 1.2117551565170288 0
1643771953751 1.0196599960327148 0
1643772104253 0.5228188037872314 0
1643772254776 0.7053788900375366 0
1643772405357 1.0676850080490112 0
1643772555922 0.7740822434425354 0
1643772706506 0.2625754177570343 0
1643772857081 3.4902117252349854 0
1643773007656 0.7304593920707703 0
1643773158221 2.8583872318267822 0
1643773308797 0.9497216939926147 0
1643773461044 0.8122833967208862 0
1643773611644 0.7380086183547974 0
1643773762236 0.6638237237930298 0
1643773912830 0.9435468316078186 0
1643774063421 1.2083375453948975 0
1643774214007 0.849702000617981 0
1643774364592 0.7780761122703552 0
1643774515183 0.7209944725036621 0
1643774665778 1.0292226076126099 0
1643774816373 0.4245402216911316 0
1643774966975 0.47039541602134705 0
1643775117590 0.9373407363891602 0
1643775268185 1.6654576063156128 0
1643775418790 0.4637935757637024 0
1643775569385 0.8195797204971313 0
1643775719953 1.4811701774597168 0
1643775870498 0.2841162383556366 0
1643776021073 0.652225911617279 0
1643776171664 0.687767505645752 0
1643776322238 0.9703084230422974 0
1643776474493 0.350706547498703 0
1643776625047 1.539448618888855 0
1643776775629 0.43158337473869324 0
1643776926236 1.089795708656311 0
1643777076831 0.4366096258163452 0
1643777227434 0.24635493755340576 0
1643777378008 0.32747095823287964 0
1643777528564 0.27135300636291504 0
1643777679118 0.9445592761039734 0
1643777829704 0.45414862036705017 0
1643777980308 0.5520737767219543 0
1643778130899 1.1148096323013306 0
1643778281498 0.4270848035812378 0
1643778432087 0.4344868063926697 0
1643778582666 0.5326835513114929 0
1643778733241 0.3797820806503296 0
1643778883804 0.266481876373291 0
1643779034365 0.802574872970581 0
1643779184937 0.8325952887535095 0
1643779335488 0.7656444311141968 0
1643779487690 0.23802055418491364 0
1643779638321 0.6023746728897095 0
1643779788945 0.932080864906311 0
1643779939554 0.7408502697944641 0
1643780090172 0.44676798582077026 0
1643780240727 0.8882253766059875 0
1643780391281 0.23560377955436707 0
1643780541859 1.3877253532409668 0
1643780692458 0.21770289540290833 0
1643780843077 0.3149315416812897 0
1643780993707 2.1650452613830566 0
1643781144311 0.30410444736480713 0
1643781294871 0.39818644523620605 0
1643781445423 0.4117359220981598 0
1643781596030 0.6817036271095276 0
1643781746589 0.6448286175727844 0
1643781897157 0.983731746673584 0
1643782047742 0.834315299987793 0
1643782198355 0.19993048906326294 0
1643782348968 0.5960413813591003 0
1643782501274 0.6179186701774597 0
1643782651886 0.9728652834892273 0
1643782802501 0.3014475703239441 0
1643782953101 0.3785642385482788 0
1643783103748 0.46199455857276917 0
1643783254369 0.942844808101654 0
1643783405006 0.4374502897262573 0
1643783555650 1.2116506099700928 0
1643783706293 0.2994324564933777 0
1643783856932 0.5091272592544556 0
1643784007538 0.42283767461776733 0
1643784158126 0.7786275148391724 0
1643784308733 0.7308998107910156 0
1643784459348 0.51478511095047 0
1643784609944 0.24138332903385162 0
1643784760573 0.4939623475074768 0
1643784911215 0.6449940800666809 0
1643785061866 0.299716055393219 0
1643785212486 0.8287072777748108 0
1643785363089 0.4474136233329773 0
1643785515339 1.0439962148666382 0
1643785666065 0.17642897367477417 0
1643785816713 1.281017780303955 0
1643785967373 0.4267778992652893 0
1643786118021 0.49805742502212524 0
1643786268651 0.6859866380691528 0
1643786419273 0.4020163118839264 0
1643786569904 0.26514309644699097 0
1643786720533 0.8365321159362793 0
1643786871170 1.1063923835754395 0
1643787021827 0.5265369415283203 0
1643787172461 0.5563048124313354 0
1643787323079 2.0407304763793945 0
1643787473665 0.34495875239372253 0
1643787624276 0.4811631441116333 0
1643787774894 0.6645082235336304 0
1643787925519 0.8592211604118347 0
1643788076140 0.4013170003890991 0
1643788226787 0.45825299620628357 0
1643788377448 0.21061362326145172 0
1643788529667 0.5160197615623474 0
1643788680274 0.9436171650886536 0
1643788830891 0.5712238550186157 0
1643788981523 0.31832820177078247 0
1643789132138 0.46038106083869934 0
1643789282759 0.391166627407074 0
1643789433393 0.28907549381256104 0
1643789584012 0.3036101758480072 0
1643789734604 0.4519753158092499 0
1643789885204 0.2640213966369629 0
1643790035837 0.42849525809288025 0
1643790186467 0.6471797823905945 0
1643790337080 0.4598523676395416 0
1643790487693 0.3872469663619995 0
1643790638310 0.7190701961517334 0
1643790788936 0.7477247714996338 0
1643790939596 0.570522665977478 0
1643791090210 1.0592737197875977 0
1643791240819 0.9334642291069031 0
1643791391442 0.5357620716094971 0
1643791543796 0.14707894623279572 0
1643791694463 0.5881420969963074 0
1643791845112 0.2500010132789612 0
1643791995775 0.4396092891693115 0
1643792146430 0.29854750633239746 0
1643792297074 0.5187091827392578 0
1643792447699 0.4213813245296478 0
1643792598339 0.27486589550971985 0
1643792748996 0.5091188549995422 0
1643792899629 0.7924508452415466 0
1643793050276 0.503779947757721 0
1643793200932 0.45989990234375 0
1643793351585 0.6027260422706604 0
1643793502232 0.42501431703567505 0
1643793652837 0.27787280082702637 0
1643793803443 0.6791344881057739 0
1643793954055 0.4071376323699951 0
1643794104688 0.49661025404930115 0
1643794255344 0.5762004256248474 0
1643794405994 0.6789069771766663 0
1643794558281 0.6031559109687805 0
1643794708921 0.6742823719978333 0
1643794859541 0.8478715419769287 0
1643795010144 0.5069401264190674 0
1643795160764 0.30545878410339355 0
1643795311383 0.2226952314376831 0
1643795461993 1.208770751953125 0
1643795612616 0.4150390326976776 0
1643795763238 0.24590902030467987 0
1643795913876 0.5968256592750549 0
1643796064518 0.34626808762550354 0
1643796215123 0.6128621697425842 0
1643796365743 0.6406550407409668 0
1643796516365 0.8000436425209045 0
1643796667003 0.5132807493209839 0
1643796817646 0.36371952295303345 0
1643796968293 0.6395629048347473 0
1643797118962 0.8035914897918701 0
1643797269621 0.2593962848186493 0
1643797420262 0.38172635436058044 0
1643797572507 0.3997859060764313 0
1643797723108 0.6510997414588928 0
1643797873713 0.2690690755844116 0
1643798024329 0.32405778765678406 0
1643798174929 0.7302513122558594 0
1643798325551 0.5749748945236206 0
1643798476193 0.41746678948402405 0
1643798626834 0.4102732241153717 0
1643798777447 0.2797507047653198 0
1643798928025 0.23896703124046326 0
1643799078627 0.3353387713432312 0
1643799229233 0.1652514785528183 0
1643799379871 0.4168104827404022 0
1643799530508 0.4131016135215759 0
1643799681159 0.31920409202575684 0
1643799831779 0.3739618957042694 0
1643799982403 1.5246641635894775 0
1643800132994 0.5096100568771362 0
1643800283614 0.2535058856010437 0
1643800434247 0.35111498832702637 0
1643800586612 0.4441847801208496 0
1643800737202 0.2745438814163208 0
1643800887848 0.39976227283477783 0
1643801038502 0.4846366047859192 0
1643801189158 0.6259203553199768 0
1643801339780 0.46875205636024475 0
1643801490412 0.3906533122062683 0
1643801641050 0.36172330379486084 0
1643801791698 0.29628220200538635 0
1643801942365 0.2044520378112793 0
1643802093044 0.8612222075462341 0
1643802243709 0.28883519768714905 0
1643802394359 0.7531303763389587 0
1643802545004 0.21388529241085052 0
1643802695633 0.5766542553901672 0
1643802846255 0.7385703921318054 0
1643802996867 0.7101503014564514 0
1643803147481 0.24401608109474182 0
1643803298108 0.44571632146835327 0
1643803448743 0.6654422283172607 0
1643803601016 0.12494383752346039 0
1643803751649 0.37447038292884827 0
1643803902292 0.5465226769447327 0
1643804052904 0.5502208471298218 0
1643804203550 0.5551326870918274 0
1643804354198 0.2006748914718628 0
1643804504843 0.2516268193721771 0
1643804655517 0.3597714304924011 0
1643804806178 0.5167380571365356 0
1643804956792 0.258844792842865 0
1643805107411 0.34644484519958496 0
1643805258053 0.7241199016571045 0
1643805408697 0.46732425689697266 0
1643805559332 0.5558815002441406 0
1643805709951 0.5087396502494812 0
1643805860592 0.3111128509044647 0
1643806011229 0.42240411043167114 0
1643806161882 0.6265172362327576 0
1643806312542 0.45639777183532715 0
1643806463173 0.5284742116928101 0
1643806615401 0.7039547562599182 0
1643806766002 0.3023037016391754 0
1643806916624 0.3549163341522217 0
1643807067263 0.9168397188186646 0
1643807217922 0.42131268978118896 0
1643807368603 0.45656535029411316 0
1643807519070 0.30330371856689453 0
1643807669520 0.5264339447021484 0
1643807819965 0.970030665397644 0
1643807970428 0.5406010746955872 0
1643808120897 0.2717151939868927 0
1643808271324 0.22556842863559723 0
1643808421777 0.9746584892272949 0
1643808572252 0.2472522258758545 0
1643808722730 0.46513450145721436 0
1643808873227 0.4339361786842346 0
1643809023678 0.2303476631641388 0
1643809174099 0.33940836787223816 0
1643809324537 0.26309993863105774 0
1643809474975 0.35043537616729736 0
1643809627049 0.9199581146240234 0
1643809777688 0.23931251466274261 0
1643809928346 0.41801777482032776 0
1643810079001 0.8582534790039062 0
1643810229618 0.24026291072368622 0
1643810380225 0.45932453870773315 0
1643810530858 0.4384312331676483 0
1643810681492 1.7483645677566528 0
1643810832112 0.5256838202476501 0
1643810982740 0.2556472718715668 0
1643811133394 0.385226309299469 0
1643811284052 0.5431223511695862 0
1643811434702 0.6093245148658752 0
1643811585358 0.9037947654724121 0
1643811736001 0.5837613940238953 0
1643811886633 0.44178682565689087 0
1643812037292 0.2577115297317505 0
1643812187946 0.5962339639663696 0
1643812338615 0.3687084913253784 0
1643812489279 0.281451553106308 0
1643812641526 0.37466076016426086 0
1643812792130 0.3669731616973877 0
1643812942754 0.8223103284835815 0
1643813093395 0.5249214768409729 0
1643813244021 0.5327219367027283 0
1643813394621 0.8253104090690613 0
1643813545251 0.7643750309944153 0
1643813695893 0.23963680863380432 0
1643813846510 0.30531585216522217 0
1643813997132 0.4015391767024994 0
1643814147755 0.708755612373352 0
1643814298362 0.6647739410400391 0
1643814449003 0.17562800645828247 0
1643814599633 0.3342389762401581 0
1643814750294 0.44644904136657715 0
1643814900946 0.5642493963241577 0
1643815051598 0.7619173526763916 0
1643815202208 0.2758059799671173 0
1643815352831 0.14049285650253296 0
1643815503483 0.8157367706298828 0
1643815655736 0.3305510878562927 0
1643815806334 0.21712836623191833 0
1643815956911 0.4588155150413513 0
1643816107553 0.4947096109390259 0
1643816258179 0.7630438804626465 0
1643816408826 0.37061387300491333 0
1643816559419 0.30706244707107544 0
1643816710004 0.584212064743042 0
1643816860583 0.8593031167984009 0
1643817011207 0.4568532407283783 0
1643817161825 0.3013753890991211 0
1643817312448 0.27614709734916687 0
1643817463069 0.21468442678451538 0
1643817613696 0.514417827129364 0
1643817764311 0.42181283235549927 0
1643817914909 0.2577095925807953 0
1643818065527 0.49139559268951416 0
1643818216129 0.22987225651741028 0
1643818366734 0.20777098834514618 0
1643818517349 0.6969857811927795 0
1643818669809 0.3234916925430298 0
1643818820469 0.34304970502853394 0
1643818971109 0.37756115198135376 0
1643819121729 0.40038618445396423 0
1643819272357 0.17675898969173431 0
1643819422945 0.42993006110191345 0
1643819573585 0.3758810758590698 0
1643819724248 0.29642611742019653 0
1643819874893 0.5333203077316284 0
1643820025558 0.4176467955112457 0
1643820176224 0.3980028033256531 0
1643820326856 0.34380245208740234 0
1643820477484 0.500098705291748 0
1643820628113 0.7700583338737488 0
1643820778746 0.18683986365795135 0
1643820929361 0.4994988739490509 0
1643821079980 0.2853148281574249 0
1643821230637 0.5571356415748596 0
1643821381269 0.3803485333919525 0
1643821531923 0.536124587059021 0
1643821684164 0.21220076084136963 0
1643821834750 0.2498432695865631 0
1643821985327 0.21483203768730164 0
1643822135944 0.17544209957122803 0
1643822286571 0.33832788467407227 0
1643822437194 0.24622410535812378 0
1643822587801 0.258789598941803 0
1643822738435 0.663166880607605 0
1643822889036 0.2073802947998047 0
1643823039633 0.7412516474723816 0
1643823190210 1.1446034908294678 0
1643823340812 0.24552428722381592 0
1643823491377 2.3176004886627197 0
1643823641914 0.575461208820343 0
1643823792516 0.2351302206516266 0
1643823943142 0.17942875623703003 0
1643824093751 0.6583377718925476 0
1643824244344 0.476674884557724 0
1643824394908 0.26621872186660767 0
1643824545491 0.7757951021194458 0
1643824697715 0.28866875171661377 0
1643824848265 0.29132771492004395 0
1643824998800 0.23115882277488708 0
1643825149367 1.0330034494400024 0
1643825299903 0.3333192467689514 0
1643825450456 0.289031058549881 0
1643825601213 0.3550246059894562 0
1643825751725 0.2802852392196655 0
1643825902251 0.19852066040039062 0
1643826052759 0.3209170401096344 0
1643826203268 0.3370372951030731 0
1643826353770 0.2516257166862488 0
1643826504254 0.4806954860687256 0
1643826654744 0.8425253033638 0
1643826805259 0.5019416213035583 0
1643826955768 0.613388180732727 0
1643827106264 0.28968679904937744 0
1643827256775 0.1925516277551651 0
1643827407292 0.19291061162948608 0
1643827557796 0.3362140655517578 0
1643827709918 0.34112823009490967 0
1643827860412 0.16623972356319427 0
1643828010915 0.27165889739990234 0
1643828161402 0.5767027735710144 0
1643828311854 0.5621057152748108 0
1643828462321 0.08731082081794739 0
1643828612781 0.8387729525566101 0
1643828763323 0.5060347318649292 0
1643828913835 0.2589977979660034 0
1643829064588 0.12591896951198578 0
1643829215101 0.316231369972229 0
1643829365611 0.5005577802658081 0
1643829516077 0.2605401873588562 0
1643829666553 1.6420164108276367 0
1643829817022 1.1158392429351807 0
1643829967533 0.19922955334186554 0
1643830118021 0.37055131793022156 0
1643830268532 0.31867173314094543 0
1643830419071 0.23241069912910461 0
1643830569630 0.5493844151496887 0
1643830721779 0.2718285918235779 0
1643830872283 0.26010093092918396 0
1643831022809 0.2987692356109619 0
1643831173337 0.7685896158218384 0
1643831323871 0.34929904341697693 0
1643831474406 0.18966156244277954 0
1643831624923 0.31031450629234314 0
1643831775455 0.2621682286262512 0
1643831925988 0.5700317025184631 0
1643832076521 0.4455690383911133 0
1643832227052 0.4029143452644348 0
1643832377566 0.19993679225444794 0
1643832528086 0.36338603496551514 0
1643832678617 0.48970311880111694 0
1643832829148 0.2507949769496918 0
1643832979650 0.23382766544818878 0
1643833130156 0.17488746345043182 0
1643833280696 0.34051579236984253 0
1643833431215 0.5607084035873413 0
1643833581740 0.2525040805339813 0
1643833733857 0.4227094054222107 0
1643833884342 0.39210909605026245 0
1643834034851 0.24958118796348572 0
1643834185362 0.4025060534477234 0
1643834335876 0.5840253233909607 0
1643834486405 0.37536346912384033 0
1643834636934 0.35279080271720886 0
1643834787435 0.3650517761707306 0
1643834937919 0.21800555288791656 0
1643835088385 0.22423195838928223 0
1643835238871 0.34101027250289917 0
1643835389344 0.48082125186920166 0
1643835539871 0.18718186020851135 0
1643835690394 0.38105660676956177 0
1643835840860 0.46664220094680786 0
1643835991342 0.3638726472854614 0
1643836141805 0.2502550184726715 0
1643836292305 0.13922660052776337 0
1643836442809 0.31421875953674316 0
1643836593296 0.19996342062950134 0
1643836745391 0.371913343667984 0
1643836895663 0.49393075704574585 0
1643837045935 0.23185357451438904 0
1643837196257 0.21683716773986816 0
1643837346566 0.34285110235214233 0
1643837496856 0.2514338195323944 0
1643837647159 0.2648318409919739 0
1643837797504 0.21427391469478607 0
1643837947793 0.4178285300731659 0
1643838098066 0.35880324244499207 0
1643838248322 0.1983838677406311 0
1643838398609 0.548590362071991 0
1643838548942 0.15538793802261353 0
1643838699241 0.6722369194030762 0
1643838849535 0.15294255316257477 0
1643838999856 0.5603426694869995 0
1643839150187 0.45004159212112427 0
1643839300483 0.19290931522846222 0
1643839450779 0.36210334300994873 0
1643839601045 0.14320993423461914 0
1643839752892 0.4630506634712219 0
1643839903322 0.23390787839889526 0
1643840053766 0.5223222970962524 0
1643840204206 0.2356185019016266 0
1643840354697 0.38987699151039124 0
1643840505172 0.34678715467453003 0
1643840655638 0.6868935823440552 0
1643840806082 0.4898124933242798 0
1643840956501 0.19355349242687225 0
1643841106990 0.2974606156349182 0
1643841257472 0.7420413494110107 0
1643841407950 0.15926949679851532 0
1643841558423 0.4742591381072998 0
1643841708885 0.7009237408638 0
1643841859372 0.17473465204238892 0
1643842009818 0.22869794070720673 0
1643842160277 0.21728259325027466 0
1643842310709 0.22974339127540588 0
1643842461172 0.22219568490982056 0
1643842611624 0.37900957465171814 0
1643842763993 0.26623544096946716 0
1643842914387 0.4995116889476776 0
1643843064833 0.5407918095588684 0
1643843215275 0.1912393867969513 0
1643843365728 0.31978142261505127 0
1643843516220 0.3356572389602661 0
1643843666658 0.9767440557479858 0
1643843817104 0.34816232323646545 0
1643843967534 0.33135986328125 0
1643844117964 0.33256158232688904 0
1643844268437 0.42318499088287354 0
1643844418981 0.26326990127563477 0
1643844569584 0.25937917828559875 0
1643844720206 0.22712372243404388 0
1643844870835 0.12445035576820374 0
1643845021455 0.49296629428863525 0
1643845172080 0.21643540263175964 0
1643845322707 0.2827191650867462 0
1643845473339 0.3419896960258484 0
1643845623964 0.39425694942474365 0
1643845776206 0.1879834532737732 0
1643845926829 0.17879965901374817 0
1643846077464 0.2761543393135071 0
1643846228097 0.2564719617366791 0
1643846378743 0.4136694669723511 0
1643846529397 0.40466105937957764 0
1643846680047 0.20003998279571533 0
1643846830675 0.38858652114868164 0
1643846981325 0.253003865480423 0
1643847131978 0.3578072190284729 0
1643847282599 0.5783891081809998 0
1643847433201 0.18900680541992188 0
1643847583823 0.22480559349060059 0
1643847734442 0.31979992985725403 0
1643847885047 0.37139296531677246 0
1643848035671 0.5514211058616638 0
1643848186314 0.519252359867096 0
1643848336962 0.267000287771225 0
1643848487615 0.1971636861562729 0
1643848638249 0.0761156901717186 0
1643848790497 0.14129361510276794 0
1643848941157 0.26663321256637573 0
1643849091811 0.25551560521125793 0
1643849242459 0.34536126255989075 0
1643849393102 0.2460423707962036 0
1643849543762 0.41298192739486694 0
1643849694432 0.15812775492668152 0
1643849845109 0.24060876667499542 0
1643849995764 0.2307085543870926 0
1643850146418 0.23323789238929749 0
1643850297075 0.22513467073440552 0
1643850447740 0.40027421712875366 0
1643850598402 0.14321133494377136 0
1643850749082 0.14666318893432617 0
1643850899730 0.2420216053724289 0
1643851050367 0.2641085684299469 0
1643851201020 0.20197540521621704 0
1643851351642 0.5778146386146545 0
1643851502261 0.32289114594459534 0
1643851652912 0.2772398591041565 0
1643851805160 0.41731786727905273 0
1643851955806 0.20302271842956543 0
1643852106456 0.41323333978652954 0
1643852257083 0.14196428656578064 0
1643852407699 0.20843753218650818 0
1643852558337 0.23017790913581848 0
1643852708984 0.14493653178215027 0
1643852859627 0.17432989180088043 0
1643853010285 0.3480139374732971 0
1643853160918 0.24191685020923615 0
1643853311538 0.24407228827476501 0
1643853462169 0.2164308875799179 0
1643853612803 0.15286119282245636 0
1643853763442 0.2107950896024704 0
1643853914069 0.3269859552383423 0
1643854064682 0.13610108196735382 0
1643854215307 0.1055726408958435 0
1643854365962 0.42384928464889526 0
1643854516609 0.24619169533252716 0
1643854667270 0.2829567790031433 0
1643854819528 0.22319667041301727 0
1643854970174 0.1620398312807083 0
1643855120805 0.5629591941833496 0
1643855271418 0.3321582078933716 0
1643855422044 0.6196984648704529 0
1643855572681 0.1506134420633316 0
1643855723312 0.3387428820133209 0
1643855873957 0.5735509991645813 0
1643856024620 0.2703022062778473 0
1643856175268 0.6078360080718994 0
1643856325908 0.19133570790290833 0
1643856476506 0.30126917362213135 0
1643856627088 0.13816751539707184 0
1643856777676 0.3413710296154022 0
1643856928257 0.26994407176971436 0
1643857078844 0.3784908056259155 0
1643857229428 0.14347149431705475 0
1643857379996 0.24108311533927917 0
1643857530569 0.3065405488014221 0
1643857681165 0.2348787784576416 0
1643857833748 0.7522875070571899 0
1643857984342 0.2007669359445572 0
1643858134945 0.15526652336120605 0
1643858285527 0.26647478342056274 0
1643858436096 0.2392924427986145 0
1643858586671 0.24660624563694 0
1643858737271 0.45240268111228943 0
1643858887866 0.40356960892677307 0
1643859038454 0.16067355871200562 0
1643859189032 0.17221613228321075 0
1643859339620 0.18651661276817322 0
1643859490195 0.297050416469574 0
1643859640788 0.13462179899215698 0
1643859791374 0.21851412951946259 0
1643859941948 0.26298049092292786 0
1643860092534 0.35986328125 0
1643860243131 0.29873067140579224 0
1643860393738 0.3512136936187744 0
1643860544354 0.18814325332641602 0
1643860694980 0.3790106773376465 0
1643860847178 0.36225005984306335 0
1643860997767 0.23624706268310547 0
1643861148363 0.16998721659183502 0
1643861298972 0.28894689679145813 0
1643861449593 0.5885508060455322 0
1643861600212 0.13778521120548248 0
1643861750833 0.35733598470687866 0
1643861901473 0.2848688066005707 0
1643862052101 0.2441096156835556 0
1643862202710 0.15837344527244568 0
1643862353325 0.2101266235113144 0
1643862503921 0.18711045384407043 0
1643862654550 0.35826194286346436 0
1643862805159 0.24670866131782532 0
1643862955765 0.20021437108516693 0
1643863106373 0.2472037822008133 0
1643863256978 0.17107006907463074 0
1643863407591 0.38331955671310425 0
1643863558190 0.47190046310424805 0
1643863708787 0.33419370651245117 0
1643863860969 0.23172734677791595 0
1643864011563 0.24518565833568573 0
1643864162156 0.3369993269443512 0
1643864312789 0.24988582730293274 0
1643864463406 0.21202968060970306 0
1643864614029 0.5023960471153259 0
1643864764666 0.1382327377796173 0
1643864915268 0.3538358509540558 0
1643865065884 0.2704712152481079 0
1643865216491 0.36123785376548767 0
1643865367103 0.17036399245262146 0
1643865517692 0.16118791699409485 0
1643865668296 0.20828776061534882 0
1643865818916 0.3836691081523895 0
1643865969543 0.3930531442165375 0
1643866120252 0.33957529067993164 0
1643866270851 0.3274936079978943 0
1643866421449 0.24932631850242615 0
1643866572064 0.17017288506031036 0
1643866722688 0.18838205933570862 0
1643866874899 0.17639009654521942 0
1643867025549 0.1564406007528305 0
1643867176219 0.28181615471839905 0
1643867326887 0.15590359270572662 0
1643867477519 0.23079195618629456 0
1643867628156 0.13688093423843384 0
1643867778781 0.2651754915714264 0
1643867929424 0.14922457933425903 0
1643868080059 0.2004474401473999 0
1643868230694 0.3691418766975403 0
1643868381358 0.182980477809906 0
1643868532013 0.18247926235198975 0
1643868682698 0.20291773974895477 0
1643868833363 0.14991575479507446 0
1643868984004 0.22651554644107819 0
1643869134645 0.3704609274864197 0
1643869285321 0.2100050300359726 0
1643869435984 0.2720530331134796 0
1643869586657 0.2958541810512543 0
1643869737344 0.329881489276886 0
1643869889598 0.2763369381427765 0
1643870040255 0.23530447483062744 0
1643870190899 0.27042898535728455 0
1643870341547 0.31907919049263 0
1643870492209 0.3120275139808655 0
1643870642849 0.9108706712722778 0
1643870793480 0.19716708362102509 0
1643870944139 0.19044242799282074 0
1643871094818 0.3164661228656769 0
1643871245469 0.3676263093948364 0
1643871396107 0.24324677884578705 0
1643871546739 0.21831659972667694 0
1643871697403 0.14282329380512238 0
1643871848050 0.17821408808231354 0
1643871998695 0.25022244453430176 0
1643872149311 0.16375774145126343 0
1643872299935 0.16450843214988708 0
1643872450592 0.27794337272644043 0
1643872601256 0.1899602711200714 0
1643872751919 0.5631846785545349 0
1643872904184 0.4694468080997467 0
1643873054778 0.1843021810054779 0
1643873205391 0.3437984585762024 0
1643873356048 0.16220462322235107 0
1643873506662 0.23787400126457214 0
1643873657258 0.2671121656894684 0
1643873807871 0.21102696657180786 0
1643873958503 0.16866916418075562 0
1643874109180 0.43106985092163086 0
1643874259812 0.2637450695037842 0
1643874410437 0.27064111828804016 0
1643874561058 0.32357528805732727 0
1643874711717 0.26849421858787537 0
1643874862378 0.29996630549430847 0
1643875013031 0.3783324062824249 0
1643875163676 0.29848653078079224 0
1643875314313 0.3285682499408722 0
1643875464945 0.26458775997161865 0
1643875615598 0.16446107625961304 0
1643875766269 0.26161929965019226 0
1643875918556 0.25530555844306946 0
1643876069256 0.2323036789894104 0
1643876219965 0.27181002497673035 0
1643876370655 0.4290854334831238 0
1643876521341 0.33993440866470337 0
1643876672008 0.22465455532073975 0
1643876822656 0.21169999241828918 0
1643876973317 0.2540224492549896 0
1643877123983 0.2483225166797638 0
1643877274677 0.25246113538742065 0
1643877425379 0.2323005199432373 0
1643877576041 0.3162117600440979 0
1643877726688 0.27388501167297363 0
1643877877825 0.12490344047546387 0
1643878028506 0.18489423394203186 0
1643878179211 0.6210188269615173 0
1643878329892 0.49001559615135193 0
1643878480554 0.4050822854042053 0
1643878631207 0.14583668112754822 0
1643878781873 0.3838268220424652 0
1643878934149 0.2081502377986908 0
1643879084848 0.2517825961112976 0
1643879235540 0.22920465469360352 0
1643879386213 0.3410411477088928 0
1643879536873 0.12631335854530334 0
1643879687541 0.40846559405326843 0
1643879838208 0.23476064205169678 0
1643879988862 0.38148191571235657 0
1643880139505 0.2189950942993164 0
1643880290175 0.35870981216430664 0
1643880440853 0.31733468174934387 0
1643880591543 0.4625767171382904 0
1643880742197 0.2358691394329071 0
1643880892834 0.2628546953201294 0
1643881043498 0.2596019506454468 0
1643881194198 0.1740923821926117 0
1643881344908 0.18149039149284363 0
1643881495608 0.21490933001041412 0
1643881646266 0.28790947794914246 0
1643881796938 0.2381059229373932 0
1643881949203 0.45100492238998413 0
1643882099875 0.2820326089859009 0
1643882250562 0.529948890209198 0
1643882401244 0.18110805749893188 0
1643882551914 0.5310051441192627 0
1643882702588 0.3960563540458679 0
1643882853230 0.11667332053184509 0
1643883003907 0.34964579343795776 0
1643883154572 0.1701013445854187 0
1643883305233 0.2982308864593506 0
1643883455889 0.47422653436660767 0
1643883606557 0.18024104833602905 0
1643883757226 0.1826699674129486 0
1643883907911 0.18402017652988434 0
1643884058567 0.36278724670410156 0
1643884209212 0.44657570123672485 0
1643884359837 0.3227923810482025 0
1643884510515 0.222927063703537 0
1643884661175 0.17837578058242798 0
1643884811849 0.10183236002922058 0
1643884964125 0.1619948297739029 0
1643885114774 0.5332716703414917 0
1643885265404 0.19888928532600403 0
1643885416030 0.5135486721992493 0
1643885566685 0.3783208727836609 0
1643885717321 0.37715011835098267 0
1643885867938 0.27133890986442566 0
1643886018576 0.13204167783260345 0
1643886169231 0.24579977989196777 0
1643886319912 0.3169015645980835 0
1643886470574 0.3015013337135315 0
1643886621218 0.3157529830932617 0
1643886771853 0.18944261968135834 0
1643886922518 0.22575624287128448 0
1643887073180 0.3194328546524048 0
1643887223866 0.19969499111175537 0
1643887374544 0.24769720435142517 0
1643887525249 0.46244990825653076 0
1643887675915 0.22729000449180603 0
1643887826565 0.21185927093029022 0
1643887978811 0.3910042345523834 0
1643888129480 0.5957818627357483 0
1643888280129 0.18074548244476318 0
1643888430760 0.3972828984260559 0
1643888581421 0.2997994124889374 0
1643888732093 0.27256232500076294 0
1643888882748 0.22607870399951935 0
1643889033424 0.36005568504333496 0
1643889184092 0.37383899092674255 0
1643889334724 0.2224578559398651 0
1643889485356 0.2950951159000397 0
1643889636004 0.3083347976207733 0
1643889786714 0.19623395800590515 0
1643889937409 0.22497525811195374 0
1643890088082 0.24001596868038177 0
1643890238750 0.1538327932357788 0
1643890389395 0.2918875515460968 0
1643890540034 0.2465602606534958 0
1643890690651 0.4118770956993103 0
1643890841308 0.17299866676330566 0
1643890993561 0.1954377293586731 0
1643891144181 0.234564408659935 0
1643891294823 0.2090773582458496 0
1643891445465 0.26537978649139404 0
1643891596119 0.2914475202560425 0
1643891746781 0.3074648082256317 0
1643891897394 0.12497732043266296 0
1643892048014 0.32790687680244446 0
1643892198628 0.2752332091331482 0
1643892349284 0.4577714502811432 0
1643892499954 0.2535753846168518 0
1643892650604 0.5571959018707275 0
1643892801268 0.2448817938566208 0
1643892951916 0.2519623935222626 0
1643893102549 0.22428496181964874 0
1643893253177 0.4843733012676239 0
1643893403811 0.27145397663116455 0
1643893554449 0.18360428512096405 0
1643893705090 0.3779878616333008 0
1643893855712 0.23518076539039612 0
1643894007988 0.3275826573371887 0
1643894158658 0.16751214861869812 0
1643894309340 0.3320510983467102 0
1643894459998 0.18022096157073975 0
1643894610650 0.16347548365592957 0
1643894761307 0.10809342563152313 0
1643894911946 0.07918807864189148 0
1643895062611 0.35537615418434143 0
1643895213291 0.2678019106388092 0
1643895363996 0.4944703280925751 0
1643895514692 0.38755539059638977 0
1643895665386 0.21699382364749908 0
1643895816065 0.19311977922916412 0
1643895966719 0.3278404474258423 0
1643896117358 0.14443930983543396 0
1643896268033 0.27238357067108154 0
1643896418709 0.3295583724975586 0
1643896569351 0.17135493457317352 0
1643896719998 0.12184877693653107 0
1643896870672 0.39380645751953125 0
1643897022957 0.5211724638938904 0
1643897173636 0.22069306671619415 0
1643897324297 0.35005852580070496 0
1643897474947 0.2513936161994934 0
1643897625585 0.1912941038608551 0
1643897776244 0.33033835887908936 0
1643897926882 0.13336187601089478 0
1643898077534 0.4458993077278137 0
1643898228167 0.3342793881893158 0
1643898378795 0.39459162950515747 0
1643898529410 0.18241283297538757 0
1643898680040 0.14094612002372742 0
1643898830656 0.3204610347747803 0
1643898981273 0.4003767669200897 0
1643899131873 0.4058052897453308 0
1643899282462 0.16480472683906555 0
1643899433051 0.138016015291214 0
1643899583639 0.23425020277500153 0
1643899734247 0.16170048713684082 0
1643899884841 0.3741985559463501 0
1643900037638 0.3167518377304077 0
1643900188131 0.6360158324241638 0
1643900338633 0.2777401804924011 0
1643900489155 0.15371659398078918 0
1643900639643 0.11355478316545486 0
1643900790146 0.27569738030433655 0
1643900940646 0.40912896394729614 0
1643901091154 0.2239227294921875 0
1643901241649 0.22413316369056702 0
1643901392150 0.21186789870262146 0
1643901542682 0.2767823338508606 0
1643901693210 0.2582707405090332 0
1643901843707 0.338052362203598 0
1643901994161 0.31859976053237915 0
1643902144650 0.1925598680973053 0
1643902295173 0.163089781999588 0
1643902445674 0.189398854970932 0
1643902596193 0.20469611883163452 0
1643902746668 0.1416987180709839 0
1643902897159 0.18376389145851135 0
1643903049253 0.16748881340026855 0
1643903199746 0.250750869512558 0
1643903350251 0.23559065163135529 0
1643903500747 0.11479244381189346 0
1643903651225 0.21854910254478455 0
1643903801709 0.1952391266822815 0
1643903952186 0.36112579703330994 0
1643904102671 0.16678063571453094 0
1643904253119 0.1500697284936905 0
1643904403585 0.2192981243133545 0
1643904554062 0.2498534619808197 0
1643904704556 0.17264263331890106 0
1643904855035 0.1604861170053482 0
1643905005521 0.311857134103775 0
1643905155952 0.19773155450820923 0
1643905306393 0.38519856333732605 0
1643905456838 0.12714044749736786 0
1643905607283 0.31898027658462524 0
1643905757708 0.1713399589061737 0
1643905908197 0.28444862365722656 0
1643906060268 0.1610100120306015 0
1643906210681 0.39188551902770996 0
1643906361147 0.4405669569969177 0
1643906511614 0.24343359470367432 0
1643906662072 0.33282631635665894 0
1643906812544 0.1484488844871521 0
1643906962961 0.24120144546031952 0
1643907113389 0.19893288612365723 0
1643907263830 0.1227031946182251 0
1643907414254 0.155732661485672 0
1643907564651 0.14308665692806244 0
1643907715078 0.19371801614761353 0
1643907865486 0.4958653748035431 0
1643908015925 0.17253726720809937 0
1643908166385 0.26101306080818176 0
1643908316847 0.3331677317619324 0
1643908467281 0.13358332216739655 0
1643908617734 0.18800398707389832 0
1643908768163 0.27562186121940613 0
1643908918610 0.13212493062019348 0
1643909070667 0.095392607152462 0
1643909220958 0.30962201952934265 0
1643909371226 0.1783164143562317 0
1643909521496 0.40377742052078247 0
1643909671751 0.33805298805236816 0
1643909822037 0.2835788428783417 0
1643909972294 0.3567177355289459 0
1643910122558 0.30639535188674927 0
1643910272810 0.30547672510147095 0
1643910423052 0.20552651584148407 0
1643910573300 0.10095197707414627 0
1643910723553 0.2875478267669678 0
1643910873775 0.524776816368103 0
1643911024028 0.27273717522621155 0
1643911174265 0.19819068908691406 0
1643911324518 0.20418977737426758 0
1643911474807 0.45614954829216003 0
1643911625040 0.19638577103614807 0
1643911775268 0.2703374922275543 0
1643911925527 0.1707172393798828 0
1643912077388 0.39535757899284363 0
1643912227661 0.1374182403087616 0
1643912377926 0.2611931562423706 0
1643912528164 0.25675302743911743 0
1643912678399 0.19976362586021423 0
1643912828671 0.2378803789615631 0
1643912978920 0.11589112877845764 0
1643913129186 0.14756633341312408 0
1643913279459 0.32209479808807373 0
1643913429705 0.13330215215682983 0
1643913580360 0.2488977462053299 0
1643913730611 0.5394480228424072 0
1643913880841 0.1520017385482788 0
1643914031076 0.40506091713905334 0
1643914181291 0.1664617359638214 0
1643914331545 0.1915905773639679 0
1643914481801 0.13674503564834595 0
1643914632056 0.2521233558654785 0
1643914782310 0.570508599281311 0
