1643764274139 12.284383773803711 0
1643764426535 6.5159218311309814 0
1643764578730 4.472530364990234 0
1643764729078 2.523353934288025 0
1643764879400 5.686880826950073 0
1643765029726 3.4493441581726074 0
1643765180070 4.305047273635864 0
1643765330409 3.549235463142395 0
1643765480760 4.70375919342041 0
1643765631118 3.5356504917144775 0
1643765781470 4.458449125289917 0
1643765931820 2.231834650039673 0
1643766082192 5.078805565834045 0
1643766232539 2.5446594953536987 0
1643766382885 3.0097309350967407 0
1643766533217 3.5519027709960938 0
1643766683487 1.8512297868728638 0
1643766833787 2.8718825578689575 0
1643766984073 2.446082055568695 0
1643767134352 1.9646087884902954 0
1643767284643 4.727154016494751 0
1643767436577 2.8939626216888428 0
1643767586776 4.804388046264648 0
1643767737074 3.3088968992233276 0
1643767887387 4.156455993652344 0
1643768037698 2.2081090211868286 0
1643768188084 2.5841437578201294 0
1643768338578 2.6824170351028442 0
1643768489112 3.51675808429718 0
1643768639667 3.2881942987442017 0
1643768790215 2.4844460487365723 0
1643768940744 3.0113046169281006 0
1643769091292 3.2194573879241943 0
1643769241833 2.0058169662952423 0
1643769392379 3.4906992316246033 0
1643769542922 4.149767875671387 0
1643769693493 2.196278154850006 0
1643769844059 4.686872839927673 0
1643769994626 3.893278658390045 0
1643770145193 2.1874837279319763 0
1643770295769 2.4506715536117554 0
1643770448017 4.88933253288269 0
1643770598603 2.5623971223831177 0
1643770749199 2.010432243347168 0
1643770899774 1.787723958492279 0
1643771050348 2.6467339992523193 0
1643771200950 2.695537567138672 0
1643771351532 4.25644314289093 0
1643771502098 2.892511487007141 0
1643771652629 1.8084229826927185 0
1643771803187 2.165089249610901 0
1643771953741 2.522918462753296 0
1643772104253 1.74116849899292 0
1643772254776 1.6191059350967407 0
1643772405357 2.016412377357483 0
1643772555922 1.7814982533454895 0
1643772706496 1.3453979790210724 0
1643772857071 5.0503153800964355 0
1643773007644 2.1009098887443542 0
1643773158221 4.12244725227356 0
1643773308789 2.24845027923584 0
1643773461044 2.2244714498519897 0
1643773611634 2.6923842430114746 0
1643773762236 1.9250234365463257 0
1643773912820 2.0513870120048523 0
1643774063421 1.959848165512085 0
1643774213995 1.9238511323928833 0
1643774364583 1.9145172238349915 0
1643774515173 1.9741357564926147 0
1643774665778 2.274766683578491 0
1643774816365 1.329664409160614 0
1643774966975 1.7269359529018402 0
1643775117582 2.553965926170349 0
1643775268185 2.6925928592681885 0
1643775418790 1.4083707332611084 0
1643775569385 1.6168600916862488 0
1643775719953 2.639365553855896 0
1643775870498 1.237411230802536 0
1643776021065 1.8300828337669373 0
1643776171664 2.2020829916000366 0
1643776322238 2.2965914011001587 0
1643776474491 1.30638387799263 0
1643776625044 2.2562674283981323 0
1643776775629 1.586713284254074 0
1643776926236 2.1491619348526 0
1643777076831 1.4720160961151123 0
1643777227434 1.4542948007583618 0
1643777378006 2.4385692477226257 0
1643777528564 0.9698804616928101 0
1643777679118 2.0990459322929382 0
1643777829704 2.866501897573471 0
1643777980296 1.8714776635169983 0
1643778130899 2.16401469707489 0
1643778281486 1.876674771308899 0
1643778432079 1.5645305514335632 0
1643778582666 1.7558020949363708 0
1643778733233 1.3833582401275635 0
1643778883804 1.955387830734253 0
1643779034365 2.080020546913147 0
1643779184927 1.9248782992362976 0
1643779335488 2.353084087371826 0
1643779487690 1.2663396745920181 0
1643779638321 2.125291347503662 0
1643779788935 2.01858651638031 0
1643779939554 1.5454437136650085 0
1643780090162 1.3455702066421509 0
1643780240727 1.694040834903717 0
1643780391281 1.1322281062602997 0
1643780541851 2.501519799232483 0
1643780692458 1.3712171614170074 0
1643780843069 1.640625149011612 0
1643780993707 3.2490532398223877 0
1643781144311 1.2464051246643066 0
1643781294871 1.361713171005249 0
1643781445423 1.5702888071537018 0
1643781596030 2.153578460216522 0
1643781746589 2.0187650322914124 0
1643781897149 2.5052993297576904 0
1643782047734 2.155601143836975 0
1643782198355 2.3538818955421448 0
1643782348960 1.5266891717910767 0
1643782501274 1.532898724079132 0
1643782651878 1.8477651476860046 0
1643782802501 0.9275436401367188 0
1643782953101 1.603385329246521 0
1643783103738 1.1709547936916351 0
1643783254369 1.8354273438453674 0
1643783404996 1.4593843221664429 0
1643783555642 2.4039002656936646 0
1643783706285 1.242150902748108 0
1643783856924 1.5760056972503662 0
1643784007538 1.9672254920005798 0
1643784158126 1.8199715614318848 0
1643784308723 1.9245891571044922 0
1643784459348 1.3704025745391846 0
1643784609936 1.3179571777582169 0
1643784760565 1.6019778847694397 0
1643784911207 1.8180668950080872 0
1643785061866 1.2907630801200867 0
1643785212478 2.489619791507721 0
1643785363079 1.5749661326408386 0
1643785515331 2.398997664451599 0
1643785666065 1.145190179347992 0
1643785816713 2.315415143966675 0
1643785967365 1.1537415385246277 0
1643786118021 1.9157611727714539 0
1643786268651 1.644625186920166 0
1643786419273 1.3352302610874176 0
1643786569894 1.8926133513450623 0
1643786720533 1.7602312564849854 0
1643786871162 2.0370588302612305 0
1643787021819 1.8169314861297607 0
1643787172461 2.012978672981262 0
1643787323079 3.154943585395813 0
1643787473665 1.0789574086666107 0
1643787624276 1.4516313076019287 0
1643787774894 1.360102891921997 0
1643787925509 1.8144336342811584 0
1643788076140 1.0769466161727905 0
1643788226779 1.4105883538722992 0
1643788377438 1.0242312103509903 0
1643788529667 1.4965530037879944 0
1643788680264 1.9758263230323792 0
1643788830891 1.4725556373596191 0
1643788981523 1.757472574710846 0
1643789132138 1.4925957024097443 0
1643789282759 1.3910441994667053 0
1643789433393 1.2975525856018066 0
1643789584004 1.3343256413936615 0
1643789734604 1.0855620801448822 0
1643789885204 1.2156636714935303 0
1643790035837 1.2035288512706757 0
1643790186467 1.8833486437797546 0
1643790337080 1.3822515308856964 0
1643790487691 1.3857716917991638 0
1643790638307 1.7589973211288452 0
1643790788936 1.7701365947723389 0
1643790939596 1.2933008670806885 0
1643791090210 1.6662156581878662 0
1643791240819 1.7086482048034668 0
1643791391432 1.6164627075195312 0
1643791543796 1.1350903064012527 0
1643791694463 1.464985728263855 0
1643791845112 1.0709291696548462 0
1643791995775 1.1244953870773315 0
1643792146430 0.9680549502372742 0
1643792297074 1.4186328649520874 0
1643792447699 1.4158210456371307 0
1643792598331 1.3570628464221954 0
1643792748996 1.1548169255256653 0
1643792899629 1.5592320561408997 0
1643793050276 1.4165857434272766 0
1643793200932 1.2908294200897217 0
1643793351577 1.80214923620224 0
1643793502232 1.2373358607292175 0
1643793652837 1.457062005996704 0
1643793803443 1.6020350456237793 0
1643793954055 1.8410308361053467 0
1643794104688 1.6582823693752289 0
1643794255336 1.3292991518974304 0
1643794405994 1.8306710124015808 0
1643794558281 1.6282293200492859 0
1643794708913 1.4722028970718384 0
1643794859539 1.8968755006790161 0
1643795010144 1.2954649925231934 0
1643795160764 1.1557592153549194 0
1643795311383 1.7468141317367554 0
1643795461985 1.8019296526908875 0
1643795612616 1.0939792096614838 0
1643795763238 0.8727868646383286 0
1643795913876 1.5564255118370056 0
1643796064510 1.3644568026065826 0
1643796215115 1.8966507315635681 0
1643796365735 1.9851117134094238 0
1643796516354 1.5971285700798035 0
1643796667003 1.3165120482444763 0
1643796817646 1.138555109500885 0
1643796968293 1.7290462851524353 0
1643797118952 1.8474549055099487 0
1643797269621 1.281964272260666 0
1643797420262 0.8957850635051727 0
1643797572507 1.2390670478343964 0
1643797723108 1.5133417248725891 0
1643797873713 1.1132041215896606 0
1643798024321 0.7811649739742279 0
1643798174929 1.4668872952461243 0
1643798325551 1.3120905756950378 0
1643798476183 0.9195088446140289 0
1643798626822 0.9082194268703461 0
1643798777435 1.4375115633010864 0
1643798928025 1.1041052639484406 0
1643799078617 1.0796494483947754 0
1643799229233 0.8100665062665939 0
1643799379871 1.2579309046268463 0
1643799530508 0.9957666993141174 0
1643799681149 1.1660679578781128 0
1643799831779 1.1067733466625214 0
1643799982393 2.576355457305908 0
1643800132994 1.3428264260292053 0
1643800283614 1.0913758277893066 0
1643800434247 1.5280256271362305 0
1643800586604 1.1261709332466125 0
1643800737202 1.0632617473602295 0
1643800887848 1.2750252485275269 0
1643801038492 1.2647716403007507 0
1643801189158 1.5247437357902527 0
1643801339780 1.3290912210941315 0
1643801490402 1.1954602003097534 0
1643801641050 1.4686737060546875 0
1643801791698 1.0474837720394135 0
1643801942365 1.0175849199295044 0
1643802093044 1.6856606602668762 0
1643802243709 1.2669506967067719 0
1643802394359 1.9819044470787048 0
1643802545004 1.3068202584981918 0
1643802695625 1.4564207196235657 0
1643802846255 1.5636382102966309 0
1643802996867 1.6482808589935303 0
1643803147481 0.9456914365291595 0
1643803298108 1.1054915189743042 0
1643803448735 1.5964652299880981 0
1643803601016 0.9243420213460922 0
1643803751649 1.1502173244953156 0
1643803902282 1.5194700956344604 0
1643804052896 1.3746036291122437 0
1643804203550 1.3474118113517761 0
1643804354198 1.7458598613739014 0
1643804504843 1.333359569311142 0
1643804655517 1.5342172980308533 0
1643804806170 1.4039329290390015 0
1643804956792 0.9317198395729065 0
1643805107411 1.1803054213523865 0
1643805258053 1.3005053997039795 0
1643805408697 1.2108738422393799 0
1643805559332 1.287427544593811 0
1643805709951 1.2211679816246033 0
1643805860581 1.2565345466136932 0
1643806011229 1.2294617891311646 0
1643806161882 1.2443660497665405 0
1643806312542 1.7942501306533813 0
1643806463171 1.2241318821907043 0
1643806615401 1.756970465183258 0
1643806766002 0.7505281865596771 0
1643806916624 1.151410698890686 0
1643807067263 1.6489908695220947 0
1643807217912 0.9499704837799072 0
1643807368603 1.325049251317978 0
1643807519070 1.2439945936203003 0
1643807669520 1.4494272470474243 0
1643807819965 1.6541454792022705 0
1643807970428 1.2000829577445984 0
1643808120897 0.9694317281246185 0
1643808271324 0.6979314833879471 0
1643808421777 2.017607092857361 0
1643808572244 0.8246614336967468 0
1643808722730 1.066697120666504 0
1643808873219 1.4071202278137207 0
1643809023678 0.736543208360672 0
1643809174099 1.3261566460132599 0
1643809324525 1.0459605753421783 0
1643809474975 1.3474326729774475 0
1643809627049 1.7104778289794922 0
1643809777688 1.194568082690239 0
1643809928334 1.1260477006435394 0
1643810078991 1.3761045336723328 0
1643810229618 1.31259386241436 0
1643810380225 1.6702412962913513 0
1643810530858 1.1862482726573944 0
1643810681492 3.2425745725631714 0
1643810832104 1.0136214196681976 0
1643810982740 1.1407810151576996 0
1643811133394 1.2679455876350403 0
1643811284042 1.1969215869903564 0
1643811434702 1.3792524933815002 0
1643811585358 1.653710663318634 0
1643811735991 1.2282935976982117 0
1643811886633 1.388512670993805 0
1643812037282 1.5847785472869873 0
1643812187946 1.1058432459831238 0
1643812338615 1.2974496483802795 0
1643812489279 1.144535392522812 0
1643812641518 0.9535787403583527 0
1643812792130 1.223815679550171 0
1643812942754 1.9256272315979004 0
1643813093395 1.516010820865631 0
1643813244021 1.281912088394165 0
1643813394621 1.5319529175758362 0
1643813545251 1.5860382914543152 0
1643813695893 1.1365977823734283 0
1643813846510 1.2829595804214478 0
1643813997132 1.3852884471416473 0
1643814147755 1.4740182161331177 0
1643814298362 1.4011865854263306 0
1643814448995 0.8545510172843933 0
1643814599633 0.9899135529994965 0
1643814750294 1.2418183088302612 0
1643814900946 1.3605271577835083 0
1643815051590 1.2879246473312378 0
1643815202208 1.1695388853549957 0
1643815352831 0.8930155634880066 0
1643815503475 1.8018080592155457 0
1643815655736 1.2319369316101074 0
1643815806324 1.0191613137722015 0
1643815956911 1.8776854872703552 0
1643816107553 1.5501211881637573 0
1643816258179 1.5169333219528198 0
1643816408816 1.5657503008842468 0
1643816559419 1.3158915638923645 0
1643816710004 1.223041832447052 0
1643816860583 2.009402871131897 0
1643817011197 1.4717142283916473 0
1643817161825 1.0017993450164795 0
1643817312436 1.0485261380672455 0
1643817463069 1.186833918094635 0
1643817613696 1.6473453640937805 0
1643817764311 1.5242858529090881 0
1643817914909 1.0300805270671844 0
1643818065517 1.2133039236068726 0
1643818216121 1.1430288255214691 0
1643818366724 0.8401613682508469 0
1643818517349 1.6848218441009521 0
1643818669809 0.7619719207286835 0
1643818820459 1.131822645664215 0
1643818971099 0.9493076801300049 0
1643819121729 1.2689593732357025 0
1643819272347 1.1194603890180588 0
1643819422945 1.2068355977535248 0
1643819573585 0.8998056054115295 0
1643819724248 1.1510595679283142 0
1643819874893 1.352446436882019 0
1643820025558 1.201344758272171 0
1643820176216 1.0209654569625854 0
1643820326856 1.0005984902381897 0
1643820477484 1.3090310096740723 0
1643820628105 1.8001615405082703 0
1643820778746 0.8208203762769699 0
1643820929361 1.3975789844989777 0
1643821079970 1.300935536623001 0
1643821230629 1.3344987630844116 0
1643821381269 1.0275839865207672 0
1643821531923 1.3250483274459839 0
1643821684164 1.8130606412887573 0
1643821834750 1.0430461466312408 0
1643821985327 1.000766009092331 0
1643822135942 0.643322765827179 0
1643822286571 0.8911643624305725 0
1643822437194 1.1311838626861572 0
1643822587801 0.8276756405830383 0
1643822738427 1.348247766494751 0
1643822889036 0.9376128911972046 0
1643823039625 1.5700678825378418 0
1643823190210 1.7207772731781006 0
1643823340812 1.228209674358368 0
1643823491377 3.1950860023498535 0
1643823641914 1.423530638217926 0
1643823792516 0.7917220890522003 0
1643823943142 0.918760359287262 0
1643824093751 1.6486701369285583 0
1643824244336 1.0502770841121674 0
1643824394908 0.7295362949371338 0
1643824545491 1.5181410312652588 0
1643824697713 1.06805419921875 0
1643824848265 1.111937403678894 0
1643824998800 1.1254020035266876 0
1643825149367 1.782084882259369 0
1643825299903 1.2661526799201965 0
1643825450456 1.4201669991016388 0
1643825601203 1.1864831745624542 0
1643825751725 0.8364511728286743 0
1643825902251 1.2664374113082886 0
1643826052759 1.4250726997852325 0
1643826203268 1.2770412862300873 0
1643826353760 0.9545103907585144 0
1643826504254 1.2718387246131897 0
1643826654744 1.583332598209381 0
1643826805259 1.5515989661216736 0
1643826955768 1.4576461911201477 0
1643827106264 0.8573223948478699 0
1643827256775 0.7878057509660721 0
1643827407292 1.060152530670166 0
1643827557796 1.255930781364441 0
1643827709910 0.8682616949081421 0
1643827860412 1.2224702686071396 0
1643828010915 1.078844428062439 0
1643828161402 1.3116407990455627 0
1643828311854 1.2277125716209412 0
1643828462321 1.10861137509346 0
1643828612781 1.5465676188468933 0
1643828763323 1.4903112053871155 0
1643828913827 1.3536698818206787 0
1643829064588 0.9572722762823105 0
1643829215101 0.9059509038925171 0
1643829365611 1.4541322588920593 0
1643829516077 1.1295037269592285 0
1643829666545 2.276012599468231 0
1643829817014 1.7157337665557861 0
1643829967533 1.0069560557603836 0
1643830118021 1.025307446718216 0
1643830268532 0.9796854555606842 0
1643830419071 0.9963742196559906 0
1643830569630 1.3909707069396973 0
1643830721777 1.0843393206596375 0
1643830872283 0.9995379745960236 0
1643831022809 0.8993693590164185 0
1643831173329 1.408926546573639 0
1643831323871 1.3570939004421234 0
1643831474404 0.7381389141082764 0
1643831624923 0.908677488565445 0
1643831775455 0.873594343662262 0
1643831925988 1.3198547959327698 0
1643832076521 1.1106377840042114 0
1643832227042 0.8511322140693665 0
1643832377566 1.2438941448926926 0
1643832528078 1.4627503156661987 0
1643832678617 1.1698126792907715 0
1643832829138 1.0644948780536652 0
1643832979650 0.8329507857561111 0
1643833130156 0.7534406036138535 0
1643833280696 1.0437451004981995 0
1643833431215 1.2393820881843567 0
1643833581732 1.0360047519207 0
1643833733857 1.3600001335144043 0
1643833884342 1.2025641202926636 0
1643834034851 0.8489174544811249 0
1643834185352 1.1118216514587402 0
1643834335876 1.7288722395896912 0
1643834486405 1.044181227684021 0
1643834636926 1.1572256982326508 0
1643834787425 1.148875743150711 0
1643834937911 0.9253462702035904 0
1643835088385 1.0593079924583435 0
1643835238871 1.1663898825645447 0
1643835389344 1.1475418210029602 0
1643835539863 0.8988949358463287 0
1643835690386 1.2165443301200867 0
1643835840860 1.19918555021286 0
1643835991342 1.001524031162262 0
1643836141805 1.2951445877552032 0
1643836292305 1.0578462928533554 0
1643836442809 1.1012707352638245 0
1643836593296 0.9102595150470734 0
1643836745383 1.111738234758377 0
1643836895663 1.5815547108650208 0
1643837045935 1.196884423494339 0
1643837196245 0.8877004981040955 0
1643837346554 1.634917676448822 0
1643837496856 0.5522839725017548 0
1643837647159 1.0906187295913696 0
1643837797494 0.9198039025068283 0
1643837947793 1.0381042659282684 0
1643838098066 1.0297867357730865 0
1643838248312 1.2701417803764343 0
1643838398609 1.1730766892433167 0
1643838548942 1.0796836614608765 0
1643838699241 1.2878185510635376 0
1643838849535 0.8903626352548599 0
1643838999856 1.42929607629776 0
1643839150187 0.8973069787025452 0
1643839300483 1.4689718037843704 0
1643839450779 1.1923738718032837 0
1643839601037 1.1339867115020752 0
1643839752890 1.1463958024978638 0
1643839903314 0.8934565782546997 0
1643840053756 1.4413511753082275 0
1643840204206 0.7405237257480621 0
1643840354687 0.8895491361618042 0
1643840505172 1.0897935628890991 0
1643840655638 1.428663969039917 0
1643840806082 1.1754083037376404 0
1643840956501 0.9878514856100082 0
1643841106982 1.1434377431869507 0
1643841257464 1.5302698612213135 0
1643841407950 0.562378540635109 0
1643841558411 1.1366649270057678 0
1643841708885 1.293427050113678 0
1643841859364 0.8327304720878601 0
1643842009818 0.9312493056058884 0
1643842160269 0.8857540488243103 0
1643842310709 0.9247083961963654 0
1643842461162 0.7803921103477478 0
1643842611624 1.1908229887485504 0
1643842763991 0.9067051112651825 0
1643842914379 1.0051853954792023 0
1643843064831 1.23051917552948 0
1643843215275 0.9062477648258209 0
1643843365728 1.000148057937622 0
1643843516212 0.9978432655334473 0
1643843666658 1.609386682510376 0
1643843817104 1.2636956870555878 0
1643843967525 0.868048369884491 0
1643844117964 1.0881479680538177 0
1643844268437 1.1401457786560059 0
1643844418981 1.7327665090560913 0
1643844569584 1.009077936410904 0
1643844720206 0.9130753129720688 0
1643844870835 0.9413638412952423 0
1643845021455 1.5982481241226196 0
1643845172080 0.8411055505275726 0
1643845322707 0.9584284126758575 0
1643845473339 1.1247298121452332 0
1643845623964 1.1123578548431396 0
1643845776198 0.7968668341636658 0
1643845926829 0.6909426152706146 0
1643846077464 1.0278151631355286 0
1643846228097 0.8376201689243317 0
1643846378743 1.264599084854126 0
1643846529397 1.0834650993347168 0
1643846680037 0.8543129563331604 0
1643846830675 1.373148798942566 0
1643846981325 0.7357425391674042 0
1643847131970 0.9897406697273254 0
1643847282599 1.434063732624054 0
1643847433193 1.0330009460449219 0
1643847583823 0.9664140343666077 0
1643847734442 0.8065367639064789 0
1643847885047 1.0127257108688354 0
1643848035671 1.1759558320045471 0
1643848186314 1.1775287985801697 0
1643848336962 0.8264917433261871 0
1643848487604 0.8108394593000412 0
1643848638239 0.657447062432766 0
1643848790497 0.8341400325298309 0
1643848941145 0.826180100440979 0
1643849091799 0.8384637534618378 0
1643849242449 1.2809630930423737 0
1643849393102 1.1157813668251038 0
1643849543762 1.2421891689300537 0
1643849694432 0.9419568479061127 0
1643849845101 0.9088233858346939 0
1643849995764 0.7375149875879288 0
1643850146418 0.8005478084087372 0
1643850297075 1.4574763178825378 0
1643850447730 1.26405668258667 0
1643850598402 0.8421290814876556 0
1643850749073 0.9260655045509338 0
1643850899730 0.899733230471611 0
1643851050357 0.9811781942844391 0
1643851201020 0.8969957232475281 0
1643851351642 1.0137904584407806 0
1643851502261 0.9343061149120331 0
1643851652912 1.5550054907798767 0
1643851805152 1.1918630003929138 0
1643851955806 0.7113365530967712 0
1643852106456 1.1583560109138489 0
1643852257083 0.789333313703537 0
1643852407689 1.011914700269699 0
1643852558329 0.984321802854538 0
1643852708974 0.9968210160732269 0
1643852859627 1.0910439044237137 0
1643853010285 1.435297429561615 0
1643853160916 0.9512841254472733 0
1643853311538 1.1842271387577057 0
1643853462157 0.9459522813558578 0
1643853612801 1.2471955567598343 0
1643853763442 0.9892833679914474 0
1643853914059 1.0252013802528381 0
1643854064674 0.6503695994615555 0
1643854215307 0.8184817433357239 0
1643854365962 1.0498514771461487 0
1643854516599 1.3679736405611038 0
1643854667270 0.908661961555481 0
1643854819528 0.8710118979215622 0
1643854970174 0.7562920600175858 0
1643855120805 1.235442340373993 0
1643855271418 1.0474502444267273 0
1643855422034 1.5585885643959045 0
1643855572669 1.157161608338356 0
1643855723312 1.006877213716507 0
1643855873957 1.154411256313324 0
1643856024620 0.5997301936149597 0
1643856175268 1.243556797504425 0
1643856325898 0.8031730353832245 0
1643856476506 0.9753799438476562 0
1643856627088 0.7772664576768875 0
1643856777676 1.2282757461071014 0
1643856928257 1.0738966464996338 0
1643857078834 0.988914430141449 0
1643857229428 0.5318568199872971 0
1643857379988 1.3099468648433685 0
1643857530569 0.8449561595916748 0
1643857681157 1.1150403022766113 0
1643857833748 1.591448724269867 0
1643857984342 1.1007377058267593 0
1643858134937 0.8343188762664795 0
1643858285527 1.076590359210968 0
1643858436096 0.9645709991455078 0
1643858586671 1.0854516178369522 0
1643858737271 1.117482990026474 0
1643858887858 1.0897400081157684 0
1643859038446 0.8411330580711365 0
1643859189032 0.9287257343530655 0
1643859339620 1.129336029291153 0
1643859490185 1.191235363483429 0
1643859640780 0.8835418820381165 0
1643859791364 1.0206466168165207 0
1643859941948 0.6754845976829529 0
1643860092534 0.9683177471160889 0
1643860243131 1.2497515082359314 0
1643860393738 1.2144527435302734 0
1643860544346 1.02129465341568 0
1643860694980 0.8324678540229797 0
1643860847178 1.0930494368076324 0
1643860997765 0.7262412905693054 0
1643861148363 0.7244296818971634 0
1643861298964 0.9655782282352448 0
1643861449593 1.2942708730697632 0
1643861600212 0.7635439187288284 0
1643861750833 1.100185215473175 0
1643861901473 1.5233769118785858 0
1643862052101 0.8998093456029892 0
1643862202710 1.101778358221054 0
1643862353317 0.5970524400472641 0
1643862503921 0.7217645943164825 0
1643862654540 1.0871047973632812 0
1643862805151 1.189147800207138 0
1643862955765 1.186755821108818 0
1643863106373 0.8048791438341141 0
1643863256978 1.001633733510971 0
1643863407591 1.197765290737152 0
1643863558182 1.2101093530654907 0
1643863708779 0.9257389307022095 0
1643863860959 0.6452759653329849 0
1643864011553 0.9381964653730392 0
1643864162156 1.0995024740695953 0
1643864312789 0.6338168978691101 0
1643864463406 0.8337215036153793 0
1643864614029 1.0974727272987366 0
1643864764666 0.738062173128128 0
1643864915268 1.4068364202976227 0
1643865065884 1.2107273936271667 0
1643865216491 1.0350631177425385 0
1643865367101 0.7314505875110626 0
1643865517682 0.6191960871219635 0
1643865668288 1.0094531625509262 0
1643865818916 1.2212400138378143 0
1643865969543 1.0859884321689606 0
1643866120252 1.1984252333641052 0
1643866270843 1.0209498405456543 0
1643866421449 1.0057760775089264 0
1643866572064 0.9185425788164139 0
1643866722678 0.7654384076595306 0
1643866874895 1.0986488312482834 0
1643867025549 1.4883411973714828 0
1643867176209 1.0020981132984161 0
1643867326887 1.0163819938898087 0
1643867477519 0.933866947889328 0
1643867628148 0.8011401891708374 0
1643867778781 0.7802348434925079 0
1643867929424 1.1218639612197876 0
1643868080049 0.9496622681617737 0
1643868230686 1.122986912727356 0
1643868381358 0.6724463403224945 0
1643868532013 0.8613115549087524 0
1643868682698 0.7438102215528488 0
1643868833363 0.8033745288848877 0
1643868984004 0.9832953959703445 0
1643869134645 1.5923846364021301 0
1643869285319 0.6948956400156021 0
1643869435984 0.7817405760288239 0
1643869586647 1.44233438372612 0
1643869737334 1.02321195602417 0
1643869889590 1.2250570356845856 0
1643870040247 0.7492165565490723 0
1643870190891 0.7452440857887268 0
1643870341537 1.1239502131938934 0
1643870492199 1.0500924587249756 0
1643870642849 2.0142775774002075 0
1643870793480 1.1041156500577927 0
1643870944139 1.0725560635328293 0
1643871094818 0.9835943877696991 0
1643871245457 0.9330466389656067 0
1643871396107 0.9786696881055832 0
1643871546731 0.7965167611837387 0
1643871697403 0.9461275488138199 0
1643871848050 0.6313612312078476 0
1643871998695 1.1196354031562805 0
1643872149311 0.7750808000564575 0
1643872299935 0.7998230159282684 0
1643872450580 0.8173792362213135 0
1643872601246 0.8087159693241119 0
1643872751919 1.192754864692688 0
1643872904174 1.107622653245926 0
1643873054778 0.7821204364299774 0
1643873205391 0.9194315671920776 0
1643873356038 0.8535071611404419 0
1643873506652 0.7724080383777618 0
1643873657248 1.3645305931568146 0
1643873807871 0.9907668828964233 0
1643873958503 0.6374215483665466 0
1643874109180 1.0892800688743591 0
1643874259812 1.0718145370483398 0
1643874410429 1.0782050788402557 0
1643874561058 1.0361899435520172 0
1643874711717 0.8709985911846161 0
1643874862378 0.8778821527957916 0
1643875013031 0.9067717492580414 0
1643875163676 0.9880654811859131 0
1643875314303 0.7590711712837219 0
1643875464945 1.2432917952537537 0
1643875615598 0.43283113837242126 0
1643875766269 0.9132225811481476 0
1643875918548 1.0752637684345245 0
1643876069256 1.0421469807624817 0
1643876219965 1.5603799521923065 0
1643876370655 0.9725156426429749 0
1643876521331 0.7970385253429413 0
1643876672008 0.9265087246894836 0
1643876822656 0.5184899270534515 0
1643876973309 1.288071721792221 0
1643877123983 0.909513384103775 0
1643877274677 0.8761897683143616 0
1643877425379 0.8378402590751648 0
1643877576033 0.9240866899490356 0
1643877726688 0.7919607162475586 0
1643877877825 0.6780767440795898 0
1643878028506 0.7206626236438751 0
1643878179211 1.25236576795578 0
1643878329882 1.0953254997730255 0
1643878480554 1.303624153137207 0
1643878631207 0.9994360506534576 0
1643878781873 1.0883059799671173 0
1643878934149 0.8889783322811127 0
1643879084848 1.0958523750305176 0
1643879235540 1.0349215269088745 0
1643879386205 0.926172137260437 0
1643879536873 0.8833281695842743 0
1643879687539 0.9435372650623322 0
1643879838208 1.1783711910247803 0
1643879988862 1.1601158678531647 0
1643880139505 0.9205915927886963 0
1643880290175 0.9147740602493286 0
1643880440853 0.892538458108902 0
1643880591543 1.2800821363925934 0
1643880742187 0.6614194512367249 0
1643880892834 0.8915753364562988 0
1643881043498 0.8751981258392334 0
1643881194190 0.7150124609470367 0
1643881344908 1.090745598077774 0
1643881495608 0.9220421463251114 0
1643881646266 0.5843118131160736 0
1643881796930 0.9654910862445831 0
1643881949203 1.1133994460105896 0
1643882099865 1.0257840752601624 0
1643882250562 1.718004286289215 0
1643882401244 0.8171607851982117 0
1643882551914 0.9457462430000305 0
1643882702586 0.92109614610672 0
1643882853230 1.0016753375530243 0
1643883003905 1.0356490015983582 0
1643883154572 0.8657642006874084 0
1643883305225 1.1394360661506653 0
1643883455881 1.3592469692230225 0
1643883606555 0.6929946541786194 0
1643883757218 0.9692358076572418 0
1643883907911 0.8111918121576309 0
1643884058567 1.0971565246582031 0
1643884209212 0.7982738614082336 0
1643884359837 0.9444772303104401 0
1643884510515 0.8942408263683319 0
1643884661175 0.9655558466911316 0
1643884811849 0.6438662707805634 0
1643884964125 0.8729362636804581 0
1643885114774 1.1283721327781677 0
1643885265404 0.9215311706066132 0
1643885416030 1.334811508655548 0
1643885566685 0.9303454756736755 0
1643885717321 1.0068568587303162 0
1643885867938 0.8614785373210907 0
1643886018576 0.741781160235405 0
1643886169231 1.0169479250907898 0
1643886319912 0.9698343873023987 0
1643886470574 1.1110119819641113 0
1643886621218 0.8627520799636841 0
1643886771843 0.9271391481161118 0
1643886922506 0.803533211350441 0
1643887073180 0.9790604114532471 0
1643887223866 0.8302068710327148 0
1643887374544 0.95299431681633 0
1643887525239 1.3299725651741028 0
1643887675915 0.8481417000293732 0
1643887826565 0.7875647395849228 0
1643887978803 1.055367261171341 0
1643888129472 1.3363559246063232 0
1643888280119 0.7429419755935669 0
1643888430760 0.9713709950447083 0
1643888581413 0.9273937046527863 0
1643888732093 0.9743358492851257 0
1643888882748 0.9030735045671463 0
1643889033414 1.226932168006897 0
1643889184092 1.1680481731891632 0
1643889334724 0.9779123961925507 0
1643889485356 1.1604312360286713 0
1643889636004 1.0164768397808075 0
1643889786704 1.2961423099040985 0
1643889937409 0.9250170290470123 0
1643890088082 1.1713769882917404 0
1643890238749 1.00531804561615 0
1643890389395 1.191281408071518 0
1643890540024 1.2603794783353806 0
1643890690651 1.5153722167015076 0
1643890841296 0.9054794311523438 0
1643890993551 0.9613511562347412 0
1643891144171 0.8769126981496811 0
1643891294823 0.9177662134170532 0
1643891445465 1.0480363368988037 0
1643891596111 0.8944889307022095 0
1643891746781 0.8580175340175629 0
1643891897394 0.7784018218517303 0
1643892048014 1.0383993089199066 0
1643892198628 0.7982832789421082 0
1643892349284 1.1110352575778961 0
1643892499954 0.8457186222076416 0
1643892650604 1.233944058418274 0
1643892801258 0.8087240308523178 0
1643892951916 0.7641749680042267 0
1643893102549 1.150233879685402 0
1643893253177 1.4864105880260468 0
1643893403801 0.8241066336631775 0
1643893554449 0.660863384604454 0
1643893705082 1.0997685194015503 0
1643893855712 0.7328521907329559 0
1643894007986 0.8994482159614563 0
1643894158658 0.8602683246135712 0
1643894309340 0.8612951040267944 0
1643894459998 0.7670596241950989 0
1643894610650 0.6829664409160614 0
1643894761299 0.863189622759819 0
1643894911946 0.8434206545352936 0
1643895062611 1.1270231902599335 0
1643895213281 1.1031441986560822 0
1643895363996 1.1008577644824982 0
1643895514692 0.9077732861042023 0
1643895665386 1.0153440982103348 0
1643895816065 0.86052305996418 0
1643895966711 0.8737221956253052 0
1643896117356 0.9709194004535675 0
1643896268033 1.002030372619629 0
1643896418699 1.0628070831298828 0
1643896569351 0.7433287352323532 0
1643896719998 0.6787556558847427 0
1643896870672 1.0478339195251465 0
1643897022949 1.2300285696983337 0
1643897173636 0.782010868191719 0
1643897324297 1.0375706851482391 0
1643897474947 0.9034023284912109 0
1643897625585 0.7301521003246307 0
1643897776236 0.9074676036834717 0
1643897926882 0.9243470430374146 0
1643898077534 0.9781769514083862 0
1643898228165 1.1076689660549164 0
1643898378787 1.0508906841278076 0
1643898529410 1.1466147601604462 0
1643898680032 0.9624802768230438 0
1643898830656 1.0350474119186401 0
1643898981273 1.031390517950058 0
1643899131873 0.9496826529502869 0
1643899282462 0.8397518694400787 0
1643899433051 0.7616951167583466 0
1643899583639 0.9837802797555923 0
1643899734247 1.3119639158248901 0
1643899884831 1.1386359333992004 0
1643900037630 0.9943186640739441 0
1643900188123 1.499212622642517 0
1643900338633 0.8116646409034729 0
1643900489147 0.9041677415370941 0
1643900639643 0.6776830032467842 0
1643900790138 0.8360680043697357 0
1643900940646 1.322629451751709 0
1643901091154 0.6931166648864746 0
1643901241649 0.862475723028183 0
1643901392150 1.0622254312038422 0
1643901542682 0.8617842197418213 0
1643901693210 0.8476907014846802 0
1643901843699 0.967478483915329 0
1643901994161 0.9292032718658447 0
1643902144650 0.635104238986969 0
1643902295173 0.6701323688030243 0
1643902445674 0.9041232764720917 0
1643902596183 0.9677048325538635 0
1643902746658 0.6244168281555176 0
1643902897159 1.2136401236057281 0
1643903049243 0.6956063508987427 0
1643903199746 1.039903312921524 0
1643903350241 0.7641842514276505 0
1643903500737 0.8980102315545082 0
1643903651225 0.8689481914043427 0
1643903801709 0.6526305079460144 0
1643903952186 0.8864253461360931 0
1643904102671 0.8543929904699326 0
1643904253119 0.8476421982049942 0
1643904403585 1.1411246061325073 0
1643904554062 0.9734847843647003 0
1643904704548 0.7966257184743881 0
1643904855035 0.7884617000818253 0
1643905005511 0.8186207115650177 0
1643905155944 1.1089184880256653 0
1643905306393 1.1701044142246246 0
1643905456830 1.364462062716484 0
1643905607281 0.8007211685180664 0
1643905757708 0.7185933887958527 0
1643905908187 0.9788403511047363 0
1643906060268 0.8507562726736069 0
1643906210671 1.0547345280647278 0
1643906361147 1.0870996117591858 0
1643906511614 1.1674772500991821 0
1643906662072 1.248439610004425 0
1643906812534 0.7719242572784424 0
1643906962953 0.9399499744176865 0
1643907113389 0.838726282119751 0
1643907263820 0.7288178205490112 0
1643907414244 0.8782913982868195 0
1643907564651 0.8319420665502548 0
1643907715078 0.8479242324829102 0
1643907865486 1.0150562822818756 0
1643908015925 0.7838068008422852 0
1643908166385 1.0383889973163605 0
1643908316847 1.003465473651886 0
1643908467281 0.9310750514268875 0
1643908617734 0.7106830775737762 0
1643908768163 0.9353788197040558 0
1643908918600 0.5511689484119415 0
1643909070667 0.8143450245261192 0
1643909220958 1.001592069864273 0
1643909371226 0.7305870652198792 0
1643909521496 1.3552051186561584 0
1643909671751 0.8293884992599487 0
1643909822037 0.8973658978939056 0
1643909972294 1.1053499281406403 0
1643910122558 1.1854280233383179 0
1643910272802 0.8807826042175293 0
1643910423052 0.6556012481451035 0
1643910573300 1.1578266099095345 0
1643910723553 1.4037284851074219 0
1643910873765 1.1944931745529175 0
1643911024028 1.035903126001358 0
1643911174265 0.8352900743484497 0
1643911324518 1.2628977298736572 0
1643911474805 1.163213700056076 0
1643911625030 0.6832253336906433 0
1643911775268 1.156490832567215 0
1643911925527 0.6900202035903931 0
1643912077388 1.0493403375148773 0
1643912227653 0.5567266345024109 0
1643912377926 0.7569543123245239 0
1643912528164 0.9010518193244934 0
1643912678399 0.902479737997055 0
1643912828671 0.7507931292057037 0
1643912978920 0.6756073534488678 0
1643913129176 0.7745387107133865 0
1643913279451 0.9591363668441772 0
1643913429705 0.7226559519767761 0
1643913580360 0.8973522335290909 0
1643913730611 1.1800915598869324 0
1643913880841 0.6511331796646118 0
1643914031076 1.1928806006908417 0
1643914181291 0.7728682458400726 0
1643914331537 0.698393851518631 0
1643914481791 0.8967077732086182 0
1643914632056 1.0514849424362183 0
1643914782310 1.2884578704833984 0
