1642663403999 0 0
1642663410530 1 0
1642663416037 2 0
1642663421454 3 0
1642663426866 4 0
1642663432189 5 0
1642663437473 6 0
1642663443013 7 0
1642663448611 8 0
1642663454137 9 0
1642663459823 10 0
1642663465449 11 0
1642663470976 12 0
1642663476593 13 0
1642663482093 14 0
1642663487564 15 0
1642663493090 16 0
1642663498693 17 0
1642663504222 18 0
1642663509667 19 0
1642663515178 20 0
1642663521624 21 0
1642663527089 22 0
1642663532662 23 0
1642663538274 24 0
1642663543718 25 0
1642663549036 26 0
1642663554445 27 0
1642663559738 28 0
1642663565021 29 0
1642663570280 30 0
1642663575539 31 0
1642663580801 32 0
1642663586057 33 0
1642663591303 34 0
1642663596567 35 0
1642663602018 36 0
1642663607437 37 0
1642663613108 38 0
1642663618540 39 0
1642663624111 40 0
1642663630619 41 0
1642663636107 42 0
1642663641632 43 0
1642663647296 44 0
1642663652825 45 0
1642663658303 46 0
1642663663870 47 0
1642663669274 48 0
1642663674656 49 0
1642663680061 50 0
1642663685609 51 0
1642663691006 52 0
1642663696562 53 0
1642663702545 54 0
1642663707879 55 0
1642663713175 56 0
1642663718434 57 0
1642663723689 58 0
1642663728983 59 0
1642663734253 60 0
1642663740555 61 0
1642663745894 62 0
1642663751156 63 0
1642663756422 64 0
1642663761706 65 0
1642663766973 66 0
1642663772246 67 0
1642663777516 68 0
1642663782765 69 0
1642663788042 70 0
1642663793317 71 0
1642663798585 72 0
1642663803847 73 0
1642663809166 74 0
1642663814455 75 0
1642663819708 76 0
1642663824979 77 0
1642663830249 78 0
1642663835523 79 0
1642663840875 80 0
1642663847392 81 0
1642663853027 82 0
1642663858595 83 0
1642663864055 84 0
1642663869519 85 0
1642663875006 86 0
1642663880567 87 0
1642663886046 88 0
1642663891517 89 0
1642663896872 90 0
1642663902194 91 0
1642663907571 92 0
1642663912941 93 0
1642663918257 94 0
1642663923611 95 0
1642663928981 96 0
1642663934308 97 0
1642663939675 98 0
1642663945227 99 0
1642663950507 100 0
1642663956861 101 0
1642663962219 102 0
1642663967581 103 0
1642663972888 104 0
1642663978184 105 0
1642663983488 106 0
1642663988788 107 0
1642663994087 108 0
1642663999360 109 0
1642664004659 110 0
1642664010111 111 0
1642664015728 112 0
1642664021218 113 0
1642664026633 114 0
1642664032034 115 0
1642664037513 116 0
1642664042956 117 0
1642664048357 118 0
1642664053758 119 0
1642664059112 120 0
1642664065478 121 0
1642664071040 122 0
1642664076471 123 0
1642664081809 124 0
1642664087142 125 0
1642664092606 126 0
1642664098043 127 0
1642664103484 128 0
1642664108934 129 0
1642664114486 130 0
1642664120012 131 0
1642664125499 132 0
1642664130983 133 0
1642664136461 134 0
1642664141863 135 0
1642664147256 136 0
1642664152650 137 0
1642664158011 138 0
1642664163331 139 0
1642664168687 140 0
1642664175062 141 0
1642664180376 142 0
1642664185654 143 0
1642664190921 144 0
1642664196194 145 0
1642664201462 146 0
1642664206752 147 0
1642664212450 148 0
1642664218041 149 0
1642664223498 150 0
1642664228977 151 0
1642664234286 152 0
1642664239816 153 0
1642664245396 154 0
1642664250758 155 0
1642664256055 156 0
1642664261431 157 0
1642664266900 158 0
1642664272361 159 0
1642664277846 160 0
1642664284360 161 0
1642664289885 162 0
1642664295325 163 0
1642664300726 164 0
1642664306202 165 0
1642664311670 166 0
1642664317170 167 0
1642664322663 168 0
1642664328157 169 0
1642664333664 170 0
1642664339129 171 0
1642664344602 172 0
1642664350098 173 0
1642664355586 174 0
1642664361093 175 0
1642664366638 176 0
1642664372152 177 0
1642664377649 178 0
1642664383126 179 0
1642664388591 180 0
1642664395095 181 0
1642664400631 182 0
1642664406158 183 0
1642664411706 184 0
1642664417191 185 0
1642664422687 186 0
1642664428177 187 0
1642664433722 188 0
1642664439179 189 0
1642664444743 190 0
1642664450287 191 0
1642664455787 192 0
1642664461439 193 0
1642664466945 194 0
1642664472474 195 0
1642664478007 196 0
1642664483480 197 0
1642664488988 198 0
1642664494463 199 0
1642664499946 200 0
1642664506422 201 0
1642664511991 202 0
1642664517515 203 0
1642664522833 204 0
1642664528355 205 0
1642664533710 206 0
1642664539285 207 0
1642664544722 208 0
1642664550167 209 0
1642664555836 210 0
1642664561264 211 0
1642664566882 212 0
1642664572482 213 0
1642664577957 214 0
1642664583312 215 0
1642664588875 216 0
1642664594366 217 0
1642664599861 218 0
1642664605342 219 0
1642664610900 220 0
1642664617363 221 0
1642664622848 222 0
1642664628243 223 0
1642664633676 224 0
1642664639162 225 0
1642664644641 226 0
1642664650160 227 0
1642664655627 228 0
1642664660968 229 0
1642664666559 230 0
1642664672104 231 0
1642664677641 232 0
1642664683140 233 0
1642664688642 234 0
1642664694143 235 0
1642664699539 236 0
1642664704899 237 0
1642664710264 238 0
1642664715659 239 0
1642664721061 240 0
1642664727309 241 0
1642664732597 242 0
1642664737964 243 0
1642664743557 244 0
1642664749055 245 0
1642664754668 246 0
1642664760189 247 0
1642664765711 248 0
1642664771213 249 0
1642664776893 250 0
1642664782450 251 0
1642664788015 252 0
1642664793726 253 0
1642664799236 254 0
1642664804559 255 0
1642664810004 256 0
1642664815379 257 0
1642664820836 258 0
1642664826234 259 0
1642664831628 260 0
1642664838321 261 0
1642664844110 262 0
1642664849742 263 0
1642664855244 264 0
1642664860668 265 0
1642664866337 266 0
1642664871960 267 0
1642664877474 268 0
1642664883078 269 0
1642664888434 270 0
1642664893703 271 0
1642664898976 272 0
1642664904428 273 0
1642664909863 274 0
1642664915136 275 0
1642664920428 276 0
1642664925765 277 0
1642664931220 278 0
1642664936931 279 0
1642664942425 280 0
1642664948910 281 0
1642664954405 282 0
1642664960142 283 0
1642664965584 284 0
1642664971060 285 0
1642664976720 286 0
1642664982188 287 0
1642664987726 288 0
1642664993205 289 0
1642664998704 290 0
1642665004316 291 0
1642665009774 292 0
1642665015215 293 0
1642665020804 294 0
1642665026258 295 0
1642665031720 296 0
1642665037231 297 0
1642665042807 298 0
1642665048313 299 0
1642665053884 300 0
1642665060245 301 0
1642665065777 302 0
1642665071181 303 0
1642665076592 304 0
1642665082107 305 0
1642665087364 306 0
1642665092627 307 0
1642665097903 308 0
1642665103167 309 0
1642665108441 310 0
1642665113707 311 0
1642665118972 312 0
1642665124241 313 0
1642665129515 314 0
1642665134786 315 0
1642665140035 316 0
1642665145307 317 0
1642665150562 318 0
1642665155820 319 0
1642665161080 320 0
1642665167555 321 0
1642665172880 322 0
1642665178181 323 0
1642665183473 324 0
1642665188749 325 0
1642665194047 326 0
1642665199327 327 0
1642665204586 328 0
1642665209847 329 0
1642665215121 330 0
1642665220385 331 0
1642665225650 332 0
1642665230939 333 0
1642665236225 334 0
1642665241516 335 0
1642665246803 336 0
1642665252091 337 0
1642665257367 338 0
1642665262651 339 0
1642665267936 340 0
1642665274219 341 0
1642665279558 342 0
1642665284842 343 0
1642665290128 344 0
1642665295424 345 0
1642665300707 346 0
1642665305991 347 0
1642665311259 348 0
1642665316541 349 0
1642665321859 350 0
1642665327139 351 0
1642665332423 352 0
1642665337706 353 0
1642665342981 354 0
1642665348276 355 0
1642665353535 356 0
1642665358801 357 0
1642665364071 358 0
1642665369336 359 0
1642665374595 360 0
1642665380876 361 0
1642665386192 362 0
1642665391458 363 0
1642665396789 364 0
1642665402065 365 0
1642665407345 366 0
1642665412626 367 0
1642665417898 368 0
1642665423188 369 0
1642665428468 370 0
1642665433733 371 0
1642665438986 372 0
1642665444271 373 0
1642665449534 374 0
1642665454784 375 0
1642665460058 376 0
1642665465367 377 0
1642665470656 378 0
1642665475946 379 0
1642665481237 380 0
1642665487523 381 0
1642665492879 382 0
1642665498167 383 0
1642665503456 384 0
1642665508730 385 0
1642665514012 386 0
1642665519299 387 0
1642665524576 388 0
1642665529863 389 0
1642665535143 390 0
1642665540418 391 0
1642665545707 392 0
1642665551283 393 0
1642665556796 394 0
1642665562077 395 0
1642665567574 396 0
1642665572954 397 0
1642665578234 398 0
1642665583520 399 0
1642665588795 400 0
1642665595066 401 0
1642665600376 402 0
1642665605647 403 0
1642665610915 404 0
1642665616193 405 0
1642665621462 406 0
1642665626750 407 0
1642665632012 408 0
1642665637274 409 0
1642665642525 410 0
1642665647786 411 0
1642665653053 412 0
1642665658314 413 0
1642665663584 414 0
1642665668844 415 0
1642665674112 416 0
1642665679357 417 0
1642665684617 418 0
1642665689884 419 0
1642665695129 420 0
1642665701666 421 0
1642665706993 422 0
1642665712280 423 0
1642665717545 424 0
1642665722828 425 0
1642665728102 426 0
1642665733378 427 0
1642665738650 428 0
1642665743919 429 0
1642665749185 430 0
1642665754449 431 0
1642665759720 432 0
1642665764993 433 0
1642665770254 434 0
1642665775532 435 0
1642665780803 436 0
1642665786073 437 0
1642665791326 438 0
1642665796599 439 0
1642665801862 440 0
1642665808114 441 0
1642665813453 442 0
1642665818738 443 0
1642665824014 444 0
1642665829289 445 0
1642665834567 446 0
1642665839991 447 0
1642665845285 448 0
1642665850558 449 0
1642665855831 450 0
1642665861095 451 0
1642665866360 452 0
1642665871658 453 0
1642665876926 454 0
1642665882205 455 0
1642665887490 456 0
1642665892758 457 0
1642665898041 458 0
1642665903310 459 0
1642665908584 460 0
1642665914851 461 0
1642665920175 462 0
1642665925451 463 0
1642665930733 464 0
1642665935999 465 0
1642665941286 466 0
1642665946566 467 0
1642665951830 468 0
1642665957108 469 0
1642665962393 470 0
1642665967675 471 0
1642665972941 472 0
1642665978204 473 0
1642665983484 474 0
1642665988751 475 0
1642665994024 476 0
1642665999299 477 0
1642666004565 478 0
1642666009827 479 0
1642666015106 480 0
1642666021367 481 0
1642666026681 482 0
1642666031957 483 0
1642666037235 484 0
1642666042547 485 0
1642666047829 486 0
1642666053097 487 0
1642666058376 488 0
1642666063642 489 0
1642666068919 490 0
1642666074188 491 0
1642666079492 492 0
1642666084774 493 0
1642666090054 494 0
1642666095313 495 0
1642666100578 496 0
1642666105850 497 0
1642666111114 498 0
1642666116386 499 0
1642666121648 500 0
1642666127905 501 0
1642666133227 502 0
1642666138506 503 0
1642666143779 504 0
1642666149059 505 0
1642666154344 506 0
1642666159624 507 0
1642666164896 508 0
1642666170163 509 0
1642666175430 510 0
1642666180703 511 0
1642666185976 512 0
1642666191257 513 0
1642666196532 514 0
1642666201811 515 0
1642666207084 516 0
1642666212357 517 0
1642666217630 518 0
1642666222910 519 0
1642666228174 520 0
1642666234430 521 0
1642666239716 522 0
1642666244963 523 0
1642666250205 524 0
1642666255451 525 0
1642666260714 526 0
1642666265959 527 0
1642666271225 528 0
1642666276462 529 0
1642666281695 530 0
1642666286954 531 0
1642666292199 532 0
1642666297450 533 0
1642666302694 534 0
1642666307960 535 0
1642666313235 536 0
1642666318507 537 0
1642666323767 538 0
1642666329043 539 0
1642666334288 540 0
1642666340899 541 0
1642666346182 542 0
1642666351418 543 0
1642666356679 544 0
1642666361940 545 0
1642666367192 546 0
1642666372449 547 0
1642666377689 548 0
1642666382954 549 0
1642666388185 550 0
1642666393438 551 0
1642666398687 552 0
1642666403934 553 0
1642666409182 554 0
1642666414434 555 0
1642666419681 556 0
1642666424942 557 0
1642666430178 558 0
1642666435440 559 0
1642666440694 560 0
1642666446928 561 0
1642666452224 562 0
1642666457476 563 0
1642666462741 564 0
1642666467988 565 0
1642666473238 566 0
1642666478498 567 0
1642666483753 568 0
1642666489022 569 0
1642666494291 570 0
1642666499561 571 0
1642666504835 572 0
1642666510102 573 0
1642666515369 574 0
1642666520637 575 0
1642666525906 576 0
1642666531170 577 0
1642666536432 578 0
1642666541703 579 0
1642666546979 580 0
1642666553224 581 0
1642666558538 582 0
1642666563822 583 0
1642666569112 584 0
1642666574377 585 0
1642666579653 586 0
1642666584925 587 0
1642666590198 588 0
1642666595474 589 0
1642666600755 590 0
1642666606031 591 0
1642666611304 592 0
1642666616596 593 0
1642666621894 594 0
1642666627180 595 0
1642666632453 596 0
1642666637729 597 0
1642666643016 598 0
1642666648279 599 0
1642666653545 600 0
1642666659809 601 0
1642666665132 602 0
1642666670407 603 0
1642666675689 604 0
1642666680991 605 0
1642666686464 606 0
1642666691942 607 0
1642666697347 608 0
1642666702781 609 0
1642666708281 610 0
1642666713599 611 0
1642666718891 612 0
1642666724187 613 0
1642666729474 614 0
1642666734715 615 0
1642666739996 616 0
1642666745273 617 0
1642666750552 618 0
1642666755811 619 0
1642666761075 620 0
1642666767320 621 0
1642666772620 622 0
1642666777903 623 0
1642666783166 624 0
1642666788408 625 0
1642666793673 626 0
1642666798946 627 0
1642666804210 628 0
1642666809488 629 0
1642666814739 630 0
1642666819993 631 0
1642666825236 632 0
1642666830484 633 0
1642666835752 634 0
1642666841004 635 0
1642666846247 636 0
1642666851511 637 0
1642666856771 638 0
1642666862026 639 0
1642666867299 640 0
1642666873532 641 0
1642666878847 642 0
1642666884106 643 0
1642666889370 644 0
1642666894631 645 0
1642666899886 646 0
1642666905155 647 0
1642666910419 648 0
1642666915687 649 0
1642666920955 650 0
1642666926212 651 0
1642666931490 652 0
1642666936753 653 0
1642666942017 654 0
1642666947264 655 0
1642666952589 656 0
1642666957839 657 0
1642666963114 658 0
1642666968372 659 0
1642666973632 660 0
1642666979883 661 0
1642666985197 662 0
1642666990463 663 0
1642666995739 664 0
1642667001003 665 0
1642667006282 666 0
1642667011555 667 0
1642667016835 668 0
1642667022102 669 0
1642667027405 670 0
1642667032701 671 0
1642667038013 672 0
1642667043315 673 0
1642667048605 674 0
1642667053890 675 0
1642667059182 676 0
1642667064458 677 0
1642667069745 678 0
1642667075034 679 0
1642667080327 680 0
1642667086619 681 0
1642667091940 682 0
1642667097237 683 0
1642667102535 684 0
1642667107826 685 0
1642667113125 686 0
1642667118418 687 0
1642667123703 688 0
1642667128996 689 0
1642667134280 690 0
1642667139571 691 0
1642667144874 692 0
1642667150175 693 0
1642667155469 694 0
1642667160769 695 0
1642667166075 696 0
1642667171379 697 0
1642667176675 698 0
1642667181979 699 0
1642667187273 700 0
1642667194028 701 0
1642667199355 702 0
1642667204643 703 0
1642667209933 704 0
1642667215216 705 0
1642667220509 706 0
1642667225801 707 0
1642667231087 708 0
1642667236360 709 0
1642667241649 710 0
1642667246933 711 0
1642667252216 712 0
1642667257506 713 0
1642667262782 714 0
1642667268077 715 0
1642667273365 716 0
1642667278644 717 0
1642667283943 718 0
1642667289229 719 0
1642667294508 720 0
1642667300761 721 0
1642667306079 722 0
1642667311367 723 0
1642667316657 724 0
1642667321932 725 0
1642667327218 726 0
1642667332494 727 0
1642667337767 728 0
1642667343050 729 0
1642667348331 730 0
1642667353599 731 0
1642667358871 732 0
1642667364142 733 0
1642667369422 734 0
1642667374696 735 0
1642667379975 736 0
1642667385262 737 0
1642667390544 738 0
1642667395825 739 0
1642667401115 740 0
1642667407382 741 0
1642667412735 742 0
1642667418046 743 0
1642667423359 744 0
1642667428658 745 0
1642667433948 746 0
1642667439226 747 0
1642667444511 748 0
1642667449825 749 0
1642667455125 750 0
1642667460435 751 0
1642667465736 752 0
1642667471041 753 0
1642667476337 754 0
1642667481645 755 0
1642667486945 756 0
1642667492249 757 0
1642667497553 758 0
1642667502858 759 0
1642667508173 760 0
1642667514446 761 0
1642667519794 762 0
1642667525087 763 0
1642667530391 764 0
1642667535684 765 0
1642667540985 766 0
1642667546280 767 0
1642667551581 768 0
1642667556879 769 0
1642667562174 770 0
1642667567472 771 0
1642667572774 772 0
1642667578078 773 0
1642667583379 774 0
1642667588680 775 0
1642667593976 776 0
1642667599274 777 0
1642667604602 778 0
1642667609897 779 0
1642667615202 780 0
1642667621492 781 0
1642667626812 782 0
1642667632093 783 0
1642667637466 784 0
1642667642785 785 0
1642667648071 786 0
1642667653345 787 0
1642667658619 788 0
1642667663898 789 0
1642667669175 790 0
1642667674449 791 0
1642667679723 792 0
1642667684996 793 0
1642667690269 794 0
1642667695539 795 0
1642667700807 796 0
1642667706082 797 0
1642667711351 798 0
1642667716616 799 0
1642667721888 800 0
1642667728147 801 0
1642667733460 802 0
1642667738729 803 0
1642667744009 804 0
1642667749286 805 0
1642667754568 806 0
1642667759854 807 0
1642667765120 808 0
1642667770403 809 0
1642667775675 810 0
1642667780954 811 0
1642667786237 812 0
1642667791513 813 0
1642667796798 814 0
1642667802079 815 0
1642667807356 816 0
1642667812643 817 0
1642667817916 818 0
1642667823207 819 0
1642667828494 820 0
1642667834758 821 0
1642667840250 822 0
1642667845761 823 0
1642667851184 824 0
1642667856590 825 0
1642667862004 826 0
1642667867429 827 0
1642667872992 828 0
1642667878453 829 0
1642667883903 830 0
1642667889255 831 0
1642667894734 832 0
1642667900174 833 0
1642667905459 834 0
1642667910735 835 0
1642667916021 836 0
1642667921306 837 0
1642667926590 838 0
1642667931874 839 0
1642667937164 840 0
1642667943443 841 0
1642667948808 842 0
1642667954109 843 0
1642667959403 844 0
1642667964697 845 0
1642667969986 846 0
