1642663404016 6.714267730712891 0
1642663410543 3.5243382453918457 0
1642663416050 3.7626161575317383 0
1642663421468 3.477865695953369 0
1642663426879 3.111300230026245 0
1642663432201 2.501377820968628 0
1642663437486 2.809091567993164 0
1642663443027 2.4003984928131104 0
1642663448627 2.3040072917938232 0
1642663454150 2.4719808101654053 0
1642663459839 3.2571568489074707 0
1642663465462 3.7532200813293457 0
1642663470988 2.250399112701416 0
1642663476606 2.9290950298309326 0
1642663482106 1.7013038396835327 0
1642663487578 1.9408499002456665 0
1642663493104 2.4076249599456787 0
1642663498708 2.520758628845215 0
1642663504235 3.296937942504883 0
1642663509681 2.134972095489502 0
1642663515191 3.765702724456787 0
1642663521638 3.8009307384490967 0
1642663527103 2.492650270462036 0
1642663532675 3.734060525894165 0
1642663538287 7.005527496337891 0
1642663543734 3.549221992492676 0
1642663549051 2.6025195121765137 0
1642663554453 3.5321829319000244 0
1642663559754 4.514177322387695 0
1642663565021 4.567286491394043 0
1642663570296 3.1285784244537354 0
1642663575545 3.4414710998535156 0
1642663580814 1.7059077024459839 0
1642663586072 2.6679911613464355 0
1642663591318 3.853846788406372 0
1642663596581 3.0854251384735107 0
1642663602031 3.3095335960388184 0
1642663607451 2.566148281097412 0
1642663613122 2.8447821140289307 0
1642663618552 2.9960708618164062 0
1642663624111 4.645281791687012 0
1642663630639 2.660886287689209 0
1642663636120 2.966259479522705 0
1642663641648 3.373551845550537 0
1642663647311 3.125034809112549 0
1642663652839 4.423722267150879 0
1642663658317 3.006216526031494 0
1642663663885 2.3465399742126465 0
1642663669287 4.507681369781494 0
1642663674669 2.861250877380371 0
1642663680073 2.696868896484375 0
1642663685621 2.757951021194458 0
1642663691019 2.6907010078430176 0
1642663696575 2.799246072769165 0
1642663702558 2.886119842529297 0
1642663707892 2.7606911659240723 0
1642663713187 3.0037851333618164 0
1642663718447 2.043189525604248 0
1642663723702 1.7461295127868652 0
1642663728996 2.7084195613861084 0
1642663734266 3.1693854331970215 0
1642663740568 3.5535898208618164 0
1642663745907 3.7008566856384277 0
1642663751169 3.0254087448120117 0
1642663756435 2.8922600746154785 0
1642663761719 4.134799480438232 0
1642663766986 2.9646010398864746 0
1642663772259 1.638054370880127 0
1642663777529 2.5613675117492676 0
1642663782777 2.9824578762054443 0
1642663788055 2.0217442512512207 0
1642663793330 6.650417327880859 0
1642663798598 2.297825336456299 0
1642663803860 3.1215476989746094 0
1642663809179 2.79152774810791 0
1642663814468 1.988668441772461 0
1642663819721 2.2910423278808594 0
1642663824992 1.9828412532806396 0
1642663830262 3.559485912322998 0
1642663835523 3.925711154937744 0
1642663840889 2.6313564777374268 0
1642663847404 2.005728006362915 0
1642663853040 2.5824966430664062 0
1642663858608 2.407578468322754 0
1642663864068 4.510016441345215 0
1642663869533 3.001601219177246 0
1642663875020 2.2317166328430176 0
1642663880580 2.7603721618652344 0
1642663886060 2.0888662338256836 0
1642663891530 1.9032394886016846 0
1642663896885 2.035797119140625 0
1642663902207 2.6296629905700684 0
1642663907584 1.9586706161499023 0
1642663912954 2.7557177543640137 0
1642663918270 2.4002037048339844 0
1642663923623 3.691897392272949 0
1642663928994 2.368098735809326 0
1642663934321 2.8437397480010986 0
1642663939688 2.448547124862671 0
1642663945240 3.2411301136016846 0
1642663950520 2.8244194984436035 0
1642663956874 2.559349775314331 0
1642663962232 2.193716287612915 0
1642663967594 3.209502935409546 0
1642663972901 2.1395115852355957 0
1642663978197 2.7793021202087402 0
1642663983501 2.1567389965057373 0
1642663988801 4.035219192504883 0
1642663994100 3.368834972381592 0
1642663999373 3.277651071548462 0
1642664004672 2.3384251594543457 0
1642664010124 3.2153944969177246 0
1642664015741 2.53086519241333 0
1642664021231 2.412322998046875 0
1642664026646 4.826331615447998 0
1642664032047 2.6183371543884277 0
1642664037526 1.5629453659057617 0
1642664042969 1.4563292264938354 0
1642664048370 1.8108294010162354 0
1642664053772 2.9384360313415527 0
1642664059124 2.156240463256836 0
1642664065491 2.017557144165039 0
1642664071054 2.1820719242095947 0
1642664076484 2.9631900787353516 0
1642664081822 5.561973571777344 0
1642664087155 3.0094099044799805 0
1642664092619 4.111489772796631 0
1642664098057 2.376253843307495 0
1642664103497 2.151405096054077 0
1642664108947 2.1037096977233887 0
1642664114499 1.9784222841262817 0
1642664120025 2.354800224304199 0
1642664125511 2.2849104404449463 0
1642664130996 1.9924248456954956 0
1642664136475 1.7674803733825684 0
1642664141875 2.3021974563598633 0
1642664147269 2.1212961673736572 0
1642664152663 2.501479387283325 0
1642664158024 1.5768181085586548 0
1642664163344 2.4023642539978027 0
1642664168700 1.910674810409546 0
1642664175075 1.5519822835922241 0
1642664180388 3.1637654304504395 0
1642664185667 3.5674831867218018 0
1642664190934 1.8463176488876343 0
1642664196207 2.6185622215270996 0
1642664201475 2.2317941188812256 0
1642664206765 2.3542680740356445 0
1642664212464 2.0919952392578125 0
1642664218054 1.5127116441726685 0
1642664223511 2.6745223999023438 0
1642664228990 2.049365758895874 0
1642664234299 2.2334115505218506 0
1642664239830 2.3028793334960938 0
1642664245409 1.0310075283050537 0
1642664250771 2.3062069416046143 0
1642664256068 2.0138144493103027 0
1642664261444 2.211915969848633 0
1642664266913 2.746276378631592 0
1642664272374 1.9712083339691162 0
1642664277859 2.209685802459717 0
1642664284378 2.2158265113830566 0
1642664289898 2.369814395904541 0
1642664295337 2.8463902473449707 0
1642664300740 2.11435866355896 0
1642664306216 1.8258839845657349 0
1642664311683 2.6556038856506348 0
1642664317184 2.460724353790283 0
1642664322676 2.242954730987549 0
1642664328171 1.9295473098754883 0
1642664333678 1.9291136264801025 0
1642664339142 1.7699308395385742 0
1642664344615 2.1307191848754883 0
1642664350112 1.7002975940704346 0
1642664355599 2.3519983291625977 0
1642664361107 2.658040761947632 0
1642664366651 1.6398943662643433 0
1642664372166 2.847033977508545 0
1642664377662 1.562842845916748 0
1642664383139 1.5923749208450317 0
1642664388604 1.6177480220794678 0
1642664395111 1.6328966617584229 0
1642664400645 1.7512526512145996 0
1642664406172 2.339099884033203 0
1642664411720 2.050995349884033 0
1642664417204 2.9969778060913086 0
1642664422700 1.9733691215515137 0
1642664428190 2.1756293773651123 0
1642664433735 1.9664664268493652 0
1642664439195 2.0390360355377197 0
1642664444757 1.526941180229187 0
1642664450299 2.7470085620880127 0
1642664455800 2.1723668575286865 0
1642664461452 1.8655474185943604 0
1642664466958 2.0500712394714355 0
1642664472487 2.5018630027770996 0
1642664478022 1.7636610269546509 0
1642664483493 1.5998798608779907 0
1642664489001 2.584260940551758 0
1642664494477 2.1517436504364014 0
1642664499959 2.480808973312378 0
1642664506435 1.4957563877105713 0
1642664512004 2.4204206466674805 0
1642664517528 2.3927552700042725 0
1642664522846 1.6647839546203613 0
1642664528368 1.9158077239990234 0
1642664533724 2.8353638648986816 0
1642664539298 2.2620699405670166 0
1642664544734 1.5121421813964844 0
1642664550180 2.396495819091797 0
1642664555849 2.6013236045837402 0
1642664561277 2.059100866317749 0
1642664566895 2.338637351989746 0
1642664572495 2.402815818786621 0
1642664577970 2.1939032077789307 0
1642664583325 2.971590757369995 0
1642664588888 2.2531113624572754 0
1642664594379 1.7076940536499023 0
1642664599875 1.2862075567245483 0
1642664605355 1.8931041955947876 0
1642664610913 2.297773838043213 0
1642664617377 1.5560004711151123 0
1642664622860 3.1287777423858643 0
1642664628256 2.7826156616210938 0
1642664633689 1.6164627075195312 0
1642664639175 2.0129830837249756 0
1642664644654 2.423591136932373 0
1642664650173 2.2179839611053467 0
1642664655640 1.9718499183654785 0
1642664660981 1.13265860080719 0
1642664666572 1.3784236907958984 0
1642664672117 1.7313157320022583 0
1642664677654 2.6201179027557373 0
1642664683153 2.040501594543457 0
1642664688655 2.1134629249572754 0
1642664694155 2.5949907302856445 0
1642664699555 2.0688703060150146 0
1642664704914 1.890620470046997 0
1642664710279 1.8887455463409424 0
1642664715675 2.4110724925994873 0
1642664721069 2.0832183361053467 0
1642664727327 1.9811928272247314 0
1642664732613 1.591020941734314 0
1642664737976 2.3037073612213135 0
1642664743570 1.384676218032837 0
1642664749072 2.708618402481079 0
1642664754681 2.484713554382324 0
1642664760202 1.5385676622390747 0
1642664765725 1.8964674472808838 0
1642664771230 1.4321602582931519 0
1642664776907 1.6826848983764648 0
1642664782464 2.272684335708618 0
1642664788028 1.4135451316833496 0
1642664793738 2.2042148113250732 0
1642664799249 1.4338005781173706 0
1642664804572 1.4969661235809326 0
1642664810017 2.3757283687591553 0
1642664815392 1.988269567489624 0
1642664820849 1.3178080320358276 0
1642664826247 2.199737310409546 0
1642664831642 2.0492539405822754 0
1642664838334 2.419891357421875 0
1642664844124 1.480264663696289 0
1642664849755 2.516017198562622 0
1642664855258 2.6002068519592285 0
1642664860681 1.6056158542633057 0
1642664866351 2.4505434036254883 0
1642664871973 1.6710668802261353 0
1642664877487 1.5072624683380127 0
1642664883091 1.8944168090820312 0
1642664888446 2.1232080459594727 0
1642664893716 1.7898869514465332 0
1642664898989 1.9990558624267578 0
1642664904441 2.0793232917785645 0
1642664909876 1.8918122053146362 0
1642664915149 1.8833444118499756 0
1642664920441 1.628986120223999 0
1642664925777 2.3344016075134277 0
1642664931233 2.888535499572754 0
1642664936945 1.0609019994735718 0
1642664942438 1.2267966270446777 0
1642664948923 1.4561433792114258 0
1642664954418 1.3417695760726929 0
1642664960157 1.2577177286148071 0
1642664965597 2.1959385871887207 0
1642664971073 1.3159233331680298 0
1642664976733 2.140897035598755 0
1642664982201 1.0845352411270142 0
1642664987739 1.8358559608459473 0
1642664993218 2.6590237617492676 0
1642664998717 2.5257906913757324 0
1642665004330 1.3890396356582642 0
1642665009787 1.6975350379943848 0
1642665015228 2.2820448875427246 0
1642665020817 2.241711139678955 0
1642665026272 1.515488624572754 0
1642665031733 2.1456832885742188 0
1642665037244 2.198223352432251 0
1642665042820 1.2396727800369263 0
1642665048326 1.196424126625061 0
1642665053897 1.8297767639160156 0
1642665060263 1.934701681137085 0
1642665065790 1.7268331050872803 0
1642665071181 2.3781843185424805 0
1642665076605 2.6191353797912598 0
1642665082107 1.2314237356185913 0
1642665087380 2.0904541015625 0
1642665092644 1.8000612258911133 0
1642665097919 1.1755932569503784 0
1642665103183 1.9153887033462524 0
1642665108463 1.7450499534606934 0
1642665113722 2.439833164215088 0
1642665118979 1.9047911167144775 0
1642665124257 1.285901665687561 0
1642665129531 1.7222414016723633 0
1642665134802 1.411507248878479 0
1642665140051 1.1383699178695679 0
1642665145319 1.559440016746521 0
1642665150578 2.08432674407959 0
1642665155836 1.7895759344100952 0
1642665161095 1.3805670738220215 0
1642665167575 1.6612670421600342 0
1642665172886 2.317199230194092 0
1642665178186 1.6871006488800049 0
1642665183486 2.058682918548584 0
1642665188775 1.1232651472091675 0
1642665194047 1.7713035345077515 0
1642665199327 1.5514209270477295 0
1642665204607 1.4721757173538208 0
1642665209862 1.6297178268432617 0
1642665215138 1.7975653409957886 0
1642665220385 1.2572532892227173 0
1642665225663 1.8533122539520264 0
1642665230951 1.6581246852874756 0
1642665236238 2.103052854537964 0
1642665241529 0.9455752372741699 0
1642665246816 1.1971421241760254 0
1642665252103 1.7329126596450806 0
1642665257379 2.0939600467681885 0
1642665262664 1.1355422735214233 0
1642665267949 1.2936269044876099 0
1642665274232 1.984668493270874 0
1642665279571 1.2265207767486572 0
1642665284854 1.9531620740890503 0
1642665290141 1.6967172622680664 0
1642665295437 2.400902032852173 0
1642665300720 1.013983964920044 0
1642665306004 1.6291158199310303 0
1642665311272 1.5108119249343872 0
1642665316554 1.3405678272247314 0
1642665321872 1.4932713508605957 0
1642665327151 2.0771102905273438 0
1642665332436 1.6087620258331299 0
1642665337719 1.3503162860870361 0
1642665342981 1.434982419013977 0
1642665348299 1.7680959701538086 0
1642665353551 1.545096516609192 0
1642665358816 1.2349395751953125 0
1642665364071 2.1126694679260254 0
1642665369352 1.8162033557891846 0
1642665374610 1.320016622543335 0
1642665380888 1.3434393405914307 0
1642665386208 1.6572318077087402 0
1642665391474 1.5081108808517456 0
1642665396789 1.4330389499664307 0
1642665402070 2.223654270172119 0
1642665407360 1.4178135395050049 0
1642665412643 2.351794719696045 0
1642665417914 1.6347039937973022 0
1642665423203 1.2987257242202759 0
1642665428468 1.934190273284912 0
1642665433749 1.4093985557556152 0
1642665439002 1.5145394802093506 0
1642665444271 1.2752991914749146 0
1642665449548 1.6801044940948486 0
1642665454806 1.2788970470428467 0
1642665460073 1.1016347408294678 0
1642665465381 1.2048231363296509 0
1642665470670 2.0752265453338623 0
1642665475959 1.772870421409607 0
1642665481249 1.8416619300842285 0
1642665487536 2.3305563926696777 0
1642665492892 1.8750076293945312 0
1642665498180 1.72176194190979 0
1642665503469 1.9455586671829224 0
1642665508743 1.9456614255905151 0
1642665514025 1.5139614343643188 0
1642665519312 1.0224804878234863 0
1642665524589 1.9499434232711792 0
1642665529876 1.1437426805496216 0
1642665535156 1.9040476083755493 0
1642665540431 1.444448471069336 0
1642665545720 1.3340697288513184 0
1642665551297 1.3377701044082642 0
1642665556807 1.4345734119415283 0
1642665562090 2.155792474746704 0
1642665567587 1.579326868057251 0
1642665572967 2.253070592880249 0
1642665578247 2.3278234004974365 0
1642665583533 1.705155372619629 0
1642665588807 1.2852131128311157 0
1642665595079 2.538175106048584 0
1642665600389 1.6127270460128784 0
1642665605660 1.5540239810943604 0
1642665610928 1.7340810298919678 0
1642665616205 1.6419380903244019 0
1642665621475 1.4646668434143066 0
1642665626763 1.883530855178833 0
1642665632028 2.273158073425293 0
1642665637289 1.069932222366333 0
1642665642541 1.0037966966629028 0
1642665647801 1.269209384918213 0
1642665653068 1.4531738758087158 0
1642665658329 1.1280428171157837 0
1642665663600 1.7920973300933838 0
1642665668860 1.664871096611023 0
1642665674127 2.175097703933716 0
1642665679372 2.5566840171813965 0
1642665684633 1.590808629989624 0
1642665689900 1.4300222396850586 0
1642665695144 1.3774709701538086 0
1642665701686 1.8109216690063477 0
1642665707006 1.8218135833740234 0
1642665712293 2.230451822280884 0
1642665717558 1.1645760536193848 0
1642665722841 1.95723557472229 0
1642665728115 1.0327427387237549 0
1642665733391 2.196864128112793 0
1642665738663 1.7653536796569824 0
1642665743932 1.737023115158081 0
1642665749198 1.5255104303359985 0
1642665754462 1.8097959756851196 0
1642665759734 1.2053022384643555 0
1642665765006 1.5985956192016602 0
1642665770267 2.1047093868255615 0
1642665775545 1.1884249448776245 0
1642665780816 1.166657567024231 0
1642665786086 1.008412480354309 0
1642665791339 0.9911634922027588 0
1642665796612 1.9369823932647705 0
1642665801875 1.5394819974899292 0
1642665808127 1.4005333185195923 0
1642665813467 1.9831223487854004 0
1642665818751 1.6321821212768555 0
1642665824027 1.1539283990859985 0
1642665829302 0.9214111566543579 0
1642665834580 1.2958754301071167 0
1642665840004 1.598132610321045 0
1642665845298 1.8117655515670776 0
1642665850570 1.511978030204773 0
1642665855844 1.078661322593689 0
1642665861108 1.2048285007476807 0
1642665866373 1.906134009361267 0
1642665871671 2.0105931758880615 0
1642665876939 1.0211272239685059 0
1642665882218 1.5576623678207397 0
1642665887503 1.498410701751709 0
1642665892771 1.2757031917572021 0
1642665898054 1.4787347316741943 0
1642665903323 2.0266358852386475 0
1642665908597 1.5534995794296265 0
1642665914864 1.1715426445007324 0
1642665920188 1.2077065706253052 0
1642665925464 1.3007028102874756 0
1642665930745 1.4193661212921143 0
1642665936012 1.8402655124664307 0
1642665941299 2.195598840713501 0
1642665946579 2.129547119140625 0
1642665951843 1.8552513122558594 0
1642665957121 1.1840214729309082 0
1642665962406 1.109394907951355 0
1642665967688 1.245546817779541 0
1642665972954 1.449752926826477 0
1642665978217 1.2065486907958984 0
1642665983497 1.939529299736023 0
1642665988764 1.735566258430481 0
1642665994037 1.300652027130127 0
1642665999312 1.1708836555480957 0
1642666004578 1.0857034921646118 0
1642666009840 1.4970009326934814 0
1642666015119 0.9825066328048706 0
1642666021380 1.4114141464233398 0
1642666026694 2.035276174545288 0
1642666031969 0.9679132103919983 0
1642666037248 1.2418584823608398 0
1642666042560 0.9855104684829712 0
1642666047842 1.2837560176849365 0
1642666053110 1.385731816291809 0
1642666058389 1.3512052297592163 0
1642666063655 1.5431952476501465 0
1642666068932 1.733298420906067 0
1642666074201 1.693722128868103 0
1642666079505 1.5945570468902588 0
1642666084787 1.0211594104766846 0
1642666090067 1.7267072200775146 0
1642666095326 1.2942736148834229 0
1642666100591 1.4308371543884277 0
1642666105862 1.4353055953979492 0
1642666111127 1.5583784580230713 0
1642666116399 1.3705055713653564 0
1642666121661 1.486514925956726 0
1642666127919 1.8149778842926025 0
1642666133240 1.0678818225860596 0
1642666138519 1.2998695373535156 0
1642666143792 2.240116834640503 0
1642666149072 1.4745169878005981 0
1642666154357 1.0097100734710693 0
1642666159637 2.263612747192383 0
1642666164909 1.8073816299438477 0
1642666170176 1.540014624595642 0
1642666175443 1.3586944341659546 0
1642666180715 1.5016624927520752 0
1642666185989 1.1550724506378174 0
1642666191270 1.9663283824920654 0
1642666196545 1.0341272354125977 0
1642666201824 1.8367815017700195 0
1642666207097 1.6631088256835938 0
1642666212371 1.0740389823913574 0
1642666217643 1.3065221309661865 0
1642666222923 1.9349429607391357 0
1642666228187 0.9817544221878052 0
1642666234440 1.2235270738601685 0
1642666239722 1.3219239711761475 0
1642666244979 1.5969274044036865 0
1642666250221 1.4257584810256958 0
1642666255467 1.5546185970306396 0
1642666260729 1.8681515455245972 0
1642666265975 1.3661068677902222 0
1642666271225 1.2484287023544312 0
1642666276470 1.7690775394439697 0
1642666281710 1.2623060941696167 0
1642666286954 1.5647313594818115 0
1642666292199 0.9217900037765503 0
1642666297450 1.0054333209991455 0
1642666302709 1.0361742973327637 0
1642666307976 1.2090544700622559 0
1642666313251 1.203343391418457 0
1642666318523 2.0246944427490234 0
1642666323783 0.924788236618042 0
1642666329043 1.6221182346343994 0
1642666334303 1.8482290506362915 0
1642666340911 1.626767873764038 0
1642666346198 1.8504667282104492 0
1642666351434 1.5209366083145142 0
1642666356695 2.2133371829986572 0
1642666361947 1.5502781867980957 0
1642666367207 1.8072909116744995 0
1642666372459 1.370833396911621 0
1642666377705 0.9107863306999207 0
1642666382961 1.0415139198303223 0
1642666388207 1.9472451210021973 0
1642666393453 0.9295284152030945 0
1642666398703 1.1363506317138672 0
1642666403942 1.1935195922851562 0
1642666409188 2.1512765884399414 0
1642666414434 1.6865099668502808 0
1642666419681 1.837001919746399 0
1642666424948 1.5894572734832764 0
1642666430193 1.0815157890319824 0
1642666435440 1.2503350973129272 0
1642666440709 1.4344185590744019 0
1642666446938 1.5486193895339966 0
1642666452239 2.2189528942108154 0
1642666457491 1.0907796621322632 0
1642666462741 1.5624117851257324 0
1642666468004 1.2731168270111084 0
1642666473254 1.0418940782546997 0
1642666478514 1.4322853088378906 0
1642666483759 1.4243786334991455 0
1642666489035 1.4397733211517334 0
1642666494304 0.6748341917991638 0
1642666499574 2.3664634227752686 0
1642666504848 1.3928849697113037 0
1642666510115 1.6133768558502197 0
1642666515382 1.380807876586914 0
1642666520650 1.3188587427139282 0
1642666525919 1.9070243835449219 0
1642666531183 1.016011357307434 0
1642666536445 1.8386051654815674 0
1642666541716 1.2220488786697388 0
1642666546992 2.2325446605682373 0
1642666553237 1.0258160829544067 0
1642666558551 1.4788267612457275 0
1642666563835 1.89876389503479 0
1642666569125 0.9916656613349915 0
1642666574390 2.011481285095215 0
1642666579665 1.238665223121643 0
1642666584938 1.3898431062698364 0
1642666590212 2.042145013809204 0
1642666595487 1.2647314071655273 0
1642666600768 2.105975866317749 0
1642666606044 1.3324354887008667 0
1642666611317 1.3178141117095947 0
1642666616609 1.3757033348083496 0
1642666621907 2.0918123722076416 0
1642666627193 0.8672693967819214 0
1642666632466 1.464970350265503 0
1642666637742 0.9856579303741455 0
1642666643029 1.3892616033554077 0
1642666648292 1.1043416261672974 0
1642666653558 1.012930989265442 0
1642666659821 1.6065703630447388 0
1642666665144 1.0911784172058105 0
1642666670420 1.9222790002822876 0
1642666675702 2.1138882637023926 0
1642666681004 1.388427734375 0
1642666686477 1.3442856073379517 0
1642666691955 1.1806666851043701 0
1642666697361 1.209560751914978 0
1642666702794 1.6460630893707275 0
1642666708295 0.9015880823135376 0
1642666713613 1.9333964586257935 0
1642666718904 2.1519250869750977 0
1642666724200 1.5328490734100342 0
1642666729490 0.9225068092346191 0
1642666734731 1.3843436241149902 0
1642666740015 0.9177366495132446 0
1642666745273 1.9217615127563477 0
1642666750567 1.363790512084961 0
1642666755832 1.0756583213806152 0
1642666761090 1.8591182231903076 0
1642666767331 2.1298649311065674 0
1642666772620 1.063396692276001 0
1642666777918 2.3816511631011963 0
1642666783166 1.9185174703598022 0
1642666788424 1.5229823589324951 0
1642666793689 2.1688613891601562 0
1642666798946 1.725850224494934 0
1642666804210 1.9359700679779053 0
1642666809488 1.4394733905792236 0
1642666814739 1.4527117013931274 0
1642666819993 1.1905009746551514 0
1642666825251 1.0431208610534668 0
1642666830500 2.022953987121582 0
1642666835767 0.9234880805015564 0
1642666841021 1.5450817346572876 0
1642666846269 0.8206522464752197 0
1642666851527 1.9711830615997314 0
1642666856787 1.1631271839141846 0
1642666862042 1.0595765113830566 0
1642666867306 1.3805450201034546 0
1642666873542 0.9904898405075073 0
1642666878862 1.1276555061340332 0
1642666884121 1.0739349126815796 0
1642666889370 1.3097398281097412 0
1642666894647 2.102449893951416 0
1642666899901 0.915618896484375 0
1642666905168 1.722825288772583 0
1642666910436 1.7386186122894287 0
1642666915687 1.436500072479248 0
1642666920955 1.7746965885162354 0
1642666926228 1.8162150382995605 0
1642666931506 1.865460753440857 0
1642666936768 1.2498948574066162 0
1642666942022 1.3603912591934204 0
1642666947280 1.545034646987915 0
1642666952595 1.297616958618164 0
1642666957855 0.9978967905044556 0
1642666963130 1.4816151857376099 0
1642666968385 0.8051199316978455 0
1642666973647 1.2658896446228027 0
1642666979899 1.8115298748016357 0
1642666985203 1.5831704139709473 0
1642666990486 1.3827711343765259 0
1642666995755 1.7516149282455444 0
1642667001018 0.9534091949462891 0
1642667006297 0.9295898079872131 0
1642667011571 1.0681588649749756 0
1642667016851 1.3931877613067627 0
1642667022117 1.1470521688461304 0
1642667027418 1.2690435647964478 0
1642667032714 1.633612036705017 0
1642667038026 1.1497759819030762 0
1642667043328 0.8779746890068054 0
1642667048618 1.059588074684143 0
1642667053902 0.9257007837295532 0
1642667059195 2.0035603046417236 0
1642667064471 1.4655258655548096 0
1642667069758 1.4383692741394043 0
1642667075047 1.4346027374267578 0
1642667080340 1.6409331560134888 0
1642667086632 1.4162733554840088 0
1642667091953 0.8122437596321106 0
1642667097250 1.499782681465149 0
1642667102548 1.7200109958648682 0
1642667107839 0.8159023523330688 0
1642667113138 1.6601626873016357 0
1642667118430 1.7014445066452026 0
1642667123716 1.095786213874817 0
1642667129009 0.8648594617843628 0
1642667134292 1.5205180644989014 0
1642667139584 1.5051655769348145 0
1642667144887 1.013636589050293 0
1642667150188 1.051509141921997 0
1642667155482 1.6931517124176025 0
1642667160782 1.1385432481765747 0
1642667166089 0.7843403816223145 0
1642667171392 1.741161584854126 0
1642667176688 1.4375107288360596 0
1642667181992 2.092886209487915 0
1642667187286 1.0781641006469727 0
1642667194041 1.8708676099777222 0
1642667199368 1.4174344539642334 0
1642667204656 1.3436076641082764 0
1642667209946 0.895516037940979 0
1642667215229 1.6479490995407104 0
1642667220521 1.0413434505462646 0
1642667225815 1.472949743270874 0
1642667231100 0.816262423992157 0
1642667236373 1.1519935131072998 0
1642667241662 0.868550181388855 0
1642667246946 1.7166249752044678 0
1642667252229 1.0772855281829834 0
1642667257518 1.896404504776001 0
1642667262795 1.0045422315597534 0
1642667268090 1.0537471771240234 0
1642667273378 1.6381651163101196 0
1642667278657 1.003983974456787 0
1642667283956 1.4821910858154297 0
1642667289242 1.347367286682129 0
1642667294521 1.2619717121124268 0
1642667300774 1.3648335933685303 0
1642667306092 1.2079808712005615 0
1642667311380 1.8422633409500122 0
1642667316670 1.397506594657898 0
1642667321945 0.9864146113395691 0
1642667327231 1.2337509393692017 0
1642667332507 1.5839595794677734 0
1642667337780 0.9811917543411255 0
1642667343063 1.6373097896575928 0
1642667348344 0.8614928126335144 0
1642667353612 1.1112061738967896 0
1642667358884 1.196282148361206 0
1642667364155 1.5837225914001465 0
1642667369435 1.8447171449661255 0
1642667374709 1.2755424976348877 0
1642667379988 1.585526943206787 0
1642667385275 1.1265252828598022 0
1642667390557 0.8303595781326294 0
1642667395838 1.9938726425170898 0
1642667401128 1.1780627965927124 0
1642667407395 0.8637634515762329 0
1642667412748 0.9583767652511597 0
1642667418059 1.6115225553512573 0
1642667423372 1.5063340663909912 0
1642667428671 1.2795990705490112 0
1642667433948 1.2863165140151978 0
1642667439232 0.9329245090484619 0
1642667444527 1.29448664188385 0
1642667449838 1.7408466339111328 0
1642667455138 0.8717321157455444 0
1642667460449 0.7618366479873657 0
1642667465749 1.073367953300476 0
1642667471054 1.0903785228729248 0
1642667476350 0.8281878232955933 0
1642667481658 1.0749388933181763 0
1642667486958 1.9503151178359985 0
1642667492262 0.7170168161392212 0
1642667497566 0.9431913495063782 0
1642667502871 1.2082682847976685 0
1642667508185 1.3795138597488403 0
1642667514459 1.0427463054656982 0
1642667519807 0.9538996815681458 0
1642667525100 0.830581784248352 0
1642667530403 1.3556896448135376 0
1642667535697 0.636884331703186 0
1642667540998 1.170199990272522 0
1642667546293 1.9461029767990112 0
1642667551595 1.7597771883010864 0
1642667556892 1.1534607410430908 0
1642667562187 1.0399601459503174 0
1642667567485 1.4648391008377075 0
1642667572787 0.9670466780662537 0
1642667578091 1.1815972328186035 0
1642667583392 1.1343841552734375 0
1642667588693 1.8419597148895264 0
1642667593989 1.311685562133789 0
1642667599287 1.107295036315918 0
1642667604615 1.459211826324463 0
1642667609910 1.1570472717285156 0
1642667615215 1.4529858827590942 0
1642667621504 1.074772596359253 0
1642667626825 1.227880835533142 0
1642667632106 1.85776948928833 0
1642667637479 0.6948519945144653 0
1642667642798 1.1542394161224365 0
1642667648084 1.8917858600616455 0
1642667653358 1.7779959440231323 0
1642667658632 1.953741431236267 0
1642667663911 2.5450215339660645 0
1642667669188 1.7574653625488281 0
1642667674462 0.7712506055831909 0
1642667679737 1.0264869928359985 0
1642667685009 1.766000509262085 0
1642667690282 1.2450141906738281 0
1642667695552 0.9683579802513123 0
1642667700820 1.1901922225952148 0
1642667706095 1.3910715579986572 0
1642667711364 1.7971010208129883 0
1642667716629 0.8654772043228149 0
1642667721901 0.5235331654548645 0
1642667728160 1.4309885501861572 0
1642667733473 1.5938093662261963 0
1642667738742 0.9903503656387329 0
1642667744022 0.8792718648910522 0
1642667749299 1.1217046976089478 0
1642667754581 1.366420030593872 0
1642667759867 0.9423705339431763 0
1642667765132 1.8623526096343994 0
1642667770417 1.652245283126831 0
1642667775688 0.7650200128555298 0
1642667780967 1.3776240348815918 0
1642667786250 0.99056077003479 0
1642667791526 1.316894769668579 0
1642667796811 1.3255531787872314 0
1642667802091 1.3496994972229004 0
1642667807369 1.2220920324325562 0
1642667812656 0.7623187303543091 0
1642667817929 2.32621693611145 0
1642667823219 1.518723487854004 0
1642667828507 1.0333278179168701 0
1642667834771 1.5865404605865479 0
1642667840263 0.8497498035430908 0
1642667845774 1.4323921203613281 0
1642667851198 0.9914575815200806 0
1642667856603 1.6188452243804932 0
1642667862018 1.5862104892730713 0
1642667867442 2.128584861755371 0
1642667873005 1.5568552017211914 0
1642667878466 1.3474206924438477 0
1642667883916 1.3311097621917725 0
1642667889269 0.9720956683158875 0
1642667894747 1.1545124053955078 0
1642667900174 1.7484238147735596 0
1642667905472 1.3227039575576782 0
1642667910748 1.1729334592819214 0
1642667916034 0.8549141883850098 0
1642667921319 1.9495726823806763 0
1642667926603 1.1922804117202759 0
1642667931887 0.9759691953659058 0
1642667937177 1.5997987985610962 0
1642667943456 1.1834192276000977 0
1642667948821 1.3851511478424072 0
1642667954122 1.2502305507659912 0
1642667959416 0.7921927571296692 0
1642667964710 1.041743278503418 0
1642667969998 1.2996447086334229 0
