1642663404007 -1 0
1642663410537 -1 0
1642663416043 -1 0
1642663421461 -1 0
1642663426873 -1 0
1642663432195 -1 0
1642663437479 -1 0
1642663443020 -1 0
1642663448619 -1 0
1642663454144 -1 0
1642663459831 -1 0
1642663465455 -1 0
1642663470982 -1 0
1642663476600 -1 0
1642663482100 -1 0
1642663487572 -1 0
1642663493097 -1 0
1642663498700 -1 0
1642663504228 -1 0
1642663509674 -1 0
1642663515185 -1 0
1642663521631 -1 0
1642663527096 -1 0
1642663532668 -1 0
1642663538280 -1 0
1642663543718 -1 0
1642663549051 -1 0
1642663554451 -1 0
1642663559754 -1 0
1642663565021 -1 0
1642663570280 -1 0
1642663575545 -1 0
1642663580814 -1 0
1642663586072 -1 0
1642663591318 -1 0
1642663596575 -1 0
1642663602025 -1 0
1642663607445 -1 0
1642663613115 -1 0
1642663618546 -1 0
1642663624111 -1 0
1642663630627 -1 0
1642663636114 -1 0
1642663641640 -1 0
1642663647304 -1 0
1642663652832 -1 0
1642663658310 -1 0
1642663663870 -1 0
1642663669281 -1 0
1642663674662 -1 0
1642663680067 -1 0
1642663685615 -1 0
1642663691013 -1 0
1642663696568 -1 0
1642663702552 -1 0
1642663707885 -1 0
1642663713181 -1 0
1642663718441 -1 0
1642663723696 -1 0
1642663728990 -1 0
1642663734260 -1 0
1642663740562 -1 0
1642663745900 -1 0
1642663751163 -1 0
1642663756428 -1 0
1642663761712 -1 0
1642663766980 -1 0
1642663772253 -1 0
1642663777523 -1 0
1642663782771 -1 0
1642663788049 -1 0
1642663793324 -1 0
1642663798592 -1 0
1642663803854 -1 0
1642663809172 -1 0
1642663814461 -1 0
1642663819714 -1 0
1642663824986 -1 0
1642663830256 -1 0
1642663835523 -1 0
1642663840882 -1 0
1642663847398 -1 0
1642663853034 -1 0
1642663858601 -1 0
1642663864062 -1 0
1642663869526 -1 0
1642663875013 -1 0
1642663880573 -1 0
1642663886053 -1 0
1642663891523 -1 0
1642663896879 -1 0
1642663902201 -1 0
1642663907578 -1 0
1642663912948 -1 0
1642663918264 -1 0
1642663923617 -1 0
1642663928988 -1 0
1642663934315 -1 0
1642663939681 -1 0
1642663945234 -1 0
1642663950514 -1 0
1642663956867 -1 0
1642663962225 -1 0
1642663967587 -1 0
1642663972894 -1 0
1642663978191 -1 0
1642663983495 -1 0
1642663988795 -1 0
1642663994094 -1 0
1642663999367 -1 0
1642664004666 -1 0
1642664010117 -1 0
1642664015734 -1 0
1642664021224 -1 0
1642664026640 -1 0
1642664032041 -1 0
1642664037519 -1 0
1642664042963 -1 0
1642664048364 -1 0
1642664053766 -1 0
1642664059118 -1 0
1642664065484 -1 0
1642664071047 -1 0
1642664076478 -1 0
1642664081815 -1 0
1642664087148 -1 0
1642664092613 -1 0
1642664098050 -1 0
1642664103491 -1 0
1642664108941 -1 0
1642664114493 -1 0
1642664120018 -1 0
1642664125505 -1 0
1642664130990 -1 0
1642664136468 -1 0
1642664141868 -1 0
1642664147263 -1 0
1642664152657 -1 0
1642664158017 -1 0
1642664163338 -1 0
1642664168694 -1 0
1642664175068 -1 0
1642664180382 -1 0
1642664185661 -1 0
1642664190928 -1 0
1642664196200 -1 0
1642664201469 -1 0
1642664206758 -1 0
1642664212457 -1 0
1642664218048 -1 0
1642664223505 -1 0
1642664228984 -1 0
1642664234293 -1 0
1642664239823 -1 0
1642664245402 -1 0
1642664250765 -1 0
1642664256062 -1 0
1642664261438 -1 0
1642664266907 -1 0
1642664272368 -1 0
1642664277853 -1 0
1642664284370 -1 0
1642664289891 -1 0
1642664295331 -1 0
1642664300733 -1 0
1642664306209 -1 0
1642664311677 -1 0
1642664317177 -1 0
1642664322670 -1 0
1642664328164 -1 0
1642664333671 -1 0
1642664339136 -1 0
1642664344608 -1 0
1642664350105 -1 0
1642664355593 -1 0
1642664361100 -1 0
1642664366645 -1 0
1642664372159 -1 0
1642664377656 -1 0
1642664383133 -1 0
1642664388598 -1 0
1642664395104 -1 0
1642664400638 -1 0
1642664406165 -1 0
1642664411713 -1 0
1642664417198 -1 0
1642664422694 -1 0
1642664428184 -1 0
1642664433729 -1 0
1642664439195 -1 0
1642664444751 -1 0
1642664450294 -1 0
1642664455793 -1 0
1642664461446 -1 0
1642664466952 -1 0
1642664472481 -1 0
1642664478014 -1 0
1642664483487 -1 0
1642664488994 -1 0
1642664494470 -1 0
1642664499952 -1 0
1642664506429 -1 0
1642664511998 -1 0
1642664517522 -1 0
1642664522840 -1 0
1642664528362 -1 0
1642664533717 -1 0
1642664539291 -1 0
1642664544728 -1 0
1642664550174 -1 0
1642664555843 -1 0
1642664561270 -1 0
1642664566889 -1 0
1642664572489 -1 0
1642664577964 -1 0
1642664583319 -1 0
1642664588882 -1 0
1642664594373 -1 0
1642664599868 -1 0
1642664605349 -1 0
1642664610907 -1 0
1642664617370 -1 0
1642664622854 -1 0
1642664628249 -1 0
1642664633683 -1 0
1642664639169 -1 0
1642664644648 -1 0
1642664650167 -1 0
1642664655634 -1 0
1642664660974 -1 0
1642664666566 -1 0
1642664672111 -1 0
1642664677647 -1 0
1642664683146 -1 0
1642664688649 -1 0
1642664694149 -1 0
1642664699555 -1 0
1642664704899 -1 0
1642664710279 -1 0
1642664715659 -1 0
1642664721069 -1 0
1642664727319 -1 0
1642664732613 -1 0
1642664737970 -1 0
1642664743564 -1 0
1642664749055 -1 0
1642664754674 -1 0
1642664760196 -1 0
1642664765718 -1 0
1642664771222 -1 0
1642664776901 -1 0
1642664782457 -1 0
1642664788021 -1 0
1642664793732 -1 0
1642664799243 -1 0
1642664804565 -1 0
1642664810010 -1 0
1642664815386 -1 0
1642664820843 -1 0
1642664826240 -1 0
1642664831635 -1 0
1642664838328 -1 0
1642664844117 -1 0
1642664849748 -1 0
1642664855251 -1 0
1642664860675 -1 0
1642664866344 -1 0
1642664871967 -1 0
1642664877481 -1 0
1642664883085 -1 0
1642664888440 -1 0
1642664893709 -1 0
1642664898982 -1 0
1642664904434 -1 0
1642664909870 -1 0
1642664915143 -1 0
1642664920434 -1 0
1642664925771 -1 0
1642664931226 -1 0
1642664936938 -1 0
1642664942431 -1 0
1642664948917 -1 0
1642664954411 -1 0
1642664960150 -1 0
1642664965591 -1 0
1642664971067 -1 0
1642664976726 -1 0
1642664982195 -1 0
1642664987733 -1 0
1642664993212 -1 0
1642664998711 -1 0
1642665004323 -1 0
1642665009781 -1 0
1642665015222 -1 0
1642665020811 -1 0
1642665026265 -1 0
1642665031727 -1 0
1642665037238 -1 0
1642665042814 -1 0
1642665048320 -1 0
1642665053891 -1 0
1642665060255 -1 0
1642665065784 -1 0
1642665071181 -1 0
1642665076599 -1 0
1642665082107 -1 0
1642665087364 -1 0
1642665092643 -1 0
1642665097919 -1 0
1642665103183 -1 0
1642665108457 -1 0
1642665113722 -1 0
1642665118979 -1 0
1642665124257 -1 0
1642665129531 -1 0
1642665134786 -1 0
1642665140051 -1 0
1642665145314 -1 0
1642665150562 -1 0
1642665155820 -1 0
1642665161080 -1 0
1642665167569 -1 0
1642665172886 -1 0
1642665178186 -1 0
1642665183480 -1 0
1642665188769 -1 0
1642665194047 -1 0
1642665199327 -1 0
1642665204601 -1 0
1642665209862 -1 0
1642665215121 -1 0
1642665220385 -1 0
1642665225657 -1 0
1642665230945 -1 0
1642665236231 -1 0
1642665241523 -1 0
1642665246809 -1 0
1642665252097 -1 0
1642665257373 -1 0
1642665262657 -1 0
1642665267943 -1 0
1642665274226 -1 0
1642665279564 -1 0
1642665284848 -1 0
1642665290134 -1 0
1642665295431 -1 0
1642665300713 -1 0
1642665305997 -1 0
1642665311266 -1 0
1642665316548 -1 0
1642665321866 -1 0
1642665327145 -1 0
1642665332430 -1 0
1642665337712 -1 0
1642665342981 -1 0
1642665348293 -1 0
1642665353551 -1 0
1642665358801 -1 0
1642665364071 -1 0
1642665369336 -1 0
1642665374610 -1 0
1642665380878 -1 0
1642665386192 -1 0
1642665391474 -1 0
1642665396789 -1 0
1642665402070 -1 0
1642665407360 -1 0
1642665412643 -1 0
1642665417914 -1 0
1642665423188 -1 0
1642665428468 -1 0
1642665433733 -1 0
1642665439002 -1 0
1642665444271 -1 0
1642665449541 -1 0
1642665454800 -1 0
1642665460058 -1 0
1642665465374 -1 0
1642665470663 -1 0
1642665475953 -1 0
1642665481244 -1 0
1642665487530 -1 0
1642665492886 -1 0
1642665498174 -1 0
1642665503463 -1 0
1642665508737 -1 0
1642665514019 -1 0
1642665519305 -1 0
1642665524583 -1 0
1642665529870 -1 0
1642665535150 -1 0
1642665540425 -1 0
1642665545713 -1 0
1642665551290 -1 0
1642665556801 -1 0
1642665562084 -1 0
1642665567580 -1 0
1642665572960 -1 0
1642665578241 -1 0
1642665583527 -1 0
1642665588801 -1 0
1642665595073 -1 0
1642665600383 -1 0
1642665605654 -1 0
1642665610922 -1 0
1642665616199 -1 0
1642665621469 -1 0
1642665626757 -1 0
1642665632028 -1 0
1642665637274 -1 0
1642665642525 -1 0
1642665647801 -1 0
1642665653053 -1 0
1642665658314 -1 0
1642665663600 -1 0
1642665668844 -1 0
1642665674112 -1 0
1642665679372 -1 0
1642665684617 -1 0
1642665689884 -1 0
1642665695129 -1 0
1642665701674 -1 0
1642665707000 -1 0
1642665712287 -1 0
1642665717552 -1 0
1642665722835 -1 0
1642665728109 -1 0
1642665733384 -1 0
1642665738657 -1 0
1642665743926 -1 0
1642665749192 -1 0
1642665754456 -1 0
1642665759727 -1 0
1642665764999 -1 0
1642665770261 -1 0
1642665775539 -1 0
1642665780809 -1 0
1642665786080 -1 0
1642665791333 -1 0
1642665796605 -1 0
1642665801869 -1 0
1642665808120 -1 0
1642665813460 -1 0
1642665818745 -1 0
1642665824021 -1 0
1642665829296 -1 0
1642665834574 -1 0
1642665839998 -1 0
1642665845292 -1 0
1642665850564 -1 0
1642665855838 -1 0
1642665861101 -1 0
1642665866367 -1 0
1642665871665 -1 0
1642665876933 -1 0
1642665882212 -1 0
1642665887497 -1 0
1642665892765 -1 0
1642665898048 -1 0
1642665903317 -1 0
1642665908591 -1 0
1642665914858 -1 0
1642665920182 -1 0
1642665925458 -1 0
1642665930739 -1 0
1642665936006 -1 0
1642665941293 -1 0
1642665946572 -1 0
1642665951836 -1 0
1642665957115 -1 0
1642665962400 -1 0
1642665967682 -1 0
1642665972948 -1 0
1642665978211 -1 0
1642665983491 -1 0
1642665988758 -1 0
1642665994031 -1 0
1642665999306 -1 0
1642666004571 -1 0
1642666009833 -1 0
1642666015113 -1 0
1642666021374 -1 0
1642666026688 -1 0
1642666031963 -1 0
1642666037241 -1 0
1642666042554 -1 0
1642666047836 -1 0
1642666053104 -1 0
1642666058382 -1 0
1642666063649 -1 0
1642666068926 -1 0
1642666074195 -1 0
1642666079499 -1 0
1642666084780 -1 0
1642666090060 -1 0
1642666095320 -1 0
1642666100584 -1 0
1642666105856 -1 0
1642666111121 -1 0
1642666116392 -1 0
1642666121655 -1 0
1642666127912 -1 0
1642666133234 -1 0
1642666138513 -1 0
1642666143786 -1 0
1642666149066 -1 0
1642666154351 -1 0
1642666159631 -1 0
1642666164902 -1 0
1642666170170 -1 0
1642666175437 -1 0
1642666180709 -1 0
1642666185982 -1 0
1642666191264 -1 0
1642666196539 -1 0
1642666201817 -1 0
1642666207090 -1 0
1642666212364 -1 0
1642666217636 -1 0
1642666222917 -1 0
1642666228180 -1 0
1642666234430 -1 0
1642666239722 -1 0
1642666244963 -1 0
1642666250221 -1 0
1642666255467 -1 0
1642666260714 -1 0
1642666265975 -1 0
1642666271225 -1 0
1642666276470 -1 0
1642666281710 -1 0
1642666286954 -1 0
1642666292199 -1 0
1642666297450 -1 0
1642666302709 -1 0
1642666307960 -1 0
1642666313235 -1 0
1642666318523 -1 0
1642666323783 -1 0
1642666329043 -1 0
1642666334303 -1 0
1642666340899 -1 0
1642666346182 -1 0
1642666351434 -1 0
1642666356695 -1 0
1642666361947 -1 0
1642666367207 -1 0
1642666372449 -1 0
1642666377705 -1 0
1642666382961 -1 0
1642666388201 -1 0
1642666393438 -1 0
1642666398687 -1 0
1642666403942 -1 0
1642666409188 -1 0
1642666414434 -1 0
1642666419681 -1 0
1642666424948 -1 0
1642666430178 -1 0
1642666435440 -1 0
1642666440694 -1 0
1642666446938 -1 0
1642666452224 -1 0
1642666457476 -1 0
1642666462741 -1 0
1642666468004 -1 0
1642666473254 -1 0
1642666478498 -1 0
1642666483759 -1 0
1642666489029 -1 0
1642666494298 -1 0
1642666499568 -1 0
1642666504842 -1 0
1642666510109 -1 0
1642666515376 -1 0
1642666520644 -1 0
1642666525912 -1 0
1642666531176 -1 0
1642666536439 -1 0
1642666541709 -1 0
1642666546985 -1 0
1642666553231 -1 0
1642666558544 -1 0
1642666563829 -1 0
1642666569119 -1 0
1642666574384 -1 0
1642666579660 -1 0
1642666584932 -1 0
1642666590205 -1 0
1642666595481 -1 0
1642666600762 -1 0
1642666606038 -1 0
1642666611311 -1 0
1642666616603 -1 0
1642666621900 -1 0
1642666627187 -1 0
1642666632459 -1 0
1642666637736 -1 0
1642666643023 -1 0
1642666648286 -1 0
1642666653552 -1 0
1642666659814 -1 0
1642666665138 -1 0
1642666670414 -1 0
1642666675696 -1 0
1642666680997 -1 0
1642666686471 -1 0
1642666691948 -1 0
1642666697354 -1 0
1642666702788 -1 0
1642666708289 -1 0
1642666713606 -1 0
1642666718897 -1 0
1642666724194 -1 0
1642666729474 -1 0
1642666734731 -1 0
1642666739996 -1 0
1642666745273 -1 0
1642666750567 -1 0
1642666755827 -1 0
1642666761075 -1 0
1642666767331 -1 0
1642666772620 -1 0
1642666777903 -1 0
1642666783166 -1 0
1642666788424 -1 0
1642666793673 -1 0
1642666798946 -1 0
1642666804210 -1 0
1642666809488 -1 0
1642666814739 -1 0
1642666819993 -1 0
1642666825236 -1 0
1642666830500 -1 0
1642666835752 -1 0
1642666841004 -1 0
1642666846263 -1 0
1642666851527 -1 0
1642666856771 -1 0
1642666862042 -1 0
1642666867306 -1 0
1642666873542 -1 0
1642666878847 -1 0
1642666884106 -1 0
1642666889370 -1 0
1642666894631 -1 0
1642666899901 -1 0
1642666905162 -1 0
1642666910419 -1 0
1642666915687 -1 0
1642666920955 -1 0
1642666926228 -1 0
1642666931506 -1 0
1642666936753 -1 0
1642666942022 -1 0
1642666947280 -1 0
1642666952595 -1 0
1642666957855 -1 0
1642666963114 -1 0
1642666968379 -1 0
1642666973632 -1 0
1642666979893 -1 0
1642666985203 -1 0
1642666990480 -1 0
1642666995739 -1 0
1642667001018 -1 0
1642667006297 -1 0
1642667011555 -1 0
1642667016835 -1 0
1642667022117 -1 0
1642667027411 -1 0
1642667032707 -1 0
1642667038020 -1 0
1642667043322 -1 0
1642667048612 -1 0
1642667053896 -1 0
1642667059189 -1 0
1642667064465 -1 0
1642667069751 -1 0
1642667075041 -1 0
1642667080334 -1 0
1642667086626 -1 0
1642667091947 -1 0
1642667097244 -1 0
1642667102542 -1 0
1642667107833 -1 0
1642667113132 -1 0
1642667118424 -1 0
1642667123710 -1 0
1642667129003 -1 0
1642667134286 -1 0
1642667139578 -1 0
1642667144880 -1 0
1642667150182 -1 0
1642667155476 -1 0
1642667160775 -1 0
1642667166082 -1 0
1642667171385 -1 0
1642667176682 -1 0
1642667181986 -1 0
1642667187280 -1 0
1642667194034 -1 0
1642667199362 -1 0
1642667204650 -1 0
1642667209940 -1 0
1642667215222 -1 0
1642667220515 -1 0
1642667225808 -1 0
1642667231094 -1 0
1642667236367 -1 0
1642667241656 -1 0
1642667246940 -1 0
1642667252222 -1 0
1642667257512 -1 0
1642667262789 -1 0
1642667268084 -1 0
1642667273371 -1 0
1642667278651 -1 0
1642667283949 -1 0
1642667289236 -1 0
1642667294514 -1 0
1642667300768 -1 0
1642667306086 -1 0
1642667311374 -1 0
1642667316664 -1 0
1642667321939 -1 0
1642667327225 -1 0
1642667332501 -1 0
1642667337774 -1 0
1642667343057 -1 0
1642667348338 -1 0
1642667353606 -1 0
1642667358878 -1 0
1642667364149 -1 0
1642667369429 -1 0
1642667374703 -1 0
1642667379982 -1 0
1642667385269 -1 0
1642667390551 -1 0
1642667395832 -1 0
1642667401122 -1 0
1642667407388 -1 0
1642667412742 -1 0
1642667418053 -1 0
1642667423366 -1 0
1642667428665 -1 0
1642667433948 -1 0
1642667439232 -1 0
1642667444511 -1 0
1642667449832 -1 0
1642667455132 -1 0
1642667460442 -1 0
1642667465743 -1 0
1642667471048 -1 0
1642667476344 -1 0
1642667481652 -1 0
1642667486952 -1 0
1642667492256 -1 0
1642667497560 -1 0
1642667502865 -1 0
1642667508180 -1 0
1642667514452 -1 0
1642667519801 -1 0
1642667525093 -1 0
1642667530398 -1 0
1642667535691 -1 0
1642667540991 -1 0
1642667546287 -1 0
1642667551588 -1 0
1642667556886 -1 0
1642667562180 -1 0
1642667567479 -1 0
1642667572780 -1 0
1642667578085 -1 0
1642667583385 -1 0
1642667588687 -1 0
1642667593983 -1 0
1642667599280 -1 0
1642667604609 -1 0
1642667609904 -1 0
1642667615209 -1 0
1642667621498 -1 0
1642667626819 -1 0
1642667632100 -1 0
1642667637473 -1 0
1642667642791 -1 0
1642667648078 -1 0
1642667653352 -1 0
1642667658626 -1 0
1642667663905 -1 0
1642667669182 -1 0
1642667674456 -1 0
1642667679730 -1 0
1642667685003 -1 0
1642667690276 -1 0
1642667695546 -1 0
1642667700814 -1 0
1642667706089 -1 0
1642667711358 -1 0
1642667716623 -1 0
1642667721895 -1 0
1642667728154 -1 0
1642667733466 -1 0
1642667738736 -1 0
1642667744016 -1 0
1642667749293 -1 0
1642667754575 -1 0
1642667759860 -1 0
1642667765126 -1 0
1642667770410 -1 0
1642667775682 -1 0
1642667780961 -1 0
1642667786244 -1 0
1642667791520 -1 0
1642667796805 -1 0
1642667802084 -1 0
1642667807363 -1 0
1642667812650 -1 0
1642667817923 -1 0
1642667823213 -1 0
1642667828501 -1 0
1642667834765 -1 0
1642667840256 -1 0
1642667845768 -1 0
1642667851191 -1 0
1642667856597 -1 0
1642667862011 -1 0
1642667867435 -1 0
1642667872999 -1 0
1642667878460 -1 0
1642667883910 -1 0
1642667889262 -1 0
1642667894741 -1 0
1642667900174 -1 0
1642667905465 -1 0
1642667910742 -1 0
1642667916027 -1 0
1642667921313 -1 0
1642667926597 -1 0
1642667931881 -1 0
1642667937170 -1 0
1642667943450 -1 0
1642667948815 -1 0
1642667954116 -1 0
1642667959410 -1 0
1642667964704 -1 0
1642667969993 -1 0
