1642663404004 17.445661544799805 0
1642663410535 5.580273628234863 0
1642663416041 6.396213054656982 0
1642663421459 6.41752815246582 0
1642663426871 4.781746864318848 0
1642663432193 7.872918128967285 0
1642663437477 5.607239723205566 0
1642663443018 4.139406681060791 0
1642663448617 5.329166412353516 0
1642663454142 4.965712070465088 0
1642663459828 5.868939399719238 0
1642663465453 6.972302436828613 0
1642663470981 4.403142929077148 0
1642663476598 6.287896156311035 0
1642663482097 6.212105751037598 0
1642663487569 4.278803825378418 0
1642663493095 6.27052116394043 0
1642663498698 5.3313093185424805 0
1642663504226 9.391737937927246 0
1642663509672 5.278286933898926 0
1642663515182 7.313420295715332 0
1642663521629 5.809863567352295 0
1642663527093 6.670497894287109 0
1642663532666 6.41055965423584 0
1642663538278 8.439319610595703 0
1642663543718 5.469923973083496 0
1642663549051 4.846072673797607 0
1642663554449 6.546337127685547 0
1642663559738 9.039602279663086 0
1642663565021 7.2021660804748535 0
1642663570280 6.5014142990112305 0
1642663575539 6.4772748947143555 0
1642663580814 7.35164213180542 0
1642663586072 5.580660343170166 0
1642663591318 7.665323257446289 0
1642663596572 4.711386203765869 0
1642663602023 6.46449089050293 0
1642663607443 6.4092254638671875 0
1642663613113 4.401410102844238 0
1642663618544 5.285964012145996 0
1642663624111 12.745285987854004 0
1642663630627 7.389533519744873 0
1642663636111 9.144832611083984 0
1642663641637 7.201042175292969 0
1642663647301 5.526819229125977 0
1642663652830 6.533634185791016 0
1642663658308 7.526710033416748 0
1642663663870 5.866128444671631 0
1642663669278 7.711672306060791 0
1642663674660 4.86956262588501 0
1642663680065 5.913967609405518 0
1642663685613 8.082830429077148 0
1642663691010 6.5527143478393555 0
1642663696566 7.692368030548096 0
1642663702550 6.196533203125 0
1642663707883 5.678380012512207 0
1642663713179 5.907102108001709 0
1642663718438 3.55622935295105 0
1642663723693 4.763603210449219 0
1642663728988 7.081099510192871 0
1642663734258 7.604833602905273 0
1642663740560 5.437171936035156 0
1642663745898 9.679145812988281 0
1642663751161 8.58006763458252 0
1642663756426 6.9122314453125 0
1642663761710 8.398242950439453 0
1642663766978 4.613340377807617 0
1642663772251 3.8655905723571777 0
1642663777521 4.339937686920166 0
1642663782769 5.5796356201171875 0
1642663788047 6.490638732910156 0
1642663793322 9.590797424316406 0
1642663798590 6.502195358276367 0
1642663803852 5.797736167907715 0
1642663809170 8.74163818359375 0
1642663814459 4.142956256866455 0
1642663819712 7.533138275146484 0
1642663824984 5.224499702453613 0
1642663830253 7.134994983673096 0
1642663835523 8.194363594055176 0
1642663840880 6.949255466461182 0
1642663847396 7.473591327667236 0
1642663853031 7.6832380294799805 0
1642663858599 5.52967643737793 0
1642663864060 8.836515426635742 0
1642663869524 4.607520580291748 0
1642663875011 8.149702072143555 0
1642663880571 6.682294845581055 0
1642663886051 6.204547882080078 0
1642663891521 3.1154446601867676 0
1642663896877 4.829756736755371 0
1642663902199 6.938600540161133 0
1642663907576 3.4004318714141846 0
1642663912946 4.683989524841309 0
1642663918261 4.4094157218933105 0
1642663923615 11.231571197509766 0
1642663928986 7.522068977355957 0
1642663934313 6.1658935546875 0
1642663939679 5.337944507598877 0
1642663945232 6.509686470031738 0
1642663950512 6.270918846130371 0
1642663956865 5.227535247802734 0
1642663962223 5.029993057250977 0
1642663967585 6.987832546234131 0
1642663972892 5.737521171569824 0
1642663978188 4.5145673751831055 0
1642663983493 5.886961936950684 0
1642663988793 6.003589630126953 0
1642663994092 8.802019119262695 0
1642663999364 5.889908790588379 0
1642664004664 4.315594673156738 0
1642664010115 4.893712043762207 0
1642664015732 4.325754165649414 0
1642664021222 5.174814701080322 0
1642664026638 10.206047058105469 0
1642664032039 6.097811698913574 0
1642664037517 6.406196594238281 0
1642664042961 4.296215057373047 0
1642664048362 3.205005645751953 0
1642664053764 5.874150276184082 0
1642664059116 5.180559158325195 0
1642664065482 4.299312591552734 0
1642664071045 4.522237777709961 0
1642664076476 6.168087959289551 0
1642664081813 7.099647521972656 0
1642664087146 5.856204986572266 0
1642664092611 5.700407981872559 0
1642664098048 4.147653102874756 0
1642664103489 5.108308792114258 0
1642664108939 6.861698150634766 0
1642664114491 4.702560901641846 0
1642664120016 4.841291427612305 0
1642664125503 7.164268493652344 0
1642664130988 5.402441024780273 0
1642664136466 4.229730606079102 0
1642664141866 4.668152809143066 0
1642664147261 6.183816909790039 0
1642664152655 4.7508111000061035 0
1642664158015 3.409597873687744 0
1642664163336 5.302585601806641 0
1642664168692 7.40407657623291 0
1642664175066 2.5910277366638184 0
1642664180380 5.629083633422852 0
1642664185658 6.836636543273926 0
1642664190926 5.841396808624268 0
1642664196198 6.5037007331848145 0
1642664201467 4.168858528137207 0
1642664206756 5.131465435028076 0
1642664212455 5.3590593338012695 0
1642664218046 4.8531293869018555 0
1642664223503 5.678898811340332 0
1642664228982 4.627488136291504 0
1642664234291 7.823934555053711 0
1642664239820 4.6411027908325195 0
1642664245400 3.710883617401123 0
1642664250763 4.025494575500488 0
1642664256060 5.480717658996582 0
1642664261436 5.808774471282959 0
1642664266905 5.093285083770752 0
1642664272366 4.204494953155518 0
1642664277851 4.515514850616455 0
1642664284367 5.458714008331299 0
1642664289889 5.841091156005859 0
1642664295329 7.095756530761719 0
1642664300731 4.106698513031006 0
1642664306207 4.437461853027344 0
1642664311675 4.8528571128845215 0
1642664317175 4.277280807495117 0
1642664322667 5.181764125823975 0
1642664328162 3.5872642993927 0
1642664333669 6.972381591796875 0
1642664339133 4.105397701263428 0
1642664344606 4.726956367492676 0
1642664350103 4.275843620300293 0
1642664355591 4.807709693908691 0
1642664361098 4.981732368469238 0
1642664366643 6.901542663574219 0
1642664372157 6.32196569442749 0
1642664377654 3.14418888092041 0
1642664383131 4.249032497406006 0
1642664388596 4.823075294494629 0
1642664395101 3.9004101753234863 0
1642664400636 3.4602408409118652 0
1642664406163 4.084270477294922 0
1642664411711 4.076876163482666 0
1642664417196 5.300495147705078 0
1642664422692 4.874914169311523 0
1642664428182 6.566364288330078 0
1642664433726 3.791172742843628 0
1642664439195 4.586855888366699 0
1642664444748 5.646178245544434 0
1642664450292 5.393488883972168 0
1642664455791 5.452569961547852 0
1642664461443 5.773746967315674 0
1642664466950 5.644272327423096 0
1642664472479 5.7712202072143555 0
1642664478012 5.645252227783203 0
1642664483484 5.517791748046875 0
1642664488992 5.538644313812256 0
1642664494468 4.1288251876831055 0
1642664499950 4.1088457107543945 0
1642664506426 3.756269931793213 0
1642664511996 4.031649112701416 0
1642664517520 4.152888774871826 0
1642664522838 4.105048656463623 0
1642664528360 5.585317611694336 0
1642664533715 6.705752372741699 0
1642664539289 5.0387725830078125 0
1642664544726 3.3642489910125732 0
1642664550172 6.897788047790527 0
1642664555841 4.9431233406066895 0
1642664561268 5.731009006500244 0
1642664566887 4.364318370819092 0
1642664572487 5.575490951538086 0
1642664577962 3.900160312652588 0
1642664583316 4.623470306396484 0
1642664588879 5.0231170654296875 0
1642664594371 5.248882293701172 0
1642664599866 2.7293548583984375 0
1642664605346 3.633805751800537 0
1642664610905 4.504520416259766 0
1642664617368 4.066837787628174 0
1642664622852 6.059834003448486 0
1642664628247 3.897453784942627 0
1642664633680 4.339066028594971 0
1642664639167 4.9817728996276855 0
1642664644646 4.571506500244141 0
1642664650165 4.456535816192627 0
1642664655632 5.035364151000977 0
1642664660972 2.602628469467163 0
1642664666564 4.500502109527588 0
1642664672109 5.135959148406982 0
1642664677645 4.712230682373047 0
1642664683144 5.042453289031982 0
1642664688646 4.193789005279541 0
1642664694147 4.961646556854248 0
1642664699555 4.612279891967773 0
1642664704899 4.853534698486328 0
1642664710279 4.489895343780518 0
1642664715659 4.658656597137451 0
1642664721069 4.818486213684082 0
1642664727319 4.820291042327881 0
1642664732597 4.350156784057617 0
1642664737969 5.435801029205322 0
1642664743562 2.975999116897583 0
1642664749055 6.909183502197266 0
1642664754672 5.362775802612305 0
1642664760194 4.868425369262695 0
1642664765716 5.906999588012695 0
1642664771219 3.237082004547119 0
1642664776898 4.027924060821533 0
1642664782455 6.061911582946777 0
1642664788019 3.1531996726989746 0
1642664793730 3.8594253063201904 0
1642664799241 4.8036699295043945 0
1642664804563 4.189947128295898 0
1642664810008 4.122824192047119 0
1642664815384 4.11939811706543 0
1642664820841 4.740400314331055 0
1642664826238 4.233434677124023 0
1642664831633 3.9717679023742676 0
1642664838325 5.156341552734375 0
1642664844115 3.9057087898254395 0
1642664849746 4.9084649085998535 0
1642664855249 5.221653461456299 0
1642664860673 3.1912176609039307 0
1642664866342 4.55007791519165 0
1642664871965 4.583992004394531 0
1642664877479 3.7891993522644043 0
1642664883083 3.7283592224121094 0
1642664888438 4.64804744720459 0
1642664893707 4.818441867828369 0
1642664898980 4.586848258972168 0
1642664904432 4.487701892852783 0
1642664909868 3.319322109222412 0
1642664915141 4.135749816894531 0
1642664920432 4.684664726257324 0
1642664925769 5.782397270202637 0
1642664931224 5.109940528869629 0
1642664936936 3.7230868339538574 0
1642664942429 3.4804773330688477 0
1642664948914 2.78592586517334 0
1642664954409 3.6334104537963867 0
1642664960147 3.971341371536255 0
1642664965589 5.428677558898926 0
1642664971064 4.1895670890808105 0
1642664976724 5.256146430969238 0
1642664982193 3.5768675804138184 0
1642664987731 5.347208023071289 0
1642664993209 5.9858479499816895 0
1642664998709 4.855956077575684 0
1642665004321 3.2893993854522705 0
1642665009779 4.12495756149292 0
1642665015220 5.170675754547119 0
1642665020809 4.890040874481201 0
1642665026263 3.784341812133789 0
1642665031725 3.7276477813720703 0
1642665037236 3.347771644592285 0
1642665042812 3.148554801940918 0
1642665048318 4.604121208190918 0
1642665053889 4.120588302612305 0
1642665060255 5.479464530944824 0
1642665065781 3.873087167739868 0
1642665071181 4.6128363609313965 0
1642665076596 5.879425525665283 0
1642665082107 3.9717888832092285 0
1642665087364 5.266737937927246 0
1642665092627 4.40152645111084 0
1642665097903 3.3829026222229004 0
1642665103183 5.081653594970703 0
1642665108457 3.392402172088623 0
1642665113707 4.395370960235596 0
1642665118979 3.6089823246002197 0
1642665124241 3.441648006439209 0
1642665129531 4.078166961669922 0
1642665134786 2.777509927749634 0
1642665140051 3.312774658203125 0
1642665145312 3.6981911659240723 0
1642665150562 4.358386516571045 0
1642665155820 5.03736686706543 0
1642665161080 3.3785626888275146 0
1642665167567 3.9965977668762207 0
1642665172886 3.922534942626953 0
1642665178186 4.177423000335693 0
1642665183478 4.319951057434082 0
1642665188767 4.086371421813965 0
1642665194047 4.837995529174805 0
1642665199327 3.204850196838379 0
1642665204601 3.706545352935791 0
1642665209862 3.815075159072876 0
1642665215121 3.819678783416748 0
1642665220385 3.976102352142334 0
1642665225654 3.851512908935547 0
1642665230943 3.596275806427002 0
1642665236229 3.932537078857422 0
1642665241521 3.1316418647766113 0
1642665246807 3.7381863594055176 0
1642665252095 5.024357795715332 0
1642665257371 5.11185884475708 0
1642665262655 3.587423801422119 0
1642665267941 3.9273056983947754 0
1642665274224 3.8598785400390625 0
1642665279562 3.573462963104248 0
1642665284846 4.289474964141846 0
1642665290132 3.222740650177002 0
1642665295429 3.886176824569702 0
1642665300711 3.408951759338379 0
1642665305995 3.854980707168579 0
1642665311264 3.7023186683654785 0
1642665316546 3.495100498199463 0
1642665321864 4.21574592590332 0
1642665327143 4.2735395431518555 0
1642665332428 4.73100471496582 0
1642665337710 4.560251235961914 0
1642665342981 3.8533432483673096 0
1642665348276 3.9466776847839355 0
1642665353551 4.407752990722656 0
1642665358801 3.0512118339538574 0
1642665364071 5.010166645050049 0
1642665369336 7.39528226852417 0
1642665374610 4.985673904418945 0
1642665380878 4.191530704498291 0
1642665386192 3.70703125 0
1642665391474 3.5990846157073975 0
1642665396789 3.4643800258636475 0
1642665402070 5.212131977081299 0
1642665407345 3.5622544288635254 0
1642665412643 5.317880630493164 0
1642665417898 3.8110876083374023 0
1642665423188 4.087594985961914 0
1642665428468 4.069965362548828 0
1642665433733 3.650217056274414 0
1642665439002 2.977626323699951 0
1642665444271 3.4092142581939697 0
1642665449539 3.8226757049560547 0
1642665454800 3.2741971015930176 0
1642665460058 3.827174186706543 0
1642665465372 2.9091110229492188 0
1642665470661 4.241386413574219 0
1642665475951 4.507170677185059 0
1642665481242 3.7920007705688477 0
1642665487528 4.777443885803223 0
1642665492884 4.20574951171875 0
1642665498171 4.031842231750488 0
1642665503461 4.037113189697266 0
1642665508735 5.329033851623535 0
1642665514017 3.9079887866973877 0
1642665519303 3.1381726264953613 0
1642665524581 4.5236711502075195 0
1642665529868 3.566901206970215 0
1642665535148 4.107367038726807 0
1642665540423 3.6741690635681152 0
1642665545711 4.296341896057129 0
1642665551288 4.137066841125488 0
1642665556800 3.579190492630005 0
1642665562082 4.978703498840332 0
1642665567578 3.2010931968688965 0
1642665572958 4.593164920806885 0
1642665578239 4.956464767456055 0
1642665583525 4.523030757904053 0
1642665588799 4.164045333862305 0
1642665595070 5.352515697479248 0
1642665600381 3.6056251525878906 0
1642665605652 3.0801377296447754 0
1642665610920 4.453092575073242 0
1642665616197 4.314770221710205 0
1642665621466 4.022045135498047 0
1642665626755 3.592216730117798 0
1642665632028 3.6792519092559814 0
1642665637274 3.2421751022338867 0
1642665642525 2.628445625305176 0
1642665647786 3.9244799613952637 0
1642665653053 3.471440315246582 0
1642665658314 3.0355026721954346 0
1642665663600 4.68548583984375 0
1642665668844 4.854458808898926 0
1642665674112 4.597308158874512 0
1642665679372 4.642772674560547 0
1642665684617 4.1083831787109375 0
1642665689884 3.8067121505737305 0
1642665695129 3.9834775924682617 0
1642665701674 4.954077243804932 0
1642665706998 3.3823347091674805 0
1642665712285 5.180628776550293 0
1642665717549 2.1267712116241455 0
1642665722833 3.045056104660034 0
1642665728107 3.790031909942627 0
1642665733382 4.336211204528809 0
1642665738655 6.138388156890869 0
1642665743924 4.1081624031066895 0
1642665749190 4.468647480010986 0
1642665754454 4.24304723739624 0
1642665759725 2.9235589504241943 0
1642665764997 4.244299411773682 0
1642665770259 4.343629837036133 0
1642665775537 3.4405837059020996 0
1642665780807 2.6906166076660156 0
1642665786078 3.0916528701782227 0
1642665791331 3.933927536010742 0
1642665796603 3.9593842029571533 0
1642665801867 3.8734798431396484 0
1642665808118 3.974036931991577 0
1642665813458 4.371739387512207 0
1642665818743 3.5911903381347656 0
1642665824019 3.3298914432525635 0
1642665829293 3.0056955814361572 0
1642665834571 2.7774744033813477 0
1642665839996 4.390969276428223 0
1642665845290 4.470729827880859 0
1642665850562 3.361876964569092 0
1642665855836 3.030601739883423 0
1642665861099 3.1383228302001953 0
1642665866365 5.026993751525879 0
1642665871663 4.394781112670898 0
1642665876931 3.343255043029785 0
1642665882209 4.302878379821777 0
1642665887495 3.3212709426879883 0
1642665892763 2.9846386909484863 0
1642665898045 3.8798770904541016 0
1642665903315 4.812838554382324 0
1642665908589 4.402135372161865 0
1642665914856 2.953829526901245 0
1642665920179 2.5968682765960693 0
1642665925456 4.308642387390137 0
1642665930737 2.7576074600219727 0
1642665936004 3.770930051803589 0
1642665941291 4.4783935546875 0
1642665946570 3.557892084121704 0
1642665951834 4.9734625816345215 0
1642665957113 3.6076877117156982 0
1642665962397 2.7242798805236816 0
1642665967680 3.199608564376831 0
1642665972946 4.593401908874512 0
1642665978209 3.4290456771850586 0
1642665983489 4.11600399017334 0
1642665988756 4.624391555786133 0
1642665994029 4.060731887817383 0
1642665999304 3.304246425628662 0
1642666004569 3.3425912857055664 0
1642666009831 4.115810394287109 0
1642666015111 3.4806573390960693 0
1642666021372 4.9298272132873535 0
1642666026685 4.625249862670898 0
1642666031961 2.8270115852355957 0
1642666037239 4.359673023223877 0
1642666042552 2.7822933197021484 0
1642666047833 3.538154125213623 0
1642666053101 3.344512939453125 0
1642666058380 3.504696846008301 0
1642666063647 4.566415786743164 0
1642666068924 4.521674156188965 0
1642666074192 3.763767719268799 0
1642666079497 2.972593307495117 0
1642666084778 2.9916419982910156 0
1642666090058 4.187580108642578 0
1642666095318 3.14076828956604 0
1642666100582 4.819725036621094 0
1642666105855 4.341111660003662 0
1642666111118 3.485287666320801 0
1642666116390 3.6030466556549072 0
1642666121653 3.9588022232055664 0
1642666127910 3.4247047901153564 0
1642666133232 2.871872663497925 0
1642666138511 3.152942657470703 0
1642666143783 4.933990955352783 0
1642666149063 3.9336163997650146 0
1642666154349 3.0217514038085938 0
1642666159629 3.7721669673919678 0
1642666164900 3.9198176860809326 0
1642666170167 3.2855868339538574 0
1642666175435 3.063718318939209 0
1642666180707 3.337911605834961 0
1642666185980 3.389451026916504 0
1642666191262 3.929713010787964 0
1642666196537 3.324418544769287 0
1642666201815 5.004874229431152 0
1642666207088 3.9835920333862305 0
1642666212362 2.0341579914093018 0
1642666217634 4.0967278480529785 0
1642666222915 3.530632257461548 0
1642666228178 2.653014659881592 0
1642666234430 3.8710222244262695 0
1642666239716 3.8052494525909424 0
1642666244963 3.9756646156311035 0
1642666250221 3.5204389095306396 0
1642666255467 3.7658262252807617 0
1642666260714 3.878385305404663 0
1642666265959 3.9433200359344482 0
1642666271225 3.216757297515869 0
1642666276470 3.392730236053467 0
1642666281710 3.3059422969818115 0
1642666286954 3.4709267616271973 0
1642666292199 3.2518558502197266 0
1642666297450 2.9213600158691406 0
1642666302694 2.198082208633423 0
1642666307960 3.792705535888672 0
1642666313235 3.5811030864715576 0
1642666318507 3.520203113555908 0
1642666323767 2.9507486820220947 0
1642666329043 4.128597259521484 0
1642666334303 5.074692249298096 0
1642666340899 3.6830086708068848 0
1642666346182 3.738884925842285 0
1642666351434 3.4266374111175537 0
1642666356695 3.7421836853027344 0
1642666361947 4.039929389953613 0
1642666367207 3.752216339111328 0
1642666372449 2.9424545764923096 0
1642666377705 3.150613784790039 0
1642666382961 2.9574661254882812 0
1642666388201 3.5012331008911133 0
1642666393438 2.1599221229553223 0
1642666398687 3.5807318687438965 0
1642666403942 3.7415053844451904 0
1642666409188 3.9715728759765625 0
1642666414434 3.48427677154541 0
1642666419681 3.6416265964508057 0
1642666424942 3.3378775119781494 0
1642666430178 4.121607303619385 0
1642666435440 3.895904541015625 0
1642666440694 3.9761624336242676 0
1642666446936 3.789020538330078 0
1642666452224 5.636488914489746 0
1642666457476 3.7903831005096436 0
1642666462741 3.567512035369873 0
1642666468004 4.415787696838379 0
1642666473254 3.160017251968384 0
1642666478498 2.8103256225585938 0
1642666483759 3.835643768310547 0
1642666489026 3.7896695137023926 0
1642666494295 2.848552703857422 0
1642666499565 4.515080451965332 0
1642666504840 3.678783416748047 0
1642666510107 3.867401123046875 0
1642666515374 3.732240676879883 0
1642666520642 3.4557547569274902 0
1642666525910 4.040164470672607 0
1642666531174 2.9339723587036133 0
1642666536437 5.004329204559326 0
1642666541707 3.5789878368377686 0
1642666546983 5.300246715545654 0
1642666553229 2.8683948516845703 0
1642666558542 2.541928291320801 0
1642666563827 3.5955121517181396 0
1642666569117 3.304889678955078 0
1642666574382 4.094485759735107 0
1642666579658 3.31088924407959 0
1642666584929 2.878706693649292 0
1642666590203 4.922377109527588 0
1642666595479 3.513300657272339 0
1642666600760 3.521531820297241 0
1642666606036 3.320559501647949 0
1642666611309 2.8845744132995605 0
1642666616601 2.7910447120666504 0
1642666621898 5.35001802444458 0
1642666627185 3.434688091278076 0
1642666632457 3.1633970737457275 0
1642666637734 2.6508398056030273 0
1642666643021 3.797867774963379 0
1642666648283 4.538807392120361 0
1642666653550 2.6058669090270996 0
1642666659813 3.91341233253479 0
1642666665136 2.599372386932373 0
1642666670412 3.970520496368408 0
1642666675694 3.988593101501465 0
1642666680995 3.3166773319244385 0
1642666686469 3.0382161140441895 0
1642666691946 3.4290127754211426 0
1642666697352 2.6505610942840576 0
1642666702785 4.049558639526367 0
1642666708286 3.700449228286743 0
1642666713604 4.417882919311523 0
1642666718895 3.9728586673736572 0
1642666724191 3.441734552383423 0
1642666729474 2.3563742637634277 0
1642666734731 5.3553338050842285 0
1642666739996 2.6090922355651855 0
1642666745273 3.864130735397339 0
1642666750552 4.014009952545166 0
1642666755827 3.4854657649993896 0
1642666761075 3.9399354457855225 0
1642666767329 3.705810785293579 0
1642666772620 3.690951347351074 0
1642666777903 3.5924601554870605 0
1642666783166 3.9054412841796875 0
1642666788424 3.667409658432007 0
1642666793673 6.039413928985596 0
1642666798946 3.899588108062744 0
1642666804210 4.521242618560791 0
1642666809488 3.96372652053833 0
1642666814739 4.3904008865356445 0
1642666819993 3.5794920921325684 0
1642666825236 2.5337445735931396 0
1642666830500 4.022475242614746 0
1642666835752 2.906158208847046 0
1642666841004 3.1506130695343018 0
1642666846247 3.544428825378418 0
1642666851511 3.845365285873413 0
1642666856771 3.141644239425659 0
1642666862042 2.7882962226867676 0
1642666867299 2.628978967666626 0
1642666873540 2.7139899730682373 0
1642666878847 2.957509994506836 0
1642666884106 3.8221170902252197 0
1642666889370 5.048845291137695 0
1642666894631 4.461811065673828 0
1642666899901 4.601744651794434 0
1642666905160 3.360497236251831 0
1642666910419 4.70112943649292 0
1642666915687 3.5358855724334717 0
1642666920955 3.3507132530212402 0
1642666926212 4.363700866699219 0
1642666931490 3.6981022357940674 0
1642666936753 3.29805850982666 0
1642666942022 3.325383186340332 0
1642666947280 3.463789701461792 0
1642666952595 4.1667327880859375 0
1642666957855 3.3905906677246094 0
1642666963114 3.6417813301086426 0
1642666968377 2.3817660808563232 0
1642666973632 3.9515113830566406 0
1642666979883 3.801548719406128 0
1642666985202 4.615384101867676 0
1642666990463 3.123264789581299 0
1642666995739 4.153306007385254 0
1642667001018 2.5309524536132812 0
1642667006297 3.0097641944885254 0
1642667011555 3.441943883895874 0
1642667016835 3.664729118347168 0
1642667022117 4.39807653427124 0
1642667027409 3.838676691055298 0
1642667032705 3.502413272857666 0
1642667038018 3.287060260772705 0
1642667043320 3.796870231628418 0
1642667048610 2.497978925704956 0
1642667053894 2.522883176803589 0
1642667059187 4.321291923522949 0
1642667064462 3.0706048011779785 0
1642667069749 2.4526751041412354 0
1642667075039 4.2724103927612305 0
1642667080332 3.047882080078125 0
1642667086624 4.140414714813232 0
1642667091944 2.494701862335205 0
1642667097242 3.040389060974121 0
1642667102540 4.1916961669921875 0
1642667107831 2.4184176921844482 0
1642667113130 3.513028621673584 0
1642667118422 3.4820711612701416 0
1642667123708 3.510490655899048 0
1642667129001 3.0375590324401855 0
1642667134284 3.6980044841766357 0
1642667139576 2.958127737045288 0
1642667144878 2.8190338611602783 0
1642667150180 2.5418431758880615 0
1642667155474 4.091828346252441 0
1642667160773 3.0289862155914307 0
1642667166080 2.760038375854492 0
1642667171383 4.360915184020996 0
1642667176680 3.7374379634857178 0
1642667181984 3.2783281803131104 0
1642667187278 2.4423670768737793 0
1642667194032 3.5248186588287354 0
1642667199360 3.475172758102417 0
1642667204648 3.7914280891418457 0
1642667209938 2.882864475250244 0
1642667215220 3.2971251010894775 0
1642667220513 4.129779815673828 0
1642667225806 2.835639476776123 0
1642667231092 2.8403522968292236 0
1642667236365 2.8884005546569824 0
1642667241654 3.171708106994629 0
1642667246938 3.021111488342285 0
1642667252220 2.766456127166748 0
1642667257510 4.373564720153809 0
1642667262787 2.277411937713623 0
1642667268082 3.4928340911865234 0
1642667273369 3.983227491378784 0
1642667278649 3.808443546295166 0
1642667283947 3.0329177379608154 0
1642667289234 4.342738628387451 0
1642667294512 3.9658262729644775 0
1642667300766 3.9152297973632812 0
1642667306084 2.9066240787506104 0
1642667311372 4.802350044250488 0
1642667316662 2.721811294555664 0
1642667321937 3.319617986679077 0
1642667327223 4.606475830078125 0
1642667332499 3.334486961364746 0
1642667337772 2.949279308319092 0
1642667343055 4.010051727294922 0
1642667348336 2.450805902481079 0
1642667353604 2.050631284713745 0
1642667358876 3.323578357696533 0
1642667364147 3.6332647800445557 0
1642667369427 4.771230697631836 0
1642667374701 3.6247572898864746 0
1642667379980 3.81211519241333 0
1642667385267 3.8413212299346924 0
1642667390549 2.986527919769287 0
1642667395829 3.5033528804779053 0
1642667401120 3.644619941711426 0
1642667407386 2.59377384185791 0
1642667412740 2.4967751502990723 0
1642667418051 4.988644123077393 0
1642667423364 3.9135537147521973 0
1642667428663 3.1871628761291504 0
1642667433948 3.0584568977355957 0
1642667439232 3.670408248901367 0
1642667444511 3.5446126461029053 0
1642667449830 4.226260185241699 0
1642667455130 2.5862317085266113 0
1642667460440 2.5124475955963135 0
1642667465740 3.551210641860962 0
1642667471046 2.309765100479126 0
1642667476342 3.244109630584717 0
1642667481650 2.369616985321045 0
1642667486950 3.6483240127563477 0
1642667492254 3.1372437477111816 0
1642667497558 2.8207926750183105 0
1642667502863 3.8168277740478516 0
1642667508178 3.329578399658203 0
1642667514450 1.8408701419830322 0
1642667519799 3.0378923416137695 0
1642667525091 2.6286375522613525 0
1642667530396 2.862743854522705 0
1642667535689 2.70024037361145 0
1642667540989 2.9364383220672607 0
1642667546285 4.348107814788818 0
1642667551586 3.2963531017303467 0
1642667556884 3.469712734222412 0
1642667562178 3.7593400478363037 0
1642667567477 3.63484263420105 0
1642667572778 2.268178939819336 0
1642667578083 3.0042455196380615 0
1642667583383 3.4803359508514404 0
1642667588684 3.9169859886169434 0
1642667593981 2.7862660884857178 0
1642667599278 2.8429460525512695 0
1642667604607 3.6035237312316895 0
1642667609902 3.0190398693084717 0
1642667615207 3.0446152687072754 0
1642667621496 3.2211010456085205 0
1642667626817 3.3805320262908936 0
1642667632098 3.748631238937378 0
1642667637471 1.608269214630127 0
1642667642789 3.9816479682922363 0
1642667648076 2.6819841861724854 0
1642667653350 3.879732370376587 0
1642667658623 4.355393886566162 0
1642667663903 4.466312408447266 0
1642667669180 3.555107593536377 0
1642667674454 3.2212939262390137 0
1642667679728 3.2531955242156982 0
1642667685000 3.756225347518921 0
1642667690274 3.4837634563446045 0
1642667695543 2.7811062335968018 0
1642667700812 2.309335470199585 0
1642667706087 2.901876211166382 0
1642667711356 3.518195629119873 0
1642667716621 2.735856533050537 0
1642667721892 2.389597177505493 0
1642667728152 2.9157495498657227 0
1642667733464 4.148321628570557 0
1642667738734 3.0794191360473633 0
1642667744014 3.9243178367614746 0
1642667749291 3.1009764671325684 0
1642667754573 3.222952365875244 0
1642667759858 2.6698484420776367 0
1642667765124 3.643280029296875 0
1642667770408 3.4659628868103027 0
1642667775680 2.564427375793457 0
1642667780959 4.001514434814453 0
1642667786241 2.7598941326141357 0
1642667791518 3.2963790893554688 0
1642667796803 3.061695098876953 0
1642667802082 2.4093360900878906 0
1642667807360 3.1867403984069824 0
1642667812648 2.100203275680542 0
1642667817921 3.969733476638794 0
1642667823211 3.7734265327453613 0
1642667828499 2.6533191204071045 0
1642667834763 4.186574459075928 0
1642667840254 2.5543606281280518 0
1642667845766 3.319549083709717 0
1642667851189 4.014308452606201 0
1642667856595 3.5516061782836914 0
1642667862009 3.0500292778015137 0
1642667867433 3.917668342590332 0
1642667872997 3.722851514816284 0
1642667878458 3.0844814777374268 0
1642667883908 3.3455779552459717 0
1642667889260 2.935987949371338 0
1642667894738 3.6080210208892822 0
1642667900174 3.7528743743896484 0
1642667905463 3.2769570350646973 0
1642667910740 3.4549131393432617 0
1642667916025 3.435328483581543 0
1642667921311 4.574470520019531 0
1642667926595 2.882234573364258 0
1642667931878 3.1428163051605225 0
1642667937168 4.570971965789795 0
1642667943448 4.183112144470215 0
1642667948813 4.011175632476807 0
1642667954114 3.4126033782958984 0
1642667959408 1.9299516677856445 0
1642667964702 2.871729850769043 0
1642667969991 3.4978911876678467 0
