1634531848045 0 0
1634531851111 1 0
1634531852770 2 0
1634531854411 3 0
1634531856068 4 0
1634531857710 5 0
1634531859384 6 0
1634531861105 7 0
1634531862809 8 0
1634531864514 9 0
1634531866173 10 0
1634531869189 11 0
1634531870886 12 0
1634531872605 13 0
1634531874295 14 0
1634531876000 15 0
1634531877708 16 0
1634531879396 17 0
1634531881085 18 0
1634531882757 19 0
1634531884430 20 0
1634531887528 21 0
1634531889208 22 0
1634531890967 23 0
1634531892686 24 0
1634531894426 25 0
1634531896163 26 0
1634531897867 27 0
1634531899602 28 0
1634531901339 29 0
1634531903075 30 0
1634531906142 31 0
1634531907819 32 0
1634531909487 33 0
1634531911187 34 0
1634531912940 35 0
1634531914660 36 0
1634531916382 37 0
1634531918106 38 0
1634531919825 39 0
1634531921610 40 0
1634531924718 41 0
1634531926436 42 0
1634531928156 43 0
1634531929843 44 0
1634531931563 45 0
1634531933298 46 0
1634531935018 47 0
1634531936744 48 0
1634531938464 49 0
1634531940183 50 0
1634531943214 51 0
1634531944906 52 0
1634531946609 53 0
1634531948330 54 0
1634531950081 55 0
1634531951780 56 0
1634531953471 57 0
1634531955160 58 0
1634531956828 59 0
1634531958537 60 0
1634531961598 61 0
1634531963282 62 0
1634531964949 63 0
1634531966651 64 0
1634531968330 65 0
1634531970001 66 0
1634531971680 67 0
1634531973384 68 0
1634531975067 69 0
1634531976781 70 0
1634531979929 71 0
1634531981616 72 0
1634531983353 73 0
1634531985071 74 0
1634531986833 75 0
1634531988569 76 0
1634531990283 77 0
1634531991984 78 0
1634531993705 79 0
1634531995499 80 0
1634531998622 81 0
1634532000202 82 0
1634532001827 83 0
1634532003421 84 0
1634532005043 85 0
1634532006704 86 0
1634532008308 87 0
1634532009903 88 0
1634532011552 89 0
1634532013168 90 0
1634532016236 91 0
1634532017840 92 0
1634532019482 93 0
1634532021068 94 0
1634532022724 95 0
1634532024458 96 0
1634532026201 97 0
1634532027882 98 0
1634532029604 99 0
1634532031324 100 0
1634532034558 101 0
1634532036278 102 0
1634532038000 103 0
1634532039701 104 0
1634532041489 105 0
1634532043176 106 0
1634532044816 107 0
1634532046382 108 0
1634532047962 109 0
1634532049557 110 0
1634532052553 111 0
1634532054116 112 0
1634532055731 113 0
1634532057380 114 0
1634532058979 115 0
1634532060549 116 0
1634532062124 117 0
1634532063745 118 0
1634532065326 119 0
1634532066921 120 0
1634532069908 121 0
1634532071471 122 0
1634532073067 123 0
1634532074644 124 0
1634532076225 125 0
1634532077890 126 0
1634532079641 127 0
1634532081362 128 0
1634532084801 129 0
1634532086469 130 0
1634532089488 131 0
1634532091096 132 0
1634532092692 133 0
1634532094271 134 0
1634532095863 135 0
1634532097472 136 0
1634532099075 137 0
1634532100690 138 0
1634532102309 139 0
1634532103888 140 0
1634532106953 141 0
1634532108605 142 0
1634532110237 143 0
1634532111862 144 0
1634532113494 145 0
1634532115123 146 0
1634532116779 147 0
1634532118378 148 0
1634532119993 149 0
1634532121592 150 0
1634532124582 151 0
1634532126161 152 0
1634532127743 153 0
1634532129325 154 0
1634532130925 155 0
1634532132559 156 0
1634532134255 157 0
1634532135867 158 0
1634532137505 159 0
1634532139150 160 0
1634532142254 161 0
1634532143863 162 0
1634532145508 163 0
1634532147118 164 0
1634532148730 165 0
1634532150323 166 0
1634532152014 167 0
1634532153642 168 0
1634532155221 169 0
1634532156821 170 0
1634532159818 171 0
1634532161431 172 0
1634532163057 173 0
1634532164683 174 0
1634532166375 175 0
1634532168101 176 0
1634532169775 177 0
1634532171490 178 0
1634532173138 179 0
1634532174821 180 0
1634532178194 181 0
1634532179903 182 0
1634532181512 183 0
1634532183197 184 0
1634532184892 185 0
1634532186543 186 0
1634532188256 187 0
1634532189920 188 0
1634532191598 189 0
1634532193315 190 0
1634532196478 191 0
1634532198158 192 0
1634532199914 193 0
1634532201629 194 0
1634532203380 195 0
1634532205144 196 0
1634532206859 197 0
