1634531848045 2.3594489097595215 0
1634531851111 1.798107385635376 0
1634531852770 2.8222169876098633 0
1634531854427 3.3721203804016113 0
1634531856068 1.7775979042053223 0
1634531857710 2.0737178325653076 0
1634531859389 1.5763272047042847 0
1634531861105 1.4093164205551147 0
1634531862809 1.7940890789031982 0
1634531864514 1.949617624282837 0
1634531866189 1.4306448698043823 0
1634531869189 0.9207322001457214 0
1634531870901 1.513158917427063 0
1634531872621 1.4499585628509521 0
1634531874295 1.279052972793579 0
1634531876000 1.1725807189941406 0
1634531877708 1.479839563369751 0
1634531879396 1.4344351291656494 0
1634531881085 1.1330288648605347 0
1634531882757 1.3903052806854248 0
1634531884430 1.1400837898254395 0
1634531887528 1.2231483459472656 0
1634531889224 1.776582956314087 0
1634531890967 1.4817122220993042 0
1634531892702 1.6168640851974487 0
1634531894426 1.5964545011520386 0
1634531896163 1.866283655166626 0
1634531897883 1.2711125612258911 0
1634531899602 1.4177215099334717 0
1634531901339 2.0585289001464844 0
1634531903075 1.7259165048599243 0
1634531906158 1.7892545461654663 0
1634531907830 1.326490044593811 0
1634531909487 1.7246975898742676 0
1634531911187 1.5319136381149292 0
1634531912940 1.4226125478744507 0
1634531914660 1.6917589902877808 0
1634531916382 1.7129456996917725 0
1634531918106 1.6072474718093872 0
1634531919825 1.2813001871109009 0
1634531921614 1.3890514373779297 0
1634531924734 1.6613667011260986 0
1634531926436 1.3896044492721558 0
1634531928156 1.0631532669067383 0
1634531929843 1.1186226606369019 0
1634531931563 1.1552094221115112 0
1634531933298 1.376796841621399 0
1634531935018 1.2646734714508057 0
1634531936744 1.2828164100646973 0
1634531938464 1.4742100238800049 0
1634531940183 1.4576507806777954 0
1634531943229 1.3994359970092773 0
1634531944922 1.3320027589797974 0
1634531946614 1.1746923923492432 0
1634531948335 1.2602862119674683 0
1634531950086 1.482629656791687 0
1634531951789 1.4033198356628418 0
1634531953475 1.4568276405334473 0
1634531955165 1.6567384004592896 0
1634531956831 1.4787927865982056 0
1634531958541 1.6935486793518066 0
1634531961603 1.5045775175094604 0
1634531963287 1.3454185724258423 0
1634531964949 1.1474995613098145 0
1634531966656 1.3454351425170898 0
1634531968335 1.1415269374847412 0
1634531970017 1.448907494544983 0
1634531971696 1.5897469520568848 0
1634531973386 1.3827173709869385 0
1634531975087 1.21318519115448 0
1634531976785 1.172089695930481 0
1634531979932 1.6985071897506714 0
1634531981632 1.3961193561553955 0
1634531983353 1.4550824165344238 0
1634531985076 1.126149296760559 0
1634531986838 1.37099289894104 0
1634531988571 1.3632253408432007 0
1634531990287 1.2660953998565674 0
1634531991989 1.430790901184082 0
1634531993709 1.3115172386169434 0
1634531995504 1.1640573740005493 0
1634531998626 1.3465138673782349 0
1634532000202 1.3656728267669678 0
1634532001827 1.7689372301101685 0
1634532003421 1.4616016149520874 0
1634532005047 1.589880347251892 0
1634532006704 1.538433313369751 0
1634532008324 1.9843966960906982 0
1634532009903 1.2844388484954834 0
1634532011552 1.1936613321304321 0
1634532013173 1.3178132772445679 0
1634532016236 1.3575598001480103 0
1634532017840 1.1427525281906128 0
1634532019482 1.1547834873199463 0
1634532021068 1.1689292192459106 0
1634532022724 1.2718238830566406 0
1634532024463 1.34503173828125 0
1634532026201 1.4407496452331543 0
1634532027897 1.4372975826263428 0
1634532029620 1.095900535583496 0
1634532031340 1.1093027591705322 0
1634532034558 1.3315781354904175 0
1634532036278 1.4091874361038208 0
1634532038000 1.3132134675979614 0
1634532039707 1.185530662536621 0
1634532041493 1.1393132209777832 0
1634532043182 1.37168288230896 0
1634532044816 1.5248922109603882 0
1634532046398 1.4938539266586304 0
1634532047978 1.4585847854614258 0
1634532049557 1.0356844663619995 0
1634532052553 1.1330838203430176 0
1634532054116 1.0950560569763184 0
1634532055735 1.3312780857086182 0
1634532057380 1.3821210861206055 0
1634532058979 1.5735385417938232 0
1634532060549 1.1197398900985718 0
1634532062140 1.3115887641906738 0
1634532063745 1.2148146629333496 0
1634532065326 0.9491180181503296 0
1634532066921 1.3727840185165405 0
1634532069908 1.0648514032363892 0
1634532071487 1.2086262702941895 0
1634532073067 0.9413484334945679 0
1634532074660 1.5270260572433472 0
1634532076241 1.067285418510437 0
1634532077890 1.260169506072998 0
1634532079641 1.3437045812606812 0
1634532081362 0.945939302444458 0
1634532084801 0.946356475353241 0
1634532086469 1.2556583881378174 0
1634532089492 0.9767396450042725 0
1634532091101 1.1275742053985596 0
1634532092697 1.348644495010376 0
1634532094271 1.178964614868164 0
1634532095863 1.3665345907211304 0
1634532097477 0.9378846883773804 0
1634532099080 1.3433891534805298 0
1634532100693 1.2136927843093872 0
1634532102314 1.091233730316162 0
1634532103904 0.844541072845459 0
1634532106953 0.7883550524711609 0
1634532108610 1.2196426391601562 0
1634532110243 1.0494396686553955 0
1634532111866 0.7917647957801819 0
1634532113499 0.9023300409317017 0
1634532115128 1.196427345275879 0
1634532116784 1.2442272901535034 0
1634532118378 1.145573377609253 0
1634532119998 1.1220145225524902 0
1634532121592 1.2533693313598633 0
1634532124582 1.147560954093933 0
1634532126166 1.2922216653823853 0
1634532127748 1.0550087690353394 0
1634532129330 1.1109257936477661 0
1634532130925 1.3024659156799316 0
1634532132564 0.7969454526901245 0
1634532134260 1.033820629119873 0
1634532135867 0.7569972276687622 0
1634532137505 1.1386597156524658 0
1634532139166 1.153926968574524 0
1634532142258 1.9126548767089844 0
1634532143863 1.3712058067321777 0
1634532145513 1.1958365440368652 0
1634532147133 1.5584179162979126 0
1634532148730 1.0822350978851318 0
1634532150323 0.7188657522201538 0
1634532152014 1.754682183265686 0
1634532153642 0.9178439974784851 0
1634532155237 1.0725995302200317 0
1634532156821 1.6060423851013184 0
1634532159818 2.463838815689087 0
1634532161446 1.7001969814300537 0
1634532163062 1.6302517652511597 0
1634532164683 0.9054663777351379 0
1634532166379 1.6437304019927979 0
1634532168106 1.3843921422958374 0
1634532169779 1.723442792892456 0
1634532171495 1.6178163290023804 0
1634532173157 1.631503939628601 0
1634532174821 1.1493983268737793 0
1634532178198 1.608513593673706 0
1634532179903 1.8894940614700317 0
1634532181512 1.0787403583526611 0
1634532183201 1.3482664823532104 0
1634532184897 1.1733993291854858 0
1634532186559 2.174652099609375 0
1634532188260 1.5588065385818481 0
1634532189920 1.9229964017868042 0
1634532191603 1.4127671718597412 0
1634532193320 1.3799132108688354 0
1634532196482 1.592451572418213 0
1634532198166 1.2936409711837769 0
1634532199914 1.6012287139892578 0
1634532201633 1.9341620206832886 0
1634532203385 1.8190449476242065 0
1634532205149 1.8967325687408447 0
1634532206875 1.5529669523239136 0
