1634531848060 0.9647046327590942 0
1634531851111 1.195780485868454 0
1634531852770 1.0040473639965057 0
1634531854427 0.7930266559123993 0
1634531856068 0.641707181930542 0
1634531857725 0.6552974134683609 0
1634531859394 0.5269560813903809 0
1634531861105 0.5109284520149231 0
1634531862809 0.7918110489845276 0
1634531864514 0.47220759093761444 0
1634531866189 0.715905487537384 0
1634531869205 0.36873897910118103 0
1634531870901 0.7074185013771057 0
1634531872621 0.3790711611509323 0
1634531874295 0.6896523386240005 0
1634531876016 0.3786407336592674 0
1634531877724 0.44376273453235626 0
1634531879415 0.4782780408859253 0
1634531881085 0.3705400601029396 0
1634531882757 0.34771867096424103 0
1634531884443 0.37329936027526855 0
1634531887544 0.4068084806203842 0
1634531889224 0.43985533714294434 0
1634531890967 0.35924991220235825 0
1634531892702 0.6587122529745102 0
1634531894426 0.5171887874603271 0
1634531896163 0.693789929151535 0
1634531897883 0.3994120955467224 0
1634531899602 0.4181343615055084 0
1634531901339 0.6521235406398773 0
1634531903091 0.37635938078165054 0
1634531906158 0.6387748718261719 0
1634531907830 0.36602264642715454 0
1634531909503 0.5163226425647736 0
1634531911206 0.6062760055065155 0
1634531912940 0.34481269866228104 0
1634531914660 0.2966918796300888 0
1634531916397 0.3227863684296608 0
1634531918121 0.6390751600265503 0
1634531919841 0.6958376467227936 0
1634531921618 0.5414572656154633 0
1634531924734 0.478599414229393 0
1634531926436 0.28314200788736343 0
1634531928156 0.44223862886428833 0
1634531929858 0.293093279004097 0
1634531931579 0.4070129990577698 0
1634531933298 0.6124206632375717 0
1634531935018 0.3364220932126045 0
1634531936744 0.40767891705036163 0
1634531938464 0.40917348861694336 0
1634531940183 0.4480053037405014 0
1634531943229 0.41160543262958527 0
1634531944923 0.25323399901390076 0
1634531946618 0.3000934273004532 0
1634531948339 0.25156086683273315 0
1634531950091 0.4682314097881317 0
1634531951794 0.4551936835050583 0
1634531953479 0.3850976824760437 0
1634531955170 0.44679883122444153 0
1634531956836 0.29265549778938293 0
1634531958545 0.6383239328861237 0
1634531961607 0.48502248525619507 0
1634531963289 0.3362620174884796 0
1634531964949 0.23887500539422035 0
1634531966660 0.34779950976371765 0
1634531968339 0.35200732946395874 0
1634531970017 0.3620136231184006 0
1634531971701 0.5219924002885818 0
1634531973386 0.32481950521469116 0
1634531975091 0.27383895963430405 0
1634531976789 0.23931501060724258 0
1634531979936 0.5341200977563858 0
1634531981632 0.23020781576633453 0
1634531983353 0.4660042077302933 0
1634531985080 0.2693750597536564 0
1634531986843 0.3321968913078308 0
1634531988571 0.23794667050242424 0
1634531990287 0.22591090202331543 0
1634531991993 0.2774556502699852 0
1634531993713 0.38943779468536377 0
1634531995508 0.21200703084468842 0
1634531998630 0.3089071065187454 0
1634532000218 0.25113435834646225 0
1634532001843 0.36746110022068024 0
1634532003437 0.26193930953741074 0
1634532005051 0.42257632315158844 0
1634532006719 0.37687844038009644 0
1634532008324 0.2217729687690735 0
1634532009903 0.27426470816135406 0
1634532011552 0.4632085710763931 0
1634532013177 0.2941799908876419 0
1634532016236 0.4561297595500946 0
1634532017856 0.3114338666200638 0
1634532019482 0.30952775478363037 0
1634532021068 0.18122216314077377 0
1634532022740 0.20607779175043106 0
1634532024467 0.4086351916193962 0
1634532026201 0.4533323347568512 0
1634532027897 0.3771931380033493 0
1634532029620 0.20985893160104752 0
1634532031340 0.2174030765891075 0
1634532034574 0.4327556937932968 0
1634532036293 0.47127240896224976 0
1634532038000 0.2648052051663399 0
1634532039712 0.3177372068166733 0
1634532041497 0.22140230238437653 0
1634532043186 0.3123108595609665 0
1634532044832 0.25161944329738617 0
1634532046398 0.39237362146377563 0
1634532047978 0.30643072724342346 0
1634532049557 0.29913636296987534 0
1634532052553 0.29933246225118637 0
1634532054116 0.1787160262465477 0
1634532055739 0.2371416911482811 0
1634532057380 0.40768562257289886 0
1634532058979 0.29117336869239807 0
1634532060564 0.17962561920285225 0
1634532062140 0.27153803408145905 0
1634532063745 0.28150877356529236 0
1634532065342 0.1847728192806244 0
1634532066921 0.22570663690567017 0
1634532069924 0.21031036227941513 0
1634532071487 0.26873816549777985 0
1634532073067 0.17403923720121384 0
1634532074660 0.3500843048095703 0
1634532076241 0.2679198086261749 0
1634532077906 0.23165854811668396 0
1634532079656 0.3674134612083435 0
1634532081362 0.2258765995502472 0
1634532084801 0.18929392844438553 0
1634532086469 0.2028740867972374 0
1634532089497 0.15457811206579208 0
1634532091105 0.2675617188215256 0
1634532092702 0.1539052650332451 0
1634532094271 0.27497852593660355 0
1634532095863 0.2063581570982933 0
1634532097482 0.24267436563968658 0
1634532099085 0.45750580728054047 0
1634532100697 0.4432099759578705 0
1634532102318 0.22882044315338135 0
1634532103904 0.193688802421093 0
1634532106969 0.20891652256250381 0
1634532108615 0.24510512501001358 0
1634532110247 0.20797134190797806 0
1634532111870 0.16744498163461685 0
1634532113504 0.20916270464658737 0
1634532115133 0.17493269592523575 0
1634532116788 0.2098706215620041 0
1634532118378 0.18661125004291534 0
1634532120002 0.20697953552007675 0
1634532121607 0.23930583149194717 0
1634532124582 0.24470342695713043 0
1634532126170 0.35803867876529694 0
1634532127753 0.18601106852293015 0
1634532129334 0.32032283395528793 0
1634532130925 0.22651052474975586 0
1634532132568 0.20064228028059006 0
1634532134265 0.2610563039779663 0
1634532135882 0.1799849569797516 0
1634532137521 0.28923117369413376 0
1634532139166 0.18015071004629135 0
1634532142261 0.2566071078181267 0
1634532143863 0.37969430536031723 0
1634532145517 0.37990371882915497 0
1634532147133 0.3900323808193207 0
1634532148730 0.2774111405014992 0
1634532150323 0.40142977237701416 0
1634532152030 0.36697880923748016 0
1634532153642 0.2675720825791359 0
1634532155237 0.21009273082017899 0
1634532156837 0.18052692711353302 0
1634532159833 0.281631700694561 0
1634532161446 0.25423312187194824 0
1634532163067 0.261469766497612 0
1634532164699 0.3436146527528763 0
1634532166383 0.22436442226171494 0
1634532168110 0.17869550734758377 0
1634532169783 0.24093025922775269 0
1634532171499 0.36744362115859985 0
1634532173160 0.3306525871157646 0
1634532174837 0.21453168988227844 0
1634532178201 0.2629886865615845 0
1634532179903 0.2582438588142395 0
1634532181528 0.20161156356334686 0
1634532183206 0.28415437042713165 0
1634532184900 0.27426137775182724 0
1634532186559 0.3005423843860626 0
1634532188263 0.18014072626829147 0
1634532189920 0.40637247264385223 0
1634532191605 0.4224958121776581 0
1634532193322 0.152192834764719 0
1634532196485 0.3719029724597931 0
1634532198172 0.24512919411063194 0
1634532199930 0.38016079366207123 0
1634532201637 0.2688346207141876 0
1634532203389 0.22064615041017532 0
1634532205153 0.34825199097394943 0
1634532206875 0.2477520927786827 0
