1633946164007 0 0
1633946182086 0 0
1633946194742 0 0
1633946205555 0 0
1633946214758 0 0
1633946223595 0 0
1633946232695 0 0
1633946241919 0 0
1633946252018 0 0
1633946261161 0 0
1633946270300 0 0
1633946280516 0 0
1633946289726 0 0
1633946298822 0 0
1633946307908 0 0
1633946316855 0 0
1633946325964 0 0
1633946335143 0 0
1633946344318 0 0
1633946353415 0 0
1633946362519 0 0
1633946372781 0 0
1633946381863 0 0
1633946390953 0 0
1633946400058 0 0
1633946409118 0 0
1633946418217 0 0
1633946427854 0 0
1633946437428 0 0
1633946447033 0 0
1633946456598 0 0
1633946467684 0 0
1633946477463 0 0
1633946487231 0 0
1633946496815 0 0
1633946506606 0 0
1633946516674 0 0
1633946526104 0 0
