1633946164018 0.39092859625816345 0
1633946182097 0.3084540367126465 0
1633946194753 0.362408310174942 0
1633946205565 0.29471534490585327 0
1633946214768 0.3073873519897461 0
1633946223605 0.23626835644245148 0
1633946232710 0.2955155670642853 0
1633946241931 0.3107087314128876 0
1633946252029 0.21539850533008575 0
1633946261172 0.24672497808933258 0
1633946270310 0.29012706875801086 0
1633946280526 0.23299983143806458 0
1633946289737 0.19929583370685577 0
1633946298833 0.2664715051651001 0
1633946307918 0.2842954695224762 0
1633946316866 0.30522605776786804 0
1633946325974 0.34199032187461853 0
1633946335157 0.3263970911502838 0
1633946344329 0.3538222312927246 0
1633946353427 0.3498271405696869 0
1633946362532 0.4035739004611969 0
1633946372792 0.4194333255290985 0
1633946381874 0.29500383138656616 0
1633946390965 0.28323569893836975 0
1633946400069 0.2475082129240036 0
1633946409130 0.3400374948978424 0
1633946418233 0.25482094287872314 0
1633946427866 0.25941938161849976 0
1633946437439 0.2675831615924835 0
1633946447044 0.21381919085979462 0
1633946456610 0.2059250771999359 0
1633946467698 0.27286645770072937 0
1633946477474 0.3087741434574127 0
1633946487242 0.2747010588645935 0
1633946496829 0.2421932816505432 0
1633946506617 0.2022426426410675 0
1633946516686 0.19260556995868683 0
1633946526115 0.2445383369922638 0
