1633946164010 4.28046989440918 0
1633946182089 0.740231990814209 0
1633946194744 1.6006689071655273 0
1633946205557 2.1825759410858154 0
1633946214760 1.6822725534439087 0
1633946223597 1.116919755935669 0
1633946232698 1.2515969276428223 0
1633946241922 1.943855881690979 0
1633946252021 2.5032219886779785 0
1633946261164 2.4749410152435303 0
1633946270302 1.7971333265304565 0
1633946280518 3.9774539470672607 0
1633946289729 2.633363723754883 0
1633946298824 2.510270118713379 0
1633946307910 2.027230978012085 0
1633946316858 1.4976022243499756 0
1633946325966 3.2260899543762207 0
1633946335146 2.4965996742248535 0
1633946344321 3.6010215282440186 0
1633946353418 4.475386619567871 0
1633946362522 2.704291343688965 0
1633946372784 2.6427173614501953 0
1633946381866 2.455615997314453 0
1633946390956 3.374852180480957 0
1633946400061 2.4126574993133545 0
1633946409121 2.4919538497924805 0
1633946418221 2.3892173767089844 0
1633946427857 2.426974296569824 0
1633946437431 1.8306996822357178 0
1633946447035 2.4913883209228516 0
1633946456602 2.4254884719848633 0
1633946467688 2.4662561416625977 0
1633946477466 2.5107946395874023 0
1633946487234 2.4377384185791016 0
1633946496820 2.5507009029388428 0
1633946506609 2.3624401092529297 0
1633946516678 1.8852901458740234 0
1633946526107 2.1084647178649902 0
