1632471015256 0 0
1632471015493 0 0
1632471015730 0 0
1632471015964 0 0
1632471016198 0 0
1632471016439 0 0
1632471016674 0 0
1632471016908 0 0
1632471017142 0 0
1632471017377 0 0
1632471017612 0 0
1632471017847 0 0
1632471018082 0 0
1632471018317 0 0
1632471018553 0 0
1632471018803 0 0
1632471019038 0 0
1632471019273 0 0
1632471019499 0 0
1632471019734 0 0
1632471019984 0 0
1632471020217 0 0
1632471020452 0 0
1632471020687 0 0
1632471020922 0 0
1632471021172 0 0
1632471021406 0 0
1632471021640 0 0
1632471021860 0 0
1632471022096 0 0
1632471022345 0 0
1632471022580 0 0
1632471022815 0 0
1632471023050 0 0
1632471023285 0 0
1632471023537 0 0
1632471023772 0 0
1632471024005 0 0
1632471024240 0 0
1632471024468 0 0
1632471024719 0 0
1632471024953 0 0
1632471025187 0 0
1632471025422 0 0
1632471025656 0 0
1632471025907 0 0
1632471026142 0 0
1632471026377 0 0
1632471026611 0 0
1632471026830 0 0
1632471027080 0 0
1632471027315 0 0
1632471027550 0 0
1632471027785 0 0
1632471028019 0 0
1632471028269 0 0
1632471028489 0 0
1632471028723 0 0
