1632471015275 1.036583811044693 0
1632471015493 1.036583811044693 0
1632471015730 1.036583811044693 0
1632471015964 1.036583811044693 0
1632471016198 1.036583811044693 0
1632471016455 0.45854832231998444 0
1632471016674 0.45854832231998444 0
1632471016908 0.45854832231998444 0
1632471017142 0.45854832231998444 0
1632471017377 0.45854832231998444 0
1632471017628 0.925861120223999 0
1632471017863 0.925861120223999 0
1632471018097 0.925861120223999 0
1632471018317 0.925861120223999 0
1632471018553 0.925861120223999 0
1632471018803 0.7793035209178925 0
1632471019038 0.7793035209178925 0
1632471019280 0.7793035209178925 0
1632471019515 0.7793035209178925 0
1632471019749 0.7793035209178925 0
1632471019997 0.7935143411159515 0
1632471020232 0.7935143411159515 0
1632471020452 0.7935143411159515 0
1632471020687 0.7935143411159515 0
1632471020922 0.7935143411159515 0
1632471021172 0.48512405157089233 0
1632471021406 0.48512405157089233 0
1632471021640 0.48512405157089233 0
1632471021876 0.48512405157089233 0
1632471022111 0.48512405157089233 0
1632471022361 0.2639821693301201 0
1632471022595 0.2639821693301201 0
1632471022830 0.2639821693301201 0
1632471023066 0.2639821693301201 0
1632471023301 0.2639821693301201 0
1632471023537 0.7156497240066528 0
1632471023772 0.7156497240066528 0
1632471024005 0.7156497240066528 0
1632471024249 0.7156497240066528 0
1632471024483 0.7156497240066528 0
1632471024719 0.7846667468547821 0
1632471024953 0.7846667468547821 0
1632471025187 0.7846667468547821 0
1632471025422 0.7846667468547821 0
1632471025656 0.7846667468547821 0
1632471025907 0.4215080589056015 0
1632471026142 0.4215080589056015 0
1632471026377 0.4215080589056015 0
1632471026611 0.4215080589056015 0
1632471026845 0.4215080589056015 0
1632471027095 1.2744247913360596 0
1632471027331 1.2744247913360596 0
1632471027550 1.2744247913360596 0
1632471027785 1.2744247913360596 0
1632471028019 1.2744247913360596 0
1632471028269 0.8592323958873749 0
1632471028505 0.8592323958873749 0
1632471028740 0.8592323958873749 0
