1642668538334 -1 0
1642668546651 -1 0
1642668553713 -1 0
1642668560932 -1 0
1642668568103 -1 0
1642668575269 -1 0
1642668582630 -1 0
1642668590047 -1 0
1642668597381 -1 0
1642668604737 -1 0
1642668612025 -1 0
1642668619237 -1 0
1642668626283 -1 0
1642668633517 -1 0
1642668640917 -1 0
1642668648047 -1 0
1642668655247 -1 0
1642668662550 -1 0
1642668669768 -1 0
1642668677217 -1 0
1642668684563 -1 0
1642668693105 -1 0
1642668700564 -1 0
1642668707890 -1 0
1642668715337 -1 0
1642668722624 -1 0
1642668729915 -1 0
1642668737076 -1 0
1642668744231 -1 0
1642668751326 -1 0
1642668758356 -1 0
1642668765394 -1 0
1642668772413 -1 0
1642668779444 -1 0
1642668786470 -1 0
1642668793493 -1 0
1642668800512 -1 0
1642668807529 -1 0
1642668814794 -1 0
1642668821895 -1 0
1642668829089 -1 0
1642668837734 -1 0
1642668845106 -1 0
1642668852334 -1 0
1642668859642 -1 0
1642668866860 -1 0
1642668874139 -1 0
1642668881576 -1 0
1642668888725 -1 0
1642668895851 -1 0
1642668903005 -1 0
1642668910127 -1 0
1642668917204 -1 0
1642668924255 -1 0
1642668931312 -1 0
1642668938322 -1 0
1642668945502 -1 0
1642668952904 -1 0
1642668960291 -1 0
1642668967628 -1 0
1642668974922 -1 0
1642668983316 -1 0
1642668990558 -1 0
1642668997737 -1 0
1642669004888 -1 0
1642669011957 -1 0
1642669018977 -1 0
1642669026005 -1 0
1642669033037 -1 0
1642669040053 -1 0
1642669047069 -1 0
1642669054088 -1 0
1642669061102 -1 0
1642669068118 -1 0
1642669075215 -1 0
1642669082405 -1 0
1642669089505 -1 0
1642669096619 -1 0
