1642668538345 0.931507021188736 0
1642668546662 0.30783283710479736 0
1642668553723 0.11258562840521336 0
1642668560942 0.3487839251756668 0
1642668568114 0.4147529751062393 0
1642668575280 1.058319091796875 0
1642668582641 0.3558433949947357 0
1642668590057 0.3731070011854172 0
1642668597392 0.4976009428501129 0
1642668604747 0.4809706211090088 0
1642668612038 0.4117908179759979 0
1642668619248 0.5099064409732819 0
1642668626294 0.4585978537797928 0
1642668633532 0.3628910779953003 0
1642668640920 0.48427248001098633 0
1642668648058 0.46187111735343933 0
1642668655260 0.622750461101532 0
1642668662562 0.4447129815816879 0
1642668669779 0.616775393486023 0
1642668677227 0.46133576333522797 0
1642668684574 0.4647412598133087 0
1642668693116 0.4759635329246521 0
1642668700575 0.5001187175512314 0
1642668707899 0.44333982467651367 0
1642668715348 0.48050037026405334 0
1642668722635 0.45943936705589294 0
1642668729925 0.5034375488758087 0
1642668737086 0.480955570936203 0
1642668744241 0.5173944681882858 0
1642668751337 0.4837874174118042 0
1642668758366 0.5210990905761719 0
1642668765405 0.49519696831703186 0
1642668772423 0.5074533075094223 0
1642668779454 0.5025787353515625 0
1642668786481 0.5061337351799011 0
1642668793504 0.506745845079422 0
1642668800523 0.4969107508659363 0
1642668807539 0.5178011953830719 0
1642668814805 0.4944797158241272 0
1642668821906 0.4876411557197571 0
1642668829100 0.5161589086055756 0
1642668837744 0.49259153008461 0
1642668845116 0.503724068403244 0
1642668852345 0.49938760697841644 0
1642668859652 0.5035579204559326 0
1642668866871 0.4987807869911194 0
1642668874150 0.5023651123046875 0
1642668881586 0.5004382431507111 0
1642668888735 0.49848926067352295 0
1642668895862 0.5014558732509613 0
1642668903016 0.516223669052124 0
1642668910137 0.48129189014434814 0
1642668917215 0.49658411741256714 0
1642668924266 0.5003556460142136 0
1642668931322 0.49522915482521057 0
1642668938332 0.49596157670021057 0
1642668945513 0.5075354874134064 0
1642668952915 0.49972103536129 0
1642668960302 0.504443347454071 0
1642668967639 0.5270295143127441 0
1642668974933 0.5011293441057205 0
1642668983327 0.5144018530845642 0
1642668990569 0.49948522448539734 0
1642668997737 0.5007647573947906 0
1642669004899 0.5067737400531769 0
1642669011968 0.5282772183418274 0
1642669018988 0.5002569705247879 0
1642669026016 0.5000007450580597 0
1642669033048 0.5068411529064178 0
1642669040063 0.5071200132369995 0
1642669047080 0.5044794380664825 0
1642669054099 0.5017117857933044 0
1642669061112 0.48683853447437286 0
1642669068128 0.4920505881309509 0
1642669075226 0.4833899736404419 0
1642669082416 0.5018466114997864 0
1642669089516 0.4939248412847519 0
1642669096629 0.50495246052742 0
