1642668538343 0.7235268354415894 0
1642668546660 0.43504175543785095 0
1642668553721 0.4317502975463867 0
1642668560940 0.24449585378170013 0
1642668568112 0.43104028701782227 0
1642668575278 0.502332329750061 0
1642668582639 0.5465352535247803 0
1642668590055 0.24724185466766357 0
1642668597390 0.2263551652431488 0
1642668604745 0.17835566401481628 0
1642668612035 0.37532031536102295 0
1642668619246 0.2010122537612915 0
1642668626292 0.27615612745285034 0
1642668633532 0.32207146286964417 0
1642668640920 0.22069051861763 0
1642668648055 0.15570151805877686 0
1642668655258 0.2755002975463867 0
1642668662560 0.44576990604400635 0
1642668669777 0.2913089990615845 0
1642668677225 0.271854966878891 0
1642668684572 0.1627785861492157 0
1642668693114 0.201910138130188 0
1642668700573 0.1448504775762558 0
1642668707897 0.298439621925354 0
1642668715346 0.0967051088809967 0
1642668722633 0.1724984347820282 0
1642668729923 0.1335325539112091 0
1642668737084 0.2250577211380005 0
1642668744239 0.17860625684261322 0
1642668751335 0.08885990083217621 0
1642668758364 0.13360124826431274 0
1642668765402 0.08678020536899567 0
1642668772421 0.18557289242744446 0
1642668779452 0.1549643576145172 0
1642668786479 0.36882561445236206 0
1642668793502 0.13037928938865662 0
1642668800521 0.20523786544799805 0
1642668807537 0.18031442165374756 0
1642668814803 0.11747142672538757 0
1642668821904 0.1524409055709839 0
1642668829098 0.5288821458816528 0
1642668837742 0.15496951341629028 0
1642668845114 0.5321031808853149 0
1642668852343 0.256370484828949 0
1642668859650 0.1133028119802475 0
1642668866869 0.21123318374156952 0
1642668874148 0.23892055451869965 0
1642668881584 0.06485942751169205 0
1642668888733 0.13887129724025726 0
1642668895860 0.13369077444076538 0
1642668903014 0.15188603103160858 0
1642668910135 0.2925121784210205 0
1642668917213 0.10109009593725204 0
1642668924263 0.20330791175365448 0
1642668931320 0.22769379615783691 0
1642668938330 0.09221988171339035 0
1642668945511 0.1534145623445511 0
1642668952912 0.1548444628715515 0
1642668960300 0.2191895693540573 0
1642668967637 0.144729882478714 0
1642668974931 0.1800679862499237 0
1642668983325 0.16723549365997314 0
1642668990567 0.5188757181167603 0
1642668997737 0.19923922419548035 0
1642669004897 0.15871202945709229 0
1642669011966 0.10513734817504883 0
1642669018986 0.08404070138931274 0
1642669026014 0.17347900569438934 0
1642669033046 0.2335568070411682 0
1642669040061 0.17263589799404144 0
1642669047078 0.1749047487974167 0
1642669054097 0.14114922285079956 0
1642669061110 0.2235971987247467 0
1642669068126 0.22697293758392334 0
1642669075223 0.4877118468284607 0
1642669082414 0.17473414540290833 0
1642669089514 0.25072020292282104 0
1642669096627 0.14389485120773315 0
