1634793820922 1.6389870047569275 0
1634793823118 1.308718204498291 0
1634793824390 1.3727845549583435 0
1634793825643 1.0648142397403717 0
1634793826912 0.9344501495361328 0
1634793828163 0.9266832172870636 0
1634793829414 0.9039459526538849 0
1634793830681 1.004566252231598 0
1634793831933 0.972499430179596 0
1634793833184 0.8975373208522797 0
1634793834454 1.0045640766620636 0
1634793836597 0.8265584707260132 0
1634793837867 0.9503640532493591 0
1634793839134 0.8070870339870453 0
1634793840395 0.6842142790555954 0
1634793841646 0.8059486150741577 0
1634793842905 0.8555367290973663 0
1634793844172 1.1243672370910645 0
1634793845428 0.8565142750740051 0
1634793846694 0.7943646907806396 0
1634793847967 0.6999566406011581 0
1634793850172 0.7368807792663574 0
1634793851433 0.6905474811792374 0
1634793852718 0.7779126465320587 0
1634793853985 0.9413445889949799 0
1634793855255 0.7845289707183838 0
1634793856508 0.6080892384052277 0
1634793857790 0.6617831587791443 0
1634793859079 0.6775701642036438 0
1634793860420 0.8684799671173096 0
1634793861731 0.687078595161438 0
1634793863951 0.5695387050509453 0
1634793865238 0.7902030050754547 0
1634793866535 0.7956906855106354 0
1634793867834 0.5385047346353531 0
1634793869122 0.7468573749065399 0
1634793870392 0.5224488526582718 0
1634793871657 0.8565172553062439 0
1634793872924 0.6648674011230469 0
1634793874192 0.5641787201166153 0
1634793875458 0.6612534373998642 0
1634793877690 0.5167542845010757 0
1634793879002 0.5833797305822372 0
1634793880269 0.7117428183555603 0
1634793881539 0.8446555435657501 0
1634793882807 0.5372481271624565 0
1634793884082 0.8277676999568939 0
1634793885370 0.8265300393104553 0
1634793886638 0.657689705491066 0
1634793887907 0.531132660806179 0
1634793889176 0.8089725077152252 0
1634793891309 0.6395680904388428 0
1634793892575 0.8098974823951721 0
1634793893857 0.6125218421220779 0
1634793895124 0.8041588664054871 0
1634793896405 0.6201905906200409 0
1634793897657 0.6957168281078339 0
1634793898924 0.6335937678813934 0
1634793900193 0.7027024030685425 0
1634793901475 0.6761025190353394 0
1634793902746 0.6346898898482323 0
1634793904912 0.6166206449270248 0
1634793906178 0.4978664666414261 0
1634793907445 0.47479354590177536 0
1634793908729 0.5044498890638351 0
1634793909984 0.58164843916893 0
1634793911251 0.7165298461914062 0
1634793912518 0.43319179862737656 0
1634793913786 0.7035942077636719 0
1634793915053 0.4201837182044983 0
1634793916307 0.6211389154195786 0
1634793918565 0.6132671236991882 0
1634793919911 0.554713636636734 0
1634793921198 0.5662690028548241 0
1634793922537 0.5525434762239456 0
1634793923857 0.702590823173523 0
