1634798738929 0 0
1634798740851 1 0
1634798742047 2 0
1634798743231 3 0
1634798744412 4 0
1634798745571 5 0
1634798746771 6 0
1634798747987 7 0
1634798749186 8 0
1634798750338 9 0
1634798751507 10 0
1634798753304 11 0
1634798754504 12 0
1634798755670 13 0
1634798756832 14 0
1634798757987 15 0
1634798759154 16 0
1634798760320 17 0
1634798761488 18 0
1634798762654 19 0
1634798763805 20 0
1634798765679 21 0
1634798766839 22 0
1634798768006 23 0
1634798769176 24 0
1634798770338 25 0
1634798771487 26 0
1634798772656 27 0
1634798773806 28 0
1634798774970 29 0
1634798776128 30 0
1634798777920 31 0
1634798779106 32 0
1634798780290 33 0
1634798781447 34 0
1634798782616 35 0
1634798783829 36 0
1634798785009 37 0
1634798786217 38 0
1634798787400 39 0
1634798788586 40 0
1634798790548 41 0
1634798791761 42 0
1634798792974 43 0
1634798794189 44 0
1634798795388 45 0
1634798796538 46 0
1634798797704 47 0
1634798798881 48 0
1634798800056 49 0
1634798801222 50 0
1634798803072 51 0
1634798804267 52 0
1634798805468 53 0
1634798806655 54 0
1634798807829 55 0
1634798809010 56 0
1634798810188 57 0
1634798811373 58 0
1634798812545 59 0
1634798813723 60 0
1634798815618 61 0
1634798816814 62 0
1634798818026 63 0
1634798819220 64 0
1634798820412 65 0
1634798821593 66 0
1634798822774 67 0
1634798823938 68 0
1634798825105 69 0
1634798826293 70 0
1634798828188 71 0
1634798829398 72 0
1634798830589 73 0
1634798831806 74 0
1634798833006 75 0
1634798834189 76 0
1634798835356 77 0
1634798836565 78 0
1634798837746 79 0
1634798838904 80 0
1634798840782 81 0
1634798841995 82 0
1634798843169 83 0
1634798844372 84 0
1634798845539 85 0
1634798846747 86 0
1634798847924 87 0
1634798849120 88 0
1634798850276 89 0
1634798851458 90 0
1634798853270 91 0
1634798854459 92 0
1634798855641 93 0
1634798856813 94 0
1634798857984 95 0
1634798859156 96 0
1634798860356 97 0
1634798861569 98 0
1634798862763 99 0
1634798863960 100 0
1634798865857 101 0
1634798867064 102 0
1634798868255 103 0
1634798869455 104 0
1634798870645 105 0
1634798871806 106 0
1634798872989 107 0
1634798874203 108 0
1634798875378 109 0
1634798876548 110 0
1634798878405 111 0
1634798879620 112 0
1634798880796 113 0
1634798881963 114 0
1634798883124 115 0
1634798884297 116 0
1634798885469 117 0
1634798886643 118 0
1634798887846 119 0
1634798889054 120 0
1634798890918 121 0
1634798892133 122 0
1634798893331 123 0
1634798894500 124 0
1634798895688 125 0
1634798896882 126 0
1634798898072 127 0
1634798899234 128 0
1634798900409 129 0
1634798901577 130 0
1634798903387 131 0
1634798904562 132 0
1634798905754 133 0
1634798906923 134 0
1634798908125 135 0
1634798909309 136 0
1634798910492 137 0
1634798911684 138 0
1634798912868 139 0
1634798914060 140 0
1634798915989 141 0
1634798917167 142 0
1634798918354 143 0
1634798919540 144 0
1634798920714 145 0
1634798921911 146 0
1634798923108 147 0
1634798924309 148 0
1634798925532 149 0
1634798926740 150 0
1634798928582 151 0
1634798929774 152 0
1634798930944 153 0
1634798932123 154 0
1634798933318 155 0
1634798934513 156 0
1634798935701 157 0
1634798936904 158 0
1634798938071 159 0
1634798939233 160 0
1634798941040 161 0
1634798942223 162 0
1634798943401 163 0
1634798944556 164 0
1634798945741 165 0
1634798946921 166 0
1634798948119 167 0
1634798949357 168 0
1634798950557 169 0
1634798951752 170 0
1634798953664 171 0
1634798954842 172 0
1634798956030 173 0
1634798957208 174 0
1634798958391 175 0
1634798959574 176 0
1634798960759 177 0
1634798961930 178 0
1634798963120 179 0
1634798964307 180 0
1634798966151 181 0
1634798967323 182 0
1634798968515 183 0
1634798969706 184 0
1634798970859 185 0
1634798972008 186 0
1634798973173 187 0
1634798974338 188 0
1634798975506 189 0
1634798976673 190 0
1634798978616 191 0
1634798979809 192 0
1634798980972 193 0
1634798982133 194 0
1634798983291 195 0
1634798984452 196 0
1634798985609 197 0
1634798986773 198 0
1634798987946 199 0
1634798989108 200 0
1634798990907 201 0
1634798992088 202 0
1634798993248 203 0
1634798994408 204 0
1634798995571 205 0
1634798996723 206 0
1634798997874 207 0
1634798999048 208 0
1634799000207 209 0
1634799001380 210 0
1634799003175 211 0
1634799004355 212 0
1634799005509 213 0
1634799006672 214 0
1634799007830 215 0
1634799008989 216 0
1634799010141 217 0
1634799011315 218 0
1634799012475 219 0
1634799013624 220 0
1634799015442 221 0
1634799016608 222 0
1634799017775 223 0
1634799018942 224 0
1634799020109 225 0
1634799021273 226 0
1634799022435 227 0
1634799023591 228 0
1634799024775 229 0
1634799025944 230 0
1634799027761 231 0
1634799028939 232 0
1634799030097 233 0
1634799031260 234 0
1634799032421 235 0
1634799033573 236 0
1634799034756 237 0
1634799035930 238 0
1634799037106 239 0
1634799038258 240 0
1634799040056 241 0
1634799041224 242 0
1634799042392 243 0
1634799043562 244 0
1634799044717 245 0
1634799045875 246 0
1634799047045 247 0
1634799048207 248 0
1634799049377 249 0
1634799050531 250 0
1634799052551 251 0
1634799053724 252 0
1634799054885 253 0
1634799056049 254 0
1634799057211 255 0
1634799058368 256 0
1634799059529 257 0
1634799060707 258 0
1634799061885 259 0
1634799063055 260 0
1634799064839 261 0
1634799066008 262 0
1634799067174 263 0
1634799068342 264 0
1634799069508 265 0
1634799070660 266 0
1634799071826 267 0
1634799072996 268 0
1634799074159 269 0
1634799075326 270 0
1634799077126 271 0
1634799078303 272 0
1634799079458 273 0
1634799080609 274 0
1634799081791 275 0
1634799082958 276 0
1634799084108 277 0
1634799085275 278 0
1634799086441 279 0
1634799087607 280 0
1634799089409 281 0
1634799090576 282 0
1634799091742 283 0
1634799092917 284 0
1634799094078 285 0
1634799095236 286 0
1634799096401 287 0
1634799097558 288 0
1634799098717 289 0
1634799099875 290 0
1634799101675 291 0
1634799102853 292 0
1634799104014 293 0
1634799105180 294 0
1634799106325 295 0
1634799107496 296 0
1634799108641 297 0
1634799109812 298 0
1634799110976 299 0
1634799112141 300 0
1634799113941 301 0
1634799115108 302 0
1634799116272 303 0
1634799117426 304 0
1634799118603 305 0
1634799119760 306 0
1634799120924 307 0
1634799122095 308 0
1634799123275 309 0
1634799124438 310 0
1634799126225 311 0
1634799127393 312 0
1634799128558 313 0
1634799129725 314 0
1634799130884 315 0
1634799132042 316 0
1634799133191 317 0
1634799134362 318 0
1634799135526 319 0
1634799136683 320 0
1634799138477 321 0
1634799139643 322 0
1634799140809 323 0
1634799141977 324 0
1634799143131 325 0
1634799144304 326 0
1634799145476 327 0
1634799146645 328 0
1634799147808 329 0
1634799148958 330 0
1634799151036 331 0
1634799152223 332 0
1634799153408 333 0
1634799154609 334 0
1634799155843 335 0
1634799157025 336 0
1634799158210 337 0
1634799159388 338 0
1634799160577 339 0
1634799161760 340 0
1634799163571 341 0
1634799164799 342 0
1634799165984 343 0
1634799167167 344 0
1634799168376 345 0
1634799169558 346 0
1634799170753 347 0
1634799171931 348 0
1634799173119 349 0
1634799174292 350 0
1634799176125 351 0
1634799177327 352 0
1634799178501 353 0
1634799179726 354 0
1634799180922 355 0
1634799182104 356 0
1634799183290 357 0
1634799184472 358 0
1634799185661 359 0
1634799186853 360 0
1634799188675 361 0
1634799189844 362 0
1634799191027 363 0
1634799192209 364 0
1634799193428 365 0
1634799194642 366 0
1634799195827 367 0
1634799197016 368 0
1634799198211 369 0
1634799199377 370 0
1634799201210 371 0
1634799202393 372 0
1634799203580 373 0
1634799204766 374 0
1634799205943 375 0
1634799207126 376 0
1634799208311 377 0
1634799209524 378 0
1634799210727 379 0
1634799211910 380 0
1634799213760 381 0
1634799214945 382 0
1634799216149 383 0
1634799217373 384 0
1634799218543 385 0
1634799219722 386 0
1634799220894 387 0
1634799222080 388 0
1634799223244 389 0
1634799224426 390 0
1634799226259 391 0
1634799227427 392 0
1634799228622 393 0
1634799229786 394 0
1634799230950 395 0
1634799232093 396 0
1634799233260 397 0
1634799234426 398 0
1634799235613 399 0
1634799236769 400 0
1634799238561 401 0
1634799239727 402 0
1634799240886 403 0
1634799242053 404 0
1634799243213 405 0
1634799244378 406 0
1634799245543 407 0
1634799246692 408 0
1634799247865 409 0
1634799249011 410 0
1634799250827 411 0
1634799251995 412 0
1634799253156 413 0
1634799254330 414 0
1634799255502 415 0
1634799256676 416 0
1634799257844 417 0
1634799259027 418 0
1634799260226 419 0
1634799261412 420 0
1634799263671 421 0
1634799264877 422 0
1634799266044 423 0
1634799267233 424 0
1634799268460 425 0
1634799269656 426 0
1634799270840 427 0
1634799272040 428 0
1634799273227 429 0
1634799274461 430 0
1634799276330 431 0
1634799277518 432 0
1634799278710 433 0
1634799279893 434 0
1634799281081 435 0
1634799282278 436 0
1634799283521 437 0
1634799284695 438 0
1634799285878 439 0
1634799287057 440 0
1634799288878 441 0
1634799290060 442 0
1634799291212 443 0
1634799292388 444 0
1634799293544 445 0
1634799294712 446 0
1634799295883 447 0
1634799297062 448 0
1634799298242 449 0
1634799299442 450 0
1634799301302 451 0
1634799302550 452 0
1634799303727 453 0
1634799304912 454 0
1634799306062 455 0
1634799307228 456 0
1634799308399 457 0
1634799309561 458 0
1634799310732 459 0
1634799311897 460 0
1634799313695 461 0
1634799314878 462 0
1634799316041 463 0
1634799317201 464 0
1634799318366 465 0
1634799319610 466 0
1634799320812 467 0
1634799321974 468 0
1634799323144 469 0
1634799324309 470 0
1634799326108 471 0
1634799327272 472 0
1634799328429 473 0
1634799329595 474 0
1634799330745 475 0
1634799331911 476 0
1634799333083 477 0
1634799334244 478 0
1634799335416 479 0
1634799336574 480 0
1634799338360 481 0
1634799339512 482 0
1634799340679 483 0
1634799341846 484 0
1634799343007 485 0
1634799344169 486 0
1634799345333 487 0
1634799346508 488 0
1634799347679 489 0
1634799348845 490 0
1634799350654 491 0
1634799351851 492 0
1634799353027 493 0
1634799354195 494 0
1634799355393 495 0
1634799356576 496 0
1634799357748 497 0
1634799358938 498 0
1634799360134 499 0
1634799361294 500 0
1634799363128 501 0
1634799364311 502 0
1634799365478 503 0
1634799366662 504 0
1634799367857 505 0
1634799369033 506 0
1634799370195 507 0
1634799371350 508 0
1634799372529 509 0
1634799373712 510 0
1634799375545 511 0
1634799376729 512 0
1634799377910 513 0
1634799379088 514 0
1634799380287 515 0
1634799381527 516 0
1634799382710 517 0
1634799383896 518 0
1634799385079 519 0
1634799386244 520 0
1634799388045 521 0
1634799389243 522 0
1634799390428 523 0
1634799391619 524 0
1634799392881 525 0
1634799394080 526 0
1634799395288 527 0
1634799396489 528 0
1634799397705 529 0
1634799398896 530 0
1634799400743 531 0
1634799401945 532 0
1634799403179 533 0
1634799404345 534 0
1634799405512 535 0
1634799406694 536 0
1634799407862 537 0
1634799409062 538 0
1634799410228 539 0
1634799411412 540 0
1634799413677 541 0
1634799414846 542 0
1634799416046 543 0
1634799417236 544 0
1634799418429 545 0
1634799419600 546 0
1634799420779 547 0
1634799421968 548 0
1634799423171 549 0
1634799424346 550 0
1634799426210 551 0
1634799427482 552 0
1634799428696 553 0
1634799429878 554 0
1634799431062 555 0
1634799432238 556 0
1634799433428 557 0
1634799434612 558 0
1634799435780 559 0
1634799436967 560 0
1634799438793 561 0
1634799439995 562 0
1634799441161 563 0
1634799442347 564 0
1634799443529 565 0
1634799444696 566 0
1634799445880 567 0
1634799447065 568 0
1634799448232 569 0
1634799449414 570 0
1634799451281 571 0
1634799452528 572 0
1634799453711 573 0
1634799454895 574 0
1634799456063 575 0
1634799457261 576 0
1634799458447 577 0
1634799459629 578 0
1634799460810 579 0
1634799461999 580 0
1634799463828 581 0
1634799465046 582 0
1634799466229 583 0
1634799467411 584 0
1634799468596 585 0
1634799469789 586 0
1634799471028 587 0
1634799472208 588 0
1634799473388 589 0
1634799474563 590 0
1634799476396 591 0
1634799477596 592 0
1634799478790 593 0
1634799479977 594 0
1634799481196 595 0
1634799482413 596 0
1634799483612 597 0
1634799484795 598 0
1634799485997 599 0
1634799487179 600 0
1634799488995 601 0
1634799490179 602 0
1634799491376 603 0
1634799492552 604 0
1634799493737 605 0
1634799494914 606 0
1634799496096 607 0
1634799497302 608 0
1634799498517 609 0
1634799499717 610 0
1634799501612 611 0
1634799502837 612 0
1634799504035 613 0
1634799505240 614 0
1634799506430 615 0
1634799507667 616 0
1634799508876 617 0
1634799510073 618 0
1634799511264 619 0
1634799512475 620 0
1634799514365 621 0
1634799515564 622 0
1634799516766 623 0
1634799517929 624 0
1634799519122 625 0
1634799520326 626 0
1634799521499 627 0
1634799522671 628 0
1634799523839 629 0
1634799525054 630 0
1634799526880 631 0
1634799528078 632 0
1634799529263 633 0
1634799530474 634 0
1634799531646 635 0
1634799532816 636 0
1634799533981 637 0
1634799535173 638 0
1634799536375 639 0
1634799537552 640 0
1634799539412 641 0
1634799540629 642 0
1634799541843 643 0
1634799543023 644 0
1634799544196 645 0
1634799545360 646 0
1634799546575 647 0
1634799547739 648 0
1634799548916 649 0
1634799550058 650 0
1634799551878 651 0
1634799553050 652 0
1634799554233 653 0
1634799555408 654 0
1634799556598 655 0
1634799557790 656 0
1634799558969 657 0
1634799560110 658 0
1634799561267 659 0
1634799562426 660 0
1634799564201 661 0
1634799565390 662 0
1634799566547 663 0
1634799567714 664 0
1634799568863 665 0
1634799570029 666 0
1634799571201 667 0
1634799572367 668 0
1634799573533 669 0
1634799574698 670 0
1634799576603 671 0
1634799577824 672 0
1634799578986 673 0
1634799580144 674 0
1634799581308 675 0
1634799582467 676 0
1634799583627 677 0
1634799584776 678 0
1634799585949 679 0
1634799587108 680 0
1634799588981 681 0
1634799590191 682 0
1634799591372 683 0
1634799592588 684 0
1634799593761 685 0
1634799594952 686 0
1634799596127 687 0
1634799597281 688 0
1634799598498 689 0
1634799599681 690 0
1634799602113 691 0
1634799603325 692 0
1634799604516 693 0
1634799605736 694 0
1634799606897 695 0
1634799608083 696 0
1634799609242 697 0
1634799610410 698 0
1634799611554 699 0
1634799612697 700 0
1634799614536 701 0
1634799615776 702 0
1634799616930 703 0
1634799618101 704 0
1634799619275 705 0
1634799620504 706 0
1634799621646 707 0
1634799622848 708 0
1634799624057 709 0
1634799625285 710 0
1634799627175 711 0
1634799628398 712 0
1634799629585 713 0
1634799630777 714 0
1634799631978 715 0
1634799633149 716 0
1634799634310 717 0
1634799635492 718 0
1634799636708 719 0
1634799637911 720 0
