1634798738937 2.150187134742737 0
1634798740858 0.5112752467393875 0
1634798742055 0.5737627148628235 0
1634798743239 1.0280368328094482 0
1634798744420 0.33325763046741486 0
1634798745587 0.5581451952457428 0
1634798746779 0.8282029628753662 0
1634798747995 0.2837147228419781 0
1634798749194 0.5393824726343155 0
1634798750338 0.45654410123825073 0
1634798751514 0.3794422745704651 0
1634798753321 0.28081782907247543 0
1634798754511 0.5590086430311203 0
1634798755678 0.8412123024463654 0
1634798756839 0.1837291195988655 0
1634798757987 0.3608098328113556 0
1634798759154 0.37513575702905655 0
1634798760320 0.698223203420639 0
1634798761488 0.3955087661743164 0
1634798762654 0.4566929489374161 0
1634798763820 0.26559676229953766 0
1634798765687 0.5323068387806416 0
1634798766854 0.29104066640138626 0
1634798768021 0.21575721353292465 0
1634798769183 0.33367152512073517 0
1634798770338 0.6334866583347321 0
1634798771510 0.3340791165828705 0
1634798772656 0.31953293085098267 0
1634798773821 0.4582999348640442 0
1634798774972 0.12106112390756607 0
1634798776135 0.5090453922748566 0
1634798777920 0.4298543483018875 0
1634798779114 0.23711110651493073 0
1634798780296 0.13884438574314117 0
1634798781454 0.6075649559497833 0
1634798782624 0.2735207974910736 0
1634798783836 0.8452633619308472 0
1634798785016 0.3485182002186775 0
1634798786225 0.5659274756908417 0
1634798787412 0.35343703627586365 0
1634798788593 0.4062536284327507 0
1634798790556 0.3540167659521103 0
1634798791768 0.5370252281427383 0
1634798792981 0.5073922574520111 0
1634798794189 0.4882870763540268 0
1634798795395 0.24886173009872437 0
1634798796554 0.772551953792572 0
1634798797720 0.45239026844501495 0
1634798798888 0.3002760112285614 0
1634798800056 0.43264733254909515 0
1634798801229 0.43564823269844055 0
1634798803072 0.3624115660786629 0
1634798804275 0.456254705786705 0
1634798805476 0.33462928235530853 0
1634798806671 0.5824762135744095 0
1634798807839 0.35058827698230743 0
1634798809017 0.28177107870578766 0
1634798810204 0.42481887340545654 0
1634798811380 0.3369673788547516 0
1634798812553 0.3232864812016487 0
1634798813730 0.35946595668792725 0
1634798815626 0.2370557114481926 0
1634798816821 0.47671955823898315 0
1634798818034 0.3317735344171524 0
1634798819228 0.7189712226390839 0
1634798820419 0.3214336410164833 0
1634798821601 0.35161304473876953 0
1634798822776 0.3555198311805725 0
1634798823938 0.33864541351795197 0
1634798825123 0.377433106303215 0
1634798826300 0.20919232815504074 0
1634798828209 0.4108722060918808 0
1634798829406 0.4286879450082779 0
1634798830605 0.348519504070282 0
1634798831814 0.34292031824588776 0
1634798833006 0.4348015934228897 0
1634798834189 0.4454347491264343 0
1634798835371 0.3911708891391754 0
1634798836572 0.3752250671386719 0
1634798837753 0.42936037480831146 0
1634798838911 0.4173608869314194 0
1634798840791 0.3930058926343918 0
1634798842002 0.4753808081150055 0
1634798843176 0.45607322454452515 0
1634798844389 0.36528196930885315 0
1634798845556 0.4519689679145813 0
1634798846754 0.5195072442293167 0
1634798847939 0.38687892258167267 0
1634798849128 0.3820416033267975 0
1634798850298 0.4629427045583725 0
1634798851465 0.4347754865884781 0
1634798853277 0.42075927555561066 0
1634798854465 0.48628778755664825 0
1634798855648 0.5537649095058441 0
1634798856821 0.456107497215271 0
1634798857992 0.4754555970430374 0
1634798859156 0.44099120795726776 0
1634798860364 0.4610619843006134 0
1634798861576 0.4532921016216278 0
1634798862770 0.48726747930049896 0
1634798863967 0.48279182612895966 0
1634798865873 0.4617668688297272 0
1634798867072 0.4640885591506958 0
1634798868275 0.3996833860874176 0
1634798869456 0.4351125508546829 0
1634798870653 0.5412262976169586 0
1634798871823 0.44094720482826233 0
1634798873006 0.4824940264225006 0
1634798874211 0.5082833170890808 0
1634798875385 0.5926041305065155 0
1634798876555 0.4718805104494095 0
1634798878413 0.4599340409040451 0
1634798879628 0.4426160007715225 0
1634798880804 0.5244359374046326 0
1634798881970 0.4942515045404434 0
1634798883131 0.48323389887809753 0
1634798884304 0.4673740118741989 0
1634798885476 0.44224713742733 0
1634798886651 0.4703271985054016 0
1634798887853 0.5301378965377808 0
1634798889062 0.4554247260093689 0
1634798890926 0.47817741334438324 0
1634798892141 0.4400932490825653 0
1634798893338 0.548486590385437 0
1634798894508 0.5257129669189453 0
1634798895695 0.43696436285972595 0
1634798896890 0.4062033146619797 0
1634798898072 0.5191972553730011 0
1634798899240 0.46213608980178833 0
1634798900416 0.4721182733774185 0
1634798901584 0.4414403736591339 0
1634798903394 0.505821481347084 0
1634798904569 0.4723196178674698 0
1634798905761 0.42525234818458557 0
1634798906923 0.49633751809597015 0
1634798908132 0.5049407631158829 0
1634798909316 0.4344894737005234 0
1634798910499 0.4579855352640152 0
1634798911689 0.5341984033584595 0
1634798912876 0.4782755374908447 0
1634798914067 0.5036276578903198 0
1634798915989 0.5206795334815979 0
1634798917175 0.5124519616365433 0
1634798918361 0.4517406225204468 0
1634798919540 0.49397318065166473 0
1634798920721 0.507438600063324 0
1634798921919 0.4967019557952881 0
1634798923115 0.49956877529621124 0
1634798924317 0.48582495748996735 0
1634798925539 0.5004278421401978 0
1634798926747 0.4410690665245056 0
1634798928590 0.5065451711416245 0
1634798929774 0.45828016102313995 0
1634798930952 0.46947455406188965 0
1634798932131 0.45450127124786377 0
1634798933325 0.5026568621397018 0
1634798934520 0.4897831082344055 0
1634798935709 0.5059932619333267 0
1634798936911 0.4832516610622406 0
1634798938078 0.46629469096660614 0
1634798939240 0.4660956412553787 0
1634798941040 0.4626515656709671 0
1634798942240 0.5019504725933075 0
1634798943409 0.4755440205335617 0
1634798944577 0.4661712348461151 0
1634798945753 0.46007347106933594 0
1634798946929 0.5087476670742035 0
1634798948127 0.5149417817592621 0
1634798949357 0.4988173544406891 0
1634798950574 0.4403131902217865 0
1634798951759 0.5086447894573212 0
1634798953672 0.47679591178894043 0
1634798954861 0.43081502616405487 0
1634798956038 0.49153919517993927 0
1634798957208 0.49878665804862976 0
1634798958391 0.42953747510910034 0
1634798959574 0.5032047927379608 0
1634798960760 0.48180194199085236 0
1634798961937 0.5521305799484253 0
1634798963124 0.5284803509712219 0
1634798964307 0.49602000415325165 0
1634798966159 0.4983088970184326 0
1634798967340 0.44011078774929047 0
1634798968522 0.49727100133895874 0
1634798969714 0.5280114412307739 0
1634798970866 0.46854686737060547 0
1634798972024 0.4680465906858444 0
1634798973173 0.524517685174942 0
1634798974341 0.4589787572622299 0
1634798975524 0.47770945727825165 0
1634798976673 0.5039242655038834 0
1634798978623 0.4936889410018921 0
1634798979816 0.5005503296852112 0
1634798980979 0.46749868988990784 0
1634798982140 0.506234422326088 0
1634798983298 0.5006632059812546 0
1634798984460 0.4937245696783066 0
1634798985609 0.48849309980869293 0
1634798986773 0.4997939467430115 0
1634798987953 0.5081898123025894 0
1634798989108 0.49179668724536896 0
1634798990923 0.48916636407375336 0
1634798992096 0.5183273553848267 0
1634798993255 0.5076473951339722 0
1634798994408 0.5110234022140503 0
1634798995574 0.5073325335979462 0
1634798996723 0.48926444351673126 0
1634798997889 0.496632382273674 0
1634798999056 0.4973771572113037 0
1634799000223 0.49376189708709717 0
1634799001387 0.49519237875938416 0
1634799003175 0.4956749826669693 0
1634799004359 0.4935891181230545 0
1634799005509 0.4963519275188446 0
1634799006679 0.49488165974617004 0
1634799007837 0.4890564829111099 0
1634799008997 0.4997062087059021 0
1634799010156 0.49560482800006866 0
1634799011323 0.4979854077100754 0
1634799012482 0.46586059033870697 0
1634799013640 0.5001459270715714 0
1634799015458 0.5005458146333694 0
1634799016624 0.507636308670044 0
1634799017790 0.49503272771835327 0
1634799018957 0.5001228451728821 0
1634799020109 0.495848149061203 0
1634799021275 0.5037285834550858 0
1634799022441 0.5036306232213974 0
1634799023607 0.492438942193985 0
1634799024782 0.4809008687734604 0
1634799025951 0.49943704903125763 0
1634799027768 0.4946683496236801 0
1634799028946 0.5101428925991058 0
1634799030104 0.5060321688652039 0
1634799031267 0.4862760454416275 0
1634799032428 0.5097946226596832 0
1634799033591 0.49990658462047577 0
1634799034756 0.48486289381980896 0
1634799035937 0.4964336156845093 0
1634799037113 0.4996020048856735 0
1634799038267 0.4976130276918411 0
1634799040056 0.508793830871582 0
1634799041224 0.5035075545310974 0
1634799042407 0.4729775935411453 0
1634799043569 0.5135424733161926 0
1634799044725 0.4906473159790039 0
1634799045875 0.496725931763649 0
1634799047053 0.5058402121067047 0
1634799048214 0.49273625016212463 0
1634799049384 0.5075054317712784 0
1634799050538 0.5072193443775177 0
1634799052559 0.5080143809318542 0
1634799053724 0.5116950571537018 0
1634799054892 0.49747271835803986 0
1634799056057 0.5132877826690674 0
1634799057219 0.5017305016517639 0
1634799058375 0.49080902338027954 0
1634799059537 0.4920504242181778 0
1634799060707 0.4810217469930649 0
1634799061893 0.4686490595340729 0
1634799063063 0.4737040549516678 0
1634799064839 0.516631007194519 0
1634799066025 0.48826979100704193 0
1634799067193 0.4926322251558304 0
1634799068362 0.505212277173996 0
1634799069525 0.5118235349655151 0
1634799070682 0.5052808374166489 0
1634799071826 0.4887344390153885 0
1634799073003 0.4824102073907852 0
1634799074174 0.4968997687101364 0
1634799075326 0.4758284240961075 0
1634799077126 0.4930802136659622 0
1634799078311 0.49594761431217194 0
1634799079458 0.47402049601078033 0
1634799080625 0.49509233236312866 0
1634799081799 0.48418693244457245 0
1634799082958 0.502003863453865 0
1634799084125 0.4983273446559906 0
1634799085275 0.5064044296741486 0
1634799086441 0.46938374638557434 0
1634799087607 0.49495120346546173 0
1634799089409 0.49570439755916595 0
1634799090592 0.5029844641685486 0
1634799091742 0.5105010271072388 0
1634799092924 0.48272237181663513 0
1634799094084 0.4915798306465149 0
1634799095244 0.4847077429294586 0
1634799096409 0.49501051008701324 0
1634799097558 0.47823572158813477 0
1634799098725 0.4946110099554062 0
1634799099875 0.5045761466026306 0
1634799101693 0.4955764412879944 0
1634799102858 0.4843446910381317 0
1634799104021 0.4938092678785324 0
1634799105188 0.49489428102970123 0
1634799106345 0.510670393705368 0
1634799107504 0.49788060784339905 0
1634799108657 0.5003534406423569 0
1634799109819 0.4872499704360962 0
1634799110976 0.49576014280319214 0
1634799112141 0.5027816891670227 0
1634799113942 0.4870128780603409 0
1634799115108 0.5077183544635773 0
1634799116275 0.5057761371135712 0
1634799117445 0.49432824552059174 0
1634799118609 0.5151259899139404 0
1634799119767 0.4781314432621002 0
1634799120932 0.50149005651474 0
1634799122102 0.49554863572120667 0
1634799123275 0.501053124666214 0
1634799124445 0.5094487965106964 0
1634799126241 0.5059703588485718 0
1634799127409 0.5014548301696777 0
1634799128558 0.4892898201942444 0
1634799129725 0.49587996304035187 0
1634799130892 0.4971202462911606 0
1634799132042 0.5035183727741241 0
1634799133208 0.48713579773902893 0
1634799134369 0.5106182396411896 0
1634799135534 0.5110057890415192 0
1634799136691 0.5052915811538696 0
1634799138492 0.5052853524684906 0
1634799139659 0.4960758239030838 0
1634799140809 0.5037835389375687 0
1634799141977 0.4996723532676697 0
1634799143138 0.5037996768951416 0
1634799144310 0.5030567944049835 0
1634799145492 0.4927323907613754 0
1634799146653 0.4929787516593933 0
1634799147815 0.4989403486251831 0
1634799148974 0.5050128698348999 0
1634799151043 0.5070728063583374 0
1634799152231 0.5070018172264099 0
1634799153408 0.5026616305112839 0
1634799154609 0.5038074404001236 0
1634799155843 0.49087776243686676 0
1634799157025 0.5064889490604401 0
1634799158218 0.4991570860147476 0
1634799159395 0.4879450500011444 0
1634799160593 0.5101954489946365 0
1634799161760 0.4931872636079788 0
1634799163579 0.49086323380470276 0
1634799164807 0.48847851157188416 0
1634799165992 0.49220551550388336 0
1634799167175 0.4898270517587662 0
1634799168384 0.49478620290756226 0
1634799169575 0.4991906136274338 0
1634799170760 0.4953145384788513 0
1634799171938 0.5028567016124725 0
1634799173126 0.5131355822086334 0
1634799174292 0.49057169258594513 0
1634799176126 0.4981851428747177 0
1634799177334 0.5079162120819092 0
1634799178508 0.4918278455734253 0
1634799179742 0.4979976564645767 0
1634799180927 0.5066665858030319 0
1634799182111 0.506967157125473 0
1634799183294 0.4993804693222046 0
1634799184480 0.5049380660057068 0
1634799185668 0.4870552271604538 0
1634799186860 0.5013081431388855 0
1634799188683 0.5010700076818466 0
1634799189859 0.4995259791612625 0
1634799191044 0.4982124865055084 0
1634799192226 0.499100923538208 0
1634799193436 0.49604520201683044 0
1634799194642 0.49414846301078796 0
1634799195835 0.49447235465049744 0
1634799197025 0.4966110289096832 0
1634799198218 0.5088526010513306 0
1634799199393 0.4955568164587021 0
1634799201210 0.5015801936388016 0
1634799202393 0.5010890960693359 0
1634799203587 0.4992990046739578 0
1634799204773 0.49513618648052216 0
1634799205943 0.49634237587451935 0
1634799207126 0.5017060041427612 0
1634799208311 0.5064863413572311 0
1634799209531 0.4942924529314041 0
1634799210742 0.506729006767273 0
1634799211910 0.4980303943157196 0
1634799213767 0.5016526132822037 0
1634799214953 0.5024971514940262 0
1634799216157 0.5049591064453125 0
1634799217377 0.5074518769979477 0
1634799218543 0.5015514045953751 0
1634799219729 0.4960383176803589 0
1634799220910 0.4981096386909485 0
1634799222087 0.4883207678794861 0
1634799223259 0.4883098900318146 0
1634799224442 0.5061915814876556 0
1634799226259 0.48788437247276306 0
1634799227442 0.503797322511673 0
1634799228630 0.5019849538803101 0
1634799229793 0.505110502243042 0
1634799230958 0.5031568259000778 0
1634799232110 0.4965505599975586 0
1634799233260 0.49511753022670746 0
1634799234442 0.5007053315639496 0
1634799235620 0.5150603950023651 0
1634799236777 0.509662002325058 0
1634799238561 0.509404718875885 0
1634799239735 0.5153111219406128 0
1634799240893 0.5042206346988678 0
1634799242060 0.4977647513151169 0
1634799243220 0.4828178882598877 0
1634799244378 0.5036923885345459 0
1634799245543 0.4938785135746002 0
1634799246712 0.5015239119529724 0
1634799247872 0.5113060772418976 0
1634799249027 0.5030052661895752 0
1634799250843 0.5060767233371735 0
1634799251995 0.5065830945968628 0
1634799253164 0.49860231578350067 0
1634799254337 0.5026527643203735 0
1634799255509 0.5025473535060883 0
1634799256684 0.49821071326732635 0
1634799257860 0.5027764439582825 0
1634799259027 0.4981982260942459 0
1634799260245 0.5044412016868591 0
1634799261427 0.49140672385692596 0
1634799263679 0.4995756298303604 0
1634799264877 0.5053133964538574 0
1634799266044 0.5044668316841125 0
1634799267240 0.4927304834127426 0
1634799268479 0.49972373247146606 0
1634799269665 0.49099504947662354 0
1634799270844 0.5053094327449799 0
1634799272044 0.49078644812107086 0
1634799273234 0.508098691701889 0
1634799274461 0.49836839735507965 0
1634799276338 0.4949338734149933 0
1634799277527 0.49842458963394165 0
1634799278710 0.502856507897377 0
1634799279893 0.4956403225660324 0
1634799281089 0.49186307191848755 0
1634799282278 0.4911859333515167 0
1634799283529 0.5043689608573914 0
1634799284710 0.5060354769229889 0
1634799285878 0.5074904263019562 0
1634799287064 0.5056661069393158 0
1634799288879 0.4845496416091919 0
1634799290060 0.4866817146539688 0
1634799291227 0.4992111474275589 0
1634799292395 0.49818937480449677 0
1634799293544 0.5069888532161713 0
1634799294719 0.5077045857906342 0
1634799295890 0.4910626858472824 0
1634799297062 0.504340797662735 0
1634799298262 0.488998681306839 0
1634799299449 0.49136339128017426 0
1634799301309 0.49212145805358887 0
1634799302557 0.5024168640375137 0
1634799303743 0.5099888443946838 0
1634799304919 0.5044583082199097 0
1634799306077 0.503858208656311 0
1634799307244 0.49545879662036896 0
1634799308406 0.4962985962629318 0
1634799309561 0.49969348311424255 0
1634799310732 0.5023336261510849 0
1634799311904 0.498992383480072 0
1634799313714 0.502487987279892 0
1634799314886 0.5051647126674652 0
1634799316048 0.5010579228401184 0
1634799317208 0.4932248592376709 0
1634799318373 0.4958697557449341 0
1634799319611 0.4951396882534027 0
1634799320819 0.49379582703113556 0
1634799321978 0.5014784038066864 0
1634799323152 0.4964160770177841 0
1634799324316 0.49645327031612396 0
1634799326108 0.4960293024778366 0
1634799327280 0.5022326111793518 0
1634799328429 0.49930354952812195 0
1634799329595 0.5042823255062103 0
1634799330761 0.49930526316165924 0
1634799331927 0.4891449511051178 0
1634799333091 0.4974614977836609 0
1634799334252 0.5004146993160248 0
1634799335424 0.5012697130441666 0
1634799336578 0.5024313628673553 0
1634799338360 0.49575167894363403 0
1634799339528 0.5012045800685883 0
1634799340679 0.5060822665691376 0
1634799341846 0.5055346190929413 0
1634799343014 0.49174173176288605 0
1634799344177 0.49505913257598877 0
1634799345340 0.5065545439720154 0
1634799346515 0.5015422701835632 0
1634799347679 0.4964694380760193 0
1634799348853 0.4980294704437256 0
1634799350661 0.5033838152885437 0
1634799351858 0.4950896352529526 0
1634799353042 0.49511705338954926 0
1634799354211 0.49957409501075745 0
1634799355413 0.49119091033935547 0
1634799356583 0.49576738476753235 0
1634799357756 0.49961304664611816 0
1634799358946 0.5011676847934723 0
1634799360141 0.49767790734767914 0
1634799361313 0.5029328465461731 0
1634799363143 0.5004903972148895 0
1634799364311 0.4997568279504776 0
1634799365496 0.49608802795410156 0
1634799366662 0.5019488632678986 0
1634799367864 0.5049514770507812 0
1634799369041 0.49928873777389526 0
1634799370202 0.5041099786758423 0
1634799371357 0.4911580979824066 0
1634799372536 0.503826230764389 0
1634799373728 0.5007487237453461 0
1634799375561 0.5028912127017975 0
1634799376729 0.5016354322433472 0
1634799377910 0.49785663187503815 0
1634799379096 0.4943092465400696 0
1634799380294 0.5035921633243561 0
1634799381534 0.5028751194477081 0
1634799382717 0.5023345947265625 0
1634799383896 0.501141220331192 0
1634799385079 0.4924404174089432 0
1634799386244 0.4994068145751953 0
1634799388061 0.4990226626396179 0
1634799389243 0.4995866119861603 0
1634799390428 0.5039083361625671 0
1634799391626 0.49728618562221527 0
1634799392889 0.5037558972835541 0
1634799394080 0.5036042034626007 0
1634799395295 0.496537521481514 0
1634799396495 0.497637078166008 0
1634799397712 0.4992619454860687 0
1634799398896 0.4997686594724655 0
1634799400746 0.4905286580324173 0
1634799401953 0.5003789365291595 0
1634799403186 0.4906231611967087 0
1634799404345 0.4932376444339752 0
1634799405529 0.5015166401863098 0
1634799406694 0.5009952634572983 0
1634799407878 0.4978673756122589 0
1634799409063 0.49709561467170715 0
1634799410250 0.49957308173179626 0
1634799411428 0.49576494097709656 0
1634799413693 0.498085081577301 0
1634799414861 0.501087412238121 0
1634799416053 0.5012288093566895 0
1634799417243 0.5085629820823669 0
1634799418429 0.4991220086812973 0
1634799419617 0.5038636028766632 0
1634799420795 0.5046765804290771 0
1634799421975 0.5011325031518936 0
1634799423178 0.5000016689300537 0
1634799424346 0.5010539442300797 0
1634799426210 0.5010572969913483 0
1634799427489 0.4995882362127304 0
1634799428696 0.49615758657455444 0
1634799429879 0.5056703388690948 0
1634799431069 0.5022273361682892 0
1634799432246 0.501726433634758 0
1634799433436 0.5016293376684189 0
1634799434613 0.5007410645484924 0
1634799435780 0.5073117613792419 0
1634799436967 0.5019538253545761 0
1634799438809 0.5021414458751678 0
1634799440002 0.4980071038007736 0
1634799441182 0.49075956642627716 0
1634799442347 0.4966842830181122 0
1634799443529 0.4991658627986908 0
1634799444696 0.49989281594753265 0
1634799445880 0.5050199329853058 0
1634799447072 0.4960167706012726 0
1634799448232 0.4963357001543045 0
1634799449421 0.5059551000595093 0
1634799451288 0.501785546541214 0
1634799452536 0.4905947893857956 0
1634799453711 0.49763818085193634 0
1634799454895 0.4956672787666321 0
1634799456080 0.4989220052957535 0
1634799457277 0.49473652243614197 0
1634799458462 0.502321183681488 0
1634799459645 0.5015216022729874 0
1634799460831 0.4984571933746338 0
1634799462007 0.5025295317173004 0
1634799463850 0.49482959508895874 0
1634799465054 0.5007359385490417 0
1634799466244 0.49844302237033844 0
1634799467411 0.501215934753418 0
1634799468612 0.5018270313739777 0
1634799469796 0.5001122951507568 0
1634799471044 0.4993959814310074 0
1634799472216 0.49911436438560486 0
1634799473395 0.5028373301029205 0
1634799474563 0.49895748496055603 0
1634799476397 0.4995594918727875 0
1634799477604 0.5001683980226517 0
1634799478797 0.5006542652845383 0
1634799479980 0.5013456344604492 0
1634799481218 0.505026638507843 0
1634799482430 0.49917277693748474 0
1634799483635 0.5044956505298615 0
1634799484795 0.505437821149826 0
1634799486013 0.49487942457199097 0
1634799487179 0.5038295686244965 0
1634799488995 0.49448880553245544 0
1634799490195 0.5039659142494202 0
1634799491384 0.49547435343265533 0
1634799492559 0.49917949736118317 0
1634799493745 0.497395858168602 0
1634799494922 0.5019814968109131 0
1634799496096 0.49751076102256775 0
1634799497310 0.4972175508737564 0
1634799498524 0.5033850073814392 0
1634799499725 0.4991157203912735 0
1634799501620 0.4989670217037201 0
1634799502845 0.5040097534656525 0
1634799504041 0.5023325681686401 0
1634799505248 0.4978618919849396 0
1634799506446 0.5053122937679291 0
1634799507675 0.49979396164417267 0
1634799508884 0.4939131885766983 0
1634799510080 0.49767740070819855 0
1634799511272 0.5029236078262329 0
1634799512483 0.5029216706752777 0
1634799514372 0.4997190237045288 0
1634799515580 0.49717381596565247 0
1634799516773 0.5025138854980469 0
1634799517945 0.496391698718071 0
1634799519129 0.5050598978996277 0
1634799520334 0.4993569254875183 0
1634799521506 0.4981120824813843 0
1634799522678 0.49770157039165497 0
1634799523839 0.49527527391910553 0
1634799525061 0.5039569437503815 0
1634799526887 0.5033503174781799 0
1634799528094 0.5012310147285461 0
1634799529263 0.4985761195421219 0
1634799530481 0.4990503489971161 0
1634799531646 0.4949233829975128 0
1634799532823 0.5045291185379028 0
1634799533981 0.5021651387214661 0
1634799535181 0.4989529252052307 0
1634799536383 0.4985121041536331 0
1634799537559 0.49734511971473694 0
1634799539420 0.49821145832538605 0
1634799540631 0.5020081549882889 0
1634799541851 0.49778665602207184 0
1634799543030 0.498130738735199 0
1634799544203 0.5038334429264069 0
1634799545363 0.5013089030981064 0
1634799546582 0.5023124366998672 0
1634799547754 0.49760599434375763 0
1634799548923 0.4984450787305832 0
1634799550058 0.501105397939682 0
1634799551878 0.4998045712709427 0
1634799553065 0.49897852540016174 0
1634799554241 0.5003952085971832 0
1634799555415 0.5020802319049835 0
1634799556606 0.5028394162654877 0
1634799557798 0.49832646548748016 0
1634799558977 0.5022677779197693 0
1634799560126 0.49822860956192017 0
1634799561283 0.4987083077430725 0
1634799562426 0.49948205053806305 0
1634799564217 0.4982224851846695 0
1634799565390 0.49658486247062683 0
1634799566547 0.49798889458179474 0
1634799567714 0.49848681688308716 0
1634799568879 0.5011532306671143 0
1634799570044 0.5019851624965668 0
1634799571201 0.5001632869243622 0
1634799572382 0.4999631643295288 0
1634799573533 0.4975496381521225 0
1634799574714 0.5005092024803162 0
1634799576618 0.4993308037519455 0
1634799577824 0.4950466901063919 0
1634799578986 0.5032646059989929 0
1634799580160 0.49695393443107605 0
1634799581308 0.5001425594091415 0
1634799582483 0.4968850910663605 0
1634799583644 0.49789054691791534 0
1634799584792 0.49802066385746 0
1634799585949 0.49947045743465424 0
1634799587123 0.4966096729040146 0
1634799588988 0.5022664070129395 0
1634799590191 0.5025762617588043 0
1634799591372 0.5012826323509216 0
1634799592603 0.4966127872467041 0
1634799593769 0.49823978543281555 0
1634799594960 0.4972839802503586 0
1634799596134 0.5007745921611786 0
1634799597303 0.496423602104187 0
1634799598505 0.4977443069219589 0
1634799599689 0.5005144774913788 0
1634799602129 0.4967791587114334 0
1634799603325 0.5012981593608856 0
1634799604516 0.4998977780342102 0
1634799605736 0.5010482370853424 0
1634799606912 0.5022569894790649 0
1634799608083 0.5019692480564117 0
1634799609257 0.5011366754770279 0
1634799610410 0.5003494024276733 0
1634799611554 0.4990289807319641 0
1634799612712 0.49952593445777893 0
1634799614547 0.5042771697044373 0
1634799615784 0.49867723882198334 0
1634799616930 0.5049126446247101 0
1634799618101 0.5002439469099045 0
1634799619275 0.5006502866744995 0
1634799620512 0.49993911385536194 0
1634799621662 0.4994967430830002 0
1634799622848 0.5019671022891998 0
1634799624065 0.4987780749797821 0
1634799625292 0.49945150315761566 0
1634799627183 0.5026949346065521 0
1634799628398 0.49818819761276245 0
1634799629593 0.5017666518688202 0
1634799630784 0.4967959076166153 0
1634799631985 0.49803969264030457 0
1634799633149 0.49860379099845886 0
1634799634317 0.5013184398412704 0
1634799635501 0.4972401410341263 0
1634799636716 0.5023898780345917 0
1634799637911 0.49740763008594513 0
