1634798738942 6.262583255767822 0
1634798740862 2.56099009513855 0
1634798742058 2.4826605319976807 0
1634798743243 3.206143379211426 0
1634798744423 2.5005545616149902 0
1634798745587 2.109621286392212 0
1634798746782 4.724776268005371 0
1634798747999 2.9897620677948 0
1634798749197 2.5392141342163086 0
1634798750355 2.745227813720703 0
1634798751518 2.109560966491699 0
1634798753325 2.1770148277282715 0
1634798754515 1.79039466381073 0
1634798755681 2.290642499923706 0
1634798756843 2.918513774871826 0
1634798757987 1.9124020338058472 0
1634798759154 2.0844779014587402 0
1634798760337 2.2624757289886475 0
1634798761504 2.018122434616089 0
1634798762654 1.8550999164581299 0
1634798763820 2.333010673522949 0
1634798765691 1.5229684114456177 0
1634798766854 1.6190851926803589 0
1634798768021 1.5984224081039429 0
1634798769187 1.5761797428131104 0
1634798770338 1.7528166770935059 0
1634798771513 1.3517918586730957 0
1634798772656 1.556557536125183 0
1634798773821 1.4929641485214233 0
1634798774972 1.592246174812317 0
1634798776138 1.593761682510376 0
1634798777938 1.5179011821746826 0
1634798779114 1.3262038230895996 0
1634798780300 1.5102256536483765 0
1634798781458 1.2134443521499634 0
1634798782628 1.3188860416412354 0
1634798783840 1.0952423810958862 0
1634798785019 1.501835584640503 0
1634798786228 1.5717217922210693 0
1634798787415 1.38613760471344 0
1634798788597 0.9323365688323975 0
1634798790559 1.1149449348449707 0
1634798791772 1.4674599170684814 0
1634798792985 1.4593627452850342 0
1634798794206 1.040935754776001 0
1634798795398 1.203087568283081 0
1634798796554 1.2056496143341064 0
1634798797720 1.271604299545288 0
1634798798889 1.1074833869934082 0
1634798800056 1.1037267446517944 0
1634798801233 0.7603141069412231 0
1634798803072 1.0903934240341187 0
1634798804278 1.0650395154953003 0
1634798805479 0.9311604499816895 0
1634798806671 0.8606631755828857 0
1634798807844 0.8658019304275513 0
1634798809021 0.9706375598907471 0
1634798810204 0.8324557542800903 0
1634798811383 0.7793744802474976 0
1634798812556 0.9558773040771484 0
1634798813734 1.1012775897979736 0
1634798815630 1.0762946605682373 0
1634798816825 1.1221944093704224 0
1634798818037 0.9017006158828735 0
1634798819231 0.922745943069458 0
1634798820423 0.9393531084060669 0
1634798821604 0.7962460517883301 0
1634798822776 0.9274351000785828 0
1634798823956 0.871291995048523 0
1634798825123 0.8367148041725159 0
1634798826303 0.7905064821243286 0
1634798828209 0.8331058025360107 0
1634798829409 0.890967845916748 0
1634798830605 0.7819031476974487 0
1634798831818 0.7662913799285889 0
1634798833021 0.7527788877487183 0
1634798834205 0.7743905782699585 0
1634798835371 0.8577466011047363 0
1634798836576 0.9475600719451904 0
1634798837755 0.7852092385292053 0
1634798838915 0.6366671323776245 0
1634798840794 0.9217682480812073 0
1634798842006 0.7931023240089417 0
1634798843180 0.7370219230651855 0
1634798844389 0.5776713490486145 0
1634798845556 0.8672085404396057 0
1634798846758 0.6899455785751343 0
1634798847939 0.5368391275405884 0
1634798849131 0.7385399341583252 0
1634798850302 0.5035544633865356 0
1634798851469 0.6322253942489624 0
1634798853281 0.7043555378913879 0
1634798854469 0.4234464466571808 0
1634798855651 0.6513441801071167 0
1634798856824 0.7334163784980774 0
1634798857995 0.7156175374984741 0
1634798859156 0.6912721395492554 0
1634798860368 0.6740071773529053 0
1634798861580 0.6525090932846069 0
1634798862774 0.5367771983146667 0
1634798863971 0.499301552772522 0
1634798865873 0.5853967070579529 0
1634798867076 0.6258115768432617 0
1634798868279 0.42150232195854187 0
1634798869456 0.6149763464927673 0
1634798870656 0.5908136367797852 0
1634798871823 0.6634196043014526 0
1634798873007 0.7973004579544067 0
1634798874214 0.5760313272476196 0
1634798875389 0.5173382759094238 0
1634798876559 0.6550089120864868 0
1634798878416 0.8124461770057678 0
1634798879631 1.0443780422210693 0
1634798880807 0.6407025456428528 0
1634798881974 0.4827437400817871 0
1634798883134 0.6896340847015381 0
1634798884307 0.5773508548736572 0
1634798885479 0.5389291048049927 0
1634798886654 0.6172086596488953 0
1634798887856 0.4020310044288635 0
1634798889065 0.6235615611076355 0
1634798890929 0.47218072414398193 0
1634798892144 0.5417943000793457 0
1634798893342 0.56477952003479 0
1634798894511 0.5868520736694336 0
1634798895699 0.5311195850372314 0
1634798896894 0.533486545085907 0
1634798898072 0.4436318278312683 0
1634798899240 0.5387585163116455 0
1634798900420 0.6388980746269226 0
1634798901588 0.6038119792938232 0
1634798903398 0.5665435791015625 0
1634798904573 0.5491654276847839 0
1634798905765 0.4198535084724426 0
1634798906939 0.6247795820236206 0
1634798908135 0.3689189553260803 0
1634798909320 0.6659510731697083 0
1634798910503 0.4884706735610962 0
1634798911689 0.46429428458213806 0
1634798912878 0.5511045455932617 0
1634798914071 0.4107018709182739 0
1634798915989 0.43950405716896057 0
1634798917178 0.5315564870834351 0
1634798918365 0.6404021978378296 0
1634798919540 0.4361811578273773 0
1634798920725 0.4986366629600525 0
1634798921922 0.4373099207878113 0
1634798923119 0.4725055694580078 0
1634798924320 0.44435781240463257 0
1634798925543 0.46571868658065796 0
1634798926751 0.4456486999988556 0
1634798928594 0.4677266478538513 0
1634798929789 0.661851704120636 0
1634798930955 0.40681952238082886 0
1634798932134 0.4729926288127899 0
1634798933329 0.5310927629470825 0
1634798934523 0.4217861294746399 0
1634798935712 0.49458199739456177 0
1634798936915 0.5050502419471741 0
1634798938081 0.36055028438568115 0
1634798939244 0.6084177494049072 0
1634798941057 0.6626192331314087 0
1634798942244 0.35428762435913086 0
1634798943412 0.44059252738952637 0
1634798944581 0.4247903525829315 0
1634798945754 0.5013591051101685 0
1634798946932 0.7337911128997803 0
1634798948130 0.6431064605712891 0
1634798949373 0.45174944400787354 0
1634798950574 0.5148786902427673 0
1634798951763 0.4082990884780884 0
1634798953676 0.4221924841403961 0
1634798954864 0.4816648066043854 0
1634798956041 0.4017903208732605 0
1634798957224 0.48471808433532715 0
1634798958391 0.37465545535087585 0
1634798959589 0.48875635862350464 0
1634798960760 0.40240323543548584 0
1634798961941 0.39528515934944153 0
1634798963124 0.4072984457015991 0
1634798964325 0.41555511951446533 0
1634798966163 0.2909541130065918 0
1634798967344 0.5159271359443665 0
1634798968526 0.4806448817253113 0
1634798969715 0.4415856599807739 0
1634798970869 0.517489492893219 0
1634798972024 0.4482479691505432 0
1634798973192 0.4656493365764618 0
1634798974341 0.4274905323982239 0
1634798975527 0.5351243019104004 0
1634798976673 0.357356995344162 0
1634798978627 0.41259104013442993 0
1634798979819 0.4676949679851532 0
1634798980983 0.5352001786231995 0
1634798982141 0.3526448905467987 0
1634798983301 0.37634241580963135 0
1634798984463 0.4644259512424469 0
1634798985609 0.4548977315425873 0
1634798986773 0.40337029099464417 0
1634798987957 0.3359948992729187 0
1634798989124 0.3556424379348755 0
1634798990923 0.48732873797416687 0
1634798992100 0.37658917903900146 0
1634798993258 0.39528053998947144 0
1634798994408 0.3212071657180786 0
1634798995574 0.3122929036617279 0
1634798996723 0.39860233664512634 0
1634798997889 0.37191611528396606 0
1634798999059 0.38693487644195557 0
1634799000223 0.28730344772338867 0
1634799001391 0.5475096702575684 0
1634799003175 0.3227134346961975 0
1634799004359 0.3243817687034607 0
1634799005524 0.2895289659500122 0
1634799006683 0.41212812066078186 0
1634799007841 0.2785932719707489 0
1634799009000 0.342365026473999 0
1634799010156 0.3039567768573761 0
1634799011326 0.21173378825187683 0
1634799012486 0.40204691886901855 0
1634799013641 0.37456902861595154 0
1634799015458 0.3959791660308838 0
1634799016624 0.3399747610092163 0
1634799017790 0.31955409049987793 0
1634799018957 0.4387197196483612 0
1634799020109 0.3601328730583191 0
1634799021275 0.4833728075027466 0
1634799022441 0.48319074511528015 0
1634799023611 0.3109956681728363 0
1634799024786 0.46347326040267944 0
1634799025955 0.3576967418193817 0
1634799027772 0.5225932002067566 0
1634799028950 0.30975160002708435 0
1634799030107 0.47046199440956116 0
1634799031271 0.4718415439128876 0
1634799032432 0.31781816482543945 0
1634799033595 0.32893842458724976 0
1634799034774 0.3323705196380615 0
1634799035941 0.4883485436439514 0
1634799037117 0.2956602871417999 0
1634799038271 0.373991996049881 0
1634799040071 0.3345699906349182 0
1634799041241 0.3229065537452698 0
1634799042407 0.3172016739845276 0
1634799043573 0.39879533648490906 0
1634799044726 0.34811943769454956 0
1634799045891 0.24162784218788147 0
1634799047056 0.3158029615879059 0
1634799048217 0.3966744542121887 0
1634799049388 0.31258273124694824 0
1634799050542 0.32615378499031067 0
1634799052559 0.30119889974594116 0
1634799053724 0.21240821480751038 0
1634799054895 0.3168167173862457 0
1634799056059 0.3824537396430969 0
1634799057222 0.5812299251556396 0
1634799058379 0.34181997179985046 0
1634799059539 0.327852725982666 0
1634799060707 0.3127343952655792 0
1634799061896 0.411274254322052 0
1634799063066 0.42661750316619873 0
1634799064855 0.31141260266304016 0
1634799066025 0.1888849139213562 0
1634799067193 0.39137470722198486 0
1634799068366 0.3656437397003174 0
1634799069528 0.1871149092912674 0
1634799070685 0.2806636095046997 0
1634799071841 0.3205462694168091 0
1634799073007 0.35796448588371277 0
1634799074174 0.2965662181377411 0
1634799075326 0.2918356657028198 0
1634799077126 0.21693554520606995 0
1634799078314 0.32595640420913696 0
1634799079458 0.19423240423202515 0
1634799080625 0.3303880989551544 0
1634799081802 0.333790123462677 0
1634799082958 0.3376120626926422 0
1634799084126 0.3364284336566925 0
1634799085292 0.35801273584365845 0
1634799086459 0.2784477472305298 0
1634799087607 0.2523181736469269 0
1634799089409 0.20802544057369232 0
1634799090592 0.39179909229278564 0
1634799091758 0.3246644139289856 0
1634799092928 0.5018826723098755 0
1634799094088 0.45706048607826233 0
1634799095247 0.43673866987228394 0
1634799096412 0.41682007908821106 0
1634799097558 0.3814358711242676 0
1634799098728 0.3305984139442444 0
1634799099875 0.3078885078430176 0
1634799101697 0.30106842517852783 0
1634799102858 0.35987114906311035 0
1634799104025 0.33384767174720764 0
1634799105191 0.319212406873703 0
1634799106349 0.17491844296455383 0
1634799107507 0.23604774475097656 0
1634799108660 0.26399362087249756 0
1634799109823 0.48046496510505676 0
1634799110976 0.3097635507583618 0
1634799112141 0.21135234832763672 0
1634799113942 0.2912563383579254 0
1634799115108 0.4023596942424774 0
1634799116275 0.3033311367034912 0
1634799117448 0.2976410984992981 0
1634799118609 0.2510586082935333 0
1634799119771 0.3516353666782379 0
1634799120935 0.256991446018219 0
1634799122106 0.27829819917678833 0
1634799123275 0.3392537236213684 0
1634799124449 0.31845736503601074 0
1634799126241 0.38206928968429565 0
1634799127409 0.38065314292907715 0
1634799128558 0.18786421418190002 0
1634799129725 0.2773892283439636 0
1634799130893 0.3703014850616455 0
1634799132042 0.25692644715309143 0
1634799133212 0.3331192135810852 0
1634799134373 0.2662999629974365 0
1634799135537 0.24622060358524323 0
1634799136694 0.2718372344970703 0
1634799138495 0.3465484380722046 0
1634799139659 0.287074476480484 0
1634799140825 0.3087433874607086 0
1634799141977 0.25616469979286194 0
1634799143142 0.292929470539093 0
1634799144310 0.24452494084835052 0
1634799145492 0.2610640525817871 0
1634799146656 0.3327668309211731 0
1634799147819 0.291955828666687 0
1634799148977 0.27642449736595154 0
1634799151046 0.27075767517089844 0
1634799152234 0.2821267545223236 0
1634799153424 0.26765191555023193 0
1634799154625 0.24088925123214722 0
1634799155860 0.3113517463207245 0
1634799157043 0.345306932926178 0
1634799158221 0.2817290425300598 0
1634799159399 0.33703309297561646 0
1634799160593 0.2690116763114929 0
1634799161778 0.2803768515586853 0
1634799163582 0.18228331208229065 0
1634799164810 0.33554285764694214 0
1634799165995 0.3299596309661865 0
1634799167178 0.2816874384880066 0
1634799168387 0.222514346241951 0
1634799169579 0.2896510362625122 0
1634799170760 0.2791583240032196 0
1634799171942 0.21876193583011627 0
1634799173130 0.15900306403636932 0
1634799174292 0.37185943126678467 0
1634799176126 0.26323574781417847 0
1634799177337 0.2671971321105957 0
1634799178509 0.16365906596183777 0
1634799179742 0.28879258036613464 0
1634799180927 0.2594766914844513 0
1634799182111 0.23535020649433136 0
1634799183294 0.25421446561813354 0
1634799184484 0.2642068862915039 0
1634799185672 0.3136175274848938 0
1634799186861 0.2762160301208496 0
1634799188686 0.22644680738449097 0
1634799189859 0.2881709933280945 0
1634799191044 0.2153545320034027 0
1634799192226 0.26376259326934814 0
1634799193441 0.2177760750055313 0
1634799194642 0.22925159335136414 0
1634799195838 0.26357418298721313 0
1634799197031 0.2331046462059021 0
1634799198222 0.2732129693031311 0
1634799199393 0.2212243676185608 0
1634799201210 0.22232171893119812 0
1634799202409 0.2095189392566681 0
1634799203590 0.2961611747741699 0
1634799204777 0.340169221162796 0
1634799205958 0.30785322189331055 0
1634799207142 0.401743620634079 0
1634799208311 0.24050740897655487 0
1634799209535 0.4268200695514679 0
1634799210742 0.314603716135025 0
1634799211910 0.29846808314323425 0
1634799213770 0.2144317924976349 0
1634799214956 0.22913792729377747 0
1634799216161 0.15139895677566528 0
1634799217377 0.22914783656597137 0
1634799218559 0.24741621315479279 0
1634799219733 0.25063422322273254 0
1634799220910 0.28160130977630615 0
1634799222090 0.22622230648994446 0
1634799223259 0.25025463104248047 0
1634799224442 0.20521211624145508 0
1634799226259 0.3783160448074341 0
1634799227442 0.266131728887558 0
1634799228633 0.2744675278663635 0
1634799229797 0.369319349527359 0
1634799230961 0.2607629895210266 0
1634799232110 0.2434162199497223 0
1634799233275 0.30542394518852234 0
1634799234446 0.17329004406929016 0
1634799235624 0.2118835151195526 0
1634799236780 0.25661954283714294 0
1634799238576 0.20674020051956177 0
1634799239738 0.2293199598789215 0
1634799240894 0.22254160046577454 0
1634799242060 0.26802146434783936 0
1634799243224 0.2338411808013916 0
1634799244378 0.17393715679645538 0
1634799245543 0.3634282946586609 0
1634799246716 0.17553390562534332 0
1634799247876 0.188028484582901 0
1634799249027 0.37806543707847595 0
1634799250843 0.2264881730079651 0
1634799251995 0.35785573720932007 0
1634799253167 0.20929506421089172 0
1634799254341 0.1398872286081314 0
1634799255513 0.2371601015329361 0
1634799256687 0.1737097203731537 0
1634799257860 0.25886306166648865 0
1634799259043 0.23466451466083527 0
1634799260249 0.2189510464668274 0
1634799261427 0.2397635281085968 0
1634799263682 0.2136504352092743 0
1634799264877 0.1748136579990387 0
1634799266044 0.25002744793891907 0
1634799267244 0.25324973464012146 0
1634799268482 0.13548246026039124 0
1634799269669 0.305289626121521 0
1634799270844 0.19371125102043152 0
1634799272044 0.2882930338382721 0
1634799273238 0.2281026840209961 0
1634799274478 0.24780505895614624 0
1634799276341 0.16725251078605652 0
1634799277531 0.14051835238933563 0
1634799278726 0.27288439869880676 0
1634799279893 0.2195131778717041 0
1634799281092 0.31156712770462036 0
1634799282278 0.2303180992603302 0
1634799283532 0.19573593139648438 0
1634799284710 0.1928059160709381 0
1634799285878 0.23603899776935577 0
1634799287068 0.2427317351102829 0
1634799288879 0.15792207419872284 0
1634799290060 0.3296913206577301 0
1634799291227 0.2323150634765625 0
1634799292398 0.2314896285533905 0
1634799293559 0.23237180709838867 0
1634799294723 0.10877564549446106 0
1634799295894 0.20494848489761353 0
1634799297062 0.3326610028743744 0
1634799298266 0.2722407579421997 0
1634799299453 0.20888523757457733 0
1634799301312 0.2153676599264145 0
1634799302561 0.15658733248710632 0
1634799303743 0.17697937786579132 0
1634799304922 0.17356547713279724 0
1634799306077 0.24754735827445984 0
1634799307244 0.20487117767333984 0
1634799308410 0.22812582552433014 0
1634799309577 0.22004395723342896 0
1634799310749 0.2437818944454193 0
1634799311907 0.13679583370685577 0
1634799313718 0.19000881910324097 0
1634799314889 0.24966181814670563 0
1634799316052 0.21840742230415344 0
1634799317211 0.26044127345085144 0
1634799318377 0.11731399595737457 0
1634799319611 0.22597631812095642 0
1634799320823 0.21215835213661194 0
1634799321978 0.1520324945449829 0
1634799323155 0.17084462940692902 0
1634799324320 0.2131815403699875 0
1634799326127 0.26067715883255005 0
1634799327284 0.22986365854740143 0
1634799328444 0.12706024944782257 0
1634799329595 0.16181355714797974 0
1634799330761 0.2779976427555084 0
1634799331927 0.23957854509353638 0
1634799333094 0.21604745090007782 0
1634799334255 0.18703371286392212 0
1634799335427 0.13724949955940247 0
1634799336578 0.15314628183841705 0
1634799338360 0.34208834171295166 0
1634799339528 0.11526395380496979 0
1634799340694 0.21122834086418152 0
1634799341846 0.19075648486614227 0
1634799343018 0.12986859679222107 0
1634799344180 0.33747100830078125 0
1634799345344 0.20804935693740845 0
1634799346518 0.2329941987991333 0
1634799347679 0.2548375725746155 0
1634799348856 0.22220972180366516 0
1634799350665 0.19465668499469757 0
1634799351862 0.2554623782634735 0
1634799353042 0.2950640618801117 0
1634799354211 0.23270709812641144 0
1634799355416 0.23151138424873352 0
1634799356587 0.20609614253044128 0
1634799357759 0.19427689909934998 0
1634799358946 0.19486181437969208 0
1634799360145 0.2588573396205902 0
1634799361316 0.17892129719257355 0
1634799363143 0.19742217659950256 0
1634799364311 0.19844204187393188 0
1634799365496 0.23917415738105774 0
1634799366677 0.199410080909729 0
1634799367868 0.18802078068256378 0
1634799369044 0.16413554549217224 0
1634799370206 0.18450625240802765 0
1634799371361 0.27083438634872437 0
1634799372540 0.19803421199321747 0
1634799373728 0.16611632704734802 0
1634799375561 0.25358089804649353 0
1634799376748 0.17834970355033875 0
1634799377910 0.2101287543773651 0
1634799379099 0.2397059202194214 0
1634799380296 0.18490174412727356 0
1634799381538 0.17426855862140656 0
1634799382720 0.17842170596122742 0
1634799383911 0.17930379509925842 0
1634799385079 0.24530920386314392 0
1634799386262 0.17787912487983704 0
1634799388061 0.20396092534065247 0
1634799389252 0.20230883359909058 0
1634799390428 0.22168204188346863 0
1634799391630 0.1703578531742096 0
1634799392892 0.28213587403297424 0
1634799394080 0.11819528043270111 0
1634799395299 0.19122597575187683 0
1634799396495 0.19543716311454773 0
1634799397716 0.22538824379444122 0
1634799398911 0.19888105988502502 0
1634799400746 0.22747191786766052 0
1634799401957 0.16292604804039001 0
1634799403189 0.2180587351322174 0
1634799404345 0.23604097962379456 0
1634799405529 0.165276437997818 0
1634799406711 0.1193966418504715 0
1634799407878 0.16356082260608673 0
1634799409063 0.23397624492645264 0
1634799410253 0.21346324682235718 0
1634799411428 0.25544488430023193 0
1634799413693 0.15036287903785706 0
1634799414861 0.2999098300933838 0
1634799416056 0.1941036581993103 0
1634799417247 0.1519775390625 0
1634799418429 0.14352630078792572 0
1634799419620 0.1810063272714615 0
1634799420797 0.18676592409610748 0
1634799421979 0.16573992371559143 0
1634799423180 0.20147743821144104 0
1634799424346 0.25011149048805237 0
1634799426225 0.15545016527175903 0
1634799427493 0.21556921303272247 0
1634799428711 0.23330791294574738 0
1634799429879 0.14660072326660156 0
1634799431073 0.22593864798545837 0
1634799432249 0.1691734790802002 0
1634799433439 0.22644267976284027 0
1634799434613 0.1545054018497467 0
1634799435796 0.16060909628868103 0
1634799436967 0.1523113250732422 0
1634799438813 0.17746016383171082 0
1634799440006 0.14123478531837463 0
1634799441185 0.24264779686927795 0
1634799442347 0.18050524592399597 0
1634799443529 0.1854293793439865 0
1634799444696 0.2233322113752365 0
1634799445880 0.18558166921138763 0
1634799447076 0.1945415884256363 0
1634799448232 0.2391226440668106 0
1634799449424 0.14710640907287598 0
1634799451292 0.1480170637369156 0
1634799452540 0.2581765949726105 0
1634799453727 0.19666217267513275 0
1634799454895 0.26344212889671326 0
1634799456080 0.13194386661052704 0
1634799457280 0.17668591439723969 0
1634799458462 0.12179055064916611 0
1634799459645 0.1619528830051422 0
1634799460834 0.17728306353092194 0
1634799462011 0.2106873095035553 0
1634799463854 0.22011277079582214 0
1634799465057 0.14716777205467224 0
1634799466244 0.14966997504234314 0
1634799467427 0.09594152867794037 0
1634799468612 0.1664639413356781 0
1634799469800 0.09788758307695389 0
1634799471048 0.1786416471004486 0
1634799472219 0.14564287662506104 0
1634799473399 0.1891748458147049 0
1634799474580 0.19054406881332397 0
1634799476397 0.20500288903713226 0
1634799477607 0.173560231924057 0
1634799478801 0.21792979538440704 0
1634799479980 0.13481096923351288 0
1634799481221 0.1800786256790161 0
1634799482430 0.20125111937522888 0
1634799483639 0.1333676129579544 0
1634799484795 0.2112141251564026 0
1634799486013 0.17894822359085083 0
1634799487196 0.1566825658082962 0
1634799488995 0.19152265787124634 0
1634799490197 0.15417753159999847 0
1634799491387 0.3098689317703247 0
1634799492563 0.1584162414073944 0
1634799493747 0.13765493035316467 0
1634799494925 0.20049111545085907 0
1634799496111 0.15710297226905823 0
1634799497313 0.15927252173423767 0
1634799498527 0.15774153172969818 0
1634799499728 0.1388280987739563 0
1634799501623 0.1617451161146164 0
1634799502848 0.15890130400657654 0
1634799504045 0.12037020921707153 0
1634799505251 0.20555225014686584 0
1634799506446 0.11906465888023376 0
1634799507679 0.16862152516841888 0
1634799508887 0.15714356303215027 0
1634799510084 0.17006941139698029 0
1634799511275 0.16464272141456604 0
1634799512486 0.16613659262657166 0
1634799514376 0.16338782012462616 0
1634799515580 0.13911333680152893 0
1634799516777 0.16052411496639252 0
1634799517945 0.15899495780467987 0
1634799519133 0.124007448554039 0
1634799520337 0.20880183577537537 0
1634799521510 0.18255919218063354 0
1634799522682 0.18280029296875 0
1634799523839 0.1069682165980339 0
1634799525065 0.12489616870880127 0
1634799526891 0.08772177994251251 0
1634799528097 0.1526893526315689 0
1634799529279 0.16466088593006134 0
1634799530485 0.11984746158123016 0
1634799531646 0.1203421801328659 0
1634799532826 0.1368597447872162 0
1634799533981 0.1293591856956482 0
1634799535185 0.17202529311180115 0
1634799536386 0.14895892143249512 0
1634799537562 0.10174097120761871 0
1634799539423 0.14467422664165497 0
1634799540631 0.1412927210330963 0
1634799541854 0.1922667920589447 0
1634799543034 0.13986657559871674 0
1634799544205 0.18069036304950714 0
1634799545363 0.1328938603401184 0
1634799546586 0.15668988227844238 0
1634799547754 0.15513712167739868 0
1634799548926 0.10276629030704498 0
1634799550074 0.13565388321876526 0
1634799551897 0.24568603932857513 0
1634799553065 0.1423567533493042 0
1634799554244 0.1476002186536789 0
1634799555419 0.10689178109169006 0
1634799556609 0.1483096033334732 0
1634799557801 0.20828725397586823 0
1634799558980 0.14301161468029022 0
1634799560126 0.15038082003593445 0
1634799561283 0.11571743339300156 0
1634799562426 0.1299617737531662 0
1634799564217 0.08332793414592743 0
1634799565406 0.116612009704113 0
1634799566547 0.15744341909885406 0
1634799567714 0.16847220063209534 0
1634799568879 0.177962988615036 0
1634799570044 0.12557870149612427 0
1634799571201 0.13312499225139618 0
1634799572382 0.1713661253452301 0
1634799573548 0.14865997433662415 0
1634799574714 0.11665306985378265 0
1634799576618 0.13792631030082703 0
1634799577824 0.15719950199127197 0
1634799579001 0.1255584955215454 0
1634799580160 0.16572201251983643 0
1634799581324 0.09865385293960571 0
1634799582483 0.16080281138420105 0
1634799583644 0.0972473993897438 0
1634799584792 0.13708534836769104 0
1634799585965 0.1777428388595581 0
1634799587123 0.11631396412849426 0
1634799588992 0.11087972670793533 0
1634799590207 0.16203650832176208 0
1634799591372 0.1348360925912857 0
1634799592603 0.13187934458255768 0
1634799593773 0.10914045572280884 0
1634799594963 0.17077215015888214 0
1634799596138 0.1253536194562912 0
1634799597306 0.136227548122406 0
1634799598509 0.08475650101900101 0
1634799599689 0.14444947242736816 0
1634799602129 0.19646257162094116 0
1634799603340 0.1497231274843216 0
1634799604516 0.1405293196439743 0
1634799605736 0.1779327690601349 0
1634799606912 0.1308097392320633 0
1634799608099 0.09874541312456131 0
1634799609257 0.12329164892435074 0
1634799610410 0.18192367255687714 0
1634799611554 0.1836436688899994 0
1634799612712 0.10848575085401535 0
1634799614551 0.15465329587459564 0
1634799615787 0.13007673621177673 0
1634799616945 0.08904200792312622 0
1634799618101 0.180797278881073 0
1634799619291 0.10634106397628784 0
1634799620515 0.0766967236995697 0
1634799621662 0.11890177428722382 0
1634799622848 0.09509686380624771 0
1634799624069 0.10978667438030243 0
1634799625296 0.1302809864282608 0
1634799627187 0.14091354608535767 0
1634799628398 0.15890762209892273 0
1634799629596 0.11661186814308167 0
1634799630788 0.10482174158096313 0
1634799631989 0.12326329946517944 0
1634799633165 0.10898499190807343 0
1634799634321 0.09598318487405777 0
1634799635505 0.17681419849395752 0
1634799636720 0.13717806339263916 0
1634799637927 0.0978793203830719 0
