1634798738935 11.408974647521973 0
1634798740857 4.6142590045928955 0
1634798742053 3.71258544921875 0
1634798743237 5.243699312210083 0
1634798744418 5.4201881885528564 0
1634798745587 3.811720609664917 0
1634798746777 5.222581624984741 0
1634798747993 3.472076654434204 0
1634798749192 3.4624533653259277 0
1634798750338 2.913548469543457 0
1634798751513 3.2254472970962524 0
1634798753320 2.624809741973877 0
1634798754509 3.221884846687317 0
1634798755676 3.9238104820251465 0
1634798756838 3.1982195377349854 0
1634798757987 2.9842463731765747 0
1634798759154 2.8984930515289307 0
1634798760320 2.56965172290802 0
1634798761488 2.7155455350875854 0
1634798762654 2.891019105911255 0
1634798763820 2.2084410190582275 0
1634798765685 3.2922704219818115 0
1634798766854 2.02402925491333 0
1634798768021 2.435347557067871 0
1634798769182 2.204817533493042 0
1634798770338 2.3938064575195312 0
1634798771508 1.6265689730644226 0
1634798772656 2.0268638730049133 0
1634798773806 1.9384426474571228 0
1634798774972 2.047017991542816 0
1634798776133 2.3073818683624268 0
1634798777920 2.0365747213363647 0
1634798779114 1.753678560256958 0
1634798780294 1.7138464152812958 0
1634798781453 1.4821391701698303 0
1634798782622 1.7718530297279358 0
1634798783835 1.5650163888931274 0
1634798785014 1.609134316444397 0
1634798786223 1.943716824054718 0
1634798787410 1.9746894240379333 0
1634798788592 1.5552228093147278 0
1634798790554 1.440696656703949 0
1634798791766 1.5803548693656921 0
1634798792980 1.5392617583274841 0
1634798794189 1.1833756864070892 0
1634798795393 1.4758735001087189 0
1634798796554 1.7594200372695923 0
1634798797704 1.8757404088974 0
1634798798886 1.4392027258872986 0
1634798800056 1.6013257503509521 0
1634798801228 1.1740375459194183 0
1634798803072 1.523577630519867 0
1634798804273 1.2731239199638367 0
1634798805474 1.1033580005168915 0
1634798806655 1.4523887634277344 0
1634798807836 1.3393168449401855 0
1634798809016 1.0607109814882278 0
1634798810204 1.4062721133232117 0
1634798811378 1.207292079925537 0
1634798812551 1.4246121048927307 0
1634798813729 1.81289404630661 0
1634798815624 1.3400296568870544 0
1634798816820 1.217437595129013 0
1634798818032 1.1803809106349945 0
1634798819226 1.3604394793510437 0
1634798820418 0.9071362763643265 0
1634798821599 1.0314034521579742 0
1634798822776 1.226246327161789 0
1634798823938 1.059811294078827 0
1634798825121 1.1313157081604004 0
1634798826298 1.0296511352062225 0
1634798828207 1.081218957901001 0
1634798829404 1.3295852541923523 0
1634798830605 0.9166347682476044 0
1634798831812 1.0526827275753021 0
1634798833006 1.0851624011993408 0
1634798834189 1.1675162315368652 0
1634798835371 0.9248811602592468 0
1634798836570 1.052572339773178 0
1634798837751 1.1238601803779602 0
1634798838910 0.8118934035301208 0
1634798840788 1.1266331672668457 0
1634798842000 1.231717586517334 0
1634798843175 0.9968674182891846 0
1634798844388 1.038872480392456 0
1634798845539 0.9699515104293823 0
1634798846752 1.110024094581604 0
1634798847939 0.8475478887557983 0
1634798849126 1.1987423300743103 0
1634798850296 0.8758768439292908 0
1634798851464 1.030491828918457 0
1634798853276 1.0075196027755737 0
1634798854464 0.6539584994316101 0
1634798855646 1.1891529560089111 0
1634798856819 0.9328388869762421 0
1634798857990 1.1407893300056458 0
1634798859156 1.0759943127632141 0
1634798860363 0.9785268902778625 0
1634798861575 1.0658873319625854 0
1634798862769 0.9141027629375458 0
1634798863966 0.6497393548488617 0
1634798865873 0.6683950573205948 0
1634798867070 0.9800069630146027 0
1634798868273 0.7122288048267365 0
1634798869456 1.0892589688301086 0
1634798870651 0.9191932678222656 0
1634798871823 0.789935976266861 0
1634798873005 1.0875315070152283 0
1634798874209 0.9040893912315369 0
1634798875384 0.7919652163982391 0
1634798876553 0.864107608795166 0
1634798878411 1.1288659274578094 0
1634798879626 1.16998752951622 0
1634798880802 1.001679539680481 0
1634798881969 0.8318464756011963 0
1634798883129 1.0141819715499878 0
1634798884302 0.7736767530441284 0
1634798885474 0.8764671981334686 0
1634798886649 0.8951066732406616 0
1634798887851 0.6388843655586243 0
1634798889060 0.8919245600700378 0
1634798890924 0.8130529820919037 0
1634798892139 1.0672963857650757 0
1634798893337 0.9449596107006073 0
1634798894506 0.9808209538459778 0
1634798895693 1.0421578586101532 0
1634798896888 0.884149581193924 0
1634798898072 0.7828147113323212 0
1634798899240 0.933853030204773 0
1634798900414 1.080002874135971 0
1634798901582 0.8868562281131744 0
1634798903392 0.8053038418292999 0
1634798904568 0.8769069910049438 0
1634798905759 0.6919346451759338 0
1634798906923 0.8787630796432495 0
1634798908130 0.8159651458263397 0
1634798909315 0.7606728971004486 0
1634798910498 0.7014347314834595 0
1634798911689 1.03610759973526 0
1634798912874 0.9493120312690735 0
1634798914066 0.6620572507381439 0
1634798915989 0.8222942352294922 0
1634798917173 0.964862197637558 0
1634798918360 0.8774846196174622 0
1634798919540 0.894923210144043 0
1634798920720 0.9180697500705719 0
1634798921917 0.728853166103363 0
1634798923114 0.8599549233913422 0
1634798924315 0.7712881863117218 0
1634798925538 0.8048470318317413 0
1634798926746 0.5929651111364365 0
1634798928588 0.7110770344734192 0
1634798929774 1.0254782438278198 0
1634798930950 0.8619279861450195 0
1634798932129 0.6564278602600098 0
1634798933324 0.765951931476593 0
1634798934518 0.6978467404842377 0
1634798935707 0.836277425289154 0
1634798936910 0.8235233724117279 0
1634798938076 0.5066633224487305 0
1634798939238 0.7087285369634628 0
1634798941040 0.8583781272172928 0
1634798942223 0.9335777759552002 0
1634798943407 0.7638573944568634 0
1634798944575 0.6518921256065369 0
1634798945741 0.705432653427124 0
1634798946927 1.0277044773101807 0
1634798948125 0.9355542361736298 0
1634798949357 0.9172784388065338 0
1634798950557 0.7090960741043091 0
1634798951758 0.7551760673522949 0
1634798953670 0.7335280776023865 0
1634798954859 0.7696240246295929 0
1634798956036 0.6289170682430267 0
1634798957208 0.8927307426929474 0
1634798958391 0.4860154986381531 0
1634798959574 0.759617269039154 0
1634798960760 0.6830907166004181 0
1634798961936 0.7528475522994995 0
1634798963124 0.6656152904033661 0
1634798964307 0.6471537053585052 0
1634798966157 0.5523778796195984 0
1634798967338 0.6942166984081268 0
1634798968520 0.7397745251655579 0
1634798969712 0.7417060434818268 0
1634798970864 0.7211840450763702 0
1634798972024 0.9852828979492188 0
1634798973173 0.9725492596626282 0
1634798974341 0.5951334238052368 0
1634798975522 0.7240781784057617 0
1634798976673 0.592884361743927 0
1634798978621 0.6639658808708191 0
1634798979814 0.6204788684844971 0
1634798980977 0.6890448033809662 0
1634798982139 0.5030132234096527 0
1634798983296 0.6016835868358612 0
1634798984458 0.7079773247241974 0
1634798985609 0.7102089524269104 0
1634798986773 0.7397214770317078 0
1634798987952 0.9498969912528992 0
1634798989108 0.6870239973068237 0
1634798990923 0.6008135378360748 0
1634798992095 0.6820044815540314 0
1634798993254 0.6829301416873932 0
1634798994408 0.7669209241867065 0
1634798995574 0.7828165590763092 0
1634798996723 0.6550474464893341 0
1634798997874 0.5161317735910416 0
1634798999054 0.6099900007247925 0
1634799000223 0.6381012499332428 0
1634799001385 0.7752030491828918 0
1634799003175 0.49443118274211884 0
1634799004359 0.46716830134391785 0
1634799005509 0.3868822976946831 0
1634799006678 0.7200450897216797 0
1634799007836 0.43689411878585815 0
1634799008995 0.7058201730251312 0
1634799010156 0.44690538942813873 0
1634799011321 0.39347800612449646 0
1634799012480 0.7187721133232117 0
1634799013624 0.6375923752784729 0
1634799015442 0.5701672583818436 0
1634799016608 0.7764502763748169 0
1634799017790 0.5403959155082703 0
1634799018942 0.6826451122760773 0
1634799020109 0.6467656195163727 0
1634799021275 0.7943604588508606 0
1634799022441 0.6005134284496307 0
1634799023591 0.5327675044536591 0
1634799024781 0.8783252835273743 0
1634799025949 0.6112927198410034 0
1634799027766 0.6448034644126892 0
1634799028945 0.5091794431209564 0
1634799030103 0.8599452376365662 0
1634799031266 0.594416543841362 0
1634799032427 0.4896850734949112 0
1634799033589 0.5763011872768402 0
1634799034756 0.5333686023950577 0
1634799035936 0.6865150034427643 0
1634799037112 0.44520220160484314 0
1634799038265 0.5043765008449554 0
1634799040056 0.6599117815494537 0
1634799041224 0.6752919554710388 0
1634799042392 0.5416418612003326 0
1634799043568 0.5965169668197632 0
1634799044723 0.5948527455329895 0
1634799045875 0.4225132316350937 0
1634799047051 0.6086344122886658 0
1634799048213 0.6587465405464172 0
1634799049382 0.5636884272098541 0
1634799050536 0.6330847144126892 0
1634799052557 0.5532453060150146 0
1634799053724 0.3872155100107193 0
1634799054890 0.6040792763233185 0
1634799056055 0.7264814078807831 0
1634799057217 0.7929970473051071 0
1634799058374 0.5038743615150452 0
1634799059535 0.5745627582073212 0
1634799060707 0.54369255900383 0
1634799061891 0.6318204998970032 0
1634799063061 0.64030522108078 0
1634799064839 0.6324025690555573 0
1634799066025 0.3315638303756714 0
1634799067193 0.6233187317848206 0
1634799068360 0.5706736296415329 0
1634799069508 0.33042916655540466 0
1634799070680 0.7020518779754639 0
1634799071826 0.501925140619278 0
1634799073002 0.6572927236557007 0
1634799074174 0.6021416485309601 0
1634799075326 0.3762034475803375 0
1634799077126 0.3581816852092743 0
1634799078309 0.4906919300556183 0
1634799079458 0.3091259151697159 0
1634799080625 0.4337517023086548 0
1634799081797 0.41393907368183136 0
1634799082958 0.5165538191795349 0
1634799084108 0.4753960222005844 0
1634799085275 0.6417486071586609 0
1634799086441 0.5134356021881104 0
1634799087607 0.45351049304008484 0
1634799089409 0.38515956699848175 0
1634799090576 0.5945289880037308 0
1634799091742 0.5437600910663605 0
1634799092923 0.6123938858509064 0
1634799094083 0.732451856136322 0
1634799095242 0.6386308073997498 0
1634799096407 0.653499573469162 0
1634799097558 0.6552494466304779 0
1634799098723 0.4740895926952362 0
1634799099875 0.603073000907898 0
1634799101691 0.44732439517974854 0
1634799102858 0.6086667776107788 0
1634799104020 0.4378284364938736 0
1634799105186 0.4999340623617172 0
1634799106344 0.30715130269527435 0
1634799107502 0.48595911264419556 0
1634799108641 0.4263859987258911 0
1634799109817 0.6937317252159119 0
1634799110976 0.5631411373615265 0
1634799112141 0.32204949855804443 0
1634799113942 0.46295270323753357 0
1634799115108 0.6510982811450958 0
1634799116275 0.4566556364297867 0
1634799117443 0.397445946931839 0
1634799118609 0.6044163107872009 0
1634799119765 0.4722324162721634 0
1634799120930 0.5927054286003113 0
1634799122101 0.47330667078495026 0
1634799123275 0.5243610888719559 0
1634799124444 0.4486157149076462 0
1634799126241 0.5951123237609863 0
1634799127409 0.6342900991439819 0
1634799128558 0.29925648868083954 0
1634799129725 0.4667472243309021 0
1634799130890 0.5638310760259628 0
1634799132042 0.6303248852491379 0
1634799133191 0.4655294865369797 0
1634799134368 0.47384992241859436 0
1634799135532 0.4203912764787674 0
1634799136689 0.4555881917476654 0
1634799138477 0.7425351738929749 0
1634799139659 0.541048675775528 0
1634799140809 0.5306781828403473 0
1634799141977 0.3842359781265259 0
1634799143136 0.5142761915922165 0
1634799144310 0.472957581281662 0
1634799145476 0.46906058490276337 0
1634799146651 0.41611191630363464 0
1634799147814 0.5043806433677673 0
1634799148958 0.4381469488143921 0
1634799151041 0.43214744329452515 0
1634799152229 0.4495481997728348 0
1634799153408 0.4134887605905533 0
1634799154609 0.41786664724349976 0
1634799155843 0.4189535304903984 0
1634799157025 0.574811115860939 0
1634799158216 0.5132592171430588 0
1634799159393 0.4909467250108719 0
1634799160593 0.43464723229408264 0
1634799161760 0.6955668926239014 0
1634799163577 0.34618546068668365 0
1634799164805 0.40234240144491196 0
1634799165990 0.5142387747764587 0
1634799167173 0.520628035068512 0
1634799168382 0.40259651839733124 0
1634799169574 0.5577355623245239 0
1634799170760 0.5432351231575012 0
1634799171937 0.2911599352955818 0
1634799173125 0.27859096229076385 0
1634799174292 0.501307338476181 0
1634799176126 0.37551622092723846 0
1634799177332 0.5755973160266876 0
1634799178507 0.2551427632570267 0
1634799179742 0.4890945255756378 0
1634799180927 0.5283626317977905 0
1634799182110 0.48682305216789246 0
1634799183294 0.4742855280637741 0
1634799184479 0.3883088082075119 0
1634799185667 0.4175782799720764 0
1634799186858 0.6648398339748383 0
1634799188681 0.41703203320503235 0
1634799189859 0.40612684190273285 0
1634799191043 0.30987975001335144 0
1634799192226 0.40267668664455414 0
1634799193434 0.40450960397720337 0
1634799194642 0.4496673345565796 0
1634799195833 0.42632660269737244 0
1634799197022 0.5049551129341125 0
1634799198217 0.6334905028343201 0
1634799199393 0.3290107548236847 0
1634799201210 0.6244696378707886 0
1634799202393 0.46260008215904236 0
1634799203585 0.39701107889413834 0
1634799204772 0.48669305443763733 0
1634799205943 0.5247727483510971 0
1634799207126 0.5533397793769836 0
1634799208311 0.425013467669487 0
1634799209530 0.5413327664136887 0
1634799210727 0.44482436776161194 0
1634799211910 0.5023790895938873 0
1634799213765 0.41554760932922363 0
1634799214951 0.4059627652168274 0
1634799216155 0.23060332983732224 0
1634799217377 0.3939676284790039 0
1634799218543 0.4063534140586853 0
1634799219728 0.3377135172486305 0
1634799220894 0.41024093329906464 0
1634799222085 0.3258805051445961 0
1634799223244 0.3719766438007355 0
1634799224442 0.45180267095565796 0
1634799226259 0.46386098861694336 0
1634799227442 0.44612303376197815 0
1634799228628 0.3983951508998871 0
1634799229792 0.5978716909885406 0
1634799230956 0.481853649020195 0
1634799232110 0.39374102652072906 0
1634799233260 0.3873477429151535 0
1634799234426 0.3041028529405594 0
1634799235619 0.3896167278289795 0
1634799236775 0.4570871591567993 0
1634799238561 0.3653097003698349 0
1634799239733 0.40905481576919556 0
1634799240891 0.32462845742702484 0
1634799242058 0.45594622194767 0
1634799243219 0.3169359117746353 0
1634799244378 0.3297456204891205 0
1634799245543 0.4459231346845627 0
1634799246710 0.2601631060242653 0
1634799247870 0.3493137061595917 0
1634799249027 0.6867063939571381 0
1634799250843 0.36017756164073944 0
1634799251995 0.5113373845815659 0
1634799253162 0.30444347858428955 0
1634799254335 0.29284532368183136 0
1634799255508 0.3497525453567505 0
1634799256682 0.3188668340444565 0
1634799257860 0.4456539452075958 0
1634799259027 0.43985411524772644 0
1634799260244 0.41019129753112793 0
1634799261427 0.4888313263654709 0
1634799263677 0.4199639856815338 0
1634799264877 0.341370165348053 0
1634799266044 0.4387701451778412 0
1634799267238 0.3611976057291031 0
1634799268476 0.24317410588264465 0
1634799269663 0.3784729689359665 0
1634799270844 0.3654184490442276 0
1634799272044 0.3708250820636749 0
1634799273232 0.3525446802377701 0
1634799274461 0.5046453773975372 0
1634799276336 0.25192493945360184 0
1634799277525 0.2377196028828621 0
1634799278710 0.38798007369041443 0
1634799279893 0.5794522166252136 0
1634799281087 0.43203774094581604 0
1634799282278 0.3876269459724426 0
1634799283527 0.4664296507835388 0
1634799284710 0.3941497653722763 0
1634799285878 0.40282151103019714 0
1634799287063 0.42119432985782623 0
1634799288879 0.21606628596782684 0
1634799290060 0.492766797542572 0
1634799291227 0.38344065845012665 0
1634799292393 0.403318390250206 0
1634799293544 0.3617928624153137 0
1634799294717 0.19489066302776337 0
1634799295888 0.31228529661893845 0
1634799297062 0.4707186818122864 0
1634799298260 0.42587558925151825 0
1634799299448 0.30472394824028015 0
1634799301307 0.2934720665216446 0
1634799302555 0.22791507095098495 0
1634799303743 0.29014304280281067 0
1634799304917 0.4124375581741333 0
1634799306077 0.4187747687101364 0
1634799307228 0.3351154029369354 0
1634799308404 0.38054409623146057 0
1634799309561 0.2838764488697052 0
1634799310732 0.4188498258590698 0
1634799311902 0.22685445845127106 0
1634799313712 0.3536812961101532 0
1634799314884 0.5891478955745697 0
1634799316047 0.4052315652370453 0
1634799317206 0.3897315412759781 0
1634799318371 0.2204042598605156 0
1634799319611 0.3322622627019882 0
1634799320818 0.36274001002311707 0
1634799321978 0.33283911645412445 0
1634799323150 0.34632502496242523 0
1634799324315 0.3152993321418762 0
1634799326108 0.35781633853912354 0
1634799327279 0.34410250186920166 0
1634799328429 0.19688060134649277 0
1634799329595 0.2558337599039078 0
1634799330761 0.379939466714859 0
1634799331927 0.31045183539390564 0
1634799333089 0.3463304340839386 0
1634799334250 0.384068563580513 0
1634799335422 0.1994892805814743 0
1634799336578 0.2698199152946472 0
1634799338360 0.41978058218955994 0
1634799339528 0.18895670771598816 0
1634799340679 0.315460205078125 0
1634799341846 0.329320952296257 0
1634799343013 0.1894962191581726 0
1634799344175 0.4329442232847214 0
1634799345338 0.32228411734104156 0
1634799346513 0.390144482254982 0
1634799347679 0.3839879184961319 0
1634799348851 0.4030855596065521 0
1634799350659 0.42237234115600586 0
1634799351857 0.3666950762271881 0
1634799353042 0.3618176430463791 0
1634799354211 0.4110942631959915 0
1634799355411 0.4066731482744217 0
1634799356582 0.27385353296995163 0
1634799357754 0.3716433495283127 0
1634799358944 0.3363627791404724 0
1634799360140 0.39157523214817047 0
1634799361311 0.2969810515642166 0
1634799363128 0.3528740853071213 0
1634799364311 0.3689187318086624 0
1634799365496 0.4745945632457733 0
1634799366662 0.37588611245155334 0
1634799367863 0.314866304397583 0
1634799369039 0.25087920576334 0
1634799370200 0.3852900415658951 0
1634799371355 0.4234412610530853 0
1634799372534 0.3185412883758545 0
1634799373728 0.3301117867231369 0
1634799375561 0.4667457491159439 0
1634799376729 0.2812373787164688 0
1634799377910 0.32082559168338776 0
1634799379094 0.5139406472444534 0
1634799380293 0.32293614745140076 0
1634799381533 0.26841120421886444 0
1634799382715 0.27930647134780884 0
1634799383896 0.25908344238996506 0
1634799385079 0.3162793964147568 0
1634799386244 0.3014528751373291 0
1634799388045 0.39538080990314484 0
1634799389243 0.3317256420850754 0
1634799390428 0.3163616210222244 0
1634799391625 0.341865599155426 0
1634799392887 0.44811147451400757 0
1634799394080 0.19104158878326416 0
1634799395293 0.32973769307136536 0
1634799396494 0.2735615149140358 0
1634799397710 0.3577083945274353 0
1634799398896 0.4253280609846115 0
1634799400746 0.28648339211940765 0
1634799401951 0.26764366030693054 0
1634799403184 0.2835336923599243 0
1634799404345 0.35161149501800537 0
1634799405529 0.25459152460098267 0
1634799406694 0.25817228853702545 0
1634799407878 0.267927885055542 0
1634799409063 0.3566928803920746 0
1634799410248 0.34297172725200653 0
1634799411428 0.5182300806045532 0
1634799413693 0.23347290605306625 0
1634799414861 0.43966008722782135 0
1634799416051 0.2892220690846443 0
1634799417242 0.25762535631656647 0
1634799418429 0.351718544960022 0
1634799419600 0.38635627925395966 0
1634799420779 0.296551451086998 0
1634799421974 0.2687355577945709 0
1634799423177 0.3493901938199997 0
1634799424346 0.3465168625116348 0
1634799426210 0.2544516772031784 0
1634799427488 0.3280039429664612 0
1634799428696 0.3876505494117737 0
1634799429879 0.2552005499601364 0
1634799431068 0.3541674017906189 0
1634799432244 0.24432088434696198 0
1634799433434 0.3026450499892235 0
1634799434613 0.26991331577301025 0
1634799435780 0.3163168579339981 0
1634799436967 0.24089555442333221 0
1634799438793 0.29651232063770294 0
1634799440000 0.21639752388000488 0
1634799441180 0.3202572613954544 0
1634799442347 0.28076961636543274 0
1634799443529 0.3448641002178192 0
1634799444696 0.38633471727371216 0
1634799445880 0.28057223558425903 0
1634799447070 0.3340575397014618 0
1634799448232 0.30435216426849365 0
1634799449419 0.3151121884584427 0
1634799451286 0.2686789482831955 0
1634799452534 0.3445902541279793 0
1634799453711 0.34354765713214874 0
1634799454895 0.38311633467674255 0
1634799456080 0.2629496306180954 0
1634799457261 0.2642667889595032 0
1634799458447 0.22521205246448517 0
1634799459645 0.32329750061035156 0
1634799460829 0.28769803792238235 0
1634799462005 0.3534041494131088 0
1634799463849 0.31137615442276 0
1634799465052 0.2551823705434799 0
1634799466229 0.20922917872667313 0
1634799467411 0.17724653333425522 0
1634799468612 0.3180065453052521 0
1634799469795 0.15862058848142624 0
1634799471028 0.2757713347673416 0
1634799472214 0.22951658070087433 0
1634799473393 0.3060188964009285 0
1634799474563 0.2895128130912781 0
1634799476397 0.3187272697687149 0
1634799477602 0.3154713958501816 0
1634799478795 0.3308592736721039 0
1634799479980 0.27680812776088715 0
1634799481216 0.24339528381824493 0
1634799482430 0.36562488973140717 0
1634799483634 0.25078127533197403 0
1634799484795 0.3683421015739441 0
1634799485997 0.27179381251335144 0
1634799487179 0.21230962127447128 0
1634799488995 0.25854405760765076 0
1634799490179 0.3169992119073868 0
1634799491382 0.35288824886083603 0
1634799492558 0.23646755516529083 0
1634799493743 0.2662496268749237 0
1634799494920 0.3534459322690964 0
1634799496096 0.3156265318393707 0
1634799497308 0.3309231251478195 0
1634799498523 0.2916993945837021 0
1634799499723 0.24965380132198334 0
1634799501618 0.24811820685863495 0
1634799502843 0.2442210614681244 0
1634799504040 0.27654384076595306 0
1634799505246 0.3520546555519104 0
1634799506446 0.22154071927070618 0
1634799507673 0.3194499909877777 0
1634799508882 0.23126743733882904 0
1634799510079 0.35760626196861267 0
1634799511270 0.2965007573366165 0
1634799512481 0.23630639910697937 0
1634799514371 0.26210854947566986 0
1634799515580 0.29702967405319214 0
1634799516771 0.46248720586299896 0
1634799517945 0.24297327548265457 0
1634799519128 0.26844361424446106 0
1634799520332 0.4901781976222992 0
1634799521504 0.27690665423870087 0
1634799522676 0.22698956727981567 0
1634799523839 0.15529737249016762 0
1634799525060 0.19657053798437119 0
1634799526886 0.17283782362937927 0
1634799528078 0.20088601857423782 0
1634799529263 0.29691366851329803 0
1634799530480 0.19421755522489548 0
1634799531646 0.18545544892549515 0
1634799532822 0.26668787002563477 0
1634799533981 0.26922205090522766 0
1634799535179 0.2403085082769394 0
1634799536381 0.3210862874984741 0
1634799537557 0.20613659918308258 0
1634799539418 0.2691401392221451 0
1634799540631 0.2185986042022705 0
1634799541849 0.28819404542446136 0
1634799543028 0.22800853848457336 0
1634799544201 0.2661512941122055 0
1634799545363 0.23268777132034302 0
1634799546581 0.2688466012477875 0
1634799547739 0.22904164344072342 0
1634799548921 0.16476476937532425 0
1634799550058 0.2516077160835266 0
1634799551878 0.2967034988105297 0
1634799553065 0.23733264207839966 0
1634799554239 0.23002226650714874 0
1634799555413 0.1904999166727066 0
1634799556604 0.35181693732738495 0
1634799557796 0.2535286098718643 0
1634799558975 0.2644096314907074 0
1634799560126 0.24392752349376678 0
1634799561283 0.18850252032279968 0
1634799562426 0.1895718052983284 0
1634799564217 0.15066948533058167 0
1634799565390 0.1973162591457367 0
1634799566547 0.2576518952846527 0
1634799567714 0.31051480770111084 0
1634799568879 0.29069463163614273 0
1634799570044 0.1855545938014984 0
1634799571201 0.2849838435649872 0
1634799572382 0.2847882956266403 0
1634799573533 0.23355884850025177 0
1634799574714 0.18124931305646896 0
1634799576618 0.21331346035003662 0
1634799577824 0.22451204806566238 0
1634799578986 0.20089616626501083 0
1634799580144 0.25414010137319565 0
1634799581308 0.14729566499590874 0
1634799582467 0.3227850943803787 0
1634799583643 0.1510814130306244 0
1634799584792 0.2729044556617737 0
1634799585949 0.29242463409900665 0
1634799587123 0.2991538420319557 0
1634799588986 0.20969915390014648 0
1634799590191 0.2830115407705307 0
1634799591372 0.21135978400707245 0
1634799592588 0.19919735938310623 0
1634799593767 0.22617629170417786 0
1634799594958 0.22320475429296494 0
1634799596133 0.17720473557710648 0
1634799597301 0.2558157294988632 0
1634799598504 0.13316858559846878 0
1634799599689 0.2313348725438118 0
1634799602129 0.280971921980381 0
1634799603325 0.264815017580986 0
1634799604516 0.219996839761734 0
1634799605736 0.2515094354748726 0
1634799606897 0.26490843296051025 0
1634799608083 0.2216028943657875 0
1634799609257 0.18787647038698196 0
1634799610410 0.26692990958690643 0
1634799611554 0.2678739130496979 0
1634799612712 0.2320130616426468 0
1634799614544 0.2742866277694702 0
1634799615782 0.2118629291653633 0
1634799616930 0.1355723738670349 0
1634799618101 0.2698991447687149 0
1634799619275 0.14871151000261307 0
1634799620510 0.12389380484819412 0
1634799621662 0.21626165509223938 0
1634799622848 0.16301360726356506 0
1634799624063 0.21573948860168457 0
1634799625291 0.17900968343019485 0
1634799627181 0.25405195355415344 0
1634799628398 0.24239398539066315 0
1634799629591 0.1787104457616806 0
1634799630783 0.15401114895939827 0
1634799631984 0.18714305758476257 0
1634799633149 0.17987122386693954 0
1634799634316 0.21404651552438736 0
1634799635499 0.24103357642889023 0
1634799636714 0.27664390206336975 0
1634799637911 0.1613331064581871 0
