1634798738944 4.875700950622559 0
1634798740864 2.316079616546631 0
1634798742060 1.785512924194336 0
1634798743244 2.6653218269348145 0
1634798744425 3.374163866043091 0
1634798745587 2.131556749343872 0
1634798746784 2.3984715938568115 0
1634798748000 1.1468435525894165 0
1634798749199 1.6803910732269287 0
1634798750357 1.6898748874664307 0
1634798751520 1.3629212379455566 0
1634798753327 1.4005558490753174 0
1634798754516 2.274064540863037 0
1634798755683 2.51729679107666 0
1634798756845 1.280261754989624 0
1634798757987 1.7068674564361572 0
1634798759170 1.2718617916107178 0
1634798760340 1.410012125968933 0
1634798761505 1.3112813234329224 0
1634798762654 1.8108837604522705 0
1634798763820 0.5332320332527161 0
1634798765693 2.377028465270996 0
1634798766854 0.8672245740890503 0
1634798768021 1.3984590768814087 0
1634798769189 1.2287139892578125 0
1634798770338 1.3000454902648926 0
1634798771515 0.6672745943069458 0
1634798772656 0.8542304635047913 0
1634798773821 0.9847980737686157 0
1634798774972 0.9569056034088135 0
1634798776140 1.1921849250793457 0
1634798777940 0.9591429233551025 0
1634798779114 0.7844163179397583 0
1634798780301 0.5223995447158813 0
1634798781459 0.7846060395240784 0
1634798782630 0.929113507270813 0
1634798783842 0.868181586265564 0
1634798785021 0.4904457926750183 0
1634798786230 1.0820178985595703 0
1634798787417 1.0928783416748047 0
1634798788599 0.9520390033721924 0
1634798790561 0.7255107164382935 0
1634798791774 0.5050292015075684 0
1634798792986 0.3983181416988373 0
1634798794206 0.4345678687095642 0
1634798795400 0.5139954090118408 0
1634798796554 0.9711948037147522 0
1634798797720 0.9170519709587097 0
1634798798889 0.6006824374198914 0
1634798800056 0.9731799364089966 0
1634798801235 0.5412126779556274 0
1634798803087 0.7604274153709412 0
1634798804280 0.5930936336517334 0
1634798805481 0.42417222261428833 0
1634798806671 0.901513397693634 0
1634798807846 0.7011923789978027 0
1634798809022 0.25074154138565063 0
1634798810204 0.9180172681808472 0
1634798811385 0.6270737648010254 0
1634798812556 0.6007001399993896 0
1634798813736 1.198760747909546 0
1634798815632 0.41835957765579224 0
1634798816827 0.926448404788971 0
1634798818039 0.4946286678314209 0
1634798819233 0.7707993984222412 0
1634798820425 0.2198454737663269 0
1634798821606 0.4293776750564575 0
1634798822776 0.6022018194198608 0
1634798823958 0.563846230506897 0
1634798825123 0.5754804015159607 0
1634798826305 0.4242980182170868 0
1634798828209 0.5575060844421387 0
1634798829411 0.6689804792404175 0
1634798830605 0.3758401870727539 0
1634798831820 0.4608614444732666 0
1634798833021 0.6060692071914673 0
1634798834207 0.5800125002861023 0
1634798835371 0.26179951429367065 0
1634798836577 0.30858373641967773 0
1634798837755 0.5965625643730164 0
1634798838916 0.3258332908153534 0
1634798840796 0.5051085948944092 0
1634798842006 0.5572813749313354 0
1634798843181 0.41243046522140503 0
1634798844389 0.6018924117088318 0
1634798845556 0.27701687812805176 0
1634798846759 0.597280740737915 0
1634798847939 0.45739156007766724 0
1634798849133 0.7579815983772278 0
1634798850303 0.45658212900161743 0
1634798851470 0.5236568450927734 0
1634798853283 0.46581998467445374 0
1634798854470 0.32453453540802 0
1634798855653 0.6959723234176636 0
1634798856826 0.43620121479034424 0
1634798857997 0.5655168294906616 0
1634798859172 0.6182169318199158 0
1634798860369 0.4605294466018677 0
1634798861582 0.6150239109992981 0
1634798862776 0.5373844504356384 0
1634798863973 0.282659649848938 0
1634798865873 0.20952299237251282 0
1634798867078 0.4621227979660034 0
1634798868280 0.41082438826560974 0
1634798869456 0.6276737451553345 0
1634798870659 0.4542497992515564 0
1634798871823 0.3051612973213196 0
1634798873007 0.43592357635498047 0
1634798874216 0.3940521478652954 0
1634798875391 0.3835006058216095 0
1634798876560 0.35723891854286194 0
1634798878418 0.4659038186073303 0
1634798879633 0.32857373356819153 0
1634798880809 0.490774929523468 0
1634798881974 0.45481258630752563 0
1634798883136 0.4738137722015381 0
1634798884307 0.3330855965614319 0
1634798885481 0.46201956272125244 0
1634798886656 0.3708093762397766 0
1634798887858 0.2971208095550537 0
1634798889067 0.3600543439388275 0
1634798890931 0.46881940960884094 0
1634798892146 0.6209409236907959 0
1634798893344 0.4735105633735657 0
1634798894513 0.4880569577217102 0
1634798895700 0.5891042351722717 0
1634798896896 0.432434618473053 0
1634798898072 0.4150366485118866 0
1634798899240 0.5286127328872681 0
1634798900421 0.4909835457801819 0
1634798901589 0.3507031202316284 0
1634798903399 0.3026072382926941 0
1634798904575 0.37416690587997437 0
1634798905766 0.37116098403930664 0
1634798906939 0.3544914424419403 0
1634798908137 0.5245779752731323 0
1634798909322 0.17969980835914612 0
1634798910505 0.33642587065696716 0
1634798911689 0.6756024360656738 0
1634798912880 0.5146516561508179 0
1634798914073 0.3372011184692383 0
1634798916005 0.4585111737251282 0
1634798917180 0.5015451908111572 0
1634798918367 0.3116222023963928 0
1634798919540 0.5659570693969727 0
1634798920727 0.4256284236907959 0
1634798921924 0.3893361985683441 0
1634798923121 0.4852184057235718 0
1634798924322 0.3899155557155609 0
1634798925545 0.39425474405288696 0
1634798926752 0.22625571489334106 0
1634798928595 0.3252771496772766 0
1634798929789 0.46319228410720825 0
1634798930957 0.5174018144607544 0
1634798932136 0.23379525542259216 0
1634798933330 0.3550476133823395 0
1634798934524 0.36204272508621216 0
1634798935714 0.43098872900009155 0
1634798936917 0.4181656837463379 0
1634798938083 0.22143280506134033 0
1634798939245 0.2536158263683319 0
1634798941057 0.2349473536014557 0
1634798942246 0.6662840843200684 0
1634798943414 0.3950291574001312 0
1634798944582 0.31777137517929077 0
1634798945754 0.2582620680332184 0
1634798946934 0.41115060448646545 0
1634798948132 0.3232557773590088 0
1634798949373 0.5098738670349121 0
1634798950574 0.2910490036010742 0
1634798951765 0.42094260454177856 0
1634798953678 0.38169652223587036 0
1634798954866 0.3898552358150482 0
1634798956043 0.26269322633743286 0
1634798957224 0.4984336495399475 0
1634798958391 0.16588589549064636 0
1634798959589 0.3337058126926422 0
1634798960760 0.3458601236343384 0
1634798961941 0.42613500356674194 0
1634798963124 0.37026458978652954 0
1634798964327 0.3050733804702759 0
1634798966165 0.3196946978569031 0
1634798967346 0.2433190941810608 0
1634798968527 0.30036723613739014 0
1634798969715 0.3892424702644348 0
1634798970871 0.2469349503517151 0
1634798972024 0.6085757613182068 0
1634798973194 0.5663689970970154 0
1634798974341 0.23635965585708618 0
1634798975529 0.2845982313156128 0
1634798976690 0.27613309025764465 0
1634798978628 0.2850273847579956 0
1634798979821 0.21040987968444824 0
1634798980984 0.2111559808254242 0
1634798982141 0.21736082434654236 0
1634798983303 0.2993104159832001 0
1634798984465 0.31934648752212524 0
1634798985625 0.31761422753334045 0
1634798986788 0.38626161217689514 0
1634798987959 0.670231819152832 0
1634798989124 0.3743816018104553 0
1634798990923 0.1875603199005127 0
1634798992101 0.33456262946128845 0
1634798993258 0.3726854622364044 0
1634798994408 0.49017465114593506 0
1634798995574 0.5033400058746338 0
1634798996739 0.30556392669677734 0
1634798997889 0.21497465670108795 0
1634798999061 0.2601812481880188 0
1634799000223 0.3752483129501343 0
1634799001392 0.3055739998817444 0
1634799003191 0.20027919113636017 0
1634799004359 0.16535638272762299 0
1634799005524 0.11114437133073807 0
1634799006685 0.4042997658252716 0
1634799007841 0.17116911709308624 0
1634799009002 0.40516898036003113 0
1634799010156 0.17539136111736298 0
1634799011328 0.19987407326698303 0
1634799012487 0.36757421493530273 0
1634799013641 0.30909088253974915 0
1634799015458 0.23263025283813477 0
1634799016624 0.5186520218849182 0
1634799017790 0.27726930379867554 0
1634799018957 0.30434149503707886 0
1634799020124 0.32963407039642334 0
1634799021275 0.3515063226222992 0
1634799022441 0.18067103624343872 0
1634799023613 0.25921744108200073 0
1634799024788 0.44702914357185364 0
1634799025956 0.2971479892730713 0
1634799027773 0.16669195890426636 0
1634799028952 0.24034619331359863 0
1634799030110 0.4433487057685852 0
1634799031272 0.14372698962688446 0
1634799032434 0.19154998660087585 0
1634799033597 0.2632198929786682 0
1634799034776 0.249260812997818 0
1634799035942 0.21902057528495789 0
1634799037118 0.18602825701236725 0
1634799038273 0.16655302047729492 0
1634799040071 0.3611489534378052 0
1634799041242 0.37953436374664307 0
1634799042407 0.2896523177623749 0
1634799043574 0.24196243286132812 0
1634799044726 0.28109264373779297 0
1634799045891 0.1970807909965515 0
1634799047058 0.3430895507335663 0
1634799048219 0.29350218176841736 0
1634799049389 0.2637852728366852 0
1634799050542 0.354392409324646 0
1634799052559 0.3120808005332947 0
1634799053724 0.20202955603599548 0
1634799054897 0.3028775751590729 0
1634799056059 0.3944779634475708 0
1634799057224 0.24845606088638306 0
1634799058381 0.20191779732704163 0
1634799059541 0.27572762966156006 0
1634799060707 0.25102606415748596 0
1634799061898 0.2660244405269623 0
1634799063068 0.23789656162261963 0
1634799064857 0.34100228548049927 0
1634799066025 0.15356774628162384 0
1634799067193 0.2520238757133484 0
1634799068368 0.2327718436717987 0
1634799069530 0.1642405390739441 0
1634799070687 0.47138339281082153 0
1634799071841 0.2118118852376938 0
1634799073008 0.3350716531276703 0
1634799074174 0.3423895835876465 0
1634799075326 0.11346584558486938 0
1634799077126 0.16485078632831573 0
1634799078316 0.19167393445968628 0
1634799079474 0.13818053901195526 0
1634799080625 0.13479329645633698 0
1634799081804 0.10451371967792511 0
1634799082958 0.20051373541355133 0
1634799084126 0.16776986420154572 0
1634799085292 0.3074963390827179 0
1634799086459 0.27201610803604126 0
1634799087623 0.21782368421554565 0
1634799089409 0.1967225968837738 0
1634799090592 0.2306404709815979 0
1634799091758 0.2563949525356293 0
1634799092930 0.15046128630638123 0
1634799094089 0.29768452048301697 0
1634799095249 0.2263459861278534 0
1634799096414 0.2529686391353607 0
1634799097558 0.3046102821826935 0
1634799098730 0.17772002518177032 0
1634799099875 0.3372989594936371 0
1634799101699 0.18147869408130646 0
1634799102858 0.2660060226917267 0
1634799104027 0.13299323618412018 0
1634799105192 0.20971348881721497 0
1634799106350 0.13616354763507843 0
1634799107508 0.28276681900024414 0
1634799108662 0.19846908748149872 0
1634799109824 0.2318396270275116 0
1634799110976 0.28104087710380554 0
1634799112141 0.12632763385772705 0
1634799113942 0.20573824644088745 0
1634799115108 0.2613787353038788 0
1634799116275 0.17268547415733337 0
1634799117450 0.12884443998336792 0
1634799118609 0.4051915407180786 0
1634799119772 0.1449098289012909 0
1634799120937 0.35876667499542236 0
1634799122108 0.2179946005344391 0
1634799123275 0.2072090059518814 0
1634799124451 0.1575477123260498 0
1634799126241 0.23539966344833374 0
1634799127409 0.27701273560523987 0
1634799128558 0.12957963347434998 0
1634799129725 0.2127966284751892 0
1634799130893 0.2123267650604248 0
1634799132042 0.39438799023628235 0
1634799133214 0.1598847657442093 0
1634799134374 0.25337857007980347 0
1634799135539 0.2032579630613327 0
1634799136696 0.2091192901134491 0
1634799138497 0.4172512888908386 0
1634799139659 0.2843850553035736 0
1634799140825 0.2503586411476135 0
1634799141977 0.15142104029655457 0
1634799143143 0.23845814168453217 0
1634799144310 0.2545054852962494 0
1634799145492 0.23434853553771973 0
1634799146658 0.11432459950447083 0
1634799147821 0.24187786877155304 0
1634799148979 0.17893272638320923 0
1634799151048 0.17847704887390137 0
1634799152236 0.18575838208198547 0
1634799153424 0.17176669836044312 0
1634799154625 0.2127419114112854 0
1634799155862 0.13988977670669556 0
1634799157044 0.2546406388282776 0
1634799158223 0.2427147924900055 0
1634799159400 0.19373682141304016 0
1634799160593 0.19814445078372955 0
1634799161779 0.4468041658401489 0
1634799163584 0.18287944793701172 0
1634799164812 0.08802465349435806 0
1634799165997 0.21095600724220276 0
1634799167180 0.2645606994628906 0
1634799168389 0.19211573898792267 0
1634799169580 0.29145604372024536 0
1634799170760 0.27446702122688293 0
1634799171944 0.0957179144024849 0
1634799173130 0.12811018526554108 0
1634799174292 0.16813956201076508 0
1634799176126 0.12333754450082779 0
1634799177339 0.32097411155700684 0
1634799178509 0.10916020721197128 0
1634799179742 0.21095840632915497 0
1634799180927 0.27682796120643616 0
1634799182111 0.2557486295700073 0
1634799183294 0.2500782012939453 0
1634799184486 0.15567414462566376 0
1634799185674 0.1332738697528839 0
1634799186861 0.42143985629081726 0
1634799188688 0.2127673327922821 0
1634799189859 0.1414688527584076 0
1634799191044 0.11623987555503845 0
1634799192226 0.16548685729503632 0
1634799193443 0.20419403910636902 0
1634799194642 0.2552971839904785 0
1634799195840 0.1851985603570938 0
1634799197033 0.29309991002082825 0
1634799198224 0.39778071641921997 0
1634799199393 0.13146840035915375 0
1634799201210 0.42554402351379395 0
1634799202411 0.27296003699302673 0
1634799203592 0.12155057489871979 0
1634799204779 0.1673879325389862 0
1634799205958 0.22704696655273438 0
1634799207142 0.1713199019432068 0
1634799208311 0.19830402731895447 0
1634799209537 0.13302111625671387 0
1634799210742 0.15086773037910461 0
1634799211910 0.2150704711675644 0
1634799213772 0.20716062188148499 0
1634799214958 0.20529493689537048 0
1634799216161 0.08865776658058167 0
1634799217377 0.17522922158241272 0
1634799218559 0.18247511982917786 0
1634799219735 0.10527648031711578 0
1634799220910 0.16185444593429565 0
1634799222092 0.11154994368553162 0
1634799223259 0.13541138172149658 0
1634799224442 0.2736230790615082 0
1634799226275 0.10754883289337158 0
1634799227442 0.2083815634250641 0
1634799228635 0.13069568574428558 0
1634799229799 0.26001256704330444 0
1634799230963 0.2515948414802551 0
1634799232110 0.17151327431201935 0
1634799233277 0.10068542510271072 0
1634799234448 0.13785243034362793 0
1634799235626 0.20034614205360413 0
1634799236782 0.2341831922531128 0
1634799238576 0.1835843026638031 0
1634799239740 0.19324931502342224 0
1634799240894 0.11852122098207474 0
1634799242060 0.2066972702741623 0
1634799243226 0.09692266583442688 0
1634799244394 0.16112926602363586 0
1634799245543 0.1137799620628357 0
1634799246717 0.10023555159568787 0
1634799247878 0.1851276308298111 0
1634799249027 0.334926962852478 0
1634799250843 0.15433849394321442 0
1634799252010 0.16612684726715088 0
1634799253169 0.10971470177173615 0
1634799254342 0.15931633114814758 0
1634799255515 0.11794406175613403 0
1634799256689 0.16692611575126648 0
1634799257860 0.20227602124214172 0
1634799259043 0.22961384057998657 0
1634799260251 0.20675650238990784 0
1634799261427 0.2585788667201996 0
1634799263684 0.225875586271286 0
1634799264893 0.1676221489906311 0
1634799266060 0.21165308356285095 0
1634799267246 0.1381566971540451 0
1634799268484 0.11049258708953857 0
1634799269671 0.09104680269956589 0
1634799270844 0.17952030897140503 0
1634799272044 0.10162588208913803 0
1634799273239 0.13508792221546173 0
1634799274480 0.2809728682041168 0
1634799276343 0.09015397727489471 0
1634799277533 0.10552278161048889 0
1634799278727 0.13509544730186462 0
1634799279893 0.37411922216415405 0
1634799281094 0.13231578469276428 0
1634799282278 0.16990341246128082 0
1634799283534 0.2756701111793518 0
1634799284710 0.22065378725528717 0
1634799285878 0.1928882896900177 0
1634799287070 0.19946765899658203 0
1634799288879 0.06490717828273773 0
1634799290076 0.17745019495487213 0
1634799291227 0.1655769944190979 0
1634799292400 0.18697158992290497 0
1634799293559 0.15154658257961273 0
1634799294724 0.09611600637435913 0
1634799295895 0.1275036334991455 0
1634799297062 0.14489777386188507 0
1634799298268 0.16380323469638824 0
1634799299455 0.11681599915027618 0
1634799301312 0.10401743650436401 0
1634799302563 0.08015820384025574 0
1634799303743 0.12102040648460388 0
1634799304924 0.24360090494155884 0
1634799306077 0.19041937589645386 0
1634799307244 0.1419321596622467 0
1634799308411 0.1682843565940857 0
1634799309577 0.09159471839666367 0
1634799310751 0.19819045066833496 0
1634799311909 0.09826427698135376 0
1634799313719 0.17239674925804138 0
1634799314891 0.3485555052757263 0
1634799316054 0.20564299821853638 0
1634799317213 0.1282213181257248 0
1634799318378 0.11354393512010574 0
1634799319611 0.12392528355121613 0
1634799320824 0.17059646546840668 0
1634799321978 0.1831573098897934 0
1634799323157 0.18152263760566711 0
1634799324321 0.1301957368850708 0
1634799326129 0.10828989744186401 0
1634799327286 0.12553326785564423 0
1634799328444 0.07823371142148972 0
1634799329595 0.09814620018005371 0
1634799330761 0.11431476473808289 0
1634799331927 0.08867333829402924 0
1634799333095 0.14028961956501007 0
1634799334257 0.2158154547214508 0
1634799335428 0.070616714656353 0
1634799336578 0.1297702193260193 0
1634799338360 0.09428732097148895 0
1634799339528 0.08054234832525253 0
1634799340694 0.11492278426885605 0
1634799341861 0.1573469340801239 0
1634799343020 0.07913163304328918 0
1634799344182 0.11958269774913788 0
1634799345345 0.13070914149284363 0
1634799346520 0.17308363318443298 0
1634799347679 0.15254712104797363 0
1634799348858 0.185279980301857 0
1634799350666 0.23109692335128784 0
1634799351862 0.13193711638450623 0
1634799353042 0.09128726273775101 0
1634799354211 0.1899450421333313 0
1634799355418 0.18449276685714722 0
1634799356589 0.07508113235235214 0
1634799357761 0.19037066400051117 0
1634799358946 0.1566779911518097 0
1634799360145 0.14345906674861908 0
1634799361318 0.1398049294948578 0
1634799363143 0.1708374321460724 0
1634799364311 0.1818767935037613 0
1634799365496 0.24894794821739197 0
1634799366677 0.19103780388832092 0
1634799367869 0.14350856840610504 0
1634799369045 0.10078218579292297 0
1634799370207 0.21259498596191406 0
1634799371361 0.1625671684741974 0
1634799372541 0.14072640240192413 0
1634799373728 0.177549347281456 0
1634799375561 0.2156546711921692 0
1634799376750 0.11061564087867737 0
1634799377927 0.1313486248254776 0
1634799379101 0.28368446230888367 0
1634799380296 0.1436944156885147 0
1634799381540 0.10737238824367523 0
1634799382722 0.11166933178901672 0
1634799383911 0.09022155404090881 0
1634799385079 0.09182533621788025 0
1634799386264 0.14192833006381989 0
1634799388061 0.20586371421813965 0
1634799389252 0.14091534912586212 0
1634799390444 0.10665072500705719 0
1634799391632 0.19187353551387787 0
1634799392894 0.1796445995569229 0
1634799394095 0.07950329035520554 0
1634799395301 0.14463424682617188 0
1634799396495 0.09732167422771454 0
1634799397717 0.14555007219314575 0
1634799398911 0.23390334844589233 0
1634799400746 0.07245628535747528 0
1634799401959 0.11949823796749115 0
1634799403191 0.08288294076919556 0
1634799404362 0.13094796240329742 0
1634799405529 0.10433580726385117 0
1634799406713 0.13707375526428223 0
1634799407878 0.11934738606214523 0
1634799409063 0.1367601603269577 0
1634799410255 0.14033114910125732 0
1634799411428 0.27595680952072144 0
1634799413693 0.09687407314777374 0
1634799414861 0.14395682513713837 0
1634799416058 0.11421948671340942 0
1634799417249 0.11541275680065155 0
1634799418429 0.22048181295394897 0
1634799419622 0.2156650871038437 0
1634799420797 0.1210358589887619 0
1634799421981 0.1146826520562172 0
1634799423180 0.16840484738349915 0
1634799424346 0.11253362894058228 0
1634799426227 0.11114120483398438 0
1634799427495 0.12691280245780945 0
1634799428711 0.1578538715839386 0
1634799429879 0.11776010692119598 0
1634799431075 0.13549759984016418 0
1634799432251 0.08280231058597565 0
1634799433441 0.08786498010158539 0
1634799434613 0.12369605898857117 0
1634799435796 0.16804781556129456 0
1634799436967 0.09380681812763214 0
1634799438815 0.131169393658638 0
1634799440007 0.07977022975683212 0
1634799441187 0.08843793720006943 0
1634799442362 0.10918672382831573 0
1634799443529 0.16966982185840607 0
1634799444696 0.16837327182292938 0
1634799445880 0.11345866322517395 0
1634799447077 0.14623525738716125 0
1634799448232 0.07546600699424744 0
1634799449426 0.1731857806444168 0
1634799451293 0.12912000715732574 0
1634799452541 0.09949186444282532 0
1634799453727 0.15551157295703888 0
1634799454911 0.13290196657180786 0
1634799456080 0.13533979654312134 0
1634799457282 0.0965648740530014 0
1634799458462 0.10840925574302673 0
1634799459645 0.17398297786712646 0
1634799460836 0.1227160394191742 0
1634799462012 0.15484943985939026 0
1634799463856 0.10402538627386093 0
1634799465059 0.11628171801567078 0
1634799466244 0.07079079002141953 0
1634799467429 0.08364494144916534 0
1634799468612 0.15955506265163422 0
1634799469802 0.0648590698838234 0
1634799471050 0.10622981190681458 0
1634799472221 0.08953331410884857 0
1634799473400 0.11673077940940857 0
1634799474580 0.1108439564704895 0
1634799476397 0.11286699771881104 0
1634799477609 0.15015214681625366 0
1634799478803 0.11336983740329742 0
1634799479980 0.1465570479631424 0
1634799481223 0.061211079359054565 0
1634799482430 0.17095890641212463 0
1634799483641 0.1239282637834549 0
1634799484812 0.15702921152114868 0
1634799486013 0.10021402686834335 0
1634799487198 0.06629709899425507 0
1634799489011 0.07823756337165833 0
1634799490197 0.16600343585014343 0
1634799491389 0.04561394080519676 0
1634799492565 0.08226115256547928 0
1634799493747 0.13562867045402527 0
1634799494927 0.15507003664970398 0
1634799496111 0.1640768200159073 0
1634799497315 0.17936035990715027 0
1634799498529 0.1427842527627945 0
1634799499730 0.1196499764919281 0
1634799501625 0.09597163647413254 0
1634799502850 0.09375126659870148 0
1634799504047 0.15972821414470673 0
1634799505253 0.1516542136669159 0
1634799506446 0.10342249274253845 0
1634799507681 0.15321749448776245 0
1634799508889 0.08439914137125015 0
1634799510086 0.19904069602489471 0
1634799511277 0.14096873998641968 0
1634799512488 0.08794540166854858 0
1634799514378 0.10785526037216187 0
1634799515580 0.1657312959432602 0
1634799516778 0.3081584572792053 0
1634799517945 0.09109125286340714 0
1634799519135 0.15497326850891113 0
1634799520339 0.2859586477279663 0
1634799521511 0.10388601571321487 0
1634799522683 0.05250822380185127 0
1634799523856 0.051116056740283966 0
1634799525067 0.07951904833316803 0
1634799526893 0.08794589340686798 0
1634799528099 0.059336163103580475 0
1634799529279 0.13996782898902893 0
1634799530487 0.08363690972328186 0
1634799531646 0.0747443288564682 0
1634799532828 0.14095573127269745 0
1634799533996 0.1395525336265564 0
1634799535187 0.08351215720176697 0
1634799536388 0.18170061707496643 0
1634799537564 0.1091032475233078 0
1634799539425 0.13094818592071533 0
1634799540631 0.08393242210149765 0
1634799541856 0.09982848167419434 0
1634799543035 0.0987430214881897 0
1634799544207 0.08634978532791138 0
1634799545363 0.10672874748706818 0
1634799546588 0.11857403814792633 0
1634799547754 0.07792114466428757 0
1634799548928 0.0683421641588211 0
1634799550074 0.12243254482746124 0
1634799551898 0.06060625612735748 0
1634799553065 0.10633137077093124 0
1634799554246 0.08989615738391876 0
1634799555421 0.09098335355520248 0
1634799556611 0.203925222158432 0
1634799557803 0.057852596044540405 0
1634799558982 0.12389889359474182 0
1634799560126 0.10250815749168396 0
1634799561283 0.07979261875152588 0
1634799562426 0.0711582601070404 0
1634799564217 0.0726151242852211 0
1634799565406 0.08646556735038757 0
1634799566547 0.10548349469900131 0
1634799567730 0.14650246500968933 0
1634799568879 0.11721468716859818 0
1634799570044 0.06748475134372711 0
1634799571201 0.1548466831445694 0
1634799572382 0.11531133204698563 0
1634799573548 0.08824310451745987 0
1634799574714 0.06511235237121582 0
1634799576618 0.08309901505708694 0
1634799577840 0.0757848396897316 0
1634799579001 0.07861867547035217 0
1634799580160 0.09201021492481232 0
1634799581324 0.050105344504117966 0
1634799582483 0.16977888345718384 0
1634799583644 0.05690859258174896 0
1634799584792 0.14033912122249603 0
1634799585965 0.12564992904663086 0
1634799587123 0.18639273941516876 0
1634799588993 0.10352525860071182 0
1634799590207 0.13013339042663574 0
1634799591388 0.08722900599241257 0
1634799592603 0.0774107500910759 0
1634799593776 0.1219552606344223 0
1634799594965 0.061018653213977814 0
1634799596140 0.06611641496419907 0
1634799597308 0.12621447443962097 0
1634799598511 0.05043826624751091 0
1634799599696 0.08942518383264542 0
1634799602129 0.08889343589544296 0
1634799603340 0.12054174393415451 0
1634799604516 0.08064261823892593 0
1634799605736 0.07748521119356155 0
1634799606912 0.1393328607082367 0
1634799608099 0.12802377343177795 0
1634799609257 0.07056478410959244 0
1634799610410 0.08625583350658417 0
1634799611569 0.08856035768985748 0
1634799612712 0.1289128065109253 0
1634799614554 0.1203012764453888 0
1634799615789 0.09054642170667648 0
1634799616945 0.04740670323371887 0
1634799618101 0.09500961005687714 0
1634799619293 0.05053826421499252 0
1634799620517 0.047975100576877594 0
1634799621662 0.10532675683498383 0
1634799622864 0.07588762789964676 0
1634799624071 0.10972756147384644 0
1634799625298 0.058115340769290924 0
1634799627189 0.11848508566617966 0
1634799628398 0.08673187345266342 0
1634799629598 0.06455877423286438 0
1634799630790 0.05824379622936249 0
1634799631991 0.07192186266183853 0
1634799633165 0.07476618140935898 0
1634799634323 0.11906594038009644 0
1634799635507 0.06824785470962524 0
1634799636722 0.13934598863124847 0
1634799637927 0.06904254853725433 0
