1634534711132 0.9116415977478027 0
1634534803626 0.032535989535972476 0
1634534894793 0.11429256317205727 0
1634534985807 0.15736881061457098 0
1634535076779 0.16208864352665842 0
1634535169046 0.0725325234234333 0
1634535260047 0.02487082029983867 0
1634535351036 0.02385344449430704 0
1634535442061 0.020131242112256587 0
1634535533065 0.019529145036358386 0
1634535624039 0.04773297271458432 0
1634535716430 0.003508514979330357 0
1634535807342 0.009787683840841055 0
1634535898232 0.030926063656806946 0
