1635999252902 0 0
1635999255634 1 0
1635999256901 2 0
1635999258157 3 0
1635999259430 4 0
1635999260695 5 0
1635999261940 6 0
1635999263192 7 0
1635999264466 8 0
1635999265720 9 0
1635999267002 10 0
1635999269851 11 0
1635999271122 12 0
1635999272378 13 0
1635999273629 14 0
1635999274882 15 0
1635999276137 16 0
1635999277403 17 0
1635999278654 18 0
1635999279907 19 0
1635999281159 20 0
1635999283960 21 0
1635999285232 22 0
1635999286501 23 0
1635999287762 24 0
1635999289035 25 0
1635999290288 26 0
1635999291531 27 0
1635999292783 28 0
1635999294047 29 0
1635999295298 30 0
1635999298168 31 0
1635999299509 32 0
1635999300836 33 0
1635999302137 34 0
1635999303391 35 0
1635999304655 36 0
1635999305908 37 0
1635999307196 38 0
1635999308467 39 0
1635999309735 40 0
1635999312734 41 0
1635999314029 42 0
1635999315367 43 0
1635999316667 44 0
1635999317939 45 0
1635999319214 46 0
1635999320479 47 0
1635999321736 48 0
1635999323004 49 0
1635999324268 50 0
1635999327087 51 0
1635999328359 52 0
1635999329636 53 0
1635999330913 54 0
1635999332215 55 0
1635999333494 56 0
1635999334834 57 0
1635999336139 58 0
1635999337412 59 0
1635999338696 60 0
1635999341568 61 0
1635999342881 62 0
1635999344163 63 0
1635999345439 64 0
1635999346704 65 0
1635999347967 66 0
1635999349252 67 0
1635999350526 68 0
1635999351822 69 0
1635999353110 70 0
1635999356083 71 0
1635999357369 72 0
1635999358643 73 0
1635999359914 74 0
1635999361218 75 0
1635999362493 76 0
1635999363763 77 0
1635999365030 78 0
1635999366273 79 0
1635999367546 80 0
1635999370395 81 0
1635999371658 82 0
1635999372952 83 0
1635999374247 84 0
1635999375540 85 0
1635999376835 86 0
1635999378109 87 0
1635999379417 88 0
1635999380695 89 0
1635999381990 90 0
1635999384972 91 0
1635999386256 92 0
1635999387537 93 0
1635999388825 94 0
1635999390099 95 0
1635999391354 96 0
1635999392619 97 0
1635999393892 98 0
1635999395146 99 0
1635999396438 100 0
1635999399346 101 0
1635999400621 102 0
1635999401910 103 0
1635999403190 104 0
1635999404474 105 0
1635999405767 106 0
1635999407069 107 0
1635999408355 108 0
1635999409647 109 0
1635999410932 110 0
1635999413803 111 0
1635999415067 112 0
1635999416360 113 0
1635999417641 114 0
1635999418927 115 0
1635999420221 116 0
1635999421534 117 0
1635999422798 118 0
1635999424072 119 0
1635999425356 120 0
1635999428401 121 0
1635999429733 122 0
1635999430990 123 0
1635999432289 124 0
1635999433585 125 0
1635999434920 126 0
1635999436243 127 0
1635999437506 128 0
1635999438810 129 0
1635999440094 130 0
1635999443049 131 0
1635999444343 132 0
1635999445617 133 0
1635999446886 134 0
1635999448185 135 0
1635999449469 136 0
1635999450763 137 0
1635999452059 138 0
1635999453340 139 0
1635999454632 140 0
1635999457548 141 0
1635999458859 142 0
1635999460158 143 0
1635999461420 144 0
1635999462722 145 0
1635999464017 146 0
1635999465331 147 0
1635999466615 148 0
1635999467879 149 0
1635999469142 150 0
1635999471979 151 0
1635999473294 152 0
1635999474568 153 0
1635999475820 154 0
1635999477084 155 0
1635999478335 156 0
1635999479655 157 0
1635999480946 158 0
1635999482228 159 0
1635999483495 160 0
1635999486667 161 0
1635999487933 162 0
1635999489206 163 0
1635999490482 164 0
1635999491754 165 0
1635999493009 166 0
1635999494304 167 0
1635999495572 168 0
1635999496827 169 0
1635999498089 170 0
1635999501042 171 0
1635999502315 172 0
1635999503589 173 0
1635999504858 174 0
1635999506133 175 0
1635999507410 176 0
1635999508677 177 0
1635999509950 178 0
1635999511227 179 0
1635999512495 180 0
1635999515425 181 0
1635999516740 182 0
1635999518055 183 0
1635999519358 184 0
1635999520638 185 0
1635999521977 186 0
1635999523278 187 0
1635999524595 188 0
1635999525928 189 0
1635999527236 190 0
1635999530241 191 0
1635999531536 192 0
1635999532820 193 0
1635999534094 194 0
1635999535367 195 0
1635999536631 196 0
1635999537926 197 0
1635999539190 198 0
1635999540454 199 0
1635999541717 200 0
1635999544571 201 0
1635999545885 202 0
1635999547189 203 0
1635999548474 204 0
1635999549748 205 0
1635999551032 206 0
1635999552317 207 0
1635999553599 208 0
1635999554885 209 0
1635999556160 210 0
1635999559309 211 0
1635999560650 212 0
1635999561921 213 0
1635999563184 214 0
1635999564494 215 0
1635999565832 216 0
1635999567086 217 0
1635999568338 218 0
1635999569595 219 0
1635999570866 220 0
1635999573693 221 0
1635999574995 222 0
1635999576296 223 0
1635999577568 224 0
1635999578824 225 0
1635999580074 226 0
1635999581350 227 0
1635999582613 228 0
1635999583863 229 0
1635999585106 230 0
1635999588019 231 0
1635999589305 232 0
1635999590559 233 0
1635999591817 234 0
1635999593143 235 0
1635999594468 236 0
1635999595745 237 0
1635999597039 238 0
1635999598317 239 0
1635999599581 240 0
1635999602500 241 0
1635999603783 242 0
1635999605056 243 0
1635999606318 244 0
1635999607610 245 0
1635999608937 246 0
1635999610222 247 0
1635999611498 248 0
1635999612781 249 0
1635999614044 250 0
1635999616945 251 0
1635999618225 252 0
1635999619475 253 0
1635999620730 254 0
1635999621987 255 0
1635999623262 256 0
1635999624563 257 0
1635999625854 258 0
1635999627132 259 0
1635999628396 260 0
1635999631381 261 0
1635999632660 262 0
1635999633928 263 0
1635999635235 264 0
1635999636497 265 0
1635999637766 266 0
1635999639043 267 0
1635999640321 268 0
1635999641579 269 0
1635999642842 270 0
1635999645795 271 0
1635999647085 272 0
1635999648370 273 0
1635999649641 274 0
1635999650924 275 0
1635999652196 276 0
1635999653478 277 0
1635999654736 278 0
1635999656019 279 0
1635999657275 280 0
1635999660512 281 0
1635999661798 282 0
1635999663062 283 0
1635999664355 284 0
1635999665648 285 0
1635999666945 286 0
1635999668213 287 0
1635999669466 288 0
1635999670757 289 0
1635999672018 290 0
1635999674992 291 0
1635999676290 292 0
1635999677593 293 0
1635999678867 294 0
1635999680141 295 0
1635999681449 296 0
1635999682721 297 0
1635999683971 298 0
1635999685262 299 0
1635999686544 300 0
1635999689471 301 0
1635999690744 302 0
1635999692060 303 0
1635999693323 304 0
1635999694596 305 0
1635999695857 306 0
1635999697147 307 0
1635999698410 308 0
1635999699674 309 0
1635999700967 310 0
1635999703914 311 0
1635999705239 312 0
1635999706542 313 0
1635999707895 314 0
1635999709180 315 0
1635999710482 316 0
1635999711835 317 0
1635999713201 318 0
1635999714484 319 0
1635999715761 320 0
1635999718851 321 0
1635999720153 322 0
1635999721460 323 0
1635999722770 324 0
1635999724105 325 0
1635999725420 326 0
1635999726719 327 0
1635999728020 328 0
1635999729354 329 0
1635999730637 330 0
1635999733708 331 0
1635999734996 332 0
1635999736289 333 0
1635999737559 334 0
1635999738826 335 0
1635999740125 336 0
1635999741475 337 0
1635999742737 338 0
1635999744030 339 0
1635999745358 340 0
1635999748481 341 0
1635999749812 342 0
1635999751157 343 0
1635999752456 344 0
1635999753777 345 0
1635999755080 346 0
1635999756419 347 0
1635999757717 348 0
1635999758989 349 0
1635999760241 350 0
1635999763155 351 0
1635999764427 352 0
1635999765690 353 0
1635999766967 354 0
1635999768285 355 0
1635999769581 356 0
1635999770850 357 0
1635999772146 358 0
1635999773423 359 0
1635999774681 360 0
1635999778055 361 0
1635999779402 362 0
1635999780754 363 0
1635999782075 364 0
1635999783410 365 0
1635999784698 366 0
1635999786033 367 0
1635999787332 368 0
1635999788624 369 0
1635999789926 370 0
1635999793063 371 0
1635999794374 372 0
1635999795689 373 0
1635999796991 374 0
1635999798344 375 0
1635999799660 376 0
1635999800928 377 0
1635999802235 378 0
1635999803566 379 0
1635999804860 380 0
1635999807991 381 0
1635999809306 382 0
1635999810620 383 0
1635999811913 384 0
1635999813175 385 0
1635999814460 386 0
1635999815708 387 0
1635999816976 388 0
1635999818240 389 0
1635999819510 390 0
1635999822451 391 0
1635999823736 392 0
1635999825004 393 0
1635999826260 394 0
1635999827516 395 0
1635999828809 396 0
1635999830119 397 0
1635999831366 398 0
1635999832630 399 0
1635999833885 400 0
1635999836812 401 0
1635999838080 402 0
1635999839341 403 0
1635999840640 404 0
1635999841904 405 0
1635999843205 406 0
1635999844536 407 0
1635999845807 408 0
1635999847072 409 0
1635999848346 410 0
1635999851305 411 0
1635999852596 412 0
1635999853900 413 0
1635999855154 414 0
1635999856437 415 0
1635999857698 416 0
1635999858967 417 0
1635999860233 418 0
1635999861504 419 0
1635999862761 420 0
1635999865701 421 0
1635999867003 422 0
1635999868269 423 0
1635999869543 424 0
1635999870803 425 0
1635999872073 426 0
1635999873350 427 0
1635999874613 428 0
1635999875873 429 0
1635999877131 430 0
1635999880093 431 0
1635999881350 432 0
1635999882647 433 0
1635999883924 434 0
1635999885178 435 0
1635999886446 436 0
1635999887710 437 0
1635999888972 438 0
1635999890256 439 0
1635999891537 440 0
1635999894448 441 0
1635999895726 442 0
1635999896984 443 0
1635999898261 444 0
1635999899577 445 0
1635999900842 446 0
1635999902146 447 0
1635999903444 448 0
1635999904711 449 0
1635999906041 450 0
1635999909780 451 0
1635999911101 452 0
1635999912420 453 0
1635999913776 454 0
1635999915071 455 0
1635999916343 456 0
1635999917618 457 0
1635999918904 458 0
1635999920188 459 0
1635999921483 460 0
1635999924475 461 0
