1635999252919 0.7628200054168701 0
1635999255649 0.7495759129524231 0
1635999256913 0.6516527533531189 0
1635999258177 0.5878468751907349 0
1635999259442 0.4957096576690674 0
1635999260707 0.5505273342132568 0
1635999261960 0.43238550424575806 0
1635999263212 0.5383926033973694 0
1635999264485 0.48395347595214844 0
1635999265740 0.516046404838562 0
1635999267022 0.534523069858551 0
1635999269871 0.5280714631080627 0
1635999271142 0.4470403492450714 0
1635999272388 0.4505269527435303 0
1635999273641 0.5261135697364807 0
1635999274894 0.5182989835739136 0
1635999276157 0.4859166443347931 0
1635999277420 0.4592081904411316 0
1635999278674 0.5011488199234009 0
1635999279925 0.5142926573753357 0
1635999281183 0.4509517550468445 0
1635999283980 0.4380143880844116 0
1635999285244 0.37469369173049927 0
1635999286518 0.5016301870346069 0
1635999287792 0.3711036741733551 0
1635999289045 0.49825799465179443 0
1635999290298 0.36830878257751465 0
1635999291549 0.45267605781555176 0
1635999292804 0.4893844425678253 0
1635999294065 0.451499879360199 0
1635999295312 0.44901928305625916 0
1635999298184 0.4215737581253052 0
1635999299527 0.3494071662425995 0
1635999300854 0.44976598024368286 0
1635999302147 0.4162900447845459 0
1635999303409 0.43777966499328613 0
1635999304665 0.34695395827293396 0
1635999305934 0.410163015127182 0
1635999307213 0.3495732247829437 0
1635999308483 0.4110521674156189 0
1635999309751 0.4048426151275635 0
1635999312749 0.3923453092575073 0
1635999314048 0.42828553915023804 0
1635999315385 0.32115089893341064 0
1635999316682 0.4509640336036682 0
1635999317957 0.41274896264076233 0
1635999319230 0.3859848082065582 0
1635999320494 0.384054034948349 0
1635999321756 0.4170984625816345 0
1635999323022 0.3843693733215332 0
1635999324286 0.4259485602378845 0
1635999327105 0.38317355513572693 0
1635999328385 0.3050546944141388 0
1635999329647 0.3928046226501465 0
1635999330933 0.35563719272613525 0
1635999332229 0.38883036375045776 0
1635999333519 0.41136598587036133 0
1635999334850 0.4142523407936096 0
1635999336159 0.3594452738761902 0
1635999337432 0.4040433466434479 0
1635999338716 0.2528078854084015 0
1635999341592 0.33805668354034424 0
1635999342901 0.37481555342674255 0
1635999344175 0.3973349332809448 0
1635999345459 0.25815558433532715 0
1635999346722 0.30473026633262634 0
1635999347987 0.40860623121261597 0
1635999349272 0.3466499149799347 0
1635999350546 0.3926916718482971 0
1635999351839 0.3845263123512268 0
1635999353122 0.36196374893188477 0
1635999356095 0.32017722725868225 0
1635999357389 0.37574702501296997 0
1635999358662 0.3328375220298767 0
1635999359926 0.31521010398864746 0
1635999361230 0.32237139344215393 0
1635999362512 0.3549058139324188 0
1635999363780 0.36250007152557373 0
1635999365048 0.34425657987594604 0
1635999366293 0.3578726649284363 0
1635999367566 0.3432615101337433 0
1635999370415 0.29958444833755493 0
1635999371678 0.25092625617980957 0
1635999372972 0.3306417465209961 0
1635999374257 0.29354023933410645 0
1635999375560 0.21573077142238617 0
1635999376853 0.366229385137558 0
1635999378129 0.24050894379615784 0
1635999379432 0.387862890958786 0
1635999380715 0.37710320949554443 0
1635999382010 0.3611587882041931 0
1635999384982 0.3439162075519562 0
1635999386274 0.3154672682285309 0
1635999387549 0.2544642388820648 0
1635999388842 0.22828572988510132 0
1635999390111 0.34701675176620483 0
1635999391374 0.27515703439712524 0
1635999392639 0.30370423197746277 0
1635999393912 0.34662580490112305 0
1635999395166 0.31337669491767883 0
1635999396450 0.2694736123085022 0
1635999399358 0.22478869557380676 0
1635999400641 0.30529794096946716 0
1635999401929 0.20936967432498932 0
1635999403210 0.20844042301177979 0
1635999404484 0.3329674303531647 0
1635999405787 0.29609552025794983 0
1635999407087 0.2863507866859436 0
1635999408373 0.3095909357070923 0
1635999409659 0.19446830451488495 0
1635999410953 0.3188772201538086 0
1635999413813 0.25927069783210754 0
1635999415087 0.2643823027610779 0
1635999416380 0.22621063888072968 0
1635999417653 0.29867199063301086 0
1635999418947 0.21152830123901367 0
1635999420241 0.3161230981349945 0
1635999421544 0.23824714124202728 0
1635999422816 0.31176894903182983 0
1635999424090 0.25340110063552856 0
1635999425377 0.2742511034011841 0
1635999428421 0.35357487201690674 0
1635999429745 0.22126872837543488 0
1635999431000 0.2843213677406311 0
1635999432306 0.18577829003334045 0
1635999433603 0.17170855402946472 0
1635999434936 0.2849901616573334 0
1635999436263 0.23409412801265717 0
1635999437526 0.2856709063053131 0
1635999438830 0.17223630845546722 0
1635999440114 0.27204132080078125 0
1635999443069 0.21218614280223846 0
1635999444363 0.15031100809574127 0
1635999445627 0.2399713546037674 0
1635999446907 0.15166102349758148 0
1635999448205 0.14896732568740845 0
1635999449489 0.2176816761493683 0
1635999450781 0.22451195120811462 0
1635999452074 0.15318673849105835 0
1635999453360 0.22633208334445953 0
1635999454644 0.14447760581970215 0
1635999457576 0.14823222160339355 0
1635999458871 0.14380237460136414 0
1635999460174 0.2482718676328659 0
1635999461438 0.25358831882476807 0
1635999462734 0.17129257321357727 0
1635999464037 0.20092089474201202 0
1635999465351 0.2503175437450409 0
1635999466633 0.22029490768909454 0
1635999467899 0.21813581883907318 0
1635999469152 0.14301182329654694 0
1635999471991 0.2432991862297058 0
1635999473314 0.12472859770059586 0
1635999474586 0.20965437591075897 0
1635999475840 0.21056470274925232 0
1635999477094 0.23639652132987976 0
1635999478347 0.12220591306686401 0
1635999479674 0.23224599659442902 0
1635999480960 0.17473812401294708 0
1635999482243 0.2267635464668274 0
1635999483510 0.22649532556533813 0
1635999486685 0.22288167476654053 0
1635999487950 0.1269211322069168 0
1635999489224 0.10741870850324631 0
1635999490501 0.1907137632369995 0
1635999491772 0.1459929198026657 0
1635999493026 0.20417606830596924 0
1635999494322 0.11914263665676117 0
1635999495588 0.21626609563827515 0
1635999496845 0.15845607221126556 0
1635999498105 0.17524807155132294 0
1635999501056 0.25852176547050476 0
1635999502337 0.19401320815086365 0
1635999503607 0.1525939702987671 0
1635999504873 0.16123972833156586 0
1635999506153 0.14600415527820587 0
1635999507425 0.14176569879055023 0
1635999508700 0.1362381875514984 0
1635999509968 0.19594411551952362 0
1635999511242 0.15579915046691895 0
1635999512514 0.15834173560142517 0
1635999515440 0.1616102010011673 0
1635999516760 0.11933695524930954 0
1635999518074 0.17675445973873138 0
1635999519376 0.14752689003944397 0
1635999520657 0.14666393399238586 0
1635999521995 0.13877466320991516 0
1635999523295 0.18765051662921906 0
1635999524613 0.10793682932853699 0
1635999525942 0.1721927374601364 0
1635999527254 0.1554948091506958 0
1635999530261 0.11351556330919266 0
1635999531556 0.14202499389648438 0
1635999532838 0.1392027884721756 0
1635999534114 0.14275816082954407 0
1635999535377 0.10781475901603699 0
1635999536651 0.1412586271762848 0
1635999537936 0.13422434031963348 0
1635999539208 0.16549645364284515 0
1635999540474 0.13376767933368683 0
1635999541737 0.15682058036327362 0
1635999544591 0.09537121653556824 0
1635999545905 0.16345830261707306 0
1635999547209 0.1272922307252884 0
1635999548492 0.0986441820859909 0
1635999549768 0.15289749205112457 0
1635999551050 0.13773009181022644 0
1635999552335 0.1333700716495514 0
1635999553611 0.13483677804470062 0
1635999554903 0.1516798883676529 0
1635999556180 0.16296567022800446 0
1635999559327 0.14381374418735504 0
1635999560668 0.12474095821380615 0
1635999561931 0.15921138226985931 0
1635999563202 0.14981509745121002 0
1635999564513 0.1830010861158371 0
1635999565844 0.14950837194919586 0
1635999567098 0.17396454513072968 0
1635999568350 0.16408944129943848 0
1635999569605 0.10231296718120575 0
1635999570882 0.11514216661453247 0
1635999573713 0.16755293309688568 0
1635999575012 0.08699237555265427 0
1635999576315 0.1092623770236969 0
1635999577582 0.13247613608837128 0
1635999578840 0.08938158303499222 0
1635999580086 0.1162959411740303 0
1635999581368 0.10405924916267395 0
1635999582632 0.08476483076810837 0
1635999583877 0.13855169713497162 0
1635999585120 0.11077152192592621 0
1635999588034 0.12005383521318436 0
1635999589317 0.13417470455169678 0
1635999590573 0.11587613821029663 0
1635999591834 0.11575717478990555 0
1635999593161 0.12109744548797607 0
1635999594486 0.14106620848178864 0
1635999595765 0.08625341206789017 0
1635999597060 0.10776309669017792 0
1635999598338 0.09533482789993286 0
1635999599599 0.14596424996852875 0
1635999602523 0.11435680091381073 0
1635999603797 0.10150965303182602 0
1635999605074 0.13874025642871857 0
1635999606338 0.09004209190607071 0
1635999607628 0.1163989007472992 0
1635999608956 0.09930604696273804 0
1635999610232 0.11016383767127991 0
1635999611513 0.10257773101329803 0
1635999612801 0.08899054676294327 0
1635999614054 0.0981031134724617 0
1635999616963 0.11647748947143555 0
1635999618244 0.12228550016880035 0
1635999619499 0.11241325736045837 0
1635999620748 0.0977834090590477 0
1635999621999 0.1444159746170044 0
1635999623280 0.12042000889778137 0
1635999624581 0.09195470064878464 0
1635999625864 0.07431083172559738 0
1635999627150 0.1724327802658081 0
1635999628413 0.16607904434204102 0
1635999631399 0.11705164611339569 0
1635999632677 0.1087445616722107 0
1635999633945 0.11462830752134323 0
1635999635249 0.08091095089912415 0
1635999636514 0.08830486983060837 0
1635999637783 0.08032958954572678 0
1635999639062 0.08829685300588608 0
1635999640335 0.11192459613084793 0
1635999641591 0.14837443828582764 0
1635999642864 0.10024356096982956 0
1635999645813 0.10112190991640091 0
1635999647103 0.10354460030794144 0
1635999648388 0.10513336211442947 0
1635999649661 0.10257558524608612 0
1635999650943 0.10706819593906403 0
1635999652213 0.08896394819021225 0
1635999653496 0.09363844245672226 0
1635999654756 0.10539515316486359 0
1635999656039 0.09580261260271072 0
1635999657293 0.1653926968574524 0
1635999660526 0.1278994381427765 0
1635999661816 0.10489165037870407 0
1635999663090 0.13042718172073364 0
1635999664373 0.1362786442041397 0
1635999665672 0.11445494741201401 0
1635999666962 0.10682699084281921 0
1635999668233 0.15883834660053253 0
1635999669488 0.10700304061174393 0
1635999670776 0.14413224160671234 0
1635999672036 0.1641225963830948 0
1635999675010 0.11294721812009811 0
1635999676309 0.08101911842823029 0
1635999677611 0.07586353272199631 0
1635999678885 0.07214706391096115 0
1635999680165 0.09879594296216965 0
1635999681467 0.0972381979227066 0
1635999682736 0.0726601779460907 0
1635999683991 0.086102195084095 0
1635999685275 0.08444175124168396 0
1635999686570 0.1125994399189949 0
1635999689493 0.06500913947820663 0
1635999690756 0.09463255107402802 0
1635999692072 0.0806969404220581 0
1635999693341 0.1412513107061386 0
1635999694613 0.06714580953121185 0
1635999695877 0.08023738861083984 0
1635999697163 0.07736752927303314 0
1635999698425 0.09868096560239792 0
1635999699689 0.14879733324050903 0
1635999700988 0.08776812255382538 0
1635999703928 0.08820702880620956 0
1635999705258 0.06475856155157089 0
1635999706572 0.08332502841949463 0
1635999707915 0.08964154124259949 0
1635999709205 0.17606699466705322 0
1635999710501 0.1437932699918747 0
1635999711861 0.08770547062158585 0
1635999713213 0.08450319617986679 0
1635999714505 0.09193288534879684 0
1635999715778 0.09638958424329758 0
1635999718867 0.07035030424594879 0
1635999720171 0.08888134360313416 0
1635999721472 0.09557992219924927 0
1635999722792 0.10717371106147766 0
1635999724121 0.09807965159416199 0
1635999725435 0.07684658467769623 0
1635999726737 0.09216692298650742 0
1635999728042 0.09000897407531738 0
1635999729366 0.07453664392232895 0
1635999730662 0.10384324938058853 0
1635999733722 0.0671529546380043 0
1635999735017 0.08843488246202469 0
1635999736305 0.1247042864561081 0
1635999737577 0.09213489294052124 0
1635999738846 0.1660294532775879 0
1635999740144 0.08245830982923508 0
1635999741493 0.07641950994729996 0
1635999742755 0.08753935992717743 0
1635999744048 0.08960873633623123 0
1635999745380 0.06993528455495834 0
1635999748498 0.08895624428987503 0
1635999749839 0.11376309394836426 0
1635999751174 0.07630832493305206 0
1635999752476 0.06758126616477966 0
1635999753799 0.14944635331630707 0
1635999755106 0.08503004163503647 0
1635999756439 0.08201504498720169 0
1635999757734 0.0755065530538559 0
1635999759005 0.08473149687051773 0
1635999760257 0.07176254689693451 0
1635999763175 0.11244800686836243 0
1635999764441 0.08072232455015182 0
1635999765713 0.08520384877920151 0
1635999766982 0.07165835052728653 0
1635999768300 0.07712840288877487 0
1635999769596 0.06682471185922623 0
1635999770869 0.11084140837192535 0
1635999772169 0.10766299813985825 0
1635999773441 0.1117941364645958 0
1635999774699 0.11291614174842834 0
1635999778071 0.06798594444990158 0
1635999779421 0.07058942317962646 0
1635999780771 0.11050312221050262 0
1635999782094 0.11517833918333054 0
1635999783428 0.07542487233877182 0
1635999784713 0.09899938106536865 0
1635999786043 0.08829183131456375 0
1635999787362 0.08143047988414764 0
1635999788643 0.08384004235267639 0
1635999789938 0.11080961674451828 0
1635999793078 0.08924924582242966 0
1635999794394 0.10694322735071182 0
1635999795699 0.07076571136713028 0
1635999797011 0.07723405212163925 0
1635999798356 0.06796038895845413 0
1635999799671 0.07039079815149307 0
1635999800945 0.11921513825654984 0
1635999802253 0.06411851942539215 0
1635999803576 0.08473110944032669 0
1635999804884 0.0831327736377716 0
1635999808010 0.10797014087438583 0
1635999809326 0.057942647486925125 0
1635999810642 0.14773884415626526 0
1635999811933 0.08332286775112152 0
1635999813195 0.09185384213924408 0
1635999814480 0.10791845619678497 0
1635999815725 0.07576057314872742 0
1635999816994 0.10174737125635147 0
1635999818260 0.071836456656456 0
1635999819528 0.10556907206773758 0
1635999822471 0.14675913751125336 0
1635999823752 0.07736148685216904 0
1635999825017 0.1091829165816307 0
1635999826279 0.06342096626758575 0
1635999827537 0.14933925867080688 0
1635999828839 0.07535400241613388 0
1635999830133 0.0980924740433693 0
1635999831386 0.08123556524515152 0
1635999832650 0.07831773161888123 0
1635999833905 0.10577008128166199 0
1635999836824 0.06146056577563286 0
1635999838097 0.06802532076835632 0
1635999839360 0.14577533304691315 0
1635999840656 0.07441531121730804 0
1635999841923 0.06282640248537064 0
1635999843223 0.054108697921037674 0
1635999844554 0.10502072423696518 0
1635999845825 0.1455305963754654 0
1635999847088 0.05896495655179024 0
1635999848362 0.07821166515350342 0
1635999851316 0.05775456875562668 0
1635999852618 0.10193809866905212 0
1635999853918 0.09775697439908981 0
1635999855174 0.059784598648548126 0
1635999856455 0.05602918565273285 0
1635999857716 0.0787697434425354 0
1635999858986 0.07270297408103943 0
1635999860249 0.07048063725233078 0
1635999861514 0.05071237310767174 0
1635999862779 0.07534203678369522 0
1635999865721 0.05486997589468956 0
1635999867021 0.06366537511348724 0
1635999868288 0.0641869455575943 0
1635999869560 0.06647581607103348 0
1635999870820 0.06618215143680573 0
1635999872089 0.09434543550014496 0
1635999873362 0.09997840225696564 0
1635999874631 0.1403801292181015 0
1635999875887 0.08028096705675125 0
1635999877148 0.14212532341480255 0
1635999880108 0.07448859512805939 0
1635999881370 0.07128991931676865 0
1635999882665 0.05605554208159447 0
1635999883939 0.09580233693122864 0
1635999885193 0.10202235728502274 0
1635999886461 0.07504764199256897 0
1635999887728 0.06919663399457932 0
1635999888988 0.06310934573411942 0
1635999890274 0.05490339547395706 0
1635999891557 0.07279033213853836 0
1635999894468 0.05587814003229141 0
1635999895741 0.05151093378663063 0
1635999897006 0.06726844608783722 0
1635999898280 0.13745754957199097 0
1635999899594 0.057164326310157776 0
1635999900862 0.14265123009681702 0
1635999902165 0.052099160850048065 0
1635999903456 0.07326814532279968 0
1635999904731 0.05238163471221924 0
1635999906059 0.07199548929929733 0
1635999909794 0.06250996887683868 0
1635999911113 0.07305767387151718 0
1635999912435 0.13529829680919647 0
1635999913796 0.06644284725189209 0
1635999915091 0.07102438807487488 0
1635999916355 0.060273684561252594 0
1635999917630 0.07126898318529129 0
1635999918914 0.06777530163526535 0
1635999920208 0.09016454219818115 0
1635999921503 0.06706219911575317 0
1635999924496 0.13853493332862854 0
