1635999252914 2.7066433429718018 0
1635999255644 1.2908584773540497 0
1635999256911 0.5761159360408783 0
1635999258167 1.1582890341524035 0
1635999259442 0.1682401979342103 0
1635999260707 0.291868130909279 0
1635999261950 1.4141730102710426 0
1635999263210 0.13400006294250488 0
1635999264476 0.17728401790373027 0
1635999265730 1.3859749826369807 0
1635999267020 0.9621636832598597 0
1635999269861 0.2049536043778062 0
1635999271134 0.26012133713811636 0
1635999272388 0.14169302926165983 0
1635999273641 0.18204324052203447 0
1635999274894 0.6749713186873123 0
1635999276147 0.24356793239712715 0
1635999277413 0.4481109094340354 0
1635999278664 0.6418137075961567 0
1635999279917 0.48460274492390454 0
1635999281178 0.6938772134599276 0
1635999283978 0.4432456698268652 0
1635999285244 0.5142770030652173 0
1635999286510 0.3935905375983566 0
1635999287782 0.6315610985038802 0
1635999289045 0.3443402537377551 0
1635999290298 0.28614942348212935 0
1635999291541 0.28277754556620494 0
1635999292793 0.6117011200985871 0
1635999294057 0.6416477203019895 0
1635999295312 0.43383085462846793 0
1635999298179 0.489711218746379 0
1635999299522 1.3591894060955383 0
1635999300849 0.3224765159538947 0
1635999302145 0.13036423223093152 0
1635999303401 0.8298318845627364 0
1635999304663 0.6828662163461559 0
1635999305925 0.7809410467452835 0
1635999307208 0.6333952739951201 0
1635999308478 0.509136708045844 0
1635999309743 1.1605573955457658 0
1635999312744 0.6700578179443255 0
1635999314043 0.3434702046215534 0
1635999315379 0.7548754492308944 0
1635999316677 0.1621647661086172 0
1635999317950 0.17410469776950777 0
1635999319224 0.6109783642459661 0
1635999320489 0.3684339576866478 0
1635999321754 0.5297695655026473 0
1635999323017 0.28617653634864837 0
1635999324280 0.41675916058011353 0
1635999327097 0.5736209101160057 0
1635999328377 0.1872674407204613 0
1635999329645 0.7749667023308575 0
1635999330925 0.7501341947645415 0
1635999332225 1.1519460314884782 0
1635999333511 0.7456636822898872 0
1635999334850 0.5769811125064734 0
1635999336157 0.6710758419940248 0
1635999337422 0.9576013420301024 0
1635999338706 0.9481471832841635 0
1635999341585 0.7658636768173892 0
1635999342899 0.9022200292674825 0
1635999344175 0.4966084384941496 0
1635999345457 0.3340666706790216 0
1635999346716 0.4730322582181543 0
1635999347977 0.8126568300649524 0
1635999349262 0.798821258940734 0
1635999350536 0.1896843606082257 0
1635999351834 0.6058924786630087 0
1635999353122 0.8564541474916041 0
1635999356093 0.7486382688657613 0
1635999357379 0.6153012053109705 0
1635999358654 0.9800957716070116 0
1635999359926 0.6875565868103877 0
1635999361228 0.6600521744112484 0
1635999362504 0.6060172161087394 0
1635999363774 0.83546952236793 0
1635999365040 0.8975873490562662 0
1635999366283 1.1934517782356124 0
1635999367564 0.7923687304282794 0
1635999370405 0.24219037010334432 0
1635999371678 0.44547071622218937 0
1635999372970 1.0101064567570575 0
1635999374257 0.5013921173231211 0
1635999375560 1.2482348752673715 0
1635999376845 0.6944564511068165 0
1635999378127 0.7387065109796822 0
1635999379430 0.6357614255975932 0
1635999380713 0.6810143366456032 0
1635999382008 0.550270268227905 0
1635999384982 0.8074221771094017 0
1635999386266 1.2843280183151364 0
1635999387549 0.9116292078979313 0
1635999388837 0.9071106724441051 0
1635999390111 1.5646002145949751 0
1635999391364 1.197393074282445 0
1635999392629 1.2799117303802632 0
1635999393902 0.7958978998940438 0
1635999395156 0.3654768118285574 0
1635999396450 1.047413301159395 0
1635999399358 0.7177426955895498 0
1635999400631 1.1062260534090456 0
1635999401922 0.9414996298728511 0
1635999403200 1.02725972130429 0
1635999404484 0.6054557616589591 0
1635999405785 0.9629789892351255 0
1635999407081 0.8902343119552825 0
1635999408365 0.6730883955169702 0
1635999409657 0.6910668092314154 0
1635999410951 0.7541298645082861 0
1635999413813 0.4464176663896069 0
1635999415077 0.6196575524227228 0
1635999416370 1.1804384947754443 0
1635999417653 0.6974886360694654 0
1635999418945 1.0409296456491575 0
1635999420231 0.49287742254091427 0
1635999421544 0.6819431511685252 0
1635999422808 0.7940007103607059 0
1635999424082 0.6935595051618293 0
1635999425371 0.787537461030297 0
1635999428419 0.4871503431349993 0
1635999429743 0.1855511543690227 0
1635999431000 0.6807479030685499 0
1635999432302 1.2048335424042307 0
1635999433598 0.9408749494468793 0
1635999434931 0.923681228159694 0
1635999436253 0.9861501978011802 0
1635999437524 0.7579492094810121 0
1635999438820 1.0366244278848171 0
1635999440104 0.5868679600825999 0
1635999443059 0.7897351604187861 0
1635999444361 0.8654152097878978 0
1635999445627 0.6982700075313915 0
1635999446900 0.9198747820046265 0
1635999448195 0.8901206792797893 0
1635999449487 0.822379437595373 0
1635999450773 0.7355831678432878 0
1635999452066 0.7029438695171848 0
1635999453350 0.7661005656700581 0
1635999454642 0.7169249658472836 0
1635999457568 1.0506058486644179 0
1635999458871 0.5918049892643467 0
1635999460168 0.7992825956025627 0
1635999461430 0.9954908260842785 0
1635999462734 0.8172938191564754 0
1635999464027 1.2119067024323158 0
1635999465341 0.8910420317552052 0
1635999466625 0.7339926562272012 0
1635999467889 1.6359948452445678 0
1635999469152 0.9354763983283192 0
1635999471981 0.8355377796542598 0
1635999473312 0.849159999168478 0
1635999474578 0.9438110463961493 0
1635999475830 0.9487956631928682 0
1635999477094 0.5939403283700813 0
1635999478345 0.7004443226614967 0
1635999479668 0.7962638474418782 0
1635999480955 0.85262363604852 0
1635999482238 0.4997346197342267 0
1635999483505 1.2069296388945077 0
1635999486678 0.685326432932925 0
1635999487945 0.7112834498402663 0
1635999489218 0.56846322256024 0
1635999490495 0.7095288597047329 0
1635999491764 1.4936668986920267 0
1635999493021 1.113767662725877 0
1635999494316 0.7197363995364867 0
1635999495584 0.9784585053421324 0
1635999496839 0.20572710043052211 0
1635999498100 1.0045518614933826 0
1635999501052 0.6982475873082876 0
1635999502331 0.8470260859467089 0
1635999503601 1.0423242972465232 0
1635999504868 1.0921718149911612 0
1635999506145 1.0290648315567523 0
1635999507421 1.0388420054805465 0
1635999508694 0.6849501556134783 0
1635999509962 0.9107701184111647 0
1635999511237 0.6839748647180386 0
1635999512508 1.2575023546814919 0
1635999515435 0.7761327259795507 0
1635999516750 0.9251332489075139 0
1635999518068 0.6000910886141355 0
1635999519370 0.6738378806330729 0
1635999520651 0.9417382092215121 0
1635999521989 0.8450618028582539 0
1635999523290 1.1542730562068755 0
1635999524607 0.9919549638289027 0
1635999525938 0.46043422631919384 0
1635999527249 1.092002859339118 0
1635999530259 0.9456302712205797 0
1635999531554 1.1762765031890012 0
1635999532830 0.9387697843194474 0
1635999534104 0.7492700433940627 0
1635999535377 0.8625333500094712 0
1635999536651 1.1561569090990815 0
1635999537936 0.9351944809313864 0
1635999539200 1.0255436707520857 0
1635999540464 0.23070269060553983 0
1635999541727 0.9924879381433129 0
1635999544589 0.23350610007764772 0
1635999545903 0.9599474204878788 0
1635999547199 0.9018371614511125 0
1635999548484 0.6445993719389662 0
1635999549758 0.7484683623770252 0
1635999551042 0.8820919976569712 0
1635999552327 0.8888960162876174 0
1635999553611 0.948746068374021 0
1635999554895 0.013284315646160394 0
1635999556170 0.4837768691359088 0
1635999559319 0.29947195523709524 0
1635999560662 0.32670048167346977 0
1635999561931 1.2947230021673022 0
1635999563196 0.6269632890471257 0
1635999564507 0.7665588731179014 0
1635999565842 1.1649020856712013 0
1635999567096 0.31284491677070037 0
1635999568348 0.6605367579904851 0
1635999569605 0.6628904829412932 0
1635999570877 0.6408748223329894 0
1635999573703 0.3678271347453119 0
1635999575006 0.37688715613330714 0
1635999576309 0.6480905491334852 0
1635999577578 0.3240722129412461 0
1635999578835 0.29681072069797665 0
1635999580086 1.1520089209952857 0
1635999581362 1.0026847473345697 0
1635999582624 0.8677425318455789 0
1635999583873 0.9130751427728683 0
1635999585115 0.8306321952259168 0
1635999588029 0.7601419497077586 0
1635999589315 0.9385709528578445 0
1635999590569 0.26383027201518416 0
1635999591828 0.4988071186817251 0
1635999593155 0.6873249714699341 0
1635999594480 0.6132512151962146 0
1635999595759 0.709385386959184 0
1635999597054 0.8838106668554246 0
1635999598333 0.24544435911957407 0
1635999599593 0.235779635651852 0
1635999602518 0.7537338600086514 0
1635999603792 0.403885516920127 0
1635999605069 0.07471825240645558 0
1635999606331 0.5001977402716875 0
1635999607622 0.7893637093293364 0
1635999608948 0.9253609483566834 0
1635999610230 0.950390978861833 0
1635999611508 1.2173712233561673 0
1635999612791 1.1679304537392454 0
1635999614054 0.7164600287214853 0
1635999616957 0.6090603068732889 0
1635999618238 0.36974910070421174 0
1635999619494 0.9864983377919998 0
1635999620742 1.1283971534867305 0
1635999621999 0.7232203702442348 0
1635999623270 0.6583537560654804 0
1635999624574 0.859449382944149 0
1635999625864 0.8713513762922958 0
1635999627145 0.8654156992415665 0
1635999628408 0.7003166875510942 0
1635999631393 1.1030023079365492 0
1635999632669 0.7375023200875148 0
1635999633940 0.9796370702970307 0
1635999635245 1.5819522140809568 0
1635999636508 0.6142230922414456 0
1635999637777 1.0429630332801025 0
1635999639057 0.9063446610816754 0
1635999640330 1.0940211363777053 0
1635999641589 0.50575126890908 0
1635999642854 0.0012422060826793313 0
1635999645807 1.896254402367049 0
1635999647097 1.0755971941616735 0
1635999648383 1.0037630394508597 0
1635999649653 0.7055781625094824 0
1635999650937 0.49313037551473826 0
1635999652208 0.9117639683536254 0
1635999653491 0.8068550354801118 0
1635999654746 0.8372211332025472 0
1635999656029 0.7213458416372305 0
1635999657287 1.03846312405949 0
1635999660521 0.7764310387283331 0
1635999661808 0.31245859620685223 0
1635999663080 1.057043971522944 0
1635999664367 1.2062390220235102 0
1635999665662 0.8619666590238921 0
1635999666958 1.2804708138282876 0
1635999668223 0.9185393660154659 0
1635999669478 0.6038814540515887 0
1635999670769 0.9224346329574473 0
1635999672028 0.7962939254430239 0
1635999675004 0.8143520621670177 0
1635999676303 1.0633283551433124 0
1635999677605 1.002319410625205 0
1635999678879 0.9603992442134768 0
1635999680157 0.883182257100998 0
1635999681461 0.7721082233183552 0
1635999682731 0.4155765479008551 0
1635999683981 1.068529521144228 0
1635999685275 0.8217305334983394 0
1635999686563 1.2493367278511869 0
1635999689488 1.0059098898636876 0
1635999690756 0.8744776822277345 0
1635999692070 0.8706302017671987 0
1635999693335 0.9601686516107293 0
1635999694608 0.9317322011411306 0
1635999695867 0.8919743865335477 0
1635999697158 0.8619135674380232 0
1635999698421 1.0178228540025884 0
1635999699684 0.971650465449784 0
1635999700981 0.8774270719150081 0
1635999703924 1.0194096372724744 0
1635999705252 0.904739273708401 0
1635999706562 1.0359205815766472 0
1635999707905 0.9075847928907024 0
1635999709197 0.7087597101926804 0
1635999710495 1.191299248021096 0
1635999711852 0.14980005827965215 0
1635999713211 0.7465583329903893 0
1635999714500 0.917679147911258 0
1635999715773 0.556085953488946 0
1635999718861 0.8416144466609694 0
1635999720165 0.6851459393801633 0
1635999721472 0.755264459643513 0
1635999722783 1.0412028192949947 0
1635999724116 0.7449423215875868 0
1635999725430 1.1309700592391891 0
1635999726729 0.6422448952798732 0
1635999728032 0.7556907039688667 0
1635999729364 0.9414020801777951 0
1635999730654 1.1225964813493192 0
1635999733717 1.2257675111904973 0
1635999735006 1.006948888360057 0
1635999736300 1.0249692504003178 0
1635999737571 1.0019572337696445 0
1635999738836 0.9796669343777467 0
1635999740137 0.4025992022070568 0
1635999741487 1.0257038734125672 0
1635999742749 0.9099270621081814 0
1635999744041 0.88848923027399 0
1635999745372 1.021250816702377 0
1635999748493 1.021765855839476 0
1635999749829 0.9570735887391493 0
1635999751166 0.8706674429704435 0
1635999752476 0.7219547938875621 0
1635999753789 1.2138457039472996 0
1635999755098 0.7237318429470179 0
1635999756429 0.9433078013826162 0
1635999757729 0.08546623474103399 0
1635999759001 0.6924692378524924 0
1635999760251 0.6945117391296662 0
1635999763165 0.7697073278832249 0
1635999764437 0.8540980284451507 0
1635999765706 0.9403856649732916 0
1635999766977 1.5007720981520833 0
1635999768296 0.750277900180663 0
1635999769591 0.2778329038119409 0
1635999770863 0.85508195082366 0
1635999772160 0.4346713610648294 0
1635999773435 0.8245678806124488 0
1635999774693 1.4071816765062977 0
1635999778065 0.6324950809648726 0
1635999779415 0.7460353632341139 0
1635999780763 0.9480309634527657 0
1635999782088 0.8960095032598474 0
1635999783422 0.9630787048226921 0
1635999784709 1.4808661941206083 0
1635999786043 1.0719114180537872 0
1635999787352 1.1131473336135969 0
1635999788637 0.748947257452528 0
1635999789936 0.9727739996451419 0
1635999793073 0.9685728977347026 0
1635999794384 1.0666176199010806 0
1635999795699 0.862264968425734 0
1635999797001 0.7160272327892017 0
1635999798356 1.0537369800877059 0
1635999799671 1.0012037804408465 0
1635999800936 0.9906069651042344 0
1635999802246 0.9445094757393235 0
1635999803576 0.9535803015169222 0
1635999804878 0.9372518858726835 0
1635999808004 0.9325326242833398 0
1635999809316 0.966125765859033 0
1635999810637 0.97052222777711 0
1635999811923 0.8960377100884216 0
1635999813189 0.9430254766266444 0
1635999814470 0.9102562315238174 0
1635999815720 1.0918207299982896 0
1635999816986 1.1880578795389738 0
1635999818250 1.0561374294629786 0
1635999819522 0.9902564294534386 0
1635999822469 0.8874313114938559 0
1635999823747 0.9379349481896497 0
1635999825013 0.6352430338592967 0
1635999826273 0.5383990305708721 0
1635999827526 0.9366153904065868 0
1635999828832 0.8112741253571585 0
1635999830128 0.960282219806686 0
1635999831384 0.9928175004315563 0
1635999832640 1.0664135603874456 0
1635999833895 0.9516821909855935 0
1635999836822 0.9027591370904702 0
1635999838087 1.0560969662110438 0
1635999839353 1.0193232377059758 0
1635999840650 1.050747427114402 0
1635999841917 1.1011531556141563 0
1635999843217 1.0204716009902768 0
1635999844548 1.00092825628235 0
1635999845819 0.9301125518541085 0
1635999847083 0.9685671986080706 0
1635999848357 0.970986521570012 0
1635999851316 0.9268513960560085 0
1635999852612 1.0213239847653313 0
1635999853912 0.7979593738273252 0
1635999855166 0.9610742104778183 0
1635999856449 0.5368147575572948 0
1635999857710 0.9792142836813582 0
1635999858980 0.9692941341927508 0
1635999860244 0.9664722482193611 0
1635999861514 0.9427990384428995 0
1635999862774 0.6795579539320897 0
1635999865711 0.9976056519954 0
1635999867015 0.9362202034681104 0
1635999868282 0.6761377454677131 0
1635999869554 0.6253147918614559 0
1635999870815 0.6595636970014311 0
1635999872084 1.0573679567605723 0
1635999873362 1.0678544914408121 0
1635999874625 0.8154121828993084 0
1635999875883 0.9786097806572798 0
1635999877143 0.378710747056175 0
1635999880103 0.0044676599791273475 0
1635999881360 0.5696404879854526 0
1635999882659 0.9046468674205244 0
1635999883935 0.632736137136817 0
1635999885188 0.9578442959609674 0
1635999886456 0.7691288667992922 0
1635999887722 0.9793116239598021 0
1635999888983 0.9454654628643766 0
1635999890268 0.7654273703155923 0
1635999891547 0.907281972351484 0
1635999894458 1.1657919585777563 0
1635999895736 0.9295132465085771 0
1635999896996 1.0076225952943787 0
1635999898274 0.9487931747680705 0
1635999899589 0.960128834558418 0
1635999900860 0.9285913092680858 0
1635999902159 0.9592615648070932 0
1635999903456 0.9434986857304466 0
1635999904729 0.9201121963997139 0
1635999906054 0.939862213737797 0
1635999909790 0.9253248320310377 0
1635999911113 1.2427417399376282 0
1635999912430 1.0223565913511266 0
1635999913786 0.9594678378125536 0
1635999915081 0.8945930348418187 0
1635999916355 1.075295478283806 0
1635999917620 1.0084198416516301 0
1635999918914 0.976525598205626 0
1635999920198 0.980574740722659 0
1635999921501 1.107334947475465 0
1635999924490 0.9933641730603995 0
