1635999252910 -1 0
1635999255642 -1 0
1635999256903 -1 0
1635999258167 -1 0
1635999259432 -1 0
1635999260697 -1 0
1635999261950 -1 0
1635999263202 -1 0
1635999264476 -1 0
1635999265730 -1 0
1635999267012 -1 0
1635999269861 -1 0
1635999271134 -1 0
1635999272388 -1 0
1635999273639 -1 0
1635999274884 -1 0
1635999276147 -1 0
1635999277411 -1 0
1635999278664 -1 0
1635999279917 -1 0
1635999281176 -1 0
1635999283970 -1 0
1635999285234 -1 0
1635999286510 -1 0
1635999287782 -1 0
1635999289043 -1 0
1635999290296 -1 0
1635999291541 -1 0
1635999292793 -1 0
1635999294057 -1 0
1635999295300 -1 0
1635999298175 -1 0
1635999299519 -1 0
1635999300846 -1 0
1635999302143 -1 0
1635999303399 -1 0
1635999304655 -1 0
1635999305921 -1 0
1635999307206 -1 0
1635999308475 -1 0
1635999309743 -1 0
1635999312741 -1 0
1635999314040 -1 0
1635999315376 -1 0
1635999316674 -1 0
1635999317947 -1 0
1635999319222 -1 0
1635999320481 -1 0
1635999321746 -1 0
1635999323014 -1 0
1635999324277 -1 0
1635999327097 -1 0
1635999328373 -1 0
1635999329643 -1 0
1635999330922 -1 0
1635999332222 -1 0
1635999333507 -1 0
1635999334850 -1 0
1635999336149 -1 0
1635999337422 -1 0
1635999338706 -1 0
1635999341581 -1 0
1635999342891 -1 0
1635999344165 -1 0
1635999345449 -1 0
1635999346713 -1 0
1635999347977 -1 0
1635999349262 -1 0
1635999350536 -1 0
1635999351832 -1 0
1635999353120 -1 0
1635999356085 -1 0
1635999357379 -1 0
1635999358651 -1 0
1635999359924 -1 0
1635999361220 -1 0
1635999362504 -1 0
1635999363772 -1 0
1635999365040 -1 0
1635999366283 -1 0
1635999367556 -1 0
1635999370405 -1 0
1635999371668 -1 0
1635999372962 -1 0
1635999374255 -1 0
1635999375550 -1 0
1635999376845 -1 0
1635999378119 -1 0
1635999379427 -1 0
1635999380705 -1 0
1635999382000 -1 0
1635999384982 -1 0
1635999386266 -1 0
1635999387547 -1 0
1635999388834 -1 0
1635999390101 -1 0
1635999391364 -1 0
1635999392629 -1 0
1635999393902 -1 0
1635999395156 -1 0
1635999396440 -1 0
1635999399356 -1 0
1635999400631 -1 0
1635999401919 -1 0
1635999403200 -1 0
1635999404482 -1 0
1635999405777 -1 0
1635999407078 -1 0
1635999408365 -1 0
1635999409649 -1 0
1635999410942 -1 0
1635999413811 -1 0
1635999415077 -1 0
1635999416370 -1 0
1635999417651 -1 0
1635999418937 -1 0
1635999420231 -1 0
1635999421544 -1 0
1635999422808 -1 0
1635999424082 -1 0
1635999425368 -1 0
1635999428411 -1 0
1635999429735 -1 0
1635999431000 -1 0
1635999432299 -1 0
1635999433595 -1 0
1635999434929 -1 0
1635999436253 -1 0
1635999437516 -1 0
1635999438820 -1 0
1635999440104 -1 0
1635999443059 -1 0
1635999444353 -1 0
1635999445627 -1 0
1635999446897 -1 0
1635999448195 -1 0
1635999449479 -1 0
1635999450773 -1 0
1635999452066 -1 0
1635999453350 -1 0
1635999454634 -1 0
1635999457566 -1 0
1635999458871 -1 0
1635999460166 -1 0
1635999461430 -1 0
1635999462724 -1 0
1635999464027 -1 0
1635999465341 -1 0
1635999466625 -1 0
1635999467889 -1 0
1635999469152 -1 0
1635999471981 -1 0
1635999473304 -1 0
1635999474578 -1 0
1635999475830 -1 0
1635999477092 -1 0
1635999478337 -1 0
1635999479665 -1 0
1635999480953 -1 0
1635999482236 -1 0
1635999483503 -1 0
1635999486675 -1 0
1635999487942 -1 0
1635999489215 -1 0
1635999490492 -1 0
1635999491764 -1 0
1635999493018 -1 0
1635999494313 -1 0
1635999495581 -1 0
1635999496837 -1 0
1635999498098 -1 0
1635999501050 -1 0
1635999502327 -1 0
1635999503599 -1 0
1635999504866 -1 0
1635999506145 -1 0
1635999507418 -1 0
1635999508691 -1 0
1635999509958 -1 0
1635999511235 -1 0
1635999512505 -1 0
1635999515433 -1 0
1635999516750 -1 0
1635999518065 -1 0
1635999519366 -1 0
1635999520648 -1 0
1635999521986 -1 0
1635999523287 -1 0
1635999524604 -1 0
1635999525935 -1 0
1635999527247 -1 0
1635999530251 -1 0
1635999531546 -1 0
1635999532830 -1 0
1635999534104 -1 0
1635999535375 -1 0
1635999536641 -1 0
1635999537934 -1 0
1635999539198 -1 0
1635999540464 -1 0
1635999541727 -1 0
1635999544581 -1 0
1635999545895 -1 0
1635999547199 -1 0
1635999548484 -1 0
1635999549758 -1 0
1635999551042 -1 0
1635999552327 -1 0
1635999553601 -1 0
1635999554893 -1 0
1635999556170 -1 0
1635999559319 -1 0
1635999560659 -1 0
1635999561929 -1 0
1635999563193 -1 0
1635999564504 -1 0
1635999565834 -1 0
1635999567088 -1 0
1635999568340 -1 0
1635999569605 -1 0
1635999570874 -1 0
1635999573703 -1 0
1635999575003 -1 0
1635999576306 -1 0
1635999577576 -1 0
1635999578833 -1 0
1635999580076 -1 0
1635999581359 -1 0
1635999582624 -1 0
1635999583871 -1 0
1635999585113 -1 0
1635999588027 -1 0
1635999589307 -1 0
1635999590566 -1 0
1635999591825 -1 0
1635999593152 -1 0
1635999594477 -1 0
1635999595756 -1 0
1635999597051 -1 0
1635999598329 -1 0
1635999599590 -1 0
1635999602515 -1 0
1635999603790 -1 0
1635999605067 -1 0
1635999606328 -1 0
1635999607619 -1 0
1635999608948 -1 0
1635999610222 -1 0
1635999611505 -1 0
1635999612791 -1 0
1635999614052 -1 0
1635999616954 -1 0
1635999618235 -1 0
1635999619491 -1 0
1635999620739 -1 0
1635999621989 -1 0
1635999623270 -1 0
1635999624572 -1 0
1635999625862 -1 0
1635999627142 -1 0
1635999628405 -1 0
1635999631390 -1 0
1635999632669 -1 0
1635999633937 -1 0
1635999635242 -1 0
1635999636506 -1 0
1635999637775 -1 0
1635999639054 -1 0
1635999640328 -1 0
1635999641581 -1 0
1635999642854 -1 0
1635999645804 -1 0
1635999647095 -1 0
1635999648381 -1 0
1635999649651 -1 0
1635999650934 -1 0
1635999652206 -1 0
1635999653489 -1 0
1635999654746 -1 0
1635999656029 -1 0
1635999657284 -1 0
1635999660519 -1 0
1635999661806 -1 0
1635999663078 -1 0
1635999664364 -1 0
1635999665661 -1 0
1635999666955 -1 0
1635999668223 -1 0
1635999669478 -1 0
1635999670766 -1 0
1635999672028 -1 0
1635999675001 -1 0
1635999676300 -1 0
1635999677602 -1 0
1635999678877 -1 0
1635999680154 -1 0
1635999681458 -1 0
1635999682729 -1 0
1635999683981 -1 0
1635999685265 -1 0
1635999686560 -1 0
1635999689486 -1 0
1635999690754 -1 0
1635999692062 -1 0
1635999693332 -1 0
1635999694605 -1 0
1635999695867 -1 0
1635999697155 -1 0
1635999698418 -1 0
1635999699682 -1 0
1635999700978 -1 0
1635999703921 -1 0
1635999705249 -1 0
1635999706562 -1 0
1635999707905 -1 0
1635999709192 -1 0
1635999710492 -1 0
1635999711848 -1 0
1635999713203 -1 0
1635999714498 -1 0
1635999715770 -1 0
1635999718859 -1 0
1635999720162 -1 0
1635999721462 -1 0
1635999722780 -1 0
1635999724114 -1 0
1635999725428 -1 0
1635999726729 -1 0
1635999728022 -1 0
1635999729356 -1 0
1635999730650 -1 0
1635999733715 -1 0
1635999735006 -1 0
1635999736297 -1 0
1635999737568 -1 0
1635999738836 -1 0
1635999740134 -1 0
1635999741485 -1 0
1635999742746 -1 0
1635999744039 -1 0
1635999745368 -1 0
1635999748490 -1 0
1635999749825 -1 0
1635999751166 -1 0
1635999752474 -1 0
1635999753789 -1 0
1635999755093 -1 0
1635999756429 -1 0
1635999757726 -1 0
1635999758998 -1 0
1635999760249 -1 0
1635999763165 -1 0
1635999764434 -1 0
1635999765704 -1 0
1635999766974 -1 0
1635999768294 -1 0
1635999769589 -1 0
1635999770860 -1 0
1635999772156 -1 0
1635999773432 -1 0
1635999774690 -1 0
1635999778062 -1 0
1635999779411 -1 0
1635999780763 -1 0
1635999782085 -1 0
1635999783419 -1 0
1635999784707 -1 0
1635999786041 -1 0
1635999787352 -1 0
1635999788634 -1 0
1635999789928 -1 0
1635999793071 -1 0
1635999794384 -1 0
1635999795699 -1 0
1635999797001 -1 0
1635999798354 -1 0
1635999799669 -1 0
1635999800936 -1 0
1635999802243 -1 0
1635999803574 -1 0
1635999804875 -1 0
1635999808001 -1 0
1635999809316 -1 0
1635999810635 -1 0
1635999811923 -1 0
1635999813185 -1 0
1635999814470 -1 0
1635999815717 -1 0
1635999816986 -1 0
1635999818250 -1 0
1635999819519 -1 0
1635999822461 -1 0
1635999823744 -1 0
1635999825011 -1 0
1635999826270 -1 0
1635999827526 -1 0
1635999828829 -1 0
1635999830126 -1 0
1635999831376 -1 0
1635999832640 -1 0
1635999833895 -1 0
1635999836814 -1 0
1635999838087 -1 0
1635999839351 -1 0
1635999840647 -1 0
1635999841914 -1 0
1635999843214 -1 0
1635999844545 -1 0
1635999845816 -1 0
1635999847081 -1 0
1635999848355 -1 0
1635999851314 -1 0
1635999852608 -1 0
1635999853909 -1 0
1635999855166 -1 0
1635999856446 -1 0
1635999857708 -1 0
1635999858976 -1 0
1635999860242 -1 0
1635999861512 -1 0
1635999862771 -1 0
1635999865711 -1 0
1635999867012 -1 0
1635999868279 -1 0
1635999869552 -1 0
1635999870812 -1 0
1635999872082 -1 0
1635999873352 -1 0
1635999874622 -1 0
1635999875880 -1 0
1635999877140 -1 0
1635999880101 -1 0
1635999881360 -1 0
1635999882650 -1 0
1635999883933 -1 0
1635999885185 -1 0
1635999886454 -1 0
1635999887720 -1 0
1635999888980 -1 0
1635999890265 -1 0
1635999891547 -1 0
1635999894458 -1 0
1635999895734 -1 0
1635999896996 -1 0
1635999898272 -1 0
1635999899586 -1 0
1635999900852 -1 0
1635999902156 -1 0
1635999903446 -1 0
1635999904721 -1 0
1635999906051 -1 0
1635999909788 -1 0
1635999911103 -1 0
1635999912428 -1 0
1635999913786 -1 0
1635999915081 -1 0
1635999916353 -1 0
1635999917620 -1 0
1635999918912 -1 0
1635999920198 -1 0
1635999921493 -1 0
1635999924487 -1 0
