1634536003240 0 0
1634536135430 0 0
1634536226441 0 0
1634536317512 0 0
1634536408462 0 0
1634536499418 0 0
1634536590220 0 0
1634536680949 0 0
1634536771659 0 0
1634536862503 0 0
1634536953303 0 0
1634537045448 0 0
1634537136184 0 0
1634537227013 0 0
1634537317806 0 0
1634537408555 0 0
1634537499317 0 0
1634537590145 0 0
1634537680916 0 0
1634537771712 0 0
1634537862521 0 0
1634537954737 0 0
1634538045497 0 0
1634538136195 0 0
1634538226940 0 0
1634538317718 0 0
1634538408497 0 0
1634538499273 0 0
1634538590042 0 0
1634538680888 0 0
1634538771671 0 0
1634538863829 0 0
1634538954485 0 0
1634539045235 0 0
1634539135937 0 0
1634539226706 0 0
1634539317369 0 0
1634539408081 0 0
1634539498751 0 0
1634539589432 0 0
1634539680164 0 0
1634539772374 0 0
1634539863122 0 0
1634539953911 0 0
1634540044650 0 0
1634540135411 0 0
1634540226156 0 0
1634540316922 0 0
1634540407735 0 0
1634540498607 0 0
1634540589377 0 0
1634540681591 0 0
1634540772427 0 0
1634540863244 0 0
1634540954082 0 0
1634541044893 0 0
1634541135775 0 0
1634541226520 0 0
1634541317321 0 0
1634541408036 0 0
1634541498778 0 0
1634541590950 0 0
1634541681806 0 0
1634541772544 0 0
1634541863337 0 0
1634541954105 0 0
1634542044952 0 0
1634542135782 0 0
1634542226575 0 0
1634542317364 0 0
1634542408169 0 0
1634542500377 0 0
1634542591225 0 0
1634542682055 0 0
1634542773038 0 0
1634542863873 0 0
1634542954705 0 0
1634543045467 0 0
1634543136203 0 0
1634543226952 0 0
1634543317653 0 0
1634543409817 0 0
1634543500628 0 0
1634543591367 0 0
1634543682137 0 0
1634543773075 0 0
1634543863927 0 0
1634543954756 0 0
1634544045617 0 0
1634544136379 0 0
1634544227189 0 0
1634544319456 0 0
1634544410264 0 0
1634544501174 0 0
1634544592042 0 0
1634544682850 0 0
1634544773548 0 0
1634544864296 0 0
1634544955067 0 0
1634545045793 0 0
1634545136641 0 0
1634545229023 0 0
1634545319760 0 0
1634545410495 0 0
1634545501215 0 0
1634545591940 0 0
1634545682659 0 0
1634545773341 0 0
1634545864290 0 0
1634545954989 0 0
1634546045746 0 0
1634546137925 0 0
1634546228691 0 0
1634546319434 0 0
1634546410061 0 0
1634546500736 0 0
1634546591367 0 0
1634546682025 0 0
1634546772679 0 0
1634546863376 0 0
1634546953999 0 0
1634547046094 0 0
1634547136818 0 0
1634547227663 0 0
1634547318619 0 0
1634547409512 0 0
1634547500342 0 0
1634547591113 0 0
1634547682000 0 0
1634547772717 0 0
1634547863658 0 0
1634547956180 0 0
1634548047140 0 0
1634548137959 0 0
1634548228730 0 0
1634548319515 0 0
1634548410325 0 0
1634548501094 0 0
1634548591962 0 0
1634548682746 0 0
1634548773540 0 0
1634548865663 0 0
1634548956410 0 0
1634549047215 0 0
1634549138028 0 0
1634549228782 0 0
1634549319618 0 0
1634549410587 0 0
1634549501542 0 0
1634549592493 0 0
1634549683369 0 0
1634549775609 0 0
1634549866429 0 0
1634549957282 0 0
1634550048234 0 0
1634550139185 0 0
1634550230117 0 0
1634550321047 0 0
1634550411888 0 0
1634550502847 0 0
1634550593891 0 0
1634550686273 0 0
1634550777122 0 0
1634550868072 0 0
1634550958999 0 0
1634551049795 0 0
1634551140683 0 0
1634551231694 0 0
1634551322612 0 0
1634551413456 0 0
1634551504406 0 0
1634551596810 0 0
1634551687664 0 0
1634551778580 0 0
1634551869442 0 0
1634551960414 0 0
1634552051360 0 0
1634552142262 0 0
1634552233274 0 0
1634552324224 0 0
1634552415110 0 0
1634552507493 0 0
1634552598432 0 0
1634552689338 0 0
1634552780241 0 0
1634552871101 0 0
1634552961898 0 0
1634553052607 0 0
1634553143388 0 0
1634553234206 0 0
1634553325012 0 0
1634553417155 0 0
1634553507960 0 0
1634553598790 0 0
1634553689645 0 0
1634553780436 0 0
1634553871253 0 0
1634553962033 0 0
1634554052856 0 0
1634554143599 0 0
1634554234418 0 0
1634554326686 0 0
1634554417649 0 0
1634554508674 0 0
1634554599622 0 0
1634554690554 0 0
1634554781487 0 0
1634554872479 0 0
1634554963397 0 0
1634555054353 0 0
1634555145329 0 0
1634555237584 0 0
1634555328365 0 0
1634555419221 0 0
1634555510068 0 0
1634555600958 0 0
1634555691836 0 0
1634555782720 0 0
1634555873565 0 0
1634555964406 0 0
1634556055192 0 0
1634556147341 0 0
1634556238131 0 0
1634556328807 0 0
1634556419453 0 0
1634556510069 0 0
1634556600681 0 0
1634556691408 0 0
1634556782091 0 0
1634556872729 0 0
1634556963396 0 0
1634557055409 0 0
1634557146171 0 0
1634557236950 0 0
1634557327791 0 0
1634557418640 0 0
1634557509451 0 0
1634557600235 0 0
1634557691018 0 0
1634557781779 0 0
1634557872578 0 0
1634557964945 0 0
1634558055681 0 0
1634558146437 0 0
1634558237219 0 0
1634558327966 0 0
1634558418686 0 0
1634558509458 0 0
1634558600245 0 0
1634558690966 0 0
1634558781651 0 0
1634558873800 0 0
1634558964518 0 0
1634559055203 0 0
1634559145986 0 0
1634559236811 0 0
1634559327800 0 0
1634559418749 0 0
1634559509595 0 0
1634559600299 0 0
1634559691066 0 0
1634559783206 0 0
1634559873951 0 0
1634559964689 0 0
1634560055359 0 0
1634560146018 0 0
1634560236799 0 0
1634560327544 0 0
1634560418286 0 0
1634560508931 0 0
1634560599519 0 0
1634560691615 0 0
1634560782249 0 0
1634560872908 0 0
1634560963538 0 0
1634561054214 0 0
1634561144861 0 0
1634561235564 0 0
1634561326241 0 0
1634561416934 0 0
1634561508016 0 0
1634561600303 0 0
1634561691241 0 0
1634561782172 0 0
1634561872983 0 0
1634561963909 0 0
1634562054837 0 0
1634562145603 0 0
1634562236298 0 0
1634562326984 0 0
1634562417650 0 0
1634562509749 0 0
1634562600463 0 0
1634562691210 0 0
1634562781963 0 0
1634562872638 0 0
1634562963312 0 0
1634563053949 0 0
1634563144612 0 0
1634563235245 0 0
1634563325897 0 0
1634563417980 0 0
1634563508698 0 0
1634563599499 0 0
1634563690247 0 0
1634563780964 0 0
1634563871753 0 0
1634563962505 0 0
1634564053239 0 0
1634564143947 0 0
1634564234732 0 0
1634564326892 0 0
1634564417747 0 0
1634564508530 0 0
1634564599420 0 0
1634564690152 0 0
1634564781021 0 0
1634564871921 0 0
1634564962780 0 0
1634565053535 0 0
1634565144474 0 0
1634565236957 0 0
1634565327683 0 0
1634565418486 0 0
1634565509216 0 0
1634565600078 0 0
1634565690901 0 0
1634565781451 0 0
1634565872041 0 0
1634565962584 0 0
1634566053260 0 0
1634566145450 0 0
1634566236268 0 0
1634566326976 0 0
1634566417638 0 0
1634566508252 0 0
1634566598819 0 0
1634566689319 0 0
1634566779883 0 0
1634566870430 0 0
1634566961085 0 0
1634567053150 0 0
1634567143895 0 0
1634567234552 0 0
1634567325266 0 0
1634567415976 0 0
1634567506735 0 0
1634567597426 0 0
1634567688089 0 0
1634567778705 0 0
1634567869270 0 0
1634567961272 0 0
1634568051994 0 0
1634568142689 0 0
1634568233398 0 0
1634568324052 0 0
1634568414656 0 0
1634568505289 0 0
1634568596010 0 0
1634568686879 0 0
1634568777660 0 0
1634568869657 0 0
1634568960389 0 0
1634569050986 0 0
1634569141640 0 0
1634569232324 0 0
1634569322966 0 0
1634569413714 0 0
1634569504421 0 0
1634569595203 0 0
1634569685905 0 0
1634569778088 0 0
1634569868865 0 0
1634569959543 0 0
1634570050261 0 0
1634570141193 0 0
1634570231993 0 0
1634570322772 0 0
1634570413516 0 0
1634570504312 0 0
1634570595127 0 0
1634570687246 0 0
1634570778174 0 0
1634570869062 0 0
1634570960006 0 0
1634571050959 0 0
1634571141859 0 0
1634571232835 0 0
1634571323759 0 0
1634571414557 0 0
1634571505390 0 0
1634571597380 0 0
1634571688071 0 0
1634571778640 0 0
1634571869144 0 0
1634571959690 0 0
1634572050237 0 0
1634572140768 0 0
1634572231369 0 0
1634572321970 0 0
1634572412604 0 0
1634572504635 0 0
1634572595141 0 0
1634572685653 0 0
1634572776194 0 0
1634572866896 0 0
1634572957551 0 0
1634573048162 0 0
1634573138811 0 0
1634573229507 0 0
1634573320156 0 0
1634573412468 0 0
1634573503137 0 0
1634573593849 0 0
1634573684521 0 0
1634573775272 0 0
1634573865894 0 0
1634573956470 0 0
1634574047120 0 0
1634574137655 0 0
1634574228256 0 0
1634574320256 0 0
1634574411031 0 0
1634574501766 0 0
1634574592502 0 0
1634574683261 0 0
1634574774019 0 0
1634574864822 0 0
1634574955605 0 0
1634575046375 0 0
1634575136977 0 0
1634575229031 0 0
1634575319608 0 0
1634575410306 0 0
1634575500989 0 0
1634575591637 0 0
1634575682317 0 0
1634575772955 0 0
1634575863719 0 0
1634575954342 0 0
1634576044990 0 0
1634576137040 0 0
1634576227775 0 0
1634576318431 0 0
1634576409056 0 0
1634576499729 0 0
1634576590332 0 0
1634576681005 0 0
1634576771693 0 0
1634576862388 0 0
1634576953025 0 0
1634577045113 0 0
1634577135854 0 0
1634577226424 0 0
1634577317076 0 0
1634577407704 0 0
1634577498314 0 0
1634577589077 0 0
1634577679809 0 0
1634577770617 0 0
1634577861239 0 0
1634577953228 0 0
1634578043981 0 0
1634578134632 0 0
1634578225386 0 0
1634578316025 0 0
1634578406636 0 0
1634578497243 0 0
1634578587832 0 0
1634578678396 0 0
1634578768906 0 0
1634578860852 0 0
1634578951508 0 0
1634579042305 0 0
1634579133165 0 0
1634579223870 0 0
1634579314579 0 0
1634579405288 0 0
1634579495943 0 0
1634579586604 0 0
1634579677199 0 0
1634579769242 0 0
1634579859904 0 0
1634579950601 0 0
1634580041330 0 0
1634580132106 0 0
1634580222923 0 0
1634580313920 0 0
1634580404940 0 0
1634580495965 0 0
1634580587066 0 0
1634580679465 0 0
1634580770389 0 0
1634580861216 0 0
1634580952035 0 0
1634581042916 0 0
1634581133761 0 0
1634581224567 0 0
1634581315463 0 0
1634581406125 0 0
1634581496794 0 0
1634581588902 0 0
1634581679515 0 0
1634581770109 0 0
1634581860805 0 0
1634581953520 0 0
1634582044338 0 0
1634582135133 0 0
1634582225859 0 0
1634582316676 0 0
1634582407373 0 0
1634582499432 0 0
1634582590123 0 0
1634582680756 0 0
1634582771450 0 0
1634582862066 0 0
1634582952736 0 0
1634583043402 0 0
1634583134075 0 0
1634583224774 0 0
1634583315459 0 0
1634583407951 0 0
1634583498665 0 0
1634583589324 0 0
1634583680072 0 0
1634583770806 0 0
1634583861474 0 0
1634583952129 0 0
1634584042755 0 0
1634584133390 0 0
1634584224058 0 0
1634584316042 0 0
1634584406712 0 0
1634584497284 0 0
1634584587802 0 0
1634584678351 0 0
1634584769006 0 0
1634584859675 0 0
1634584950397 0 0
1634585041089 0 0
1634585131741 0 0
1634585223785 0 0
1634585314687 0 0
1634585405468 0 0
1634585496300 0 0
1634585587042 0 0
1634585677833 0 0
1634585768622 0 0
1634585859317 0 0
1634585949943 0 0
1634586040595 0 0
1634586132670 0 0
1634586223347 0 0
1634586314011 0 0
1634586404659 0 0
1634586495287 0 0
1634586585942 0 0
1634586676687 0 0
1634586767308 0 0
1634586857996 0 0
1634586948721 0 0
1634587040788 0 0
1634587131431 0 0
1634587222079 0 0
1634587312727 0 0
1634587403360 0 0
1634587494023 0 0
1634587584575 0 0
1634587675087 0 0
1634587765730 0 0
1634587856291 0 0
1634587948323 0 0
1634588039110 0 0
1634588129911 0 0
1634588220557 0 0
1634588311239 0 0
1634588401869 0 0
1634588492453 0 0
1634588583081 0 0
1634588673709 0 0
1634588764427 0 0
1634588856504 0 0
1634588947253 0 0
1634589037984 0 0
1634589128686 0 0
1634589219398 0 0
1634589310084 0 0
1634589400652 0 0
1634589491283 0 0
1634589581925 0 0
1634589672641 0 0
1634589764760 0 0
1634589855478 0 0
1634589946040 0 0
1634590036604 0 0
1634590127116 0 0
1634590217701 0 0
1634590308319 0 0
1634590398959 0 0
1634590489639 0 0
1634590580296 0 0
1634590672496 0 0
1634590763228 0 0
1634590854037 0 0
1634590944629 0 0
1634591035155 0 0
1634591125663 0 0
1634591216160 0 0
1634591306670 0 0
1634591397180 0 0
1634591487739 0 0
1634591579742 0 0
1634591670281 0 0
1634591760804 0 0
1634591851441 0 0
1634591942115 0 0
1634592032771 0 0
1634592123449 0 0
1634592214129 0 0
1634592304790 0 0
1634592395412 0 0
1634592487410 0 0
1634592578068 0 0
1634592668833 0 0
1634592759560 0 0
1634592850238 0 0
1634592940909 0 0
1634593031502 0 0
1634593122055 0 0
1634593212692 0 0
1634593303308 0 0
1634593395320 0 0
1634593486001 0 0
1634593576651 0 0
1634593667434 0 0
1634593758129 0 0
1634593848771 0 0
1634593939420 0 0
1634594030110 0 0
1634594120897 0 0
1634594211598 0 0
1634594303717 0 0
1634594394381 0 0
1634594485118 0 0
1634594575585 0 0
1634594666295 0 0
1634594757016 0 0
1634594847744 0 0
1634594938437 0 0
1634595029195 0 0
1634595119952 0 0
1634595211969 0 0
1634595302724 0 0
1634595393478 0 0
1634595484162 0 0
1634595574860 0 0
1634595665603 0 0
1634595756339 0 0
1634595847062 0 0
1634595937733 0 0
1634596028460 0 0
1634596121020 0 0
1634596211804 0 0
1634596302589 0 0
1634596393362 0 0
1634596484161 0 0
1634596574835 0 0
1634596665426 0 0
1634596756159 0 0
1634596846878 0 0
1634596937604 0 0
1634597029774 0 0
1634597120459 0 0
1634597211117 0 0
1634597301869 0 0
1634597392601 0 0
1634597483634 0 0
1634597574467 0 0
1634597665286 0 0
1634597756158 0 0
1634597846976 0 0
1634597939094 0 0
1634598029836 0 0
1634598120445 0 0
1634598211098 0 0
1634598301764 0 0
1634598392516 0 0
1634598483170 0 0
1634598573778 0 0
1634598664447 0 0
1634598755006 0 0
1634598847112 0 0
1634598937944 0 0
1634599028726 0 0
1634599119427 0 0
1634599210171 0 0
1634599300865 0 0
1634599391612 0 0
1634599482414 0 0
1634599573255 0 0
1634599664038 0 0
1634599756223 0 0
1634599847024 0 0
1634599937749 0 0
1634600028507 0 0
1634600119169 0 0
1634600209839 0 0
1634600300460 0 0
1634600391056 0 0
1634600481789 0 0
1634600572463 0 0
1634600664604 0 0
1634600755452 0 0
1634600846210 0 0
1634600937033 0 0
1634601027656 0 0
1634601118311 0 0
1634601208907 0 0
1634601299460 0 0
1634601390263 0 0
1634601480998 0 0
1634601573140 0 0
1634601663962 0 0
1634601754778 0 0
1634601845589 0 0
1634601936402 0 0
1634602027239 0 0
1634602118033 0 0
1634602208858 0 0
1634602299596 0 0
1634602390281 0 0
1634602482415 0 0
1634602573041 0 0
1634602663762 0 0
1634602754398 0 0
1634602844892 0 0
1634602935418 0 0
1634603025936 0 0
1634603116448 0 0
1634603206927 0 0
1634603297576 0 0
1634603389642 0 0
1634603480402 0 0
1634603571172 0 0
1634603661998 0 0
1634603752739 0 0
1634603843346 0 0
1634603934053 0 0
1634604024805 0 0
1634604115586 0 0
1634604206164 0 0
1634604298307 0 0
1634604389188 0 0
1634604480041 0 0
1634604570835 0 0
1634604661696 0 0
1634604752524 0 0
1634604843362 0 0
1634604934334 0 0
1634605025311 0 0
1634605116248 0 0
1634605208512 0 0
1634605299371 0 0
1634605390070 0 0
1634605480733 0 0
1634605571312 0 0
1634605661984 0 0
1634605752656 0 0
1634605843312 0 0
1634605933993 0 0
1634606024630 0 0
1634606116701 0 0
1634606207463 0 0
1634606298200 0 0
1634606388943 0 0
1634606479672 0 0
1634606570437 0 0
1634606661133 0 0
1634606751766 0 0
1634606842372 0 0
1634606932906 0 0
1634607025120 0 0
1634607115700 0 0
1634607206343 0 0
1634607296973 0 0
1634607387648 0 0
1634607478270 0 0
1634607568843 0 0
1634607659485 0 0
1634607749958 0 0
1634607840559 0 0
1634607932635 0 0
1634608023258 0 0
1634608113949 0 0
1634608204552 0 0
1634608295243 0 0
1634608385857 0 0
1634608476530 0 0
1634608567245 0 0
1634608657798 0 0
1634608748349 0 0
1634608840356 0 0
1634608930993 0 0
1634609021608 0 0
1634609112265 0 0
1634609202908 0 0
1634609293606 0 0
1634609384442 0 0
1634609474993 0 0
1634609565712 0 0
1634609656409 0 0
1634609748482 0 0
1634609839191 0 0
1634609929851 0 0
1634610020597 0 0
1634610111426 0 0
1634610202245 0 0
1634610293032 0 0
1634610383858 0 0
1634610474626 0 0
1634610565321 0 0
1634610657482 0 0
1634610748214 0 0
1634610838816 0 0
1634610929459 0 0
1634611020082 0 0
1634611110672 0 0
1634611201411 0 0
1634611292155 0 0
1634611382711 0 0
1634611473431 0 0
1634611565529 0 0
1634611656206 0 0
1634611746929 0 0
1634611837588 0 0
1634611928501 0 0
1634612019154 0 0
1634612109857 0 0
1634612200524 0 0
1634612291103 0 0
1634612381616 0 0
1634612474179 0 0
1634612564668 0 0
1634612655118 0 0
1634612745646 0 0
1634612836445 0 0
1634612927038 0 0
1634613017557 0 0
1634613108040 0 0
1634613198443 0 0
1634613288962 0 0
1634613380739 0 0
1634613471327 0 0
1634613561808 0 0
1634613652255 0 0
1634613742741 0 0
1634613833142 0 0
1634613923531 0 0
1634614014004 0 0
1634614104404 0 0
1634614194888 0 0
1634614286811 0 0
1634614377415 0 0
1634614467959 0 0
1634614558570 0 0
1634614649118 0 0
1634614739633 0 0
1634614830242 0 0
1634614920839 0 0
1634615011436 0 0
1634615101927 0 0
1634615193921 0 0
1634615284685 0 0
1634615375306 0 0
1634615466069 0 0
1634615556543 0 0
1634615647041 0 0
1634615737604 0 0
1634615828208 0 0
1634615918879 0 0
1634616009554 0 0
1634616101504 0 0
1634616192061 0 0
1634616282648 0 0
1634616373284 0 0
1634616463816 0 0
1634616554370 0 0
1634616644850 0 0
1634616735311 0 0
1634616825859 0 0
1634616916440 0 0
1634617008286 0 0
1634617098850 0 0
1634617189305 0 0
1634617279849 0 0
1634617370375 0 0
1634617460914 0 0
1634617551485 0 0
1634617641932 0 0
1634617732455 0 0
1634617822935 0 0
1634617914940 0 0
1634618005501 0 0
1634618096086 0 0
1634618186738 0 0
1634618277347 0 0
1634618367977 0 0
1634618458370 0 0
1634618548967 0 0
1634618639559 0 0
1634618730218 0 0
1634618822209 0 0
1634618912772 0 0
1634619003247 0 0
1634619093822 0 0
1634619184295 0 0
1634619274893 0 0
1634619365537 0 0
1634619456197 0 0
1634619546823 0 0
1634619637466 0 0
1634619729364 0 0
1634619820011 0 0
1634619910563 0 0
1634620001248 0 0
1634620092406 0 0
