1634536003246 0.9116415977478027 0
1634536135430 0.05368283484131098 0
1634536226456 0.14789201272651553 0
1634536317512 0.12027062696870416 0
1634536408478 0.13072104193270206 0
1634536499434 0.1606688150204718 0
1634536590220 0.261788047850132 0
1634536680949 0.24093459360301495 0
1634536771675 0.6178309917449951 0
1634536862503 0.4134460464119911 0
1634536953303 0.33808453381061554 0
1634537045448 0.2933141514658928 0
1634537136199 0.4682198166847229 0
1634537227029 0.26618998497724533 0
1634537317806 0.20969154685735703 0
1634537408571 0.3422422856092453 0
1634537499333 0.1555808261036873 0
1634537590164 0.20008750446140766 0
1634537680932 0.39596717059612274 0
1634537771728 0.25693612545728683 0
1634537862532 0.05334161641076207 0
1634537954752 0.37989571690559387 0
1634538045513 0.42308393120765686 0
1634538136195 0.27218659967184067 0
1634538226956 0.42526401579380035 0
1634538317718 0.1320767030119896 0
1634538408512 0.2870776355266571 0
1634538499288 0.5944605618715286 0
1634538590058 0.13997519086115062 0
1634538680904 0.21073650568723679 0
1634538771671 0.4749399572610855 0
1634538863829 0.08330534771084785 0
1634538954502 0.35107769072055817 0
1634539045235 0.22757060825824738 0
1634539135937 0.15177844231948256 0
1634539226706 0.2801545113325119 0
1634539317384 0.13007119484245777 0
1634539408081 0.06177517818287015 0
1634539498767 0.1806548722088337 0
1634539589447 0.2191249504685402 0
1634539680179 0.069625792093575 0
1634539772374 0.14157124981284142 0
1634539863122 0.34516434371471405 0
1634539953926 0.22619539871811867 0
1634540044650 0.08947952836751938 0
1634540135426 0.1543046310544014 0
1634540226172 0.21421808004379272 0
1634540316922 0.17325176671147346 0
1634540407751 0.16082921996712685 0
1634540498607 0.09609133005142212 0
1634540589392 0.11199372459668666 0
1634540681591 0.2783242017030716 0
1634540772443 0.1488112285733223 0
1634540863259 0.10146455094218254 0
1634540954098 0.21133734285831451 0
1634541044909 0.2610621750354767 0
1634541135775 0.10867641493678093 0
1634541226536 0.2573673278093338 0
1634541317337 0.0953733492642641 0
1634541408052 0.4903920143842697 0
1634541498778 0.14521056786179543 0
1634541590950 0.16794690489768982 0
1634541681823 0.21187935769557953 0
1634541772560 0.31316856294870377 0
1634541863353 0.15112844109535217 0
1634541954105 0.3535279631614685 0
1634542044967 0.1682513728737831 0
1634542135782 0.1864643543958664 0
1634542226575 0.2353070229291916 0
1634542317364 0.16164448484778404 0
1634542408185 0.09066132642328739 0
1634542500392 0.30465132743120193 0
1634542591240 0.27275843918323517 0
1634542682071 0.021050019189715385 0
1634542773054 0.21279984340071678 0
1634542863873 0.0860032569617033 0
1634542954705 0.11577644944190979 0
1634543045467 0.20877542346715927 0
1634543136203 0.1568981409072876 0
1634543226967 0.06153418915346265 0
1634543317653 0.12445302866399288 0
1634543409833 0.23910964280366898 0
1634543500644 0.1634560413658619 0
1634543591367 0.1440094280987978 0
1634543682152 0.12947145849466324 0
1634543773091 0.031640673987567425 0
1634543863943 0.047656597569584846 0
1634543954756 0.08260207995772362 0
1634544045632 0.13627308886498213 0
1634544136394 0.0497641172260046 0
1634544227189 0.21299440693110228 0
1634544319456 0.18253254890441895 0
1634544410264 0.14600274711847305 0
1634544501189 0.034365895204246044 0
1634544592058 0.19933797884732485 0
1634544682850 0.04793449304997921 0
1634544773548 0.25037965178489685 0
1634544864312 0.015421272695675725 0
1634544955082 0.07212224043905735 0
1634545045793 0.3109535127878189 0
1634545136657 0.11883885785937309 0
1634545229023 0.10169161111116409 0
1634545319776 0.1748700886964798 0
1634545410495 0.20698457211256027 0
1634545501215 0.1864522024989128 0
1634545591956 0.21713458513841033 0
1634545682659 0.11878631263971329 0
1634545773357 0.29627215676009655 0
1634545864290 0.02717388141900301 0
1634545955004 0.05950790923088789 0
1634546045746 0.2658853232860565 0
1634546137925 0.07439588569104671 0
1634546228691 0.11036895215511322 0
1634546319450 0.21369387581944466 0
1634546410061 0.04613334871828556 0
1634546500751 0.27558181062340736 0
1634546591382 0.08210255950689316 0
1634546682041 0.12568703293800354 0
1634546772679 0.13218465447425842 0
1634546863391 0.11138821020722389 0
1634546954016 0.09887965861707926 0
1634547046109 0.1516840010881424 0
1634547136833 0.15525174140930176 0
1634547227678 0.7330455631017685 0
1634547318619 0.14408458583056927 0
1634547409512 0.12868137657642365 0
1634547500357 0.03591110557317734 0
1634547591113 0.21249806508421898 0
1634547682000 0.08713955339044333 0
1634547772717 0.10674740001559258 0
1634547863658 0.2983216345310211 0
1634547956195 0.11383429542183876 0
1634548047140 0.08321339637041092 0
1634548137974 0.26050523668527603 0
1634548228745 0.15129521489143372 0
1634548319515 0.11824430897831917 0
1634548410341 0.08627856732346117 0
1634548501110 0.11335689015686512 0
1634548591962 0.19586234539747238 0
1634548682761 0.1301589235663414 0
1634548773555 0.09847655799239874 0
1634548865663 0.44800247997045517 0
1634548956410 0.11820897087454796 0
1634549047230 0.07927749678492546 0
1634549138044 0.045985390432178974 0
1634549228782 0.5340086743235588 0
1634549319634 0.10990576818585396 0
1634549410603 0.1476765125989914 0
1634549501558 0.19991835206747055 0
1634549592509 0.11586828494910151 0
1634549683369 0.10703047295100987 0
1634549775609 0.13375450298190117 0
1634549866429 0.06584635563194752 0
1634549957297 0.10811929404735565 0
1634550048250 0.26794362254440784 0
1634550139185 0.10239065226051025 0
1634550230132 0.16167445294559002 0
1634550321063 0.15213371068239212 0
1634550411904 0.18097520619630814 0
1634550502862 0.07233219966292381 0
1634550593891 0.23342952877283096 0
1634550686273 0.32603634893894196 0
1634550777122 0.13589958660304546 0
1634550868088 0.19211214780807495 0
1634550958999 0.11130063608288765 0
1634551049811 0.1735428348183632 0
1634551140699 0.27720246464014053 0
1634551231709 0.13933966681361198 0
1634551322612 0.12692438997328281 0
1634551413456 0.017325558234006166 0
1634551504422 0.17692509293556213 0
1634551596826 0.11571075394749641 0
1634551687664 0.1328069157898426 0
1634551778596 0.14299311488866806 0
1634551869458 0.08054427988827229 0
1634551960414 0.11596353724598885 0
1634552051360 0.12778140977025032 0
1634552142277 0.08947709016501904 0
1634552233274 0.3297523744404316 0
1634552324224 0.1427755206823349 0
1634552415110 0.10145627148449421 0
1634552507509 0.01020606467500329 0
1634552598432 0.2873392850160599 0
1634552689354 0.22891683876514435 0
1634552780241 0.131044652312994 0
1634552871117 0.12766652181744576 0
1634552961914 0.01248930732253939 0
1634553052623 0.12234080396592617 0
1634553143404 0.23022133111953735 0
1634553234222 0.06202069856226444 0
1634553325012 0.0045158101711422205 0
1634553417171 0.1865339409559965 0
1634553507976 0.04046196071431041 0
1634553598806 0.05666517838835716 0
1634553689661 0.13254697993397713 0
1634553780452 0.0826822454109788 0
1634553871269 0.0919982809573412 0
1634553962033 0.1483377953991294 0
1634554052871 0.1464080847799778 0
1634554143599 0.021097874268889427 0
1634554234418 0.10952559672296047 0
1634554326686 0.22105493396520615 0
1634554417665 0.19574581691995263 0
1634554508674 0.18000014871358871 0
1634554599622 0.050068339332938194 0
1634554690554 0.05683556944131851 0
1634554781502 0.13257994130253792 0
1634554872479 0.3327307403087616 0
1634554963413 0.2616772644687444 0
1634555054368 0.17280131904408336 0
1634555145329 0.1427269708365202 0
1634555237600 0.11170026380568743 0
1634555328381 0.05778287444263697 0
1634555419236 0.09940418787300587 0
1634555510084 0.08458542264997959 0
1634555600958 0.24851224198937416 0
1634555691852 0.18882649391889572 0
1634555782735 0.07920710183680058 0
1634555873581 0.14099905639886856 0
1634555964421 0.3285377249121666 0
1634556055192 0.23081184178590775 0
1634556147341 0.1585398893803358 0
1634556238147 0.32505030184984207 0
1634556328823 0.13684974610805511 0
1634556419453 0.08158200792968273 0
1634556510084 0.1259358450770378 0
1634556600681 0.09724422544240952 0
1634556691408 0.08393383026123047 0
1634556782091 0.05556661635637283 0
1634556872729 0.21340418112231418 0
1634556963412 0.14994997531175613 0
1634557055425 0.10510929673910141 0
1634557146187 0.0592705812305212 0
1634557236950 0.29741770029067993 0
1634557327791 0.0902027115225792 0
1634557418656 0.16945109516382217 0
1634557509467 0.2491263747215271 0
1634557600235 0.15058047324419022 0
1634557691018 0.10938867554068565 0
1634557781779 0.19456414133310318 0
1634557872594 0.06480148620903492 0
1634557964960 0.0486790556460619 0
1634558055681 0.09705186262726784 0
1634558146452 0.09616586193442345 0
1634558237219 0.053053587675094604 0
1634558327966 0.12219742871820927 0
1634558418686 0.06980531476438046 0
1634558509458 0.18782129138708115 0
1634558600260 0.29840024188160896 0
1634558690966 0.12459494173526764 0
1634558781667 0.21110816299915314 0
1634558873815 0.19456625822931528 0
1634558964534 0.10938255861401558 0
1634559055203 0.07918249815702438 0
1634559145986 0.08759268000721931 0
1634559236826 0.11052689142525196 0
1634559327816 0.1658872403204441 0
1634559418765 0.08205180102959275 0
1634559509610 0.02911545301321894 0
1634559600314 0.14229169487953186 0
1634559691081 0.04659268446266651 0
1634559783206 0.18926479667425156 0
1634559873951 0.19982505589723587 0
1634559964689 0.12399156950414181 0
1634560055359 0.03419126197695732 0
1634560146033 0.06506932713091373 0
1634560236799 0.05946128163486719 0
1634560327544 0.014594586100429296 0
1634560418301 0.06593510508537292 0
1634560508931 0.01749087730422616 0
1634560599535 0.14957377314567566 0
1634560691630 0.09020816162228584 0
1634560782265 0.1114610293880105 0
1634560872924 0.12815817538648844 0
1634560963555 0.1967451125383377 0
1634561054214 0.17327978264074773 0
1634561144861 0.16434165090322495 0
1634561235564 0.15812044963240623 0
1634561326256 0.1277465522289276 0
1634561416950 0.1662034522742033 0
1634561508016 0.16016608849167824 0
1634561600303 0.06170201301574707 0
1634561691257 0.11108521372079849 0
1634561782172 0.07575216866098344 0
1634561872983 0.3394054248929024 0
1634561963909 0.09614935144782066 0
1634562054853 0.26429641246795654 0
1634562145618 0.02238416951149702 0
1634562236313 0.05970201641321182 0
1634562327000 0.04526352509856224 0
1634562417650 0.3724825084209442 0
1634562509749 0.10288221295922995 0
1634562600478 0.23244581744074821 0
1634562691210 0.12226814031600952 0
1634562781979 0.04013142082840204 0
1634562872654 0.11748849600553513 0
1634562963312 0.26449231524020433 0
1634563053965 0.04990349896252155 0
1634563144612 0.04812801815569401 0
1634563235245 0.12299844902008772 0
1634563325912 0.05599123169668019 0
1634563417980 0.127615662291646 0
1634563508698 0.14149553887546062 0
1634563599499 0.24127604439854622 0
1634563690247 0.08334259316325188 0
1634563780964 0.12541653402149677 0
1634563871769 0.1059900326654315 0
1634563962505 0.046551947481930256 0
1634564053239 0.19671113789081573 0
1634564143963 0.12311964109539986 0
1634564234732 0.030247051268815994 0
1634564326892 0.23093119822442532 0
1634564417763 0.07750123925507069 0
1634564508545 0.06305385939776897 0
1634564599435 0.08278223406523466 0
1634564690168 0.1720576286315918 0
1634564781037 0.053926752880215645 0
1634564871936 0.03659956529736519 0
1634564962795 0.1341695012524724 0
1634565053535 0.15859336033463478 0
1634565144490 0.0979088768362999 0
1634565236957 0.064345832914114 0
1634565327683 0.10887617617845535 0
1634565418502 0.055225794203579426 0
1634565509231 0.0655672699213028 0
1634565600094 0.10437801480293274 0
1634565690917 0.05658652260899544 0
1634565781451 0.047468094155192375 0
1634565872041 0.17407159507274628 0
1634565962584 0.11666128784418106 0
1634566053260 0.14699804410338402 0
1634566145450 0.17991337925195694 0
1634566236284 0.056157564744353294 0
1634566326976 0.07663242111448199 0
1634566417638 0.25092510879039764 0
1634566508267 0.06795584713108838 0
1634566598835 0.23501398041844368 0
1634566689335 0.014887628145515919 0
1634566779883 0.06689270818606019 0
1634566870430 0.1616576388478279 0
1634566961100 0.40250658988952637 0
1634567053150 0.1252497248351574 0
1634567143911 0.15840696543455124 0
1634567234568 0.1345330961048603 0
1634567325266 0.08394000306725502 0
1634567415976 0.05247373355086893 0
1634567506735 0.18670986965298653 0
1634567597442 0.09636039100587368 0
1634567688089 0.33273157477378845 0
1634567778705 0.0996659155935049 0
1634567869285 0.08723219111561775 0
1634567961272 0.11982239596545696 0
1634568051994 0.11843802966177464 0
1634568142689 0.11166979372501373 0
1634568233414 0.07610191963613033 0
1634568324068 0.20537935197353363 0
1634568414671 0.17518091201782227 0
1634568505305 0.09855020046234131 0
1634568596010 0.08629054657649249 0
1634568686879 0.0865618297830224 0
1634568777675 0.22278927266597748 0
1634568869674 0.09674067795276642 0
1634568960389 0.1897953674197197 0
1634569050986 0.03593458794057369 0
1634569141655 0.09441686794161797 0
1634569232324 0.22346720844507217 0
1634569322982 0.0070897238329052925 0
1634569413714 0.04961713124066591 0
1634569504436 0.31396374851465225 0
1634569595203 0.026710734702646732 0
1634569685905 0.014540188247337937 0
1634569778088 0.09230984933674335 0
1634569868880 0.18351219967007637 0
1634569959559 0.15677588805556297 0
1634570050276 0.07555621967185289 0
1634570141209 0.1215222030878067 0
1634570232009 0.043633293360471725 0
1634570322772 0.15765409171581268 0
1634570413531 0.14807527512311935 0
1634570504312 0.09542660415172577 0
1634570595127 0.3056320250034332 0
1634570687246 0.05343695357441902 0
1634570778174 0.18513080477714539 0
1634570869062 0.10329557955265045 0
1634570960021 0.15077561885118484 0
1634571050959 0.11493949755094945 0
1634571141875 0.143207386136055 0
1634571232835 0.09946729801595211 0
1634571323775 0.17958422750234604 0
1634571414573 0.20298345759510994 0
1634571505390 0.06891373917460442 0
1634571597395 0.17256558686494827 0
1634571688071 0.051117311348207295 0
1634571778640 0.19509103149175644 0
1634571869160 0.19677882874384522 0
1634571959690 0.14645916037261486 0
1634572050237 0.029411891475319862 0
1634572140783 0.0866297259926796 0
1634572231369 0.3359207659959793 0
1634572321970 0.07469956949353218 0
1634572412619 0.29436729848384857 0
1634572504635 0.06424008309841156 0
1634572595141 0.05555262416601181 0
1634572685669 0.06657044589519501 0
1634572776210 0.14578881114721298 0
1634572866896 0.06321640871465206 0
1634572957551 0.05458931066095829 0
1634573048178 0.1304714772850275 0
1634573138811 0.0772230972070247 0
1634573229507 0.16183991730213165 0
1634573320172 0.20623929426074028 0
1634573412468 0.14853813499212265 0
1634573503152 0.132259551435709 0
1634573593865 0.2521013766527176 0
1634573684536 0.07915918156504631 0
1634573775272 0.06413382478058338 0
1634573865910 0.10036678053438663 0
1634573956485 0.08260971587151289 0
1634574047135 0.10930996760725975 0
1634574137671 0.1879529505968094 0
1634574228256 0.14382538199424744 0
1634574320271 0.08559271553531289 0
1634574411031 0.1002160869538784 0
1634574501783 0.08226430742070079 0
1634574592502 0.2480434700846672 0
1634574683278 0.1273592971265316 0
1634574774034 0.30776315927505493 0
1634574864837 0.032824050984345376 0
1634574955605 0.07120412169024348 0
1634575046390 0.2564254030585289 0
1634575136992 0.029239162802696228 0
1634575229031 0.06366073340177536 0
1634575319623 0.1229730024933815 0
1634575410322 0.02835059491917491 0
1634575500989 0.04389968700706959 0
1634575591653 0.1283544460311532 0
1634575682333 0.04299890249967575 0
1634575772955 0.10054881125688553 0
1634575863734 0.14599086344242096 0
1634575954357 0.06882765050977468 0
1634576045006 0.10364310769364238 0
1634576137056 0.1957523711025715 0
1634576227775 0.04956167470663786 0
1634576318446 0.013302571373060346 0
1634576409072 0.06613542325794697 0
1634576499729 0.11636297777295113 0
1634576590348 0.1382678598165512 0
1634576681021 0.05864004045724869 0
1634576771709 0.16415735334157944 0
1634576862388 0.2951323837041855 0
1634576953040 0.0696321427822113 0
1634577045129 0.17065104097127914 0
1634577135870 0.054778795689344406 0
1634577226439 0.18160676956176758 0
1634577317092 0.08602666482329369 0
1634577407704 0.0757073275744915 0
1634577498330 0.0821697898209095 0
1634577589077 0.12965860590338707 0
1634577679825 0.06200931407511234 0
1634577770617 0.2406364046037197 0
1634577861239 0.042797308415174484 0
1634577953244 0.1596192792057991 0
1634578043997 0.2663030792027712 0
1634578134648 0.1559564173221588 0
1634578225386 0.003495113574899733 0
1634578316041 0.2715338468551636 0
1634578406636 0.13622386008501053 0
1634578497259 0.07608464430086315 0
1634578587847 0.10903672501444817 0
1634578678396 0.02342521637910977 0
1634578768921 0.05228770710527897 0
1634578860868 0.18585236370563507 0
1634578951524 0.19843598827719688 0
1634579042305 0.20001672953367233 0
1634579133165 0.12876661866903305 0
1634579223870 0.07173361629247665 0
1634579314579 0.04777830094099045 0
1634579405303 0.07230612263083458 0
1634579495959 0.4174783527851105 0
1634579586620 0.11618620157241821 0
1634579677215 0.25062114000320435 0
1634579769257 0.08176515810191631 0
1634579859904 0.11674411594867706 0
1634579950616 0.029043762478977442 0
1634580041330 0.16312390752136707 0
1634580132122 0.14682119525969028 0
1634580222939 0.06907134130597115 0
1634580313920 0.12770549207925797 0
1634580404956 0.1324227787554264 0
1634580495980 0.22636285424232483 0
1634580587066 0.06254479102790356 0
1634580679465 0.08177804946899414 0
1634580770389 0.06475902511738241 0
1634580861216 0.03200873639434576 0
1634580952051 0.047179521061480045 0
1634581042932 0.06909292563796043 0
1634581133777 0.12028425931930542 0
1634581224583 0.04413660988211632 0
1634581315463 0.1359124481678009 0
1634581406125 0.16954206489026546 0
1634581496810 0.27463657408952713 0
1634581588918 0.0273807509947801 0
1634581679530 0.1853326316922903 0
1634581770109 0.027131449431180954 0
1634581860821 0.22976547479629517 0
1634581953520 0.23351506143808365 0
1634582044338 0.09908125922083855 0
1634582135133 0.35030248016119003 0
1634582225875 0.04569942504167557 0
1634582316692 0.08738265931606293 0
1634582407388 0.19434329122304916 0
1634582499432 0.08722184598445892 0
1634582590138 0.06933141499757767 0
1634582680756 0.010337030049413443 0
1634582771450 0.36908096075057983 0
1634582862081 0.2319151982665062 0
1634582952736 0.09986182302236557 0
1634583043418 0.016090491320937872 0
1634583134090 0.044190517626702785 0
1634583224790 0.1252723247744143 0
1634583315474 0.15112468600273132 0
1634583407951 0.29823770374059677 0
1634583498680 0.01671064831316471 0
1634583589340 0.12278611771762371 0
1634583680072 0.07098701037466526 0
1634583770806 0.14746218919754028 0
1634583861489 0.008429992944002151 0
1634583952129 0.13517265021800995 0
1634584042755 0.0785109344869852 0
1634584133390 0.15772956423461437 0
1634584224074 0.011259377934038639 0
1634584316042 0.0820108512416482 0
1634584406712 0.062397933565080166 0
1634584497300 0.016761567909270525 0
1634584587802 0.06162461265921593 0
1634584678367 0.06200409447774291 0
1634584769006 0.01608107378706336 0
1634584859675 0.013049765257164836 0
1634584950397 0.04104270879179239 0
1634585041104 0.14575554430484772 0
1634585131741 0.14205630170181394 0
1634585223785 0.03384857997298241 0
1634585314687 0.028805208392441273 0
1634585405484 0.018841049168258905 0
1634585496300 0.11948288790881634 0
1634585587057 0.044082142412662506 0
1634585677849 0.09534721821546555 0
1634585768638 0.05472190119326115 0
1634585859317 0.0886380560696125 0
1634585949958 0.07181838154792786 0
1634586040611 0.06156274676322937 0
1634586132670 0.030881914019118994 0
1634586223362 0.06296610739082098 0
1634586314011 0.05003332160413265 0
1634586404675 0.020543046295642853 0
1634586495287 0.054178137332201004 0
1634586585942 0.08213624823838472 0
1634586676703 0.12253651395440102 0
1634586767308 0.09798225201666355 0
1634586858012 0.011291567934677005 0
1634586948737 0.056279468815773726 0
1634587040788 0.23386668786406517 0
1634587131431 0.0625679474323988 0
1634587222079 0.07604074385017157 0
1634587312727 0.03759860713034868 0
1634587403376 0.048413950542453676 0
1634587494039 0.06930677872151136 0
1634587584591 0.030449533835053444 0
1634587675104 0.20197804272174835 0
1634587765746 0.3713396266102791 0
1634587856291 0.037677411921322346 0
1634587948323 0.067532729357481 0
1634588039110 0.08794158697128296 0
1634588129927 0.05270211445167661 0
1634588220557 0.13404274359345436 0
1634588311239 0.01781704230234027 0
1634588401885 0.034934536553919315 0
1634588492469 0.03431957261636853 0
1634588583081 0.12628908455371857 0
1634588673709 0.10661693662405014 0
1634588764427 0.07669873256236315 0
1634588856504 0.03771840827539563 0
1634588947253 0.14849799126386642 0
1634589037999 0.15570997819304466 0
1634589128701 0.0381945725530386 0
1634589219414 0.14430178329348564 0
1634589310084 0.03232197556644678 0
1634589400652 0.2591792531311512 0
1634589491283 0.011360508389770985 0
1634589581941 0.12174486368894577 0
1634589672641 0.06321965344250202 0
1634589764776 0.09332408383488655 0
1634589855478 0.033596884459257126 0
1634589946056 0.024652488820720464 0
1634590036604 0.08276769798249006 0
1634590127116 0.07632669061422348 0
1634590217716 0.20285367500036955 0
1634590308335 0.022519550140714273 0
1634590398974 0.05486291600391269 0
1634590489655 0.02794808242470026 0
1634590580312 0.14094088599085808 0
1634590672496 0.053701695054769516 0
1634590763228 0.09613088518381119 0
1634590854037 0.04035057593137026 0
1634590944644 0.0685338955372572 0
1634591035155 0.14058691263198853 0
1634591125663 0.08717256411910057 0
1634591216175 0.16510504484176636 0
1634591306685 0.1341279735788703 0
1634591397180 0.16182469576597214 0
1634591487739 0.04599840193986893 0
1634591579742 0.0947162788361311 0
1634591670281 0.05555910477414727 0
1634591760804 0.00320267747156322 0
1634591851457 0.16326918452978134 0
1634591942131 0.115755345672369 0
1634592032771 0.2582917921245098 0
1634592123449 0.04612145014107227 0
1634592214144 0.057210639119148254 0
1634592304806 0.07738480344414711 0
1634592395412 0.1852625636383891 0
1634592487410 0.11574171436950564 0
1634592578084 0.09722391702234745 0
1634592668849 0.11243397742509842 0
1634592759560 0.25433288142085075 0
1634592850254 0.032356387469917536 0
1634592940909 0.13525686413049698 0
1634593031502 0.21895526349544525 0
1634593122071 0.12339626997709274 0
1634593212692 0.10231726244091988 0
1634593303324 0.09090718533843756 0
1634593395320 0.13094619853654876 0
1634593486001 0.09493650868535042 0
1634593576667 0.08475093590095639 0
1634593667434 0.07729901373386383 0
1634593758145 0.12356429919600487 0
1634593848771 0.06782734394073486 0
1634593939436 0.12511048838496208 0
1634594030126 0.009384513832628727 0
1634594120897 0.09227393195033073 0
1634594211614 0.140646792948246 0
1634594303717 0.08309378940612078 0
1634594394396 0.10180927626788616 0
1634594485134 0.10589554789476097 0
1634594575601 0.08196927793323994 0
1634594666295 0.07772921025753021 0
1634594757032 0.22291817516088486 0
1634594847744 0.030167714692652225 0
1634594938437 0.12265291064977646 0
1634595029195 0.13637805357575417 0
1634595119967 0.25797560811042786 0
1634595211969 0.1097632385790348 0
1634595302740 0.10673146694898605 0
1634595393478 0.10662047937512398 0
1634595484178 0.00824383134022355 0
1634595574860 0.03480450576171279 0
1634595665603 0.16400287114083767 0
1634595756354 0.039546865969896317 0
1634595847078 0.2939584031701088 0
1634595937749 0.1501591708511114 0
1634596028476 0.04632468335330486 0
1634596121036 0.19291264563798904 0
1634596211820 0.06124600378097966 0
1634596302589 0.1771388277411461 0
1634596393378 0.0395736638456583 0
1634596484176 0.09638220071792603 0
1634596574835 0.023717675590887666 0
1634596665442 0.09232316166162491 0
1634596756159 0.18283011764287949 0
1634596846878 0.012010054429993033 0
1634596937604 0.04161562258377671 0
1634597029774 0.047644367441534996 0
1634597120474 0.16061394568532705 0
1634597211117 0.03490226436406374 0
1634597301885 0.08809776604175568 0
1634597392617 0.24006441235542297 0
1634597483650 0.039016716997139156 0
1634597574467 0.13009552657604218 0
1634597665286 0.22012189403176308 0
1634597756174 0.11667455360293388 0
1634597846992 0.15891146659851074 0
1634597939109 0.11991407256573439 0
1634598029836 0.12969535659067333 0
1634598120460 0.15782381407916546 0
1634598211114 0.16546833515167236 0
1634598301764 0.28440669924020767 0
1634598392516 0.20537640154361725 0
1634598483170 0.19429760053753853 0
1634598573793 0.08932169526815414 0
1634598664463 0.15970446169376373 0
1634598755006 0.22523146122694016 0
1634598847112 0.05964040011167526 0
1634598937944 0.07910909131169319 0
1634599028741 0.01951573695987463 0
1634599119427 0.027303088922053576 0
1634599210186 0.024439015425741673 0
1634599300881 0.025802590418606997 0
1634599391627 0.16183426324278116 0
1634599482429 0.04442873131483793 0
1634599573271 0.3394645042717457 0
1634599664038 0.1429787129163742 0
1634599756239 0.1587304286658764 0
1634599847024 0.040438137017190456 0
1634599937765 0.04276951868087053 0
1634600028522 0.08295170962810516 0
1634600119184 0.047498357482254505 0
1634600209855 0.41396234184503555 0
1634600300476 0.05525078810751438 0
1634600391056 0.08301749639213085 0
1634600481789 0.015815371181815863 0
1634600572463 0.022719121538102627 0
1634600664620 0.02803310425952077 0
1634600755452 0.06339427130296826 0
1634600846225 0.05853119678795338 0
1634600937033 0.14399826899170876 0
1634601027671 0.17355103697627783 0
1634601118327 0.03963425103574991 0
1634601208907 0.1025001797825098 0
1634601299475 0.07416735030710697 0
1634601390263 0.10097081959247589 0
1634601480998 0.008861716371029615 0
1634601573140 0.09162855613976717 0
1634601663962 0.024024938233196735 0
1634601754794 0.018463878892362118 0
1634601845605 0.013897570315748453 0
1634601936417 0.0500528272241354 0
1634602027254 0.052335125394165516 0
1634602118033 0.04634294658899307 0
1634602208873 0.05429178010672331 0
1634602299612 0.1077684834599495 0
1634602390297 0.08828698843717575 0
1634602482415 0.1916690175421536 0
1634602573056 0.007042977726086974 0
1634602663778 0.06132178194820881 0
1634602754413 0.052902501076459885 0
1634602844908 0.048970744013786316 0
1634602935418 0.0457796297268942 0
1634603025953 0.03316272469237447 0
1634603116464 0.09146740473806858 0
1634603206942 0.12197323888540268 0
1634603297576 0.2220418956130743 0
1634603389642 0.029345188289880753 0
1634603480417 0.0469433031976223 0
1634603571188 0.3889361321926117 0
1634603661998 0.06824680790305138 0
1634603752739 0.09385114256292582 0
1634603843362 0.2921473756432533 0
1634603934068 0.16396832466125488 0
1634604024805 0.06417845748364925 0
1634604115586 0.2576444074511528 0
1634604206179 0.25600726902484894 0
1634604298307 0.10706144571304321 0
1634604389188 0.06328511796891689 0
1634604480041 0.05232086777687073 0
1634604570851 0.0463465079665184 0
1634604661696 0.035121532157063484 0
1634604752539 0.0692413467913866 0
1634604843379 0.10862566065043211 0
1634604934334 0.0395349832251668 0
1634605025311 0.042808823054656386 0
1634605116264 0.04257263243198395 0
1634605208527 0.010139292338863015 0
1634605299386 0.054035868495702744 0
1634605390070 0.040342447347939014 0
1634605480749 0.028575944248586893 0
1634605571329 0.055802322924137115 0
1634605661999 0.005653995089232922 0
1634605752672 0.09168704971671104 0
1634605843312 0.19621339440345764 0
1634605933993 0.0578205743804574 0
1634606024630 0.06141362898051739 0
1634606116717 0.20078274235129356 0
1634606207463 0.3386586755514145 0
1634606298200 0.06358000263571739 0
1634606388958 0.0700234598480165 0
1634606479672 0.1568027976900339 0
1634606570437 0.10035235807299614 0
1634606661149 0.06387080438435078 0
1634606751781 0.12511422857642174 0
1634606842388 0.07640415988862514 0
1634606932906 0.0859584454447031 0
1634607025135 0.027062054257839918 0
1634607115715 0.05680026113986969 0
1634607206343 0.10542391613125801 0
1634607296973 0.1431010141968727 0
1634607387664 0.058962179347872734 0
1634607478286 0.1841648519039154 0
1634607568858 0.24415548890829086 0
1634607659485 0.21655377000570297 0
1634607749974 0.10780560597777367 0
1634607840559 0.21299473568797112 0
1634607932635 0.2648463770747185 0
1634608023274 0.04214730393141508 0
1634608113949 0.15402120724320412 0
1634608204568 0.2570040076971054 0
1634608295258 0.07785208523273468 0
1634608385873 0.141067111864686 0
1634608476530 0.090896837413311 0
1634608567245 0.1753506138920784 0
1634608657814 0.03903960809111595 0
1634608748365 0.186307854950428 0
1634608840356 0.04524659365415573 0
1634608931008 0.025865033268928528 0
1634609021608 0.04695548117160797 0
1634609112281 0.06440699845552444 0
1634609202908 0.01124330802122131 0
1634609293606 0.013343903701752424 0
1634609384442 0.07323735160753131 0
1634609475009 0.04784967930754647 0
1634609565712 0.13792582228779793 0
1634609656409 0.03834911063313484 0
1634609748482 0.012668388662859797 0
1634609839207 0.04098993167281151 0
1634609929866 0.0398655915632844 0
1634610020597 0.10792889818549156 0
1634610111426 0.09818638116121292 0
1634610202245 0.07412845071667107 0
1634610293032 0.018770196475088596 0
1634610383858 0.012931049335747957 0
1634610474642 0.05611722730100155 0
1634610565337 0.026278535835444927 0
1634610657482 0.07956461980938911 0
1634610748229 0.12373736873269081 0
1634610838832 0.058271123096346855 0
1634610929459 0.07215547375380993 0
1634611020082 0.03928824607282877 0
1634611110672 0.20462440326809883 0
1634611201426 0.11854426562786102 0
1634611292155 0.015555406920611858 0
1634611382711 0.10010802932083607 0
1634611473448 0.05046862317249179 0
1634611565529 0.11080195009708405 0
1634611656206 0.007775136036798358 0
1634611746929 0.016292755026370287 0
1634611837588 0.0737638883292675 0
1634611928501 0.1888154298067093 0
1634612019170 0.1128871738910675 0
1634612109872 0.14583030343055725 0
1634612200524 0.18087079375982285 0
1634612291103 0.14470379799604416 0
1634612381632 0.038105059415102005 0
1634612474179 0.15388492681086063 0
1634612564668 0.048413499258458614 0
1634612655118 0.15061668306589127 0
1634612745662 0.09127333387732506 0
1634612836445 0.1048118807375431 0
1634612927038 0.15588420443236828 0
1634613017572 0.11748774349689484 0
1634613108056 0.24767331033945084 0
1634613198459 0.04767887946218252 0
1634613288962 0.1567796841263771 0
1634613380754 0.0734426062554121 0
1634613471342 0.25887230783700943 0
1634613561823 0.09808147698640823 0
1634613652255 0.2851846795529127 0
1634613742741 0.04782846383750439 0
1634613833142 0.11005545035004616 0
1634613923546 0.08173150033690035 0
1634614014004 0.1776058403775096 0
1634614104404 0.11191001534461975 0
1634614194905 0.06847391207702458 0
1634614286826 0.20980216190218925 0
1634614377431 0.13664622232317924 0
1634614467975 0.24615168944001198 0
1634614558570 0.08606303436681628 0
1634614649118 0.09488522680476308 0
1634614739649 0.28386228531599045 0
1634614830242 0.1362209916114807 0
1634614920854 0.14664667658507824 0
1634615011452 0.11156651563942432 0
1634615101943 0.021222734823822975 0
1634615193921 0.2304631620645523 0
1634615284685 0.3996761702001095 0
1634615375322 0.1560153216123581 0
1634615466069 0.2659621089696884 0
1634615556559 0.1512889228761196 0
1634615647056 0.197801161557436 0
1634615737620 0.06353651732206345 0
1634615828208 0.08866291120648384 0
1634615918879 0.02417707722634077 0
1634616009569 0.03269763104617596 0
1634616101504 0.1670907363295555 0
1634616192077 0.17491837218403816 0
1634616282664 0.11407355219125748 0
1634616373284 0.11536439321935177 0
1634616463816 0.11758805997669697 0
1634616554386 0.1472289264202118 0
1634616644850 0.059114670380949974 0
1634616735311 0.04209191305562854 0
1634616825859 0.08879981329664588 0
1634616916455 0.16311190649867058 0
1634617008302 0.013985151425004005 0
1634617098850 0.17854227870702744 0
1634617189321 0.01998506486415863 0
1634617279865 0.012666216120123863 0
1634617370375 0.12464441731572151 0
1634617460914 0.2713538797106594 0
1634617551485 0.11262200120836496 0
1634617641932 0.043322546407580376 0
1634617732455 0.06652166321873665 0
1634617822935 0.04586451570503414 0
1634617914940 0.15469371527433395 0
1634618005501 0.0953891757526435 0
1634618096086 0.051866285502910614 0
1634618186738 0.007422030670568347 0
1634618277363 0.04581163916736841 0
1634618367977 0.0021661013597622514 0
1634618458370 0.027043665759265423 0
1634618548983 0.039010731503367424 0
1634618639559 0.06163253076374531 0
1634618730218 0.0865078903734684 0
1634618822209 0.0575470975600183 0
1634618912772 0.06250208243727684 0
1634619003262 0.04524408420547843 0
1634619093822 0.03601079015061259 0
1634619184311 0.08034874871373177 0
1634619274908 0.17340192943811417 0
1634619365553 0.028730418533086777 0
1634619456213 0.10624353215098381 0
1634619546823 0.05814898759126663 0
1634619637482 0.1423095166683197 0
1634619729364 0.03599020140245557 0
1634619820026 0.059464942663908005 0
1634619910563 0.06840973510406911 0
1634620001248 0.2544742226600647 0
1634620092422 0.1479763388633728 0
