1634269528386 0 0
1634269538919 0 0
1634269548555 0 0
1634269558385 0 0
1634269568261 0 0
1634269578059 0 0
1634269587859 0 0
1634269597635 0 0
1634269607519 0 0
1634269617135 0 0
1634269626765 0 0
1634269636758 0 0
1634269646782 0 0
1634269656830 0 0
1634269666988 0 0
1634269676923 0 0
1634269686723 0 0
1634269696494 0 0
1634269706181 0 0
1634269715899 0 0
1634269725583 0 0
1634269736106 0 0
1634269745965 0 0
1634269755915 0 0
1634269765726 0 0
1634269775955 0 0
1634269785856 0 0
1634269796297 0 0
1634269806343 0 0
1634269816349 0 0
1634269826500 0 0
1634269836539 0 0
1634269846454 0 0
1634269856417 0 0
1634269866509 0 0
1634270592023 0 0
1634270601962 0 0
1634270611868 0 0
1634270621594 0 0
1634270631449 0 0
1634270641375 0 0
1634270652196 0 0
1634270662015 0 0
1634270671935 0 0
1634270681967 0 0
1634270691880 0 0
1634270702078 0 0
1634270712258 0 0
1634270724639 0 0
1634270738465 0 0
1634270752355 0 0
1634270766356 0 0
1634270780241 0 0
1634270794070 0 0
1634270807586 0 0
1634270820513 0 0
1634270830557 0 0
1634270842930 0 0
1634270856838 0 0
1634270870639 0 0
1634270884483 0 0
1634270899323 0 0
1634270913176 0 0
1634270926690 0 0
1634270940670 0 0
1634270954623 0 0
1634270968511 0 0
1634270979878 0 0
1634270991171 0 0
1634271005508 0 0
1634271017967 0 0
1634271027943 0 0
1634271037951 0 0
1634271048028 0 0
1634271059585 0 0
1634271073336 0 0
1634271087431 0 0
1634271101491 0 0
1634271115302 0 0
1634271129157 0 0
1634271143183 0 0
1634271157921 0 0
1634271171909 0 0
1634271184138 0 0
1634271193992 0 0
1634271203973 0 0
1634271213657 0 0
1634271223483 0 0
1634271233438 0 0
1634271243359 0 0
1634271253450 0 0
1634271263458 0 0
1634271273484 0 0
1634271283475 0 0
1634271293436 0 0
1634271303375 0 0
1634271313396 0 0
1634271323409 0 0
1634271333510 0 0
1634271343411 0 0
1634271353308 0 0
1634271364002 0 0
1634271374041 0 0
1634271384064 0 0
1634271394112 0 0
1634271404125 0 0
1634271414056 0 0
1634271423975 0 0
1634271433939 0 0
1634271443986 0 0
1634271453979 0 0
1634271464065 0 0
1634271473972 0 0
1634271484092 0 0
1634271496486 0 0
1634271510462 0 0
1634271524897 0 0
1634271539376 0 0
1634271553779 0 0
1634271568031 0 0
1634271582284 0 0
1634271597840 0 0
1634271612192 0 0
1634271626196 0 0
1634271636319 0 0
1634271646303 0 0
1634271656508 0 0
1634271667259 0 0
1634271677389 0 0
1634271687455 0 0
1634271697479 0 0
1634271707694 0 0
1634271718149 0 0
1634271730330 0 0
1634271744087 0 0
1634271758243 0 0
1634271772323 0 0
1634271786193 0 0
1634271800107 0 0
1634271814229 0 0
1634271827967 0 0
1634271842938 0 0
1634271857011 0 0
1634271870838 0 0
1634271884556 0 0
1634271898232 0 0
1634271912031 0 0
1634271926405 0 0
1634271940399 0 0
1634271954427 0 0
1634271968291 0 0
1634271982056 0 0
1634271996261 0 0
1634272010169 0 0
1634272020820 0 0
1634272031790 0 0
1634272045400 0 0
1634272490420 0 0
1634272500404 0 0
1634272510333 0 0
1634272520122 0 0
1634272532261 0 0
1634272542072 0 0
1634272552201 0 0
1634272562184 0 0
1634272572157 0 0
1634272582159 0 0
1634272592091 0 0
1634272601817 0 0
1634272611811 0 0
1634272621827 0 0
1634272631845 0 0
1634272641793 0 0
1634272651524 0 0
1634272661317 0 0
1634272672375 0 0
