1634269528402 0.7986600399017334 0
1634269538934 0.6525517702102661 0
1634269548555 0.24991676211357117 0
1634269558385 0.4577825665473938 0
1634269568261 0.24130964279174805 0
1634269578059 0.4192606806755066 0
1634269587859 0.35153740644454956 0
1634269597650 0.33792781829833984 0
1634269607534 0.17032591998577118 0
1634269617151 0.1907738447189331 0
1634269626765 0.29839038848876953 0
1634269636773 0.14945343136787415 0
1634269646797 0.43887704610824585 0
1634269656838 0.1839890480041504 0
1634269667004 0.43457266688346863 0
1634269676923 0.26072898507118225 0
1634269686741 0.4214082360267639 0
