1634269528386 3.513005018234253 0
1634269538934 1.682845950126648 0
1634269548555 1.6893812417984009 0
1634269558385 1.373744010925293 0
1634269568261 2.1436574459075928 0
1634269578059 1.581756353378296 0
1634269587859 1.9337141513824463 0
1634269597635 1.4667003154754639 0
1634269607519 1.066015601158142 0
1634269617135 0.9263425469398499 0
1634269626765 1.1187007427215576 0
1634269636758 1.283137321472168 0
1634269646797 1.2343640327453613 0
1634269656832 1.1247316598892212 0
1634269666988 1.224448800086975 0
1634269676923 1.1322847604751587 0
1634269686723 1.2145500183105469 0
1634269696494 0.9145565629005432 0
1634269706181 1.0035994052886963 0
1634269715899 0.8739562034606934 0
1634269725583 1.0149459838867188 0
1634269736106 0.8868827223777771 0
1634269745965 0.8542842268943787 0
1634269755915 0.982744038105011 0
1634269765726 0.8428959846496582 0
1634269775957 0.9564262628555298 0
1634269785858 0.8249142169952393 0
1634269796297 0.9214640259742737 0
1634269806343 0.9541258215904236 0
1634269816349 1.0288562774658203 0
1634269826500 0.8819261789321899 0
1634269836541 0.892986536026001 0
1634269846460 0.9081752300262451 0
1634269856419 0.7582188844680786 0
1634269866509 0.8581558465957642 0
1634270592039 0.8215628862380981 0
1634270601962 0.7834976315498352 0
1634270611870 1.0116641521453857 0
1634270621595 0.8264028429985046 0
1634270631450 0.9607025384902954 0
1634270641377 1.0846112966537476 0
1634270652198 1.142181396484375 0
1634270662017 0.7997953295707703 0
1634270671937 0.8700562715530396 0
1634270681967 0.846505343914032 0
1634270691882 0.9772486090660095 0
1634270702080 0.8599545359611511 0
1634270712259 0.9076075553894043 0
1634270724639 0.7272075414657593 0
1634270738465 0.8374260067939758 0
1634270752355 0.7915018796920776 0
1634270766371 0.8242568373680115 0
1634270780241 0.8210890889167786 0
1634270794070 0.8893411755561829 0
1634270807586 0.7620182633399963 0
1634270820514 1.2688424587249756 0
1634270830557 1.1130836009979248 0
1634270842930 0.8047918081283569 0
1634270856838 0.7513853311538696 0
1634270870654 0.8269065022468567 0
1634270884483 0.6317868232727051 0
1634270899323 0.8510149717330933 0
1634270913192 0.8495362997055054 0
1634270926690 0.8618841171264648 0
1634270940672 0.7804315686225891 0
1634270954625 0.7599779367446899 0
1634270968512 0.8136841058731079 0
1634270979880 0.8247287273406982 0
1634270991173 0.7690733075141907 0
1634271005510 0.8322448134422302 0
1634271017969 0.8853868246078491 0
1634271027945 0.7246680855751038 0
1634271037953 0.8297210335731506 0
1634271048029 1.2818087339401245 0
1634271059585 0.8736245632171631 0
1634271073337 0.711287796497345 0
1634271087433 0.8266373872756958 0
1634271101491 0.9186004996299744 0
1634271115304 0.749678909778595 0
1634271129159 0.6297532916069031 0
1634271143184 1.0687315464019775 0
1634271157923 0.8512803316116333 0
1634271171911 0.7466040849685669 0
1634271184140 0.7955727577209473 0
1634271194007 0.7920956611633301 0
1634271203973 1.0420327186584473 0
1634271213659 0.733806848526001 0
1634271223484 0.7361379861831665 0
1634271233438 0.9040863513946533 0
1634271243361 0.879057765007019 0
1634271253452 0.7079224586486816 0
1634271263459 1.0004979372024536 0
1634271273486 0.9413162469863892 0
1634271283477 0.646026074886322 0
1634271293438 0.8302667140960693 0
1634271303375 0.8308971524238586 0
1634271313398 0.7516766786575317 0
1634271323409 1.061488151550293 0
1634271333510 0.7162835597991943 0
1634271343413 0.7734228372573853 0
1634271353308 1.007622480392456 0
1634271364003 0.7911425828933716 0
1634271374043 0.6703528165817261 0
1634271384066 1.1065185070037842 0
1634271394128 0.7870749831199646 0
1634271404125 0.7642738223075867 0
1634271414056 0.7650948762893677 0
1634271423975 0.9268587231636047 0
1634271433941 0.6882874369621277 0
1634271443987 0.8277349472045898 0
1634271453979 0.7271007299423218 0
1634271464065 0.9134955406188965 0
1634271473972 1.0437262058258057 0
1634271484092 0.980542778968811 0
1634271496488 0.8029249906539917 0
1634271510462 0.7232794761657715 0
1634271524897 1.0729515552520752 0
1634271539377 0.7291933298110962 0
1634271553781 0.7169223427772522 0
1634271568032 0.7887886762619019 0
1634271582286 0.8216006755828857 0
1634271597840 0.699087917804718 0
1634271612207 0.6445322632789612 0
1634271626196 0.7669371366500854 0
1634271636321 0.7790716290473938 0
1634271646305 0.7730110883712769 0
1634271656508 0.886812686920166 0
1634271667259 0.9917369484901428 0
1634271677389 0.7288771867752075 0
1634271687455 0.6156973838806152 0
1634271697479 1.0392276048660278 0
1634271707694 0.6920368075370789 0
1634271718149 0.7758100032806396 0
1634271730332 0.8827397227287292 0
1634271744087 0.8319632411003113 0
1634271758245 1.1794650554656982 0
1634271772323 0.8149101138114929 0
1634271786195 0.8353074789047241 0
1634271800107 0.8198365569114685 0
1634271814229 0.9116607904434204 0
1634271827967 0.723050594329834 0
1634271842938 0.9751815795898438 0
1634271857011 0.8284369707107544 0
1634271870838 0.9324921369552612 0
1634271884556 0.8608753681182861 0
1634271898247 0.8785476684570312 0
1634271912031 0.7424459457397461 0
1634271926405 0.9030083417892456 0
1634271940399 0.9753555655479431 0
1634271954428 0.7151654362678528 0
1634271968291 1.128218650817871 0
1634271982056 0.7884856462478638 0
1634271996263 0.7396940588951111 0
1634272010169 0.8035186529159546 0
1634272020821 0.7742209434509277 0
1634272031790 0.7548220157623291 0
1634272045400 0.6784108877182007 0
1634272490422 0.9178967475891113 0
1634272500404 0.764873206615448 0
1634272510333 0.9490584135055542 0
1634272520124 0.6644561886787415 0
1634272532276 0.9803248643875122 0
1634272542074 0.9272787570953369 0
1634272552203 1.0088176727294922 0
1634272562184 1.166946530342102 0
1634272572172 0.7556393146514893 0
1634272582160 0.6610215306282043 0
1634272592091 0.7128580808639526 0
1634272601819 0.7259935736656189 0
1634272611813 0.7134199142456055 0
1634272621829 0.6308751106262207 0
1634272631847 0.915382981300354 0
1634272641793 0.9116407632827759 0
1634272651540 0.6443982720375061 0
1634272661319 0.8511005640029907 0
1634272672375 0.7378495335578918 0
