1642669117394 0 0
1642669126069 1 0
1642669133502 2 0
1642669140772 3 0
1642669148138 4 0
1642669155342 5 0
1642669162557 6 0
1642669169779 7 0
1642669177159 8 0
1642669184306 9 0
1642669191356 10 0
1642669198406 11 0
1642669205465 12 0
1642669212597 13 0
1642669219912 14 0
1642669227184 15 0
1642669234556 16 0
1642669241878 17 0
1642669249092 18 0
1642669256146 19 0
1642669263308 20 0
1642669271743 21 0
1642669279053 22 0
1642669286271 23 0
1642669293488 24 0
1642669300586 25 0
1642669307698 26 0
1642669314937 27 0
1642669322177 28 0
1642669329386 29 0
1642669336562 30 0
1642669343883 31 0
1642669351061 32 0
1642669358346 33 0
1642669365776 34 0
1642669373101 35 0
1642669380479 36 0
1642669387856 37 0
1642669395255 38 0
1642669402567 39 0
1642669409818 40 0
1642669418379 41 0
1642669425652 42 0
1642669432887 43 0
1642669440331 44 0
1642669447558 45 0
1642669454647 46 0
1642669461823 47 0
1642669468927 48 0
1642669476103 49 0
1642669483475 50 0
1642669490726 51 0
1642669498054 52 0
1642669505438 53 0
1642669512812 54 0
1642669520319 55 0
1642669527833 56 0
1642669535291 57 0
1642669542609 58 0
1642669550087 59 0
1642669557476 60 0
1642669566146 61 0
1642669573494 62 0
1642669580811 63 0
1642669588097 64 0
1642669595401 65 0
1642669602661 66 0
1642669609926 67 0
1642669617217 68 0
1642669624420 69 0
1642669631669 70 0
1642669638895 71 0
1642669646230 72 0
1642669653479 73 0
1642669660894 74 0
1642669668185 75 0
1642669675403 76 0
1642669682679 77 0
1642669689909 78 0
1642669697123 79 0
1642669704367 80 0
1642669712837 81 0
1642669720224 82 0
1642669727541 83 0
1642669734893 84 0
1642669742103 85 0
1642669749572 86 0
1642669756749 87 0
1642669764022 88 0
1642669771112 89 0
1642669778206 90 0
1642669785313 91 0
1642669792431 92 0
1642669799642 93 0
1642669807081 94 0
1642669815111 95 0
1642669822523 96 0
1642669829778 97 0
1642669837241 98 0
1642669844777 99 0
1642669852193 100 0
1642669861282 101 0
1642669869082 102 0
1642669876585 103 0
1642669883959 104 0
1642669891234 105 0
1642669898875 106 0
1642669906974 107 0
1642669914686 108 0
1642669921997 109 0
1642669929250 110 0
1642669936526 111 0
1642669943834 112 0
1642669951076 113 0
1642669958347 114 0
1642669965715 115 0
1642669973449 116 0
1642669981300 117 0
1642669988712 118 0
1642669996064 119 0
1642670003422 120 0
1642670011914 121 0
1642670019257 122 0
1642670026579 123 0
1642670033902 124 0
1642670041233 125 0
1642670048810 126 0
1642670056195 127 0
1642670063550 128 0
1642670070879 129 0
1642670078094 130 0
1642670085497 131 0
1642670093070 132 0
1642670100264 133 0
1642670107557 134 0
1642670114889 135 0
1642670122186 136 0
1642670129494 137 0
1642670136873 138 0
1642670144065 139 0
1642670151326 140 0
1642670160001 141 0
1642670167449 142 0
1642670174821 143 0
1642670182298 144 0
1642670189782 145 0
1642670197239 146 0
1642670204589 147 0
1642670212070 148 0
1642670219559 149 0
1642670227061 150 0
1642670234323 151 0
1642670241583 152 0
1642670248955 153 0
1642670256501 154 0
1642670264053 155 0
1642670271460 156 0
1642670278855 157 0
1642670286030 158 0
1642670293261 159 0
1642670300449 160 0
1642670308795 161 0
1642670315933 162 0
1642670323026 163 0
1642670330114 164 0
1642670337211 165 0
1642670344343 166 0
1642670351437 167 0
1642670358532 168 0
1642670365625 169 0
1642670372712 170 0
1642670379809 171 0
1642670386903 172 0
1642670393991 173 0
1642670401212 174 0
1642670408451 175 0
1642670415745 176 0
1642670422938 177 0
1642670430136 178 0
1642670437321 179 0
1642670444594 180 0
1642670453429 181 0
1642670460805 182 0
1642670468204 183 0
1642670475488 184 0
1642670482826 185 0
1642670490054 186 0
1642670497379 187 0
1642670504729 188 0
1642670512142 189 0
1642670519484 190 0
1642670526900 191 0
1642670534254 192 0
1642670541561 193 0
1642670549002 194 0
1642670556453 195 0
1642670563827 196 0
1642670571106 197 0
1642670578800 198 0
1642670586980 199 0
1642670594711 200 0
1642670603342 201 0
1642670610519 202 0
1642670617637 203 0
1642670624966 204 0
1642670632219 205 0
1642670639426 206 0
1642670646637 207 0
1642670654204 208 0
1642670661659 209 0
1642670669004 210 0
1642670676394 211 0
1642670683744 212 0
1642670691008 213 0
1642670698287 214 0
1642670705538 215 0
1642670712656 216 0
1642670719791 217 0
1642670727013 218 0
1642670734344 219 0
1642670741537 220 0
1642670749887 221 0
1642670757060 222 0
1642670764313 223 0
1642670771451 224 0
1642670778583 225 0
1642670785740 226 0
1642670793035 227 0
1642670800693 228 0
1642670808211 229 0
1642670815492 230 0
1642670822773 231 0
1642670830123 232 0
1642670837620 233 0
1642670844895 234 0
1642670852031 235 0
1642670859173 236 0
1642670866320 237 0
1642670873463 238 0
1642670880711 239 0
1642670887884 240 0
1642670896428 241 0
1642670903686 242 0
1642670910851 243 0
1642670918284 244 0
1642670925611 245 0
1642670934649 246 0
1642670946326 247 0
1642670958414 248 0
1642670970367 249 0
1642670982252 250 0
1642670992934 251 0
1642671000328 252 0
1642671008418 253 0
1642671020213 254 0
1642671031930 255 0
1642671043960 256 0
1642671055833 257 0
1642671067645 258 0
1642671079561 259 0
1642671091395 260 0
1642671104946 261 0
1642671116905 262 0
1642671128977 263 0
1642671141046 264 0
1642671153184 265 0
1642671165817 266 0
1642671177939 267 0
1642671189791 268 0
1642671202088 269 0
1642671214326 270 0
1642671226517 271 0
1642671238554 272 0
1642671250546 273 0
1642671262708 274 0
1642671274531 275 0
1642671286474 276 0
1642671298472 277 0
1642671310478 278 0
1642671322509 279 0
1642671334410 280 0
1642671344601 281 0
1642671352124 282 0
1642671359570 283 0
1642671366965 284 0
1642671374444 285 0
1642671381756 286 0
1642671389051 287 0
1642671396325 288 0
1642671403735 289 0
1642671410886 290 0
1642671418126 291 0
1642671425352 292 0
1642671432534 293 0
1642671439972 294 0
1642671447086 295 0
1642671454484 296 0
1642671461986 297 0
1642671469445 298 0
1642671476768 299 0
1642671484097 300 0
1642671492765 301 0
1642671500062 302 0
1642671507223 303 0
1642671514397 304 0
1642671521592 305 0
1642671529253 306 0
1642671541336 307 0
1642671553112 308 0
1642671565174 309 0
1642671577113 310 0
1642671588975 311 0
1642671600830 312 0
1642671612607 313 0
1642671624786 314 0
1642671636685 315 0
1642671648567 316 0
1642671660441 317 0
1642671672561 318 0
1642671684930 319 0
1642671697181 320 0
1642671711263 321 0
