1642669117412 0.9315063655376434 0
1642669126086 0.32505303621292114 0
1642669133517 0.2171681448817253 0
1642669140789 0.36385753750801086 0
1642669148155 0.2696673050522804 0
1642669155360 0.7011979818344116 0
1642669162574 0.328893318772316 0
1642669169795 0.42593327164649963 0
1642669177177 0.569761723279953 0
1642669184323 0.4766504466533661 0
1642669191374 0.3827962875366211 0
1642669198423 0.4699171781539917 0
1642669205483 0.4475370794534683 0
1642669212614 0.32880789786577225 0
1642669219930 0.46437111496925354 0
1642669227201 0.47217485308647156 0
1642669234574 0.6494249105453491 0
1642669241896 0.4123375117778778 0
1642669249109 0.5828051567077637 0
1642669256163 0.4485398828983307 0
1642669263326 0.45570045709609985 0
1642669271761 0.461206391453743 0
1642669279071 0.514907032251358 0
1642669286288 0.46672438085079193 0
1642669293505 0.5091574192047119 0
1642669300603 0.4729759097099304 0
1642669307715 0.5072300732135773 0
1642669314954 0.48671090602874756 0
1642669322194 0.5179106593132019 0
1642669329403 0.5005364269018173 0
1642669336581 0.5073749721050262 0
1642669343901 0.49430273473262787 0
1642669351079 0.5143231749534607 0
1642669358364 0.5010010600090027 0
1642669365794 0.4858390688896179 0
1642669373118 0.5016327500343323 0
1642669380497 0.49890464544296265 0
1642669387874 0.5029416978359222 0
1642669395273 0.4967704713344574 0
1642669402584 0.4927671551704407 0
1642669409836 0.5140964686870575 0
1642669418397 0.4980308562517166 0
1642669425670 0.5078941285610199 0
1642669432904 0.5019656717777252 0
1642669440348 0.5005938708782196 0
1642669447575 0.4975375086069107 0
1642669454665 0.49797020852565765 0
1642669461840 0.5031585395336151 0
1642669468944 0.5013616234064102 0
1642669476121 0.501082718372345 0
1642669483492 0.5016986727714539 0
1642669490744 0.4977937638759613 0
1642669498072 0.4985998719930649 0
1642669505456 0.508515864610672 0
1642669512830 0.4954078793525696 0
1642669520337 0.49920883774757385 0
1642669527851 0.5046470463275909 0
1642669535309 0.503411740064621 0
1642669542626 0.5005640983581543 0
1642669550104 0.4989217519760132 0
1642669557493 0.47965753078460693 0
1642669566164 0.5100449919700623 0
1642669573512 0.5017659366130829 0
1642669580829 0.5014048218727112 0
1642669588114 0.4999135881662369 0
1642669595418 0.5044405460357666 0
1642669602678 0.4996720552444458 0
1642669609943 0.5010390281677246 0
1642669617234 0.501384824514389 0
1642669624437 0.5024613738059998 0
1642669631686 0.5013608336448669 0
1642669638911 0.501071572303772 0
1642669646248 0.498823344707489 0
1642669653496 0.4993140548467636 0
1642669660912 0.49820855259895325 0
1642669668203 0.5008901953697205 0
1642669675420 0.4994802325963974 0
1642669682697 0.5000504404306412 0
1642669689926 0.4998294413089752 0
1642669697141 0.5001618266105652 0
1642669704384 0.49929866194725037 0
1642669712859 0.5003715455532074 0
1642669720241 0.5043058693408966 0
1642669727558 0.49747639894485474 0
1642669734910 0.5032598972320557 0
1642669742120 0.4991961866617203 0
1642669749589 0.4976869970560074 0
1642669756766 0.49978533387184143 0
1642669764039 0.5035304129123688 0
1642669771130 0.5003439038991928 0
1642669778223 0.7272304892539978 0
1642669785331 0.5809412598609924 0
1642669792448 0.49981948733329773 0
1642669799660 0.5017788112163544 0
1642669807104 0.5015231966972351 0
1642669815128 0.5034486055374146 0
1642669822540 0.5067573487758636 0
1642669829796 0.5032841861248016 0
1642669837261 0.49815550446510315 0
1642669844795 0.5018329918384552 0
1642669852211 0.49961262941360474 0
1642669861300 0.4993223547935486 0
1642669869101 0.5004797279834747 0
1642669876602 0.4984658509492874 0
1642669883977 0.5004860460758209 0
1642669891252 0.4998703896999359 0
1642669898895 0.5001378804445267 0
1642669906993 0.47631269693374634 0
1642669914703 0.4948355257511139 0
1642669922016 0.5008794367313385 0
1642669929267 0.4972381591796875 0
1642669936543 0.4984922707080841 0
1642669943851 0.49794408679008484 0
1642669951093 0.49818190932273865 0
1642669958364 0.48882956802845 0
1642669965732 0.5007750391960144 0
1642669973468 0.5004371255636215 0
1642669981317 0.502981573343277 0
1642669988729 0.5021263062953949 0
1642669996082 0.49971407651901245 0
1642670003439 0.4838578552007675 0
1642670011931 0.5011021196842194 0
1642670019275 0.4616924822330475 0
1642670026596 0.4983082115650177 0
1642670033919 0.500913679599762 0
1642670041251 0.5125456154346466 0
1642670048828 0.5002325177192688 0
1642670056212 0.5119637548923492 0
1642670063568 0.5023630857467651 0
1642670070897 0.49899595975875854 0
1642670078112 0.4991920441389084 0
1642670085515 0.50008225440979 0
1642670093087 0.49270743131637573 0
1642670100281 0.49863216280937195 0
1642670107574 0.5011314153671265 0
1642670114906 0.499953031539917 0
1642670122204 0.49974480271339417 0
1642670129510 0.5013032853603363 0
1642670136891 0.49961547553539276 0
1642670144083 0.5027646720409393 0
1642670151344 0.5001609623432159 0
1642670160011 0.7018935680389404 0
1642670167467 0.5007333010435104 0
1642670174838 0.49935677647590637 0
1642670182315 0.49958494305610657 0
1642670189798 0.5005391836166382 0
1642670197256 0.5000544190406799 0
1642670204607 0.5000150501728058 0
1642670212088 0.5004659593105316 0
1642670219577 0.49937906861305237 0
1642670227079 0.49930402636528015 0
1642670234339 0.49932149052619934 0
1642670241601 0.49695155024528503 0
1642670248972 0.5011827647686005 0
1642670256519 0.5056449770927429 0
1642670264071 0.5009177625179291 0
1642670271477 0.5008055865764618 0
1642670278871 0.49909859895706177 0
1642670286047 0.504702091217041 0
1642670293278 0.4999941289424896 0
1642670300466 0.5131348669528961 0
1642670308812 0.49238093197345734 0
1642670315950 0.49661824107170105 0
1642670323043 0.502006858587265 0
1642670330136 0.49541133642196655 0
1642670337228 0.4991025924682617 0
1642670344359 0.5004872530698776 0
1642670351454 0.4999023824930191 0
1642670358549 0.5012523829936981 0
1642670365642 0.5007475018501282 0
1642670372730 0.49926161766052246 0
1642670379827 0.4980107396841049 0
1642670386920 0.4999576807022095 0
1642670394009 0.5002999603748322 0
1642670401230 0.5014036595821381 0
1642670408469 0.4988606423139572 0
1642670415762 0.49919751286506653 0
1642670422956 0.4999029189348221 0
1642670430154 0.49834251403808594 0
1642670437338 0.4995022714138031 0
1642670444612 0.4982319623231888 0
1642670453448 0.5022465884685516 0
1642670460822 0.504556268453598 0
1642670468221 0.5034821629524231 0
1642670475506 0.5015202164649963 0
1642670482843 0.5008807182312012 0
1642670490071 0.5004806816577911 0
1642670497397 0.501283198595047 0
1642670504746 0.6733162999153137 0
1642670512160 0.5016306638717651 0
1642670519502 0.49906083941459656 0
1642670526919 0.5003289729356766 0
1642670534271 0.5005625486373901 0
1642670541579 0.49944138526916504 0
1642670549020 0.5001852661371231 0
1642670556471 0.5024998784065247 0
1642670563844 0.5014147460460663 0
1642670571124 0.5013602077960968 0
1642670578818 0.49810484051704407 0
1642670586998 0.499462366104126 0
1642670594728 0.5000176876783371 0
1642670603359 0.505994588136673 0
1642670610536 0.5048218667507172 0
1642670617654 0.498300701379776 0
1642670624983 0.49839845299720764 0
1642670632236 0.4992038309574127 0
1642670639443 0.4983394742012024 0
1642670646654 0.5010260045528412 0
1642670654223 0.5046983510255814 0
1642670661677 0.5018710196018219 0
1642670669021 0.5046200156211853 0
1642670676411 0.498832106590271 0
1642670683762 0.49869024753570557 0
1642670691026 0.5011196881532669 0
1642670698304 0.49965935945510864 0
1642670705555 0.5009060949087143 0
1642670712673 0.5006379634141922 0
1642670719808 0.5008781552314758 0
1642670727030 0.5036815702915192 0
1642670734362 0.49976640939712524 0
1642670741554 0.5010970830917358 0
1642670749904 0.500034749507904 0
1642670757077 0.500496432185173 0
1642670764331 0.4972951412200928 0
1642670771468 0.49516336619853973 0
1642670778600 0.4982917308807373 0
1642670785758 0.5055020153522491 0
1642670793053 0.48890674114227295 0
1642670800712 0.5066677629947662 0
1642670808228 0.5036667585372925 0
1642670815510 0.5009667575359344 0
1642670822793 0.5006759166717529 0
1642670830140 0.49818146228790283 0
1642670837636 0.49793437123298645 0
1642670844912 0.49944189190864563 0
1642670852049 0.4998318552970886 0
1642670859190 0.5007737576961517 0
1642670866337 0.5038089156150818 0
1642670873480 0.4980088323354721 0
1642670880729 0.5016573071479797 0
1642670887901 0.5007408261299133 0
1642670896446 0.501153826713562 0
1642670903703 0.4982943534851074 0
1642670910867 0.5035286247730255 0
1642670918301 0.5077929496765137 0
1642670925630 0.5059112310409546 0
1642670934669 0.49937500059604645 0
1642670946350 0.49918824434280396 0
1642670958437 0.5026504397392273 0
1642670970392 0.501037061214447 0
1642670982277 0.4995039999485016 0
1642670992952 0.6174166202545166 0
1642671000345 0.5701028257608414 0
1642671008437 0.501700758934021 0
1642671020240 0.4965498000383377 0
1642671031950 0.488077312707901 0
1642671043981 0.5431292504072189 0
1642671055854 0.5554688572883606 0
1642671067672 0.496132954955101 0
1642671079583 0.5131730139255524 0
1642671091417 0.34343209117650986 0
1642671104976 0.6036965250968933 0
1642671116927 0.4483414739370346 0
1642671129001 0.5037373006343842 0
1642671141072 0.49799709022045135 0
1642671153206 0.42543908953666687 0
1642671165849 0.5236055552959442 0
1642671177969 0.5030937194824219 0
1642671189815 0.4812857061624527 0
1642671202116 0.35695265233516693 0
1642671214349 0.4756077229976654 0
1642671226538 0.5528061389923096 0
1642671238578 0.44554299116134644 0
1642671250568 0.45216846466064453 0
1642671262736 0.5791968107223511 0
1642671274553 0.544725239276886 0
1642671286500 0.28193410485982895 0
1642671298495 0.2572422828525305 0
1642671310501 0.2525177695788443 0
1642671322531 0.2524684916716069 0
1642671334434 0.2514770594134461 0
1642671344623 0.25021914979151916 0
1642671352142 0.24916502473934088 0
1642671359587 0.2517627483866818 0
1642671366983 0.2517251881727134 0
1642671374461 0.25022840555902803 0
1642671381774 0.24838177454512333 0
1642671389069 0.24916921917611035 0
1642671396343 0.24874282036034856 0
1642671403752 0.2490327002160484 0
1642671410904 0.25000682776226313 0
1642671418144 0.24974283200936043 0
1642671425370 0.25016373209291487 0
1642671432552 0.25005184195106267 0
1642671439989 0.2499888354104769 0
1642671447103 0.2510205365560978 0
1642671454509 0.25020859569849563 0
1642671462004 0.2504701008201664 0
1642671469462 0.24956263672902423 0
1642671476785 0.24515581173545797 0
1642671484114 0.2479954349091713 0
1642671492783 0.24904913783575466 0
1642671500080 0.24945859915987967 0
1642671507241 0.251551405295686 0
1642671514415 0.24983467723086505 0
1642671521609 0.25034018089536403 0
1642671529272 0.5144627690315247 0
1642671541358 0.5621033906936646 0
1642671553139 0.47138991951942444 0
1642671565198 0.53727126121521 0
1642671577139 0.5116434693336487 0
1642671588999 0.4730578362941742 0
1642671600854 0.4480992257595062 0
1642671612629 0.5791614949703217 0
1642671624812 0.46684062480926514 0
1642671636708 0.5020770728588104 0
1642671648588 0.5232037305831909 0
1642671660469 0.46454134583473206 0
1642671672585 0.526152491569519 0
1642671684955 0.46876636147499084 0
1642671697205 0.49398215115070343 0
1642671711293 0.4171711504459381 0
