1642669117407 0.08709994703531265 0
1642669126082 0.07395722717046738 0
1642669133513 0.09214089810848236 0
1642669140785 0.07921745628118515 0
1642669148151 0.0859469398856163 0
1642669155356 0.07862012088298798 0
1642669162570 0.07204504311084747 0
1642669169791 0.07442885637283325 0
1642669177173 0.06590565294027328 0
1642669184319 0.07897952944040298 0
1642669191369 0.06280211359262466 0
1642669198419 0.06191682815551758 0
1642669205478 0.03972572460770607 0
1642669212610 0.06323376297950745 0
1642669219926 0.04417221620678902 0
1642669227197 0.0447838269174099 0
1642669234570 0.04291955754160881 0
1642669241892 0.06785943359136581 0
1642669249105 0.04331236705183983 0
1642669256159 0.03269771486520767 0
1642669263321 0.03361780568957329 0
1642669271756 0.03568228706717491 0
1642669279067 0.028496021404862404 0
1642669286284 0.03222694993019104 0
1642669293501 0.023860832676291466 0
1642669300599 0.029102900996804237 0
1642669307711 0.0342208556830883 0
1642669314950 0.023996597155928612 0
1642669322190 0.03362800180912018 0
1642669329399 0.04646040499210358 0
1642669336577 0.03762727975845337 0
1642669343897 0.013315058313310146 0
1642669351075 0.01544223167002201 0
1642669358360 0.01627981662750244 0
1642669365789 0.01745554618537426 0
1642669373114 0.026277650147676468 0
1642669380493 0.015980539843440056 0
1642669387870 0.023937681689858437 0
1642669395269 0.021046899259090424 0
1642669402580 0.02819390408694744 0
1642669409832 0.024876806885004044 0
1642669418392 0.029981672763824463 0
1642669425666 0.023764504119753838 0
1642669432900 0.012064660899341106 0
1642669440344 0.02197834476828575 0
1642669447571 0.02978459931910038 0
1642669454660 0.020731640979647636 0
1642669461836 0.034437377005815506 0
1642669468940 0.012512149289250374 0
1642669476116 0.012715292163193226 0
1642669483488 0.020360490307211876 0
1642669490740 0.04906696826219559 0
1642669498068 0.034426648169755936 0
1642669505452 0.036561112850904465 0
1642669512826 0.015108189545571804 0
1642669520333 0.02015206590294838 0
1642669527846 0.03653889149427414 0
1642669535305 0.014255269430577755 0
1642669542622 0.031787674874067307 0
1642669550100 0.02170618437230587 0
1642669557489 0.02588784694671631 0
1642669566159 0.0130550442263484 0
1642669573508 0.015982840210199356 0
1642669580824 0.017489811405539513 0
1642669588110 0.013686873018741608 0
1642669595414 0.011437298730015755 0
1642669602674 0.02577013336122036 0
1642669609939 0.02211303636431694 0
1642669617230 0.023339061066508293 0
1642669624433 0.012885220348834991 0
1642669631682 0.020421452820301056 0
1642669638907 0.018725169822573662 0
1642669646243 0.042855534702539444 0
1642669653492 0.02173801325261593 0
1642669660908 0.03066188469529152 0
1642669668198 0.013195231556892395 0
1642669675416 0.021112151443958282 0
1642669682692 0.02368013560771942 0
1642669689922 0.014214212074875832 0
1642669697137 0.013325214385986328 0
1642669704380 0.010070040822029114 0
1642669712852 0.026797905564308167 0
1642669720237 0.03222012519836426 0
1642669727554 0.020457711070775986 0
1642669734906 0.024803152307868004 0
1642669742116 0.020332656800746918 0
1642669749585 0.035232774913311005 0
1642669756762 0.020667310804128647 0
1642669764035 0.02359396032989025 0
1642669771125 0.02025781199336052 0
1642669778219 0.04807649180293083 0
1642669785326 0.0426093228161335 0
1642669792444 0.016495032235980034 0
1642669799656 0.0199637021869421 0
1642669807098 0.035304464399814606 0
1642669815123 0.02433977834880352 0
1642669822536 0.04848196730017662 0
1642669829791 0.015343002043664455 0
1642669837256 0.011601151898503304 0
1642669844791 0.018503015860915184 0
1642669852207 0.013607283122837543 0
1642669861296 0.06669794023036957 0
1642669869096 0.048204455524683 0
1642669876598 0.03214588761329651 0
1642669883972 0.015229307115077972 0
1642669891247 0.014758859761059284 0
1642669898890 0.03212030977010727 0
1642669906988 0.023109955713152885 0
1642669914699 0.019217301160097122 0
1642669922011 0.028869567438960075 0
1642669929263 0.026844501495361328 0
1642669936539 0.02216540277004242 0
1642669943847 0.021157147362828255 0
1642669951089 0.012939879670739174 0
1642669958360 0.019665470346808434 0
1642669965728 0.03001031093299389 0
1642669973463 0.018213344737887383 0
1642669981313 0.018284043297171593 0
1642669988725 0.013358733616769314 0
1642669996078 0.02172546088695526 0
1642670003435 0.01346518099308014 0
1642670011927 0.02013423480093479 0
1642670019271 0.02261923812329769 0
1642670026592 0.02833143249154091 0
1642670033915 0.035839784890413284 0
1642670041247 0.035020843148231506 0
1642670048824 0.012474744580686092 0
1642670056208 0.01667015068233013 0
1642670063563 0.021676575765013695 0
1642670070892 0.00981361884623766 0
1642670078108 0.0248262956738472 0
1642670085511 0.009962063282728195 0
1642670093083 0.022139625623822212 0
1642670100277 0.012184618040919304 0
1642670107570 0.03560454025864601 0
1642670114902 0.014976182952523232 0
1642670122199 0.012480170466005802 0
1642670129510 0.028898922726511955 0
1642670136886 0.01698937453329563 0
1642670144079 0.03319517895579338 0
1642670151340 0.023874646052718163 0
1642670160011 0.03106045536696911 0
1642670167463 0.017419440671801567 0
1642670174834 0.025785937905311584 0
1642670182311 0.015190108679234982 0
1642670189795 0.017672618851065636 0
1642670197252 0.01020228210836649 0
1642670204602 0.027789875864982605 0
1642670212083 0.017327668145298958 0
1642670219573 0.01730033941566944 0
1642670227074 0.024866459891200066 0
1642670234335 0.04792945086956024 0
1642670241596 0.015122003853321075 0
1642670248968 0.023809926584362984 0
1642670256514 0.024080239236354828 0
1642670264066 0.03006344847381115 0
1642670271473 0.0612080954015255 0
1642670278871 0.04832465946674347 0
1642670286043 0.01895732805132866 0
1642670293274 0.02015482634305954 0
1642670300462 0.013219003565609455 0
1642670308808 0.012783857062458992 0
1642670315946 0.013905559666454792 0
1642670323039 0.012169083580374718 0
1642670330136 0.028957311064004898 0
1642670337224 0.036573413759469986 0
1642670344356 0.01496197935193777 0
1642670351450 0.012922937981784344 0
1642670358545 0.014733579941093922 0
1642670365638 0.03188137337565422 0
1642670372726 0.01177577767521143 0
1642670379822 0.012811188586056232 0
1642670386916 0.0153252137824893 0
1642670394004 0.023498112335801125 0
1642670401226 0.03383199870586395 0
1642670408464 0.04329570755362511 0
1642670415758 0.013047011569142342 0
1642670422952 0.008207825012505054 0
1642670430149 0.023519080132246017 0
1642670437334 0.01758996956050396 0
1642670444608 0.022652337327599525 0
1642670453443 0.009027348831295967 0
1642670460818 0.02691732905805111 0
1642670468217 0.010909585282206535 0
1642670475502 0.013550795614719391 0
1642670482839 0.020663674920797348 0
1642670490067 0.06041858345270157 0
1642670497392 0.01798473857343197 0
1642670504742 0.02110016904771328 0
1642670512156 0.02633376233279705 0
1642670519498 0.06227901577949524 0
1642670526914 0.025792211294174194 0
1642670534267 0.011287945322692394 0
1642670541575 0.02179616317152977 0
1642670549015 0.009040170349180698 0
1642670556466 0.029934173449873924 0
1642670563840 0.061856117099523544 0
1642670571120 0.027383742853999138 0
1642670578814 0.021109705790877342 0
1642670586994 0.01836419850587845 0
1642670594724 0.017861315980553627 0
1642670603356 0.029939625412225723 0
1642670610532 0.02243531495332718 0
1642670617650 0.013902934268116951 0
1642670624979 0.02289772592484951 0
1642670632232 0.02291390486061573 0
1642670639439 0.02421444281935692 0
1642670646650 0.027780434116721153 0
1642670654218 0.03028668835759163 0
1642670661673 0.05108817294239998 0
1642670669017 0.014550496824085712 0
1642670676407 0.034174613654613495 0
1642670683757 0.024852443486452103 0
1642670691022 0.030397256836295128 0
1642670698300 0.017159173265099525 0
1642670705551 0.02481023035943508 0
1642670712669 0.04112546890974045 0
1642670719804 0.02803509496152401 0
1642670727026 0.018310194835066795 0
1642670734358 0.04972788318991661 0
1642670741550 0.030431820079684258 0
1642670749900 0.02768041007220745 0
1642670757073 0.0148064149543643 0
1642670764327 0.018868934363126755 0
1642670771464 0.040012843906879425 0
1642670778596 0.03183934465050697 0
1642670785753 0.008822835050523281 0
1642670793049 0.018007870763540268 0
1642670800707 0.029017848894000053 0
1642670808224 0.04037104919552803 0
1642670815505 0.02127474918961525 0
1642670822787 0.022187387570738792 0
1642670830136 0.011283456347882748 0
1642670837633 0.014865281991660595 0
1642670844909 0.023885680362582207 0
1642670852045 0.011781377717852592 0
1642670859186 0.01090850867331028 0
1642670866333 0.022350667044520378 0
1642670873476 0.0501214936375618 0
1642670880724 0.023058274760842323 0
1642670887897 0.018667122349143028 0
1642670896441 0.014457411132752895 0
1642670903699 0.022027166560292244 0
1642670910863 0.01643095724284649 0
1642670918297 0.01764538697898388 0
1642670925626 0.027997998520731926 0
1642670934664 0.010313491337001324 0
1642670946343 0.014939590357244015 0
1642670958431 0.009626894257962704 0
1642670970386 0.018477793782949448 0
1642670982271 0.02030094526708126 0
1642670992947 0.03839310631155968 0
1642671000341 0.028772009536623955 0
1642671008432 0.040418367832899094 0
1642671020233 0.05405887961387634 0
1642671031940 0.0272790789604187 0
1642671043976 0.02163531444966793 0
1642671055849 0.04086541756987572 0
1642671067665 0.027537081390619278 0
1642671079577 0.020114131271839142 0
1642671091411 0.019835298880934715 0
1642671104968 0.03567272797226906 0
1642671116921 0.0400991253554821 0
1642671128996 0.03483325615525246 0
1642671141065 0.018836772069334984 0
1642671153201 0.02506023645401001 0
1642671165841 0.024998601526021957 0
1642671177961 0.02777639403939247 0
1642671189809 0.029803339391946793 0
1642671202108 0.02758578397333622 0
1642671214344 0.029375284910202026 0
1642671226533 0.030692700296640396 0
1642671238572 0.028072211891412735 0
1642671250563 0.03228585422039032 0
1642671262729 0.03660343214869499 0
1642671274547 0.033853478729724884 0
1642671286493 0.028987398371100426 0
1642671298489 0.034942783415317535 0
1642671310496 0.03196011483669281 0
1642671322525 0.02443764917552471 0
1642671334428 0.034975070506334305 0
1642671344619 0.029479434713721275 0
1642671352137 0.023041799664497375 0
1642671359583 0.02957933209836483 0
1642671366979 0.023595482110977173 0
1642671374457 0.023741457611322403 0
1642671381769 0.020641295239329338 0
1642671389065 0.028608912602066994 0
1642671396339 0.030677849426865578 0
1642671403748 0.02575157955288887 0
1642671410899 0.026722440496087074 0
1642671418140 0.0305713452398777 0
1642671425365 0.014317817986011505 0
1642671432547 0.018624119460582733 0
1642671439985 0.023535093292593956 0
1642671447099 0.03613683581352234 0
1642671454505 0.04790719971060753 0
1642671462000 0.016771217808127403 0
1642671469458 0.011475435458123684 0
1642671476781 0.023632418364286423 0
1642671484110 0.0372263640165329 0
1642671492778 0.011413561180233955 0
1642671500076 0.020788801833987236 0
1642671507237 0.018192684277892113 0
1642671514410 0.023433763533830643 0
1642671521605 0.0249737910926342 0
1642671529267 0.03136884421110153 0
1642671541353 0.047788750380277634 0
1642671553132 0.03404112160205841 0
1642671565191 0.02847870998084545 0
1642671577132 0.026182372123003006 0
1642671588992 0.036749910563230515 0
1642671600848 0.035411424934864044 0
1642671612624 0.03000146523118019 0
1642671624804 0.04074110463261604 0
1642671636701 0.02719440497457981 0
1642671648583 0.042632076889276505 0
1642671660463 0.023484649136662483 0
1642671672578 0.06701990962028503 0
1642671684948 0.0331164225935936 0
1642671697199 0.024878399446606636 0
1642671711286 0.028733912855386734 0
