1642669117405 0.15945278853178024 0
1642669126080 0.16012416779994965 0
1642669133512 0.17301609367132187 0
1642669140783 0.15401598066091537 0
1642669148149 0.16666138172149658 0
1642669155354 0.1637910082936287 0
1642669162568 0.16249842196702957 0
1642669169789 0.14631205052137375 0
1642669177170 0.14584895223379135 0
1642669184317 0.15410390496253967 0
1642669191367 0.13137761503458023 0
1642669198417 0.13551634550094604 0
1642669205476 0.08505120500922203 0
1642669212608 0.10645047947764397 0
1642669219923 0.08878692984580994 0
1642669227195 0.06605847738683224 0
1642669234567 0.07599017769098282 0
1642669241890 0.11886556819081306 0
1642669249103 0.08389923349022865 0
1642669256157 0.0658198706805706 0
1642669263319 0.05826234444975853 0
1642669271754 0.06069985218346119 0
1642669279064 0.054754436016082764 0
1642669286282 0.06551795080304146 0
1642669293499 0.03832544106990099 0
1642669300597 0.049268150702118874 0
1642669307709 0.05029609985649586 0
1642669314948 0.05323103629052639 0
1642669322188 0.0551768746227026 0
1642669329397 0.06401566602289677 0
1642669336575 0.05943183973431587 0
1642669343894 0.027722684666514397 0
1642669351073 0.03704281710088253 0
1642669358357 0.029243565164506435 0
1642669365787 0.05720308981835842 0
1642669373112 0.04177802614867687 0
1642669380490 0.03782990947365761 0
1642669387868 0.04370974935591221 0
1642669395267 0.034216959960758686 0
1642669402578 0.04510858282446861 0
1642669409830 0.07802074402570724 0
1642669418390 0.04628257639706135 0
1642669425663 0.07683323137462139 0
1642669432898 0.04092293884605169 0
1642669440341 0.02979208156466484 0
1642669447569 0.05499500408768654 0
1642669454658 0.04544642008841038 0
1642669461834 0.04231315013021231 0
1642669468938 0.022499526850879192 0
1642669476114 0.026493719778954983 0
1642669483486 0.036235835403203964 0
1642669490738 0.07813425548374653 0
1642669498066 0.05018903687596321 0
1642669505450 0.06177634000778198 0
1642669512824 0.037433127872645855 0
1642669520331 0.03356526140123606 0
1642669527844 0.056420208886265755 0
1642669535302 0.03083162847906351 0
1642669542620 0.055752914398908615 0
1642669550098 0.039807600900530815 0
1642669557487 0.04671869985759258 0
1642669566157 0.03625043015927076 0
1642669573505 0.06940409541130066 0
1642669580822 0.04253714717924595 0
1642669588108 0.031055791303515434 0
1642669595412 0.026349185965955257 0
1642669602672 0.03400646708905697 0
1642669609937 0.044002680107951164 0
1642669617228 0.04789292998611927 0
1642669624431 0.034560224041342735 0
1642669631680 0.039512237533926964 0
1642669638906 0.0318601056933403 0
1642669646241 0.06679817661643028 0
1642669653490 0.043479571118950844 0
1642669660906 0.0808682069182396 0
1642669668196 0.03496437333524227 0
1642669675414 0.047734471037983894 0
1642669682690 0.04231364466249943 0
1642669689920 0.025760307908058167 0
1642669697134 0.03517620265483856 0
1642669704378 0.0349284540861845 0
1642669712850 0.06406981870532036 0
1642669720235 0.05865900218486786 0
1642669727552 0.04481939971446991 0
1642669734904 0.06236477755010128 0
1642669742114 0.031036133877933025 0
1642669749583 0.06219382397830486 0
1642669756760 0.03778246231377125 0
1642669764033 0.054591165855526924 0
1642669771123 0.039472924545407295 0
1642669778217 0.08096813037991524 0
1642669785324 0.06892227567732334 0
1642669792442 0.031160173937678337 0
1642669799654 0.041358714923262596 0
1642669807094 0.0632858257740736 0
1642669815121 0.08232101239264011 0
1642669822534 0.0758673194795847 0
1642669829789 0.030319543555378914 0
1642669837254 0.02125203236937523 0
1642669844789 0.036257319152355194 0
1642669852205 0.03504213597625494 0
1642669861293 0.07231804821640253 0
1642669869094 0.06118742935359478 0
1642669876596 0.06981170177459717 0
1642669883970 0.029251824133098125 0
1642669891245 0.026680937968194485 0
1642669898888 0.05487981624901295 0
1642669906986 0.045617759227752686 0
1642669914697 0.07633962109684944 0
1642669922009 0.058632491156458855 0
1642669929261 0.042899295687675476 0
1642669936537 0.042589349672198296 0
1642669943845 0.030918472446501255 0
1642669951087 0.028141994029283524 0
1642669958358 0.06800996325910091 0
1642669965726 0.035039748065173626 0
1642669973461 0.032217429019510746 0
1642669981311 0.037295058369636536 0
1642669988723 0.030157734639942646 0
1642669996076 0.034937295131385326 0
1642670003433 0.0350157767534256 0
1642670011925 0.027397402096539736 0
1642670019268 0.03531116247177124 0
1642670026590 0.03854956664144993 0
1642670033913 0.04566312488168478 0
1642670041244 0.04592339042574167 0
1642670048822 0.02722229715436697 0
1642670056206 0.02406687568873167 0
1642670063561 0.031707302667200565 0
1642670070890 0.025049977004528046 0
1642670078106 0.06139306351542473 0
1642670085509 0.022859602235257626 0
1642670093081 0.04744481295347214 0
1642670100275 0.029498834162950516 0
1642670107568 0.05780716985464096 0
1642670114900 0.02602450642734766 0
1642670122197 0.031963796354830265 0
1642670129494 0.0340467537753284 0
1642670136884 0.05233374796807766 0
1642670144076 0.05057557113468647 0
1642670151338 0.04537642560899258 0
1642670160011 0.05181020125746727 0
1642670167461 0.04036022536456585 0
1642670174832 0.05518410541117191 0
1642670182309 0.027053718455135822 0
1642670189793 0.03535149060189724 0
1642670197250 0.032191294245421886 0
1642670204600 0.03697152715176344 0
1642670212081 0.032983457669615746 0
1642670219570 0.02832871489226818 0
1642670227072 0.03962990455329418 0
1642670234333 0.06463761441409588 0
1642670241594 0.05812655761837959 0
1642670248966 0.030721704475581646 0
1642670256512 0.03681063838303089 0
1642670264064 0.033942336682230234 0
1642670271471 0.07476809248328209 0
1642670278855 0.06725957803428173 0
1642670286041 0.02892468962818384 0
1642670293272 0.044865312054753304 0
1642670300460 0.034047323279082775 0
1642670308806 0.03787032514810562 0
1642670315944 0.029174121096730232 0
1642670323037 0.020296147093176842 0
1642670330129 0.0522430744022131 0
1642670337222 0.060443999245762825 0
1642670344354 0.033656043000519276 0
1642670351448 0.02301543764770031 0
1642670358543 0.030248329043388367 0
1642670365636 0.04738370981067419 0
1642670372724 0.06877765525132418 0
1642670379820 0.03952705767005682 0
1642670386914 0.03168174531310797 0
1642670394002 0.04635979048907757 0
1642670401224 0.03937192261219025 0
1642670408462 0.05117933265864849 0
1642670415756 0.06471533887088299 0
1642670422950 0.019119951874017715 0
1642670430147 0.04007451795041561 0
1642670437332 0.028788319788873196 0
1642670444605 0.02852163789793849 0
1642670453440 0.027165953069925308 0
1642670460816 0.045857544988393784 0
1642670468214 0.028757985681295395 0
1642670475500 0.02881577517837286 0
1642670482837 0.02420999645255506 0
1642670490065 0.07331474404782057 0
1642670497390 0.0459744893014431 0
1642670504740 0.03572728484869003 0
1642670512153 0.043793048709630966 0
1642670519495 0.11827588826417923 0
1642670526912 0.039583275094628334 0
1642670534265 0.04006680566817522 0
1642670541573 0.04330939240753651 0
1642670549013 0.022570856846868992 0
1642670556464 0.03636873699724674 0
1642670563838 0.0761659499257803 0
1642670571117 0.06231829710304737 0
1642670578812 0.0316260838881135 0
1642670586991 0.02477858169004321 0
1642670594722 0.023975329473614693 0
1642670603353 0.048800162971019745 0
1642670610530 0.046105021610856056 0
1642670617648 0.02900327928364277 0
1642670624977 0.03536873310804367 0
1642670632230 0.03763946611434221 0
1642670639437 0.03436363022774458 0
1642670646648 0.038056242279708385 0
1642670654215 0.03661328786984086 0
1642670661670 0.06498562823981047 0
1642670669015 0.025470406748354435 0
1642670676405 0.048009428195655346 0
1642670683755 0.050520606338977814 0
1642670691019 0.04752689227461815 0
1642670698298 0.02592469658702612 0
1642670705549 0.03721451014280319 0
1642670712667 0.06662654131650925 0
1642670719801 0.040067014284431934 0
1642670727024 0.03857918828725815 0
1642670734355 0.0704653263092041 0
1642670741548 0.037494119722396135 0
1642670749898 0.050457388162612915 0
1642670757071 0.034023809246718884 0
1642670764325 0.022305452032014728 0
1642670771462 0.05034297425299883 0
1642670778594 0.05683011747896671 0
1642670785751 0.016634460538625717 0
1642670793047 0.037282805889844894 0
1642670800705 0.045241158455610275 0
1642670808222 0.06022599712014198 0
1642670815503 0.04080193303525448 0
1642670822785 0.036432634107768536 0
1642670830134 0.030465601943433285 0
1642670837631 0.035022580064833164 0
1642670844906 0.046088334172964096 0
1642670852042 0.025716752745211124 0
1642670859184 0.026059811003506184 0
1642670866331 0.04067806340754032 0
1642670873473 0.07188276015222073 0
1642670880722 0.045305779203772545 0
1642670887895 0.025514548178762197 0
1642670896439 0.07310527097433805 0
1642670903697 0.039375605061650276 0
1642670910861 0.03332102485001087 0
1642670918295 0.035073718056082726 0
1642670925623 0.06629195250570774 0
1642670934661 0.04483261238783598 0
1642670946340 0.023204890079796314 0
1642670958429 0.02510949596762657 0
1642670970382 0.03647935576736927 0
1642670982268 0.04053587652742863 0
1642670992945 0.060397274792194366 0
1642671000339 0.03991290461272001 0
1642671008430 0.06546352989971638 0
1642671020230 0.06504043936729431 0
1642671031940 0.05331763066351414 0
1642671043973 0.03214142005890608 0
1642671055846 0.057445015758275986 0
1642671067662 0.04613584466278553 0
1642671079575 0.045468322932720184 0
1642671091409 0.02271937672048807 0
1642671104964 0.046620591543614864 0
1642671116918 0.05276493355631828 0
1642671128993 0.054464276880025864 0
1642671141062 0.03155829571187496 0
1642671153198 0.03608535137027502 0
1642671165837 0.03909774497151375 0
1642671177958 0.03880404494702816 0
1642671189806 0.041209558956325054 0
1642671202105 0.05501205660402775 0
1642671214341 0.043285186402499676 0
1642671226530 0.049461595714092255 0
1642671238569 0.038956970907747746 0
1642671250560 0.05548384413123131 0
1642671262725 0.04744143318384886 0
1642671274545 0.05307358130812645 0
1642671286490 0.03625441016629338 0
1642671298486 0.06236064061522484 0
1642671310493 0.052894352003932 0
1642671322523 0.03658760339021683 0
1642671334425 0.0703110508620739 0
1642671344617 0.04757949896156788 0
1642671352135 0.034363314509391785 0
1642671359581 0.04682066664099693 0
1642671366976 0.05195634439587593 0
1642671374455 0.03969881683588028 0
1642671381767 0.045186255127191544 0
1642671389062 0.042457266710698605 0
1642671396336 0.05352063290774822 0
1642671403746 0.044500166550278664 0
1642671410897 0.04232318792492151 0
1642671418137 0.039629205130040646 0
1642671425363 0.038472628220915794 0
1642671432545 0.05358036234974861 0
1642671439982 0.036950429901480675 0
1642671447097 0.05224103666841984 0
1642671454499 0.05294737871736288 0
1642671461998 0.049266574904322624 0
1642671469456 0.025820482522249222 0
1642671476779 0.08076338842511177 0
1642671484108 0.05194935388863087 0
1642671492776 0.034025631844997406 0
1642671500073 0.04690675064921379 0
1642671507234 0.03596924990415573 0
1642671514408 0.03144922386854887 0
1642671521603 0.043410276994109154 0
1642671529265 0.04860967956483364 0
1642671541350 0.06826900132000446 0
1642671553129 0.047584982588887215 0
1642671565189 0.04584674350917339 0
1642671577129 0.04713672399520874 0
1642671588989 0.046823606826364994 0
1642671600845 0.06601806543767452 0
1642671612621 0.04215024504810572 0
1642671624801 0.07022640854120255 0
1642671636698 0.05733982101082802 0
1642671648580 0.09041892737150192 0
1642671660460 0.03343214001506567 0
1642671672576 0.08353431709110737 0
1642671684945 0.05298610031604767 0
1642671697196 0.03622644394636154 0
1642671711282 0.04383304249495268 0
