1642669117403 1.799918293952942 0
1642669126078 0.6218275725841522 0
1642669133510 1.1351937502622604 0
1642669140781 0.6274442076683044 0
1642669148147 0.6183011531829834 0
1642669155351 0.4618043079972267 0
1642669162566 0.5136703848838806 0
1642669169788 0.7259768843650818 0
1642669177168 0.36881859600543976 0
1642669184315 0.44345948100090027 0
1642669191365 0.6274204105138779 0
1642669198415 0.49760401248931885 0
1642669205474 0.5073437392711639 0
1642669212606 0.4710330069065094 0
1642669219921 0.5525451004505157 0
1642669227193 0.5768755376338959 0
1642669234565 0.5075451731681824 0
1642669241886 0.5306291431188583 0
1642669249100 0.555520087480545 0
1642669256155 0.5003824681043625 0
1642669263317 0.5533324182033539 0
1642669271752 0.521950751543045 0
1642669279062 0.46136780083179474 0
1642669286280 0.4730929434299469 0
1642669293497 0.48704755306243896 0
1642669300595 0.5046158283948898 0
1642669307707 0.49859897792339325 0
1642669314946 0.49527645111083984 0
1642669322186 0.48540888726711273 0
1642669329395 0.5044639110565186 0
1642669336573 0.5052225738763809 0
1642669343892 0.5021791458129883 0
1642669351071 0.49741093814373016 0
1642669358355 0.49786342680454254 0
1642669365785 0.49389857053756714 0
1642669373110 0.5000684559345245 0
1642669380488 0.5022932887077332 0
1642669387866 0.5003279447555542 0
1642669395265 0.5022730231285095 0
1642669402575 0.4886195957660675 0
1642669409827 0.49652063846588135 0
1642669418388 0.49790211021900177 0
1642669425661 0.49988193809986115 0
1642669432896 0.5000012964010239 0
1642669440339 0.5018733888864517 0
1642669447567 0.4960770010948181 0
1642669454656 0.49893151223659515 0
1642669461832 0.5000819265842438 0
1642669468936 0.4962224066257477 0
1642669476112 0.4956394284963608 0
1642669483484 0.4886741638183594 0
1642669490736 0.500994473695755 0
1642669498063 0.49420545995235443 0
1642669505447 0.4916398525238037 0
1642669512822 0.5015520006418228 0
1642669520329 0.4937450885772705 0
1642669527842 0.5026914775371552 0
1642669535300 0.5012273490428925 0
1642669542618 0.49883948266506195 0
1642669550096 0.49590741097927094 0
1642669557485 0.4454980194568634 0
1642669566155 0.481583833694458 0
1642669573503 0.49868403375148773 0
1642669580820 0.49736712872982025 0
1642669588106 0.5007417052984238 0
1642669595410 0.5134482532739639 0
1642669602669 0.499567374587059 0
1642669609935 0.4974289983510971 0
1642669617225 0.49867792427539825 0
1642669624429 0.4989325553178787 0
1642669631678 0.4993010312318802 0
1642669638904 0.49907371401786804 0
1642669646239 0.4990161955356598 0
1642669653488 0.4997318387031555 0
1642669660903 0.4998936057090759 0
1642669668194 0.5001241713762283 0
1642669675411 0.49990934133529663 0
1642669682688 0.5000165700912476 0
1642669689918 0.4993235319852829 0
1642669697132 0.4980158060789108 0
1642669704376 0.5005968511104584 0
1642669712847 0.49978604912757874 0
1642669720233 0.48817481100559235 0
1642669727550 0.5041242241859436 0
1642669734902 0.4937743544578552 0
1642669742112 0.5001672357320786 0
1642669749581 0.5007764995098114 0
1642669756758 0.5000331848859787 0
1642669764031 0.49611449241638184 0
1642669771121 0.4994588643312454 0
1642669778215 0.23924972268287092 0
1642669785322 0.33776135742664337 0
1642669792439 0.498201921582222 0
1642669799652 0.48987331986427307 0
1642669807092 0.4945816546678543 0
1642669815119 0.49936655163764954 0
1642669822532 0.4964718222618103 0
1642669829787 0.49356065690517426 0
1642669837252 0.49989017844200134 0
1642669844787 0.5028042048215866 0
1642669852203 0.5003775209188461 0
1642669861291 0.49988220632076263 0
1642669869092 0.498451367020607 0
1642669876594 0.4950140118598938 0
1642669883968 0.4974028170108795 0
1642669891243 0.5003702938556671 0
1642669898885 0.501757025718689 0
1642669906984 0.5443667024374008 0
1642669914695 0.5042845457792282 0
1642669922007 0.5032568573951721 0
1642669929259 0.5034505426883698 0
1642669936534 0.5020942538976669 0
1642669943843 0.5059595108032227 0
1642669951085 0.5013877749443054 0
1642669958356 0.501675546169281 0
1642669965724 0.488556906580925 0
1642669973459 0.4893159568309784 0
1642669981309 0.4761704355478287 0
1642669988721 0.504248172044754 0
1642669996073 0.5008250921964645 0
1642670003431 0.48122309148311615 0
1642670011923 0.4982909858226776 0
1642670019266 0.4439624398946762 0
1642670026588 0.49917443096637726 0
1642670033911 0.4977262318134308 0
1642670041242 0.4841288775205612 0
1642670048819 0.5007489025592804 0
1642670056204 0.47802649438381195 0
1642670063559 0.4936283230781555 0
1642670070888 0.4992973506450653 0
1642670078103 0.5043968111276627 0
1642670085506 0.5032761693000793 0
1642670093079 0.4837713688611984 0
1642670100273 0.49964581429958344 0
1642670107565 0.5008062869310379 0
1642670114898 0.502334475517273 0
1642670122195 0.4990753084421158 0
1642670129494 0.4966999441385269 0
1642670136882 0.5010801553726196 0
1642670144075 0.4978238493204117 0
1642670151336 0.5025902986526489 0
1642670160011 0.27857108786702156 0
1642670167459 0.4967847913503647 0
1642670174830 0.4992405027151108 0
1642670182307 0.49954521656036377 0
1642670189791 0.4932522475719452 0
1642670197248 0.502043753862381 0
1642670204597 0.4943460673093796 0
1642670212079 0.49692991375923157 0
1642670219568 0.5013924241065979 0
1642670227070 0.49174296855926514 0
1642670234331 0.5077580809593201 0
1642670241592 0.49990977346897125 0
1642670248964 0.49880847334861755 0
1642670256510 0.4992079436779022 0
1642670264061 0.5017456114292145 0
1642670271469 0.4955620616674423 0
1642670278855 0.5038066357374191 0
1642670286038 0.49728892743587494 0
1642670293270 0.49912266433238983 0
1642670300458 0.5088154375553131 0
1642670308803 0.5092428028583527 0
1642670315942 0.49554620683193207 0
1642670323035 0.49184462428092957 0
1642670330129 0.49636438488960266 0
1642670337220 0.4695013165473938 0
1642670344351 0.4919617921113968 0
1642670351446 0.5020297765731812 0
1642670358541 0.4966473877429962 0
1642670365634 0.49687500298023224 0
1642670372721 0.5000336915254593 0
1642670379818 0.49995020031929016 0
1642670386912 0.5014544725418091 0
1642670394000 0.5006335824728012 0
1642670401221 0.491668701171875 0
1642670408460 0.4949275106191635 0
1642670415754 0.5008145421743393 0
1642670422948 0.4985990822315216 0
1642670430145 0.5024783909320831 0
1642670437330 0.479448527097702 0
1642670444603 0.49417680501937866 0
1642670453438 0.49986469745635986 0
1642670460814 0.48375652730464935 0
1642670468212 0.5014352798461914 0
1642670475498 0.4974103420972824 0
1642670482835 0.49842771887779236 0
1642670490063 0.4936135411262512 0
1642670497388 0.5007887482643127 0
1642670504737 0.2704509515315294 0
1642670512151 0.49903470277786255 0
1642670519493 0.492581382393837 0
1642670526910 0.5082093477249146 0
1642670534263 0.4978070855140686 0
1642670541570 0.5007678121328354 0
1642670549011 0.5012915730476379 0
1642670556462 0.5051915049552917 0
1642670563836 0.49858517944812775 0
1642670571115 0.5027089715003967 0
1642670578809 0.5012487173080444 0
1642670586989 0.5007824301719666 0
1642670594720 0.498603492975235 0
1642670603351 0.5025868117809296 0
1642670610528 0.4935035705566406 0
1642670617646 0.5038933008909225 0
1642670624975 0.5034119486808777 0
1642670632228 0.49958591163158417 0
1642670639435 0.49766650795936584 0
1642670646646 0.49744923412799835 0
1642670654213 0.49588705599308014 0
1642670661668 0.5008269846439362 0
1642670669013 0.4908568561077118 0
1642670676403 0.5018845200538635 0
1642670683753 0.4807222783565521 0
1642670691017 0.5010902881622314 0
1642670698296 0.4994458556175232 0
1642670705547 0.5001045018434525 0
1642670712665 0.49355626106262207 0
1642670719799 0.5005890727043152 0
1642670727022 0.49263817071914673 0
1642670734353 0.498394712805748 0
1642670741546 0.49886079132556915 0
1642670749896 0.50156070291996 0
1642670757069 0.49826619029045105 0
1642670764322 0.5001560002565384 0
1642670771460 0.4847553074359894 0
1642670778592 0.4956924617290497 0
1642670785749 0.4854625016450882 0
1642670793044 0.5038905292749405 0
1642670800703 0.49486060440540314 0
1642670808220 0.4950672686100006 0
1642670815501 0.5012629628181458 0
1642670822783 0.4978206008672714 0
1642670830132 0.4978150278329849 0
1642670837629 0.4976397752761841 0
1642670844904 0.49827635288238525 0
1642670852040 0.4993964582681656 0
1642670859182 0.4985547363758087 0
1642670866329 0.49877387285232544 0
1642670873471 0.49862954020500183 0
1642670880720 0.4992713928222656 0
1642670887893 0.4957517236471176 0
1642670896437 0.491268515586853 0
1642670903695 0.4876702278852463 0
1642670910858 0.5129959136247635 0
1642670918293 0.4889628738164902 0
1642670925621 0.48159359395504 0
1642670934658 0.49963197112083435 0
1642670946337 0.4978800266981125 0
1642670958426 0.49560917913913727 0
1642670970379 0.49759499728679657 0
1642670982264 0.5002217888832092 0
1642670992943 0.2878550924360752 0
1642671000337 0.38069480657577515 0
1642671008428 0.3994135856628418 0
1642671020226 0.49958573281764984 0
1642671031940 0.5236298143863678 0
1642671043970 0.4235123097896576 0
1642671055844 0.39359232783317566 0
1642671067659 0.44977550208568573 0
1642671079572 0.4368229955434799 0
1642671091406 0.43185634911060333 0
1642671104960 0.34694215655326843 0
1642671116916 0.47588567435741425 0
1642671128990 0.4636257290840149 0
1642671141058 0.4502689838409424 0
1642671153195 0.5371797680854797 0
1642671165833 0.4443986117839813 0
1642671177954 0.5140527486801147 0
1642671189803 0.5353540182113647 0
1642671202102 0.36926044523715973 0
1642671214338 0.3873147815465927 0
1642671226527 0.3905840814113617 0
1642671238566 0.6600348949432373 0
1642671250557 0.4329795390367508 0
1642671262722 0.3749807998538017 0
1642671274542 0.40820010006427765 0
1642671286487 1.2504001259803772 0
1642671298484 1.248072549700737 0
1642671310490 1.252346694469452 0
1642671322520 1.2474500238895416 0
1642671334423 1.2501972019672394 0
1642671344614 1.245106115937233 0
1642671352133 1.2499209195375443 0
1642671359579 1.2510700523853302 0
1642671366974 1.2465085685253143 0
1642671374453 1.2505208849906921 0
1642671381765 1.2523667812347412 0
1642671389060 1.2513861954212189 0
1642671396334 1.2501583099365234 0
1642671403744 1.2490939795970917 0
1642671410895 1.2480679601430893 0
1642671418135 1.2556797862052917 0
1642671425361 1.2499011904001236 0
1642671432543 1.250504583120346 0
1642671439980 1.249404177069664 0
1642671447095 1.2474266290664673 0
1642671454499 1.2506478428840637 0
1642671461995 1.249952495098114 0
1642671469454 1.2491064667701721 0
1642671476777 1.2498976290225983 0
1642671484106 1.2483473867177963 0
1642671492774 1.2509469985961914 0
1642671500071 1.2513525784015656 0
1642671507232 1.2498924881219864 0
1642671514406 1.2498362511396408 0
1642671521601 1.2487746477127075 0
1642671529263 0.40800073742866516 0
1642671541347 0.42829737067222595 0
1642671553126 0.5081167817115784 0
1642671565186 0.4173695892095566 0
1642671577125 0.47677038609981537 0
1642671588986 0.4053514748811722 0
1642671600842 0.48570477962493896 0
1642671612618 0.3424641042947769 0
1642671624798 0.5311074256896973 0
1642671636695 0.4913739711046219 0
1642671648577 0.39808979630470276 0
1642671660456 0.38888929784297943 0
1642671672573 0.36542467027902603 0
1642671684942 0.431037575006485 0
1642671697192 0.445004865527153 0
1642671711279 0.47699470818042755 0
