1642669117409 0.07235284149646759 0
1642669126084 0.08616694062948227 0
1642669133515 0.08087519556283951 0
1642669140787 0.07479852437973022 0
1642669148153 0.08071444183588028 0
1642669155358 0.08517088741064072 0
1642669162572 0.0904533788561821 0
1642669169793 0.0718831941485405 0
1642669177175 0.07994329929351807 0
1642669184321 0.07512437552213669 0
1642669191372 0.06857550144195557 0
1642669198421 0.07359951734542847 0
1642669205481 0.04532548040151596 0
1642669212612 0.04321671649813652 0
1642669219928 0.04461471363902092 0
1642669227199 0.02127465046942234 0
1642669234572 0.03307062014937401 0
1642669241894 0.05100613459944725 0
1642669249107 0.040586866438388824 0
1642669256161 0.03312215581536293 0
1642669263323 0.02464453876018524 0
1642669271758 0.025017565116286278 0
1642669279069 0.02625841461122036 0
1642669286286 0.03329100087285042 0
1642669293503 0.014464608393609524 0
1642669300601 0.020165249705314636 0
1642669307713 0.016075244173407555 0
1642669314952 0.02923443913459778 0
1642669322192 0.02154887281358242 0
1642669329401 0.01755526103079319 0
1642669336579 0.021804559975862503 0
1642669343899 0.01440762635320425 0
1642669351077 0.02160058543086052 0
1642669358362 0.012963748537003994 0
1642669365791 0.03974754363298416 0
1642669373116 0.015500376001000404 0
1642669380495 0.021849369630217552 0
1642669387872 0.019772067666053772 0
1642669395271 0.013170060701668262 0
1642669402582 0.01691467873752117 0
1642669409834 0.0531439371407032 0
1642669418395 0.016300903633236885 0
1642669425668 0.053068727254867554 0
1642669432902 0.028858277946710587 0
1642669440346 0.00781373679637909 0
1642669447573 0.02521040476858616 0
1642669454662 0.02471477910876274 0
1642669461838 0.007875773124396801 0
1642669468942 0.009987377561628819 0
1642669476119 0.013778427615761757 0
1642669483490 0.01587534509599209 0
1642669490742 0.02906728722155094 0
1642669498070 0.015762388706207275 0
1642669505454 0.025215227156877518 0
1642669512828 0.02232493832707405 0
1642669520335 0.013413195498287678 0
1642669527849 0.019881317391991615 0
1642669535307 0.016576359048485756 0
1642669542624 0.02396523952484131 0
1642669550102 0.018101416528224945 0
1642669557491 0.020830852910876274 0
1642669566162 0.023195385932922363 0
1642669573510 0.0534212552011013 0
1642669580826 0.025047335773706436 0
1642669588112 0.017368918284773827 0
1642669595416 0.014911887235939503 0
1642669602676 0.008236333727836609 0
1642669609941 0.021889643743634224 0
1642669617232 0.024553868919610977 0
1642669624435 0.021675003692507744 0
1642669631684 0.019090784713625908 0
1642669638909 0.01313493587076664 0
1642669646246 0.02394264191389084 0
1642669653494 0.021741557866334915 0
1642669660910 0.050206322222948074 0
1642669668201 0.021769141778349876 0
1642669675418 0.026622319594025612 0
1642669682694 0.018633509054780006 0
1642669689924 0.011546095833182335 0
1642669697139 0.021850988268852234 0
1642669704382 0.024858413264155388 0
1642669712854 0.03727191314101219 0
1642669720239 0.0264388769865036 0
1642669727556 0.024361688643693924 0
1642669734908 0.037561625242233276 0
1642669742118 0.010703477077186108 0
1642669749587 0.02696104906499386 0
1642669756764 0.0171151515096426 0
1642669764037 0.030997205525636673 0
1642669771127 0.019215112552046776 0
1642669778221 0.032891638576984406 0
1642669785328 0.026312952861189842 0
1642669792446 0.014665141701698303 0
1642669799658 0.021395012736320496 0
1642669807101 0.027981361374258995 0
1642669815125 0.057981234043836594 0
1642669822538 0.027385352179408073 0
1642669829793 0.014976541511714458 0
1642669837259 0.009650880470871925 0
1642669844793 0.01775430329144001 0
1642669852209 0.021434852853417397 0
1642669861298 0.005620107986032963 0
1642669869098 0.012982973828911781 0
1642669876600 0.03766581416130066 0
1642669883974 0.014022517018020153 0
1642669891249 0.0119220782071352 0
1642669898892 0.022759506478905678 0
1642669906991 0.0225078035145998 0
1642669914701 0.05712231993675232 0
1642669922014 0.02976292371749878 0
1642669929265 0.016054794192314148 0
1642669936541 0.020423946902155876 0
1642669943849 0.009761325083673 0
1642669951091 0.01520211435854435 0
1642669958362 0.04834449291229248 0
1642669965730 0.005029437132179737 0
1642669973466 0.014004084281623363 0
1642669981315 0.019011015072464943 0
1642669988727 0.016799001023173332 0
1642669996080 0.013211834244430065 0
1642670003437 0.02155059576034546 0
1642670011929 0.007263167295604944 0
1642670019273 0.012691924348473549 0
1642670026594 0.01021813414990902 0
1642670033917 0.009823339991271496 0
1642670041249 0.010902547277510166 0
1642670048826 0.014747552573680878 0
1642670056210 0.007396725006401539 0
1642670063566 0.01003072690218687 0
1642670070894 0.015236358158290386 0
1642670078110 0.03656676784157753 0
1642670085513 0.01289753895252943 0
1642670093085 0.025305187329649925 0
1642670100279 0.017314216122031212 0
1642670107572 0.02220262959599495 0
1642670114904 0.011048323474824429 0
1642670122202 0.019483625888824463 0
1642670129510 0.0051478310488164425 0
1642670136889 0.03534437343478203 0
1642670144081 0.01738039217889309 0
1642670151342 0.021501779556274414 0
1642670160011 0.02074974589049816 0
1642670167465 0.022940784692764282 0
1642670174836 0.02939816750586033 0
1642670182313 0.01186360977590084 0
1642670189796 0.017678871750831604 0
1642670197254 0.021989012137055397 0
1642670204604 0.009181651286780834 0
1642670212086 0.015655789524316788 0
1642670219575 0.01102837547659874 0
1642670227077 0.014763444662094116 0
1642670234337 0.016708163544535637 0
1642670241598 0.04300455376505852 0
1642670248970 0.006911777891218662 0
1642670256517 0.012730399146676064 0
1642670264068 0.0038788882084190845 0
1642670271475 0.013559997081756592 0
1642670278871 0.01893491856753826 0
1642670286045 0.009967361576855183 0
1642670293276 0.024710485711693764 0
1642670300464 0.02082831971347332 0
1642670308810 0.02508646808564663 0
1642670315948 0.01526856143027544 0
1642670323041 0.008127063512802124 0
1642670330136 0.0232857633382082 0
1642670337226 0.02387058548629284 0
1642670344357 0.018694063648581505 0
1642670351452 0.010092499665915966 0
1642670358547 0.015514749102294445 0
1642670365640 0.01550233643501997 0
1642670372728 0.05700187757611275 0
1642670379824 0.026715869084000587 0
1642670386918 0.016356531530618668 0
1642670394007 0.022861678153276443 0
1642670401228 0.005539923906326294 0
1642670408467 0.007883625105023384 0
1642670415760 0.051668327301740646 0
1642670422954 0.010912126861512661 0
1642670430152 0.016555437818169594 0
1642670437336 0.011198350228369236 0
1642670444610 0.0058693005703389645 0
1642670453445 0.01813860423862934 0
1642670460820 0.018940215930342674 0
1642670468219 0.01784840039908886 0
1642670475504 0.015264979563653469 0
1642670482841 0.0035463215317577124 0
1642670490069 0.012896160595119 0
1642670497395 0.02798975072801113 0
1642670504744 0.014627115800976753 0
1642670512158 0.017459286376833916 0
1642670519500 0.05599687248468399 0
1642670526917 0.01379106380045414 0
1642670534269 0.028778860345482826 0
1642670541577 0.021513229236006737 0
1642670549018 0.013530686497688293 0
1642670556468 0.006434563547372818 0
1642670563842 0.014309832826256752 0
1642670571122 0.03493455424904823 0
1642670578816 0.010516378097236156 0
1642670586996 0.0064143831841647625 0
1642670594726 0.006114013493061066 0
1642670603358 0.01886053755879402 0
1642670610534 0.023669706657528877 0
1642670617652 0.015100345015525818 0
1642670624981 0.01247100718319416 0
1642670632234 0.014725561253726482 0
1642670639441 0.010149187408387661 0
1642670646652 0.010275808162987232 0
1642670654220 0.006326599512249231 0
1642670661675 0.013897455297410488 0
1642670669019 0.010919909924268723 0
1642670676409 0.013834814541041851 0
1642670683759 0.02566816285252571 0
1642670691024 0.01712963543832302 0
1642670698302 0.008765523321926594 0
1642670705553 0.01240427978336811 0
1642670712671 0.0255010724067688 0
1642670719806 0.012031919322907925 0
1642670727028 0.020268993452191353 0
1642670734360 0.02073744311928749 0
1642670741552 0.007062299642711878 0
1642670749902 0.022776978090405464 0
1642670757075 0.019217394292354584 0
1642670764329 0.003436517668887973 0
1642670771466 0.010330130346119404 0
1642670778598 0.02499077282845974 0
1642670785756 0.007811625488102436 0
1642670793051 0.019274935126304626 0
1642670800710 0.016223309561610222 0
1642670808226 0.019854947924613953 0
1642670815508 0.01952718384563923 0
1642670822790 0.014245246537029743 0
1642670830138 0.019182145595550537 0
1642670837634 0.02015729807317257 0
1642670844910 0.02220265381038189 0
1642670852047 0.013935375027358532 0
1642670859188 0.015151302330195904 0
1642670866335 0.018327396363019943 0
1642670873478 0.021761266514658928 0
1642670880727 0.02224750444293022 0
1642670887899 0.006847425829619169 0
1642670896444 0.05864785984158516 0
1642670903701 0.017348438501358032 0
1642670910865 0.016890067607164383 0
1642670918299 0.017428331077098846 0
1642670925628 0.038293953984975815 0
1642670934666 0.034519121050834656 0
1642670946346 0.0082652997225523 0
1642670958434 0.015482601709663868 0
1642670970389 0.018001561984419823 0
1642670982274 0.020234931260347366 0
1642670992950 0.02200416848063469 0
1642671000343 0.011140895076096058 0
1642671008434 0.025045162066817284 0
1642671020237 0.010981559753417969 0
1642671031948 0.026038551703095436 0
1642671043978 0.010506105609238148 0
1642671055852 0.01657959818840027 0
1642671067669 0.018598763272166252 0
1642671079580 0.025354191660881042 0
1642671091414 0.002884077839553356 0
1642671104972 0.010947863571345806 0
1642671116924 0.012665808200836182 0
1642671128998 0.019631020724773407 0
1642671141069 0.012721523642539978 0
1642671153203 0.01102511491626501 0
1642671165845 0.01409914344549179 0
1642671177965 0.011027650907635689 0
1642671189812 0.011406219564378262 0
1642671202112 0.02742627263069153 0
1642671214347 0.01390990149229765 0
1642671226535 0.01876889541745186 0
1642671238575 0.01088475901633501 0
1642671250566 0.023197989910840988 0
1642671262732 0.010838001035153866 0
1642671274550 0.019220102578401566 0
1642671286497 0.007267011795192957 0
1642671298492 0.027417857199907303 0
1642671310499 0.02093423716723919 0
1642671322528 0.012149954214692116 0
1642671334431 0.035335980355739594 0
1642671344621 0.018100064247846603 0
1642671352140 0.01132151484489441 0
1642671359585 0.017241334542632103 0
1642671366981 0.028360862284898758 0
1642671374459 0.015957359224557877 0
1642671381772 0.024544959887862206 0
1642671389067 0.013848354108631611 0
1642671396341 0.022842783480882645 0
1642671403750 0.018748586997389793 0
1642671410902 0.015600747428834438 0
1642671418142 0.009057859890162945 0
1642671425368 0.02415481023490429 0
1642671432549 0.03495624288916588 0
1642671439987 0.013415336608886719 0
1642671447101 0.0161042008548975 0
1642671454507 0.005040179006755352 0
1642671462002 0.03249535709619522 0
1642671469460 0.014345047064125538 0
1642671476783 0.05713097006082535 0
1642671484111 0.014722989872097969 0
1642671492781 0.02261207066476345 0
1642671500078 0.026117948815226555 0
1642671507239 0.01777656562626362 0
1642671514413 0.008015460334718227 0
1642671521607 0.018436485901474953 0
1642671529270 0.01724083535373211 0
1642671541356 0.02048025093972683 0
1642671553136 0.013543860986828804 0
1642671565195 0.017368033528327942 0
1642671577136 0.020954351872205734 0
1642671588995 0.01007369626313448 0
1642671600851 0.030606640502810478 0
1642671612626 0.012148779816925526 0
1642671624808 0.029485303908586502 0
1642671636705 0.030145416036248207 0
1642671648585 0.04778685048222542 0
1642671660466 0.009947490878403187 0
1642671672581 0.016514407470822334 0
1642671684952 0.01986967772245407 0
1642671697202 0.011348044499754906 0
1642671711290 0.015099129639565945 0
