1634263252434 7.002589702606201 0
1634263254331 5.4820556640625 0
1634263254800 5.442116737365723 0
1634263255269 4.450493812561035 0
1634263255741 4.251033306121826 0
1634263256213 4.3478312492370605 0
1634263256674 3.778360366821289 0
1634263257134 3.451937675476074 0
1634263257611 3.195369243621826 0
1634263258076 2.967820167541504 0
1634263258547 3.04827880859375 0
1634263259020 2.7334890365600586 0
1634263259491 2.4646999835968018 0
1634263259957 2.343177318572998 0
1634263260431 2.225973606109619 0
1634263260915 2.0528481006622314 0
1634263261392 1.9260836839675903 0
1634263261870 1.8525276184082031 0
1634263262339 1.8541656732559204 0
1634263262794 1.766361117362976 0
1634263263248 1.5864593982696533 0
1634263265138 1.5157891511917114 0
1634263265625 1.447934627532959 0
1634263266107 1.4895247220993042 0
1634263266592 1.649779200553894 0
1634263267047 1.6865780353546143 0
1634263267527 1.3415234088897705 0
1634263268012 1.3091771602630615 0
1634263268483 1.3733139038085938 0
1634263268945 1.200729489326477 0
1634263269410 1.1539019346237183 0
1634263269872 1.110202431678772 0
1634263270336 1.0846713781356812 0
1634263270802 1.0522396564483643 0
1634263271266 0.994337797164917 0
1634263271730 0.9755336046218872 0
1634263272192 1.0330239534378052 0
1634263272656 0.9326337575912476 0
1634263273121 0.9048885703086853 0
1634263273589 0.8727867603302002 0
1634263274054 0.8561540246009827 0
1634263275954 0.9020700454711914 0
1634263276418 0.9576951265335083 0
1634263276881 1.1008917093276978 0
1634263277344 1.0066267251968384 0
1634263277807 0.8560472726821899 0
1634263278268 0.8261582851409912 0
1634263278738 0.8414430618286133 0
1634263279206 0.898138165473938 0
1634263279673 0.8690201044082642 0
1634263280140 0.8811909556388855 0
1634263280607 0.812212347984314 0
1634263281072 0.8236531019210815 0
1634263281542 0.7980474829673767 0
1634263282004 0.7753994464874268 0
1634263282467 0.7559726238250732 0
1634263282935 0.7990291714668274 0
1634263283406 0.8195890188217163 0
1634263283866 0.8109264969825745 0
1634263284338 0.7569797039031982 0
1634263284823 1.0860226154327393 0
1634263286698 0.9772629141807556 0
1634263287161 0.8485224843025208 0
1634263287622 0.8175093531608582 0
1634263288085 0.8821102976799011 0
1634263288554 0.7724153399467468 0
1634263289021 0.7197538614273071 0
1634263289508 0.768476665019989 0
1634263289979 0.7345464825630188 0
1634263290436 0.7234904170036316 0
1634263290910 0.7227503657341003 0
1634263291386 0.7300523519515991 0
1634263291853 0.7088146209716797 0
1634263292317 0.7002827525138855 0
1634263292779 0.6769860982894897 0
1634263293232 0.6784504055976868 0
1634263293687 0.7039234042167664 0
1634263294151 0.7391853332519531 0
1634263294605 0.7864696979522705 0
1634263295059 0.7753375768661499 0
1634263295507 0.7006425857543945 0
1634263297436 0.6523497104644775 0
1634263297887 0.6776222586631775 0
1634263298342 0.7190353870391846 0
1634263298795 0.7176607847213745 0
1634263299249 0.6932833194732666 0
1634263299702 0.6899850368499756 0
1634263300161 0.6466955542564392 0
1634263300610 0.6606554388999939 0
1634263301063 0.6691231727600098 0
1634263301530 0.7106469869613647 0
1634263301986 0.6918971538543701 0
1634263302429 0.6900712251663208 0
1634263302883 0.721971869468689 0
1634263303337 0.6632482409477234 0
1634263303806 0.624958872795105 0
1634263304259 0.6437634825706482 0
1634263304713 0.6575220823287964 0
1634263305166 0.6456116437911987 0
1634263305624 0.6544947028160095 0
1634263306071 0.693543016910553 0
1634263307911 0.930482029914856 0
1634263308379 0.6431020498275757 0
1634263308836 0.621695876121521 0
1634263309296 0.6466918587684631 0
1634263309781 0.6366398334503174 0
1634263310236 0.6382869482040405 0
1634263310694 0.64183509349823 0
1634263311178 0.6320117712020874 0
1634263311633 0.632527232170105 0
1634263312101 0.6466013193130493 0
1634263312570 0.6614525318145752 0
1634263313024 0.617565393447876 0
1634263313477 0.6134548187255859 0
1634263313961 0.5918797254562378 0
1634263314416 0.5903627276420593 0
1634263314870 0.6570497155189514 0
1634263315339 0.6624218225479126 0
1634263315793 0.6400647759437561 0
1634263316263 0.6098902821540833 0
1634263316732 0.6145960688591003 0
1634263318624 0.583342432975769 0
1634263319094 0.6333062648773193 0
1634263319554 0.6262329816818237 0
1634263320009 0.6315077543258667 0
1634263320476 0.581915020942688 0
1634263320946 0.5834248065948486 0
1634263321433 0.5779997110366821 0
1634263321902 0.5772843360900879 0
1634263322356 0.5887945294380188 0
1634263322842 0.6154521703720093 0
1634263323311 0.6721545457839966 0
1634263323765 0.7144212126731873 0
1634263324227 0.5843687653541565 0
1634263324695 0.5524548292160034 0
1634263325165 0.5643954277038574 0
1634263325618 0.6487224102020264 0
1634263326102 0.5683251619338989 0
1634263326557 0.6068981885910034 0
1634263327031 0.6160590648651123 0
1634263327484 0.5571575164794922 0
1634263329333 0.5571572780609131 0
1634263329781 0.6640374660491943 0
1634263330247 0.5868993997573853 0
1634263330705 0.60533607006073 0
1634263331148 0.5941600203514099 0
1634263331635 0.5762578248977661 0
1634263332105 0.6041923761367798 0
1634263332564 0.6120223999023438 0
1634263333019 0.5669094920158386 0
1634263333479 0.5670797824859619 0
1634263333938 0.552851676940918 0
1634263334403 0.5720746517181396 0
1634263334861 0.5514382123947144 0
1634263335304 0.5379014611244202 0
1634263335781 0.5471495389938354 0
1634263336244 0.6172818541526794 0
1634263336704 0.680581271648407 0
1634263337147 0.5964325070381165 0
1634263337617 0.5199142694473267 0
1634263338076 0.5191370248794556 0
1634263339899 0.5247759222984314 0
1634263340362 0.5175871849060059 0
1634263340828 0.5433073043823242 0
1634263341306 0.5607790946960449 0
1634263341784 0.5911434292793274 0
1634263342244 0.6111421585083008 0
1634263342704 0.5475969910621643 0
1634263343168 0.5240248441696167 0
1634263343627 0.5012867450714111 0
1634263344079 0.5483072400093079 0
1634263344537 0.5378714799880981 0
1634263344988 0.5071402788162231 0
1634263345458 0.5730800628662109 0
1634263345915 0.6250694990158081 0
1634263346373 0.5602030754089355 0
1634263346840 0.5526295900344849 0
1634263347296 0.5059056878089905 0
1634263347756 0.4946746826171875 0
1634263348221 0.51674884557724 0
1634263348678 0.5822381973266602 0
1634263350566 0.5589753985404968 0
1634263351038 0.5644037127494812 0
1634263351518 0.5734151005744934 0
1634263351980 0.5150172710418701 0
1634263352446 0.5113961100578308 0
1634263352906 0.5664504766464233 0
1634263353362 0.5667747259140015 0
1634263353838 0.5385457277297974 0
1634263354313 0.5060276985168457 0
1634263354790 0.5136401653289795 0
1634263355261 0.49723243713378906 0
1634263355711 0.5227560997009277 0
1634263356177 0.48180055618286133 0
1634263356632 0.4830510914325714 0
1634263357089 0.5031883120536804 0
1634263357555 0.594136118888855 0
1634263358019 0.5749865174293518 0
1634263358491 0.5107951760292053 0
1634263358954 0.47079697251319885 0
1634263359400 0.4775516390800476 0
1634263361278 0.5137214660644531 0
1634263361766 0.56104576587677 0
1634263362225 0.5590183734893799 0
1634263362681 0.47995105385780334 0
1634263363176 0.45409440994262695 0
1634263363631 0.5203401446342468 0
1634263364127 0.47019845247268677 0
1634263364614 0.48031899333000183 0
1634263365103 0.47928300499916077 0
1634263365561 0.4716288447380066 0
1634263366033 0.5049400925636292 0
1634263366513 0.5039165019989014 0
1634263366975 0.47538042068481445 0
1634263367421 0.46231672167778015 0
1634263367889 0.47515425086021423 0
1634263368345 0.4822325110435486 0
1634263368811 0.5337458252906799 0
1634263369276 0.5237899422645569 0
1634263369744 0.507076621055603 0
1634263370197 0.5559643507003784 0
1634263372014 0.5499715209007263 0
1634263372476 0.4526853859424591 0
1634263372929 0.4445303976535797 0
1634263373385 0.43213599920272827 0
1634263373849 0.43498072028160095 0
1634263374309 0.46676260232925415 0
1634263374798 0.47421950101852417 0
1634263375266 0.5434281229972839 0
1634263375738 0.5477772951126099 0
1634263376192 0.4677125811576843 0
1634263376660 0.4430951476097107 0
1634263377136 0.42336171865463257 0
1634263377595 0.44147127866744995 0
1634263378074 0.4486088752746582 0
1634263378570 0.4523645043373108 0
1634263379029 0.4955393373966217 0
1634263379508 0.48737284541130066 0
1634263379985 0.4520639479160309 0
1634263380453 0.4351191520690918 0
1634263380923 0.44617071747779846 0
1634263382774 0.5907901525497437 0
1634263383242 0.47064876556396484 0
1634263383702 0.46143901348114014 0
1634263384166 0.45629796385765076 0
1634263384633 0.42310696840286255 0
1634263385103 0.4027688205242157 0
1634263385571 0.4233055114746094 0
1634263386043 0.4202069640159607 0
1634263386517 0.4381404519081116 0
1634263386974 0.4693746864795685 0
1634263387430 0.5154073238372803 0
1634263387905 0.4120076298713684 0
1634263388367 0.4055703282356262 0
1634263388844 0.40104079246520996 0
1634263389300 0.4283815324306488 0
1634263389754 0.4410063922405243 0
1634263390209 0.4410153329372406 0
1634263390663 0.39850664138793945 0
1634263391119 0.4386674165725708 0
1634263391575 0.5080797672271729 0
1634263393501 0.4336329996585846 0
1634263393955 0.4119684100151062 0
1634263394410 0.4040677845478058 0
1634263394886 0.4523228108882904 0
1634263395344 0.42534196376800537 0
1634263395797 0.4135153889656067 0
1634263396252 0.43587061762809753 0
1634263396706 0.5117480158805847 0
1634263397160 0.519757866859436 0
1634263397615 0.5400324463844299 0
1634263398069 0.451141357421875 0
1634263398525 0.41326117515563965 0
1634263398981 0.42461541295051575 0
1634263399436 0.4272780418395996 0
1634263399893 0.40726038813591003 0
1634263400349 0.40862128138542175 0
1634263400804 0.4311360716819763 0
1634263401259 0.43927961587905884 0
1634263401713 0.4252937436103821 0
1634263402169 0.3943386673927307 0
1634263404018 0.3812682628631592 0
1634263404474 0.37570205330848694 0
1634263404937 0.3895445168018341 0
1634263405401 0.3877373933792114 0
1634263405863 0.40797489881515503 0
1634263406321 0.4399210214614868 0
1634263406777 0.47330543398857117 0
1634263407234 0.40519121289253235 0
1634263407712 0.3763955235481262 0
1634263408181 0.36774760484695435 0
1634263408649 0.4359050393104553 0
1634263409131 0.3961879312992096 0
1634263409589 0.3624860644340515 0
1634263410045 0.34656888246536255 0
1634263410502 0.3679753839969635 0
1634263410957 0.39115798473358154 0
1634263411412 0.40970760583877563 0
1634263411865 0.38562387228012085 0
1634263412322 0.38350343704223633 0
1634263412782 0.3934319317340851 0
1634263414625 0.37798112630844116 0
1634263415082 0.3911585807800293 0
1634263415541 0.35967057943344116 0
1634263416007 0.3753701150417328 0
1634263416486 0.3963586986064911 0
1634263416954 0.4671819806098938 0
1634263417416 0.4654139280319214 0
1634263417890 0.3872285783290863 0
1634263418355 0.40795934200286865 0
1634263418844 0.3855285048484802 0
1634263419341 0.37645065784454346 0
1634263419810 0.4212656021118164 0
1634263420280 0.3767642676830292 0
1634263420742 0.34599387645721436 0
1634263421204 0.3620280623435974 0
1634263421662 0.3799995481967926 0
1634263422130 0.3686545491218567 0
1634263422595 0.35327208042144775 0
1634263423069 0.3563944101333618 0
1634263423533 0.37600821256637573 0
1634263425414 0.3853103816509247 0
1634263425887 0.41462957859039307 0
1634263426357 0.41197362542152405 0
1634263426829 0.3653632402420044 0
1634263427301 0.356536865234375 0
1634263427781 0.35709646344184875 0
1634263428253 0.4571104347705841 0
1634263428718 0.44909876585006714 0
1634263429196 0.3770492672920227 0
1634263429657 0.34764009714126587 0
1634263430111 0.38001447916030884 0
1634263430566 0.4512607455253601 0
1634263431023 0.3805781900882721 0
1634263431479 0.36634984612464905 0
1634263431938 0.36757051944732666 0
1634263432418 0.36510705947875977 0
1634263432895 0.3558986186981201 0
1634263433362 0.3862042725086212 0
1634263433817 0.3700159192085266 0
1634263434272 0.3367210030555725 0
1634263436103 0.34406548738479614 0
1634263436557 0.3797025978565216 0
1634263437015 0.4206780195236206 0
1634263437469 0.39114266633987427 0
1634263437923 0.3368660807609558 0
1634263438378 0.33730530738830566 0
1634263438862 0.3598283529281616 0
1634263439342 0.41169893741607666 0
1634263439814 0.387572318315506 0
1634263440270 0.3725561499595642 0
1634263440746 0.33484384417533875 0
1634263441202 0.34064531326293945 0
1634263441656 0.3668334484100342 0
1634263442110 0.41097164154052734 0
1634263442565 0.3637079894542694 0
1634263443019 0.3246168792247772 0
1634263443500 0.31391197443008423 0
1634263443953 0.349543958902359 0
1634263444408 0.3627687096595764 0
1634263444863 0.3643682301044464 0
1634263446878 0.3408980667591095 0
1634263447334 0.3207929730415344 0
1634263447788 0.325344055891037 0
1634263448259 0.4024251699447632 0
1634263448741 0.3553658723831177 0
1634263449201 0.3302839994430542 0
1634263449675 0.3173293471336365 0
1634263450128 0.33199262619018555 0
1634263450607 0.3589366674423218 0
1634263451068 0.8311120271682739 0
1634263451543 0.4730168581008911 0
1634263452010 0.46563830971717834 0
1634263452470 0.4115208387374878 0
1634263452925 0.420267254114151 0
1634263453378 0.3852936029434204 0
1634263453835 0.3732394874095917 0
1634263454312 0.3949262201786041 0
1634263454780 0.42890819907188416 0
1634263455236 0.35367703437805176 0
1634263455695 0.3312082886695862 0
1634263457553 0.32962214946746826 0
1634263458034 0.33047452569007874 0
1634263458494 0.43611612915992737 0
1634263458948 0.3779553174972534 0
1634263459418 0.3417959213256836 0
1634263459874 0.34888672828674316 0
1634263460336 0.37503552436828613 0
1634263460808 0.4095476567745209 0
1634263461266 0.33627939224243164 0
1634263461748 0.31301185488700867 0
1634263462206 0.3140257000923157 0
1634263462661 0.36923494935035706 0
1634263463137 0.3884284198284149 0
1634263463608 0.33774811029434204 0
1634263464063 0.31126275658607483 0
1634263464523 0.31319499015808105 0
1634263464976 0.3258613049983978 0
1634263465431 0.31794413924217224 0
1634263465884 0.34094735980033875 0
1634263466339 0.30414000153541565 0
1634263468182 0.3105316162109375 0
1634263468637 0.3163263499736786 0
1634263469091 0.3502342700958252 0
1634263469545 0.34899774193763733 0
1634263469999 0.3325155973434448 0
1634263470456 0.30149126052856445 0
1634263470910 0.2847612798213959 0
1634263471370 0.3073151111602783 0
1634263471828 0.31965014338493347 0
1634263472282 0.3383546769618988 0
1634263472738 0.3319512605667114 0
1634263473192 0.3122067153453827 0
1634263473647 0.3152996599674225 0
1634263474104 0.32707279920578003 0
1634263474560 0.3783188462257385 0
1634263475014 0.32683417201042175 0
1634263475473 0.3096921145915985 0
1634263475927 0.3037974536418915 0
1634263476383 0.28695258498191833 0
1634263476839 0.33695265650749207 0
1634263478683 0.3233392536640167 0
1634263479139 0.31432026624679565 0
1634263479594 0.32696956396102905 0
1634263480049 0.3092261552810669 0
1634263480516 0.3166845142841339 0
1634263480985 0.3287721872329712 0
1634263481442 0.30966880917549133 0
1634263481900 0.30413728952407837 0
1634263482371 0.2965022325515747 0
1634263482839 0.30886223912239075 0
1634263483315 0.34995558857917786 0
1634263483786 0.3162420094013214 0
1634263484268 0.2880634069442749 0
1634263484736 0.29156094789505005 0
1634263485198 0.2752153277397156 0
1634263485664 0.302602082490921 0
1634263486151 0.3005254566669464 0
1634263486633 0.2966107130050659 0
1634263487088 0.28789740800857544 0
1634263487544 0.31224527955055237 0
1634263489386 0.28612399101257324 0
1634263489851 0.28008580207824707 0
1634263490308 0.28911617398262024 0
1634263490771 0.3242042660713196 0
1634263491231 0.3925711512565613 0
1634263491704 0.3976386487483978 0
1634263492170 0.3678393065929413 0
1634263492625 0.3060164153575897 0
1634263493085 0.3058393597602844 0
1634263493552 0.31879734992980957 0
1634263494020 0.30058255791664124 0
1634263494487 0.30952829122543335 0
1634263494944 0.286725789308548 0
1634263495416 0.2751389741897583 0
1634263495883 0.2693553566932678 0
1634263496345 0.2855186462402344 0
1634263496802 0.2901967763900757 0
1634263497258 0.28729286789894104 0
1634263497715 0.28232359886169434 0
1634263498169 0.31014007329940796 0
1634263500019 0.26930418610572815 0
1634263500474 0.2821221947669983 0
1634263500930 0.28289708495140076 0
1634263501390 0.2773858308792114 0
1634263501869 0.278354287147522 0
1634263502323 0.2944660782814026 0
1634263502787 0.28520888090133667 0
1634263503252 0.30418816208839417 0
1634263503714 0.3201660215854645 0
1634263504179 0.32522279024124146 0
1634263504637 0.3029722571372986 0
1634263505103 0.2814277410507202 0
1634263505568 0.27204039692878723 0
1634263506023 0.30339038372039795 0
1634263506482 0.3377683460712433 0
1634263506951 0.29589343070983887 0
1634263507406 0.27665120363235474 0
1634263507870 0.27431002259254456 0
1634263508326 0.27949589490890503 0
1634263508788 0.2759529948234558 0
1634263510803 0.3034164309501648 0
1634263511263 0.3064919114112854 0
1634263511737 0.28706616163253784 0
1634263512205 0.2589177191257477 0
1634263512681 0.26547837257385254 0
1634263513159 0.2932468354701996 0
1634263513614 0.321887731552124 0
1634263514072 0.290895015001297 0
1634263514528 0.2659250497817993 0
1634263514982 0.25832319259643555 0
1634263515437 0.2632746696472168 0
1634263515891 0.25789815187454224 0
1634263516345 0.2760453224182129 0
1634263516800 0.2671569287776947 0
1634263517257 0.26471376419067383 0
1634263517732 0.2513620853424072 0
1634263518191 0.265828013420105 0
1634263518653 0.27335256338119507 0
1634263519112 0.2915148138999939 0
1634263519574 0.26815396547317505 0
1634263521410 0.2620728611946106 0
1634263521865 0.25917020440101624 0
1634263522318 0.25033313035964966 0
1634263522773 0.24560637772083282 0
1634263523243 0.2488728016614914 0
1634263523699 0.2656053304672241 0
1634263524153 0.25840458273887634 0
1634263524611 0.2656283676624298 0
1634263525070 0.26357966661453247 0
1634263525538 0.2822261154651642 0
1634263526008 0.27875590324401855 0
1634263526463 0.2720290720462799 0
1634263526919 0.26720747351646423 0
1634263527374 0.2679745554924011 0
1634263527831 0.2787402272224426 0
1634263528306 0.271857887506485 0
1634263528777 0.2693910598754883 0
1634263529233 0.28278252482414246 0
1634263529704 0.27567586302757263 0
1634263530177 0.28647541999816895 0
1634263532022 0.26552459597587585 0
1634263532494 0.2608470916748047 0
1634263532969 0.25275442004203796 0
1634263533438 0.2788798213005066 0
1634263533897 0.27458932995796204 0
1634263534378 0.25051143765449524 0
1634263534836 0.23483794927597046 0
1634263535303 0.24118997156620026 0
1634263535770 0.26477041840553284 0
1634263536241 0.24691493809223175 0
1634263536711 0.23705154657363892 0
1634263537181 0.2510804235935211 0
1634263537654 0.27606457471847534 0
1634263538117 0.2564980387687683 0
1634263538587 0.24635934829711914 0
1634263539057 0.24059133231639862 0
1634263539534 0.2554156184196472 0
1634263540004 0.25439542531967163 0
1634263540471 0.26002320647239685 0
1634263540946 0.25484633445739746 0
1634263542822 0.2544153928756714 0
1634263543315 0.26328301429748535 0
1634263543798 0.2485312670469284 0
1634263544291 0.24530576169490814 0
1634263544753 0.2481878101825714 0
1634263545233 0.2534073293209076 0
1634263545687 0.26815229654312134 0
1634263546155 0.2486739158630371 0
1634263546620 0.2307700514793396 0
1634263547092 0.22586402297019958 0
1634263547581 0.24072520434856415 0
1634263548060 0.2763974070549011 0
1634263548549 0.2582653760910034 0
1634263549017 0.2418912947177887 0
1634263549478 0.24267332255840302 0
1634263549940 0.21879175305366516 0
1634263550403 0.22924117743968964 0
1634263550868 0.24099132418632507 0
1634263551329 0.25557011365890503 0
1634263551805 0.2500426173210144 0
1634263553653 0.2535897493362427 0
1634263554131 0.2374573051929474 0
1634263554587 0.2331550568342209 0
1634263555048 0.22428196668624878 0
1634263555515 0.23559808731079102 0
1634263555973 0.23149453103542328 0
1634263556437 0.2305862456560135 0
1634263556896 0.2528817057609558 0
1634263557355 0.25911322236061096 0
1634263557822 0.23748958110809326 0
1634263558290 0.24102601408958435 0
1634263558755 0.23565052449703217 0
1634263559230 0.23530763387680054 0
1634263559702 0.23279491066932678 0
1634263560173 0.2437455952167511 0
1634263560636 0.23862987756729126 0
1634263561110 0.23584111034870148 0
1634263561579 0.2223658710718155 0
1634263562048 0.22262096405029297 0
1634263562519 0.2386833131313324 0
1634263564367 0.2519974708557129 0
1634263564837 0.22495508193969727 0
1634263565292 0.2141776978969574 0
1634263565745 0.22335460782051086 0
1634263566215 0.24198976159095764 0
1634263566689 0.22407115995883942 0
1634263567158 0.2233804613351822 0
1634263567615 0.21972575783729553 0
1634263568084 0.23037275671958923 0
1634263568576 0.2233414351940155 0
1634263569048 0.23192191123962402 0
1634263569503 0.2441970854997635 0
1634263569973 0.2382102906703949 0
1634263570428 0.228615403175354 0
1634263570900 0.22434042394161224 0
1634263571365 0.23784859478473663 0
1634263571843 0.2340906858444214 0
1634263572312 0.23536744713783264 0
1634263572792 0.22859357297420502 0
1634263573253 0.23462903499603271 0
1634263575105 0.24087658524513245 0
1634263575590 0.23630470037460327 0
1634263576053 0.2353525161743164 0
1634263576518 0.22893594205379486 0
1634263576975 0.22913657128810883 0
1634263577437 0.23415260016918182 0
1634263577906 0.24160659313201904 0
1634263578372 0.23913979530334473 0
1634263578829 0.2317221760749817 0
1634263579284 0.21998508274555206 0
1634263579752 0.22895722091197968 0
1634263580219 0.2377646267414093 0
1634263580684 0.2345198690891266 0
1634263581155 0.22168713808059692 0
1634263581631 0.21718543767929077 0
1634263582097 0.2221411168575287 0
1634263582562 0.23659318685531616 0
1634263583043 0.23087647557258606 0
1634263583531 0.21600830554962158 0
1634263584006 0.2114611566066742 0
1634263586077 0.2235967516899109 0
1634263586552 0.24571813642978668 0
1634263587006 0.21764424443244934 0
1634263587465 0.21305768191814423 0
1634263587923 0.21864289045333862 0
1634263588379 0.23851421475410461 0
1634263588834 0.21798855066299438 0
1634263589307 0.2212667614221573 0
1634263589772 0.21905235946178436 0
1634263590232 0.22688232362270355 0
1634263590682 0.20932751893997192 0
1634263591146 0.21505369246006012 0
1634263591603 0.2126498520374298 0
1634263592059 0.2136790007352829 0
1634263592523 0.20808391273021698 0
1634263592980 0.213622584939003 0
1634263593455 0.21241070330142975 0
1634263593937 0.22304563224315643 0
1634263594382 0.2230316698551178 0
1634263594849 0.21198096871376038 0
1634263596814 0.21333710849285126 0
1634263597288 0.22135017812252045 0
1634263597755 0.2217312455177307 0
1634263598230 0.2089242786169052 0
1634263598687 0.21178723871707916 0
1634263599140 0.21920078992843628 0
1634263599619 0.22599828243255615 0
1634263600080 0.21823221445083618 0
1634263600549 0.20457351207733154 0
1634263601006 0.21317465603351593 0
1634263601448 0.21053162217140198 0
1634263601916 0.21950475871562958 0
1634263602370 0.20760275423526764 0
1634263602827 0.22609233856201172 0
1634263603281 0.20861604809761047 0
1634263603731 0.21183378994464874 0
1634263604193 0.20760184526443481 0
1634263604646 0.21642832458019257 0
1634263605120 0.2067139446735382 0
1634263605577 0.21657319366931915 0
1634263607417 0.20855459570884705 0
1634263607866 0.2087436318397522 0
1634263608333 0.20999488234519958 0
1634263608806 0.2218000590801239 0
1634263609261 0.2186221182346344 0
1634263609723 0.19693207740783691 0
1634263610181 0.28524452447891235 0
1634263610644 0.21149110794067383 0
1634263611116 0.21112960577011108 0
1634263611573 0.20546600222587585 0
1634263612037 0.20366759598255157 0
1634263612495 0.21381980180740356 0
1634263612961 0.2197265625 0
1634263613409 0.22382977604866028 0
1634263613873 0.20297615230083466 0
1634263614330 0.20495258271694183 0
1634263614794 0.20771074295043945 0
1634263615257 0.2113003432750702 0
1634263615718 0.20167657732963562 0
1634263616185 0.19959509372711182 0
1634263618030 0.20279346406459808 0
1634263618476 0.21444624662399292 0
1634263618942 0.2105942964553833 0
1634263619396 0.19552014768123627 0
1634263619849 0.2136237770318985 0
1634263620306 0.2052060067653656 0
1634263620760 0.20896165072917938 0
1634263621215 0.19618132710456848 0
1634263621676 0.20187893509864807 0
1634263622149 0.20164614915847778 0
1634263622609 0.20712153613567352 0
1634263623066 0.19825997948646545 0
1634263623543 0.19603747129440308 0
1634263623996 0.20282131433486938 0
1634263624446 0.20197415351867676 0
1634263624900 0.19935879111289978 0
1634263625356 0.19812269508838654 0
1634263625809 0.19982777535915375 0
1634263626277 0.20330142974853516 0
1634263626728 0.1994386613368988 0
1634263628523 0.1957588791847229 0
1634263628977 0.19222305715084076 0
1634263629430 0.20389454066753387 0
1634263629899 0.20575153827667236 0
1634263630353 0.20433373749256134 0
1634263630807 0.1887059211730957 0
1634263631267 0.19036531448364258 0
1634263631743 0.20259201526641846 0
1634263632202 0.19572772085666656 0
1634263632666 0.19367612898349762 0
1634263633120 0.18858051300048828 0
1634263633594 0.19509541988372803 0
1634263634054 0.191318079829216 0
1634263634523 0.2007734626531601 0
1634263634977 0.19661667943000793 0
1634263635446 0.20070098340511322 0
1634263635910 0.18839971721172333 0
1634263636375 0.19321763515472412 0
1634263636839 0.18706800043582916 0
1634263637294 0.19904404878616333 0
1634263639116 0.19372645020484924 0
1634263639575 0.19454753398895264 0
1634263640038 0.18994174897670746 0
1634263640477 0.19709685444831848 0
1634263640944 0.20656199753284454 0
1634263641407 0.19720612466335297 0
1634263641846 0.19296839833259583 0
1634263642317 0.19421985745429993 0
1634263642774 0.19936603307724 0
1634263643255 0.19542869925498962 0
1634263643727 0.1920127272605896 0
1634263644183 0.19518014788627625 0
1634263644637 0.19827687740325928 0
1634263645094 0.19189932942390442 0
1634263645548 0.18935143947601318 0
1634263646015 0.1884748786687851 0
1634263646478 0.19460448622703552 0
1634263646940 0.19374197721481323 0
1634263647382 0.18659545481204987 0
1634263647835 0.18492750823497772 0
1634263649653 0.19010740518569946 0
1634263650127 0.19354939460754395 0
1634263650584 0.18611979484558105 0
1634263651038 0.18641828000545502 0
1634263651501 0.19057714939117432 0
1634263651967 0.19103743135929108 0
1634263652421 0.18790075182914734 0
1634263652874 0.18474984169006348 0
1634263653344 0.18402113020420074 0
1634263653783 0.19422291219234467 0
1634263654251 0.1880660355091095 0
1634263654704 0.1811354160308838 0
1634263655148 0.1770925670862198 0
1634263655601 0.1798558235168457 0
1634263656094 0.18535703420639038 0
1634263656561 0.18775396049022675 0
1634263657015 0.17869098484516144 0
1634263657477 0.18396607041358948 0
1634263657930 0.18302039802074432 0
1634263658386 0.19492849707603455 0
1634263660199 0.1854240745306015 0
1634263660652 0.19158893823623657 0
1634263661109 0.18324682116508484 0
1634263661564 0.18759775161743164 0
1634263662018 0.17995288968086243 0
1634263662488 0.18403635919094086 0
1634263662942 0.1770123988389969 0
1634263663416 0.18272867798805237 0
1634263663896 0.17702502012252808 0
1634263664358 0.18085157871246338 0
1634263664813 0.17489822208881378 0
1634263665268 0.17856724560260773 0
1634263665745 0.17310412228107452 0
1634263666214 0.1774282604455948 0
1634263666664 0.1744600534439087 0
1634263667146 0.17841637134552002 0
1634263667604 0.17379367351531982 0
1634263668059 0.17898809909820557 0
1634263668515 0.17381809651851654 0
1634263668998 0.17531155049800873 0
1634263670826 0.17310091853141785 0
1634263671295 0.18156659603118896 0
1634263671763 0.17185771465301514 0
1634263672233 0.1714758723974228 0
1634263672687 0.1756509244441986 0
1634263673142 0.17956635355949402 0
1634263673613 0.1775352954864502 0
1634263674084 0.17143778502941132 0
1634263674548 0.17222696542739868 0
1634263675019 0.17156504094600677 0
1634263675460 0.17545247077941895 0
1634263675941 0.17059877514839172 0
1634263676397 0.17005480825901031 0
1634263676851 0.1689324975013733 0
1634263677315 0.17245487868785858 0
1634263677789 0.16915583610534668 0
1634263678252 0.1697167158126831 0
1634263678711 0.1692994087934494 0
1634263679152 0.17402932047843933 0
1634263679622 0.17537979781627655 0
1634263681793 0.17972393333911896 0
1634263682244 0.17484037578105927 0
1634263682689 0.17058810591697693 0
1634263683152 0.16991132497787476 0
1634263683614 0.1738518625497818 0
1634263684067 0.172320157289505 0
1634263684524 0.17178499698638916 0
1634263684987 0.16862772405147552 0
1634263685438 0.17230430245399475 0
1634263685906 0.17033806443214417 0
1634263686368 0.1732477843761444 0
1634263686822 0.16751326620578766 0
1634263687291 0.17176327109336853 0
1634263687749 0.16907891631126404 0
1634263688218 0.18093647062778473 0
1634263688673 0.1701517254114151 0
1634263689152 0.1723608672618866 0
1634263689623 0.17045676708221436 0
1634263690086 0.1768885850906372 0
1634263690556 0.16872304677963257 0
1634263692439 0.17004983127117157 0
1634263692890 0.16731947660446167 0
1634263693351 0.17177444696426392 0
1634263693819 0.1683480143547058 0
1634263694296 0.16937729716300964 0
1634263694750 0.1635441780090332 0
1634263695206 0.16713127493858337 0
1634263695671 0.16410186886787415 0
1634263696128 0.1673429310321808 0
1634263696592 0.16324210166931152 0
1634263697049 0.1662258505821228 0
1634263697499 0.16382364928722382 0
1634263697966 0.16756576299667358 0
1634263698420 0.1626155525445938 0
1634263698886 0.16587761044502258 0
1634263699358 0.16218826174736023 0
1634263699813 0.16414207220077515 0
1634263700275 0.16040483117103577 0
1634263700729 0.16236239671707153 0
1634263701186 0.16153575479984283 0
1634263703041 0.16309060156345367 0
1634263703500 0.16000071167945862 0
1634263703969 0.1639082282781601 0
1634263704429 0.15992066264152527 0
1634263704888 0.16078847646713257 0
1634263705345 0.16159340739250183 0
1634263705799 0.16140389442443848 0
1634263706252 0.1598113626241684 0
1634263706707 0.1602982133626938 0
1634263707160 0.1613134741783142 0
1634263707614 0.1603139191865921 0
1634263708067 0.16168586909770966 0
1634263708524 0.1609628051519394 0
1634263708978 0.16304008662700653 0
1634263709431 0.15915437042713165 0
1634263709878 0.162336528301239 0
1634263710341 0.1592312902212143 0
1634263710795 0.16340455412864685 0
1634263711248 0.15889981389045715 0
1634263711705 0.16226576268672943 0
1634263713568 0.15880045294761658 0
1634263714038 0.16133826971054077 0
1634263714494 0.15723304450511932 0
1634263714948 0.15848369896411896 0
1634263715398 0.1560046374797821 0
1634263715852 0.15879753232002258 0
1634263716312 0.15587079524993896 0
1634263716761 0.1577547937631607 0
1634263717214 0.1545560657978058 0
1634263717683 0.1563890427350998 0
1634263718151 0.15314055979251862 0
1634263718609 0.15589426457881927 0
1634263719101 0.1546868532896042 0
1634263719554 0.157538503408432 0
1634263720008 0.15510299801826477 0
1634263720462 0.1559455543756485 0
1634263720918 0.15337014198303223 0
1634263721383 0.15458141267299652 0
1634263721825 0.1527979075908661 0
1634263722296 0.15372513234615326 0
1634263724200 0.15164059400558472 0
1634263724655 0.15301688015460968 0
1634263725110 0.15205954015254974 0
1634263725581 0.1534816026687622 0
1634263726037 0.15205234289169312 0
1634263726509 0.15340159833431244 0
1634263726983 0.15174296498298645 0
1634263727442 0.15375158190727234 0
1634263727903 0.15171560645103455 0
1634263728361 0.15209612250328064 0
1634263728815 0.1500883847475052 0
1634263729267 0.15081091225147247 0
1634263729763 0.1499917358160019 0
1634263730235 0.15059083700180054 0
1634263730707 0.1496477723121643 0
1634263731182 0.1502869725227356 0
1634263731655 0.1495313048362732 0
1634263732116 0.1504898965358734 0
1634263732575 0.150206059217453 0
1634263733047 0.1500367373228073 0
1634263735002 0.14908170700073242 0
1634263735484 0.14940282702445984 0
1634263735942 0.14979776740074158 0
1634263736425 0.14859811961650848 0
1634263736900 0.14879122376441956 0
1634263737364 0.14833751320838928 0
1634263737820 0.1492760330438614 0
1634263738278 0.1489763855934143 0
1634263738735 0.15110903978347778 0
1634263739201 0.14982368052005768 0
1634263739666 0.15144096314907074 0
1634263740126 0.14993804693222046 0
1634263740591 0.15106827020645142 0
1634263741050 0.14884208142757416 0
1634263741517 0.14859476685523987 0
1634263741981 0.14748072624206543 0
1634263742458 0.14809666574001312 0
1634263742912 0.1475403904914856 0
1634263743369 0.1481187492609024 0
1634263743850 0.14725811779499054 0
1634263745708 0.1476295441389084 0
1634263746160 0.14708957076072693 0
1634263746624 0.14785020053386688 0
1634263747079 0.14687928557395935 0
1634263747519 0.14733216166496277 0
1634263747988 0.14627651870250702 0
1634263748443 0.14666561782360077 0
1634263748899 0.14607690274715424 0
1634263749354 0.14654789865016937 0
1634263749811 0.14581787586212158 0
1634263750264 0.14601361751556396 0
1634263750723 0.14545032382011414 0
1634263751181 0.1458810418844223 0
1634263751637 0.14566634595394135 0
1634263752099 0.14596915245056152 0
1634263752557 0.14569206535816193 0
1634263753029 0.14589105546474457 0
1634263753485 0.14511175453662872 0
1634263753939 0.14525745809078217 0
1634263754391 0.14473488926887512 0
1634263756262 0.14453086256980896 0
1634263756734 0.14422613382339478 0
1634263757205 0.14432354271411896 0
1634263757658 0.14428779482841492 0
1634263758123 0.14444831013679504 0
1634263758578 0.14442798495292664 0
1634263759040 0.14467549324035645 0
1634263759515 0.1445038914680481 0
1634263759985 0.1445799171924591 0
1634263760453 0.14463628828525543 0
1634263760925 0.144593745470047 0
1634263761384 0.14424628019332886 0
1634263761885 0.1441613733768463 0
1634263762353 0.14410972595214844 0
1634263762839 0.14398293197155 0
1634263763308 0.14389103651046753 0
1634263763761 0.1441701352596283 0
1634263764227 0.1460183560848236 0
1634263764696 0.14562168717384338 0
1634263765151 0.1450265347957611 0
1634263767013 0.1442473977804184 0
1634263767469 0.1439749300479889 0
1634263767942 0.14383447170257568 0
1634263768413 0.14375191926956177 0
1634263768871 0.14371022582054138 0
1634263769322 0.1435992419719696 0
1634263769792 0.14355508983135223 0
1634263770247 0.14351940155029297 0
1634263770716 0.14348217844963074 0
1634263771186 0.1434994339942932 0
1634263771655 0.14344385266304016 0
1634263772133 0.14338435232639313 0
1634263772587 0.14338842034339905 0
1634263773040 0.14333096146583557 0
1634263773495 0.14330601692199707 0
1634263773949 0.1432790458202362 0
1634263774416 0.14327356219291687 0
1634263774886 0.1432490050792694 0
1634263775354 0.14322704076766968 0
1634263775819 0.14319731295108795 0
1634263777682 0.14321526885032654 0
1634263778160 0.14317429065704346 0
1634263778615 0.1431516408920288 0
1634263779087 0.14312949776649475 0
1634263779534 0.14312395453453064 0
1634263779997 0.14313174784183502 0
1634263780455 0.1431068629026413 0
1634263780935 0.1430923491716385 0
1634263781397 0.14307847619056702 0
1634263781853 0.1430685967206955 0
1634263782318 0.14305415749549866 0
1634263782779 0.1430467665195465 0
1634263783233 0.14304205775260925 0
1634263783693 0.1430382877588272 0
1634263784149 0.14303642511367798 0
1634263784613 0.14303137362003326 0
1634263785081 0.1430256962776184 0
1634263785535 0.14302246272563934 0
1634263786007 0.14302146434783936 0
