1634263252435 7.465238571166992 0
1634263254332 6.410178184509277 0
1634263254801 4.764730930328369 0
1634263255270 6.319461345672607 0
1634263255742 4.363648414611816 0
1634263256215 5.190191745758057 0
1634263256675 3.7989747524261475 0
1634263257135 5.07897424697876 0
1634263257611 5.733857154846191 0
1634263258077 3.5452842712402344 0
1634263258549 5.5388407707214355 0
1634263259022 4.141793727874756 0
1634263259493 4.19175386428833 0
1634263259958 4.140202522277832 0
1634263260433 4.746451377868652 0
1634263260917 4.794020175933838 0
1634263261394 4.85111141204834 0
1634263261872 5.586972713470459 0
1634263262340 5.577822685241699 0
1634263262794 4.848246097564697 0
1634263263249 4.836909294128418 0
1634263265140 5.510391712188721 0
1634263265627 5.628395080566406 0
1634263266109 4.892722129821777 0
1634263266594 5.576534271240234 0
1634263267048 5.656703948974609 0
1634263267528 5.505400657653809 0
1634263268013 4.8286542892456055 0
1634263268484 4.0693230628967285 0
1634263268946 4.823330402374268 0
1634263269411 5.485537528991699 0
1634263269874 5.605774879455566 0
1634263270338 5.3608245849609375 0
1634263270804 4.874812126159668 0
1634263271267 4.035565376281738 0
1634263271731 3.4468955993652344 0
1634263272192 5.599440574645996 0
1634263272657 4.803864002227783 0
1634263273122 4.739213943481445 0
1634263273591 4.8624420166015625 0
1634263274056 5.4732441902160645 0
1634263275956 5.588651657104492 0
1634263276419 4.6711506843566895 0
1634263276882 4.7885661125183105 0
1634263277345 4.790002822875977 0
1634263277808 4.787087917327881 0
1634263278269 4.845149040222168 0
1634263278739 4.735119342803955 0
1634263279207 4.838863372802734 0
1634263279674 4.052226543426514 0
1634263280141 4.106759548187256 0
1634263280608 4.101999282836914 0
1634263281073 4.769639492034912 0
1634263281543 5.381925582885742 0
1634263282005 5.556545257568359 0
1634263282469 4.8263068199157715 0
1634263282937 4.8257927894592285 0
1634263283407 5.492570877075195 0
1634263283868 5.49121618270874 0
1634263284339 4.102809906005859 0
1634263284824 5.5568461418151855 0
1634263286700 4.816434383392334 0
1634263287162 4.782199382781982 0
1634263287624 4.812935829162598 0
1634263288087 4.747682571411133 0
1634263288555 4.742373943328857 0
1634263289023 4.108339786529541 0
1634263289510 4.801994323730469 0
1634263289981 4.676577568054199 0
1634263290436 4.065165042877197 0
1634263290910 4.000257968902588 0
1634263291388 4.728287696838379 0
1634263291854 4.056392192840576 0
1634263292319 4.784694671630859 0
1634263292779 3.994802474975586 0
1634263293232 3.9302287101745605 0
1634263293687 5.390192985534668 0
1634263294152 5.388245105743408 0
1634263294606 4.7137017250061035 0
1634263295060 5.510158061981201 0
1634263295507 5.505422592163086 0
1634263297438 3.353339195251465 0
1634263297887 4.768449783325195 0
1634263298342 4.771366596221924 0
1634263298795 5.431855201721191 0
1634263299249 4.642077445983887 0
1634263299702 4.6972222328186035 0
1634263300163 4.755710124969482 0
1634263300610 5.428382873535156 0
1634263301063 3.239600419998169 0
1634263301531 5.358864784240723 0
1634263301987 5.419768810272217 0
1634263302429 3.9546358585357666 0
1634263302883 4.685155391693115 0
1634263303337 4.683130264282227 0
1634263303806 4.620627403259277 0
1634263304259 4.74193000793457 0
1634263304713 5.470386028289795 0
1634263305166 5.3429484367370605 0
1634263305626 4.673077583312988 0
1634263306086 3.3090739250183105 0
1634263307911 4.605739593505859 0
1634263308381 5.336587905883789 0
1634263308837 5.397517204284668 0
1634263309296 3.932307720184326 0
1634263309783 4.7234649658203125 0
1634263310237 5.45184850692749 0
1634263310695 4.65406608581543 0
1634263311178 4.713042736053467 0
1634263311648 4.6547698974609375 0
1634263312101 3.197483539581299 0
1634263312570 4.7087016105651855 0
1634263313024 3.9156556129455566 0
1634263313493 3.851529598236084 0
1634263313961 5.309569358825684 0
1634263314416 5.431044578552246 0
1634263314870 4.638606071472168 0
1634263315339 4.696478366851807 0
1634263315793 3.9057679176330566 0
1634263316263 4.571354389190674 0
1634263316732 4.629702091217041 0
1634263318624 3.8995490074157715 0
1634263319096 3.900672197341919 0
1634263319555 5.412423133850098 0
1634263320011 5.291534423828125 0
1634263320476 4.622463226318359 0
1634263320946 4.680477142333984 0
1634263321433 3.9528417587280273 0
1634263321902 4.613381862640381 0
1634263322372 4.613789081573486 0
1634263322842 4.6117401123046875 0
1634263323311 5.348047256469727 0
1634263323765 4.665962219238281 0
1634263324227 3.933927536010742 0
1634263324695 3.933659076690674 0
1634263325165 5.329706192016602 0
1634263325634 5.388027191162109 0
1634263326102 4.536256313323975 0
1634263326557 5.200798511505127 0
1634263327031 5.261149883270264 0
1634263327484 4.655089378356934 0
1634263329334 3.258260726928711 0
1634263329781 3.8870584964752197 0
1634263330248 5.370426654815674 0
1634263330706 5.324373245239258 0
1634263331148 4.642284870147705 0
1634263331637 4.580078601837158 0
1634263332106 4.572864055633545 0
1634263332565 5.240528583526611 0
1634263333020 4.631523132324219 0
1634263333479 5.30183219909668 0
1634263333938 3.9004695415496826 0
1634263334405 5.234773635864258 0
1634263334863 4.625777244567871 0
1634263335304 5.296051979064941 0
1634263335783 4.624081611633301 0
1634263336246 4.556699275970459 0
1634263336705 4.555969715118408 0
1634263337163 5.222520351409912 0
1634263337617 3.8832955360412598 0
1634263338076 4.5485453605651855 0
1634263339901 4.544093132019043 0
1634263340362 4.544463634490967 0
1634263340830 4.479561805725098 0
1634263341308 4.479863166809082 0
1634263341786 4.601406097412109 0
1634263342246 5.204020023345947 0
1634263342706 4.594876289367676 0
1634263343170 4.472019195556641 0
1634263343628 5.137578010559082 0
1634263344079 3.8012328147888184 0
1634263344537 5.259007930755615 0
1634263345003 4.524119853973389 0
1634263345459 5.131602764129639 0
1634263345917 5.250507354736328 0
1634263346373 3.7878589630126953 0
1634263346840 3.785829782485962 0
1634263347296 5.184004783630371 0
1634263347756 5.307834148406982 0
1634263348223 4.573775291442871 0
1634263348679 4.444911003112793 0
1634263350567 4.564030647277832 0
1634263351039 3.1038854122161865 0
1634263351519 3.8514533042907715 0
1634263351981 5.172140598297119 0
1634263352447 3.770970106124878 0
1634263352908 3.824235200881958 0
1634263353364 3.8218579292297363 0
1634263353840 5.159482955932617 0
1634263354314 4.4899492263793945 0
1634263354791 3.815629720687866 0
1634263355263 5.2139434814453125 0
1634263355711 3.690566062927246 0
1634263356178 3.0837087631225586 0
1634263356633 4.542746067047119 0
1634263357090 3.8078556060791016 0
1634263357556 3.8082287311553955 0
1634263358019 4.413144111633301 0
1634263358493 4.474062442779541 0
1634263358955 5.200105667114258 0
1634263359400 4.344088554382324 0
1634263361278 4.463273525238037 0
1634263361766 5.135843276977539 0
1634263362225 5.255116939544678 0
1634263362681 5.131799697875977 0
1634263363177 3.099006175994873 0
1634263363646 5.186524391174316 0
1634263364128 5.249540328979492 0
1634263364616 3.784658908843994 0
1634263365103 3.7778587341308594 0
1634263365561 4.50830602645874 0
1634263366033 3.775923252105713 0
1634263366515 5.113654613494873 0
1634263366976 3.7695069313049316 0
1634263367421 5.170201778411865 0
1634263367891 4.49826717376709 0
1634263368347 5.166210174560547 0
1634263368812 4.436150074005127 0
1634263369276 4.434169292449951 0
1634263369745 5.220797061920166 0
1634263370197 3.698920249938965 0
1634263372014 3.7567508220672607 0
1634263372476 4.486789703369141 0
1634263372929 4.298434734344482 0
1634263373385 3.750415325164795 0
1634263373851 4.355224609375 0
1634263374311 3.7490079402923584 0
1634263374799 3.621047019958496 0
1634263375267 4.412054538726807 0
1634263375739 3.6796462535858154 0
1634263376193 4.345546722412109 0
1634263376661 5.199843406677246 0
1634263377138 5.13770055770874 0
1634263377597 5.135236740112305 0
1634263378076 4.39821195602417 0
1634263378572 3.6759033203125 0
1634263379029 3.66379451751709 0
1634263379510 5.066906929016113 0
1634263379987 3.5994579792022705 0
1634263380454 4.390725135803223 0
1634263380924 5.13653039932251 0
1634263382776 4.3869242668151855 0
1634263383243 3.713131904602051 0
1634263383704 5.171751022338867 0
1634263384168 3.650761127471924 0
1634263384634 4.925608158111572 0
1634263385105 5.04728364944458 0
1634263385573 4.377837181091309 0
1634263386045 5.109241485595703 0
1634263386519 4.429933547973633 0
1634263386976 3.640404224395752 0
1634263387432 4.304858207702637 0
1634263387906 3.636714220046997 0
1634263388368 5.031815528869629 0
1634263388845 5.156304359436035 0
1634263389302 4.362615585327148 0
1634263389756 3.6944940090179443 0
1634263390210 4.9658589363098145 0
1634263390664 3.623310089111328 0
1634263391120 4.352752685546875 0
1634263391576 4.35328483581543 0
1634263393502 4.351411819458008 0
1634263393956 4.349541187286377 0
1634263394411 5.078155517578125 0
1634263394888 4.345813751220703 0
1634263395345 5.134988307952881 0
1634263395799 5.070567607879639 0
1634263396254 2.9898681640625 0
1634263396707 5.020576000213623 0
1634263397162 4.272685527801514 0
1634263397616 4.27023458480835 0
1634263398070 2.8733479976654053 0
1634263398526 4.9357523918151855 0
1634263398982 4.326977729797363 0
1634263399438 4.99505615234375 0
1634263399895 5.11915922164917 0
1634263400351 4.260917663574219 0
1634263400805 5.052524566650391 0
1634263401260 4.987729072570801 0
1634263401714 4.985909938812256 0
1634263402171 4.251226425170898 0
1634263404020 4.314754962921143 0
1634263404476 4.247589588165283 0
1634263404939 2.908945322036743 0
1634263405403 5.039797782897949 0
1634263405865 5.096159934997559 0
1634263406322 4.30108642578125 0
1634263406779 4.969023704528809 0
1634263407236 4.358070373535156 0
1634263407713 4.356103420257568 0
1634263408182 4.298519611358643 0
1634263408650 4.294311046600342 0
1634263409133 4.899569511413574 0
1634263409591 5.023664474487305 0
1634263410047 4.289446830749512 0
1634263410503 4.224314212799072 0
1634263410958 2.8907999992370605 0
1634263411413 3.61374568939209 0
1634263411866 5.072960376739502 0
1634263412323 4.21978759765625 0
1634263412783 3.548007011413574 0
1634263414626 2.877345323562622 0
1634263415083 3.4815545082092285 0
1634263415542 3.605612277984619 0
1634263416009 4.329492092132568 0
1634263416488 4.33015251159668 0
1634263416955 4.329958915710449 0
1634263417418 4.327801704406738 0
1634263417892 4.327389717102051 0
1634263418356 4.323154449462891 0
1634263418846 4.200258731842041 0
1634263419343 4.8054656982421875 0
1634263419812 4.9272613525390625 0
1634263420282 4.318599224090576 0
1634263420743 4.98438024520874 0
1634263421205 4.313320636749268 0
1634263421664 4.2484331130981445 0
1634263422131 3.581394672393799 0
1634263422598 4.186445236206055 0
1634263423071 3.512950897216797 0
1634263423534 3.511073350906372 0
1634263425416 3.570316791534424 0
1634263425888 3.5098745822906494 0
1634263426359 4.175661087036133 0
1634263426831 3.507617712020874 0
1634263427303 4.232778072357178 0
1634263427783 4.231273651123047 0
1634263428255 4.294443607330322 0
1634263428719 4.292957305908203 0
1634263429197 4.1677422523498535 0
1634263429658 4.773108005523682 0
1634263430112 3.557997703552246 0
1634263430568 3.5557236671447754 0
1634263431025 4.89168119430542 0
1634263431481 2.8315200805664062 0
1634263431940 3.550931215286255 0
1634263432419 4.826106548309326 0
1634263432897 4.9489054679870605 0
1634263433364 4.8247456550598145 0
1634263433818 3.481383800506592 0
1634263434273 4.207526206970215 0
1634263436104 4.815212249755859 0
1634263436559 4.267154693603516 0
1634263437016 4.20733642578125 0
1634263437470 4.936156272888184 0
1634263437924 4.932099342346191 0
1634263438380 4.9304399490356445 0
1634263438863 4.198309898376465 0
1634263439343 4.864220142364502 0
1634263439816 4.864927768707275 0
1634263440271 4.258751392364502 0
1634263440747 4.924612522125244 0
1634263441204 4.250852584838867 0
1634263441657 3.3982656002044678 0
1634263442111 3.456733465194702 0
1634263442567 4.857541561126709 0
1634263443020 4.1836018562316895 0
1634263443501 4.181980609893799 0
1634263443954 4.24099063873291 0
1634263444409 3.5091333389282227 0
1634263444864 3.508267641067505 0
1634263446879 4.903809070587158 0
1634263447336 4.111047267913818 0
1634263447789 4.174831390380859 0
1634263448261 4.0472517013549805 0
1634263448742 3.4393110275268555 0
1634263449203 4.167501449584961 0
1634263449676 4.835852146148682 0
1634263450130 4.1619415283203125 0
1634263450608 3.4777233600616455 0
1634263451069 4.263284683227539 0
1634263451545 2.78737211227417 0
1634263452011 4.967924118041992 0
1634263452471 3.440990447998047 0
1634263452926 4.157691955566406 0
1634263453380 4.884126663208008 0
1634263453836 4.149676322937012 0
1634263454314 4.2110700607299805 0
1634263454781 4.151351451873779 0
1634263455237 4.08682107925415 0
1634263455696 4.145816802978516 0
1634263457555 4.083693981170654 0
1634263458036 2.1551661491394043 0
1634263458495 4.748388767242432 0
1634263458950 4.868390083312988 0
1634263459420 4.812489986419678 0
1634263459875 3.4233102798461914 0
1634263460337 4.866047382354736 0
1634263460810 4.8668951988220215 0
1634263461268 3.463186264038086 0
1634263461749 3.4612135887145996 0
1634263462207 4.925263404846191 0
1634263462663 4.92132568359375 0
1634263463139 4.065812110900879 0
1634263463610 4.061906814575195 0
1634263464065 4.060365200042725 0
1634263464524 4.120101451873779 0
1634263464977 4.848330497741699 0
1634263465432 4.851626396179199 0
1634263465886 3.450251817703247 0
1634263466340 4.91158390045166 0
1634263468184 4.114280700683594 0
1634263468638 4.7826433181762695 0
1634263469092 4.778732776641846 0
1634263469546 4.049248695373535 0
1634263470001 3.377312421798706 0
1634263470458 4.10676383972168 0
1634263470911 4.168215751647949 0
1634263471372 2.7064247131347656 0
1634263471829 3.3089351654052734 0
1634263472283 4.768331050872803 0
1634263472739 4.771665573120117 0
1634263473193 2.6981444358825684 0
1634263473648 3.426515817642212 0
1634263474106 3.362297773361206 0
1634263474561 3.300076961517334 0
1634263475015 4.0290093421936035 0
1634263475474 4.092911720275879 0
1634263475929 4.0890374183654785 0
1634263476384 3.368706464767456 0
1634263476840 4.146717548370361 0
1634263478685 3.2916524410247803 0
1634263479140 3.4158682823181152 0
1634263479595 4.018884181976318 0
1634263480050 4.080395698547363 0
1634263480518 3.2856943607330322 0
1634263480987 2.6169517040252686 0
1634263481443 3.3432374000549316 0
1634263481901 3.4047226905822754 0
1634263482372 4.012622356414795 0
1634263482840 4.739274024963379 0
1634263483316 4.803211688995361 0
1634263483787 4.068890571594238 0
1634263484270 4.0698628425598145 0
1634263484737 3.3963422775268555 0
1634263485200 4.067032814025879 0
1634263485666 2.667656898498535 0
1634263486153 4.792320728302002 0
1634263486634 2.660551071166992 0
1634263487089 4.061452388763428 0
1634263487545 4.853567600250244 0
1634263489387 4.053977012634277 0
1634263489852 3.9942526817321777 0
1634263490309 3.9928383827209473 0
1634263490772 1.9971046447753906 0
1634263491232 4.7269511222839355 0
1634263491706 3.412621021270752 0
1634263492171 4.813387870788574 0
1634263492627 3.3756377696990967 0
1634263493087 3.312601089477539 0
1634263493553 3.3765339851379395 0
1634263494021 4.040249824523926 0
1634263494489 4.0388689041137695 0
1634263494945 4.100454330444336 0
1634263495417 3.2450942993164062 0
1634263495885 4.0371413230896 0
1634263496346 4.829216003417969 0
1634263496803 4.034400939941406 0
1634263497259 3.239703416824341 0
1634263497716 4.094635963439941 0
1634263498170 4.700224876403809 0
1634263500020 4.819987773895264 0
1634263500476 4.697509765625 0
1634263500932 4.02864408493042 0
1634263501391 4.7577714920043945 0
1634263501870 4.756422996520996 0
1634263502324 4.689703464508057 0
1634263502789 4.020849704742432 0
1634263503254 4.812951564788818 0
1634263503716 2.6237270832061768 0
1634263504181 4.014459133148193 0
1634263504639 3.345712423324585 0
1634263505105 3.953652858734131 0
1634263505570 3.9499192237854004 0
1634263506024 3.281095266342163 0
1634263506483 4.012643814086914 0
1634263506953 3.2155117988586426 0
1634263507407 4.738081932067871 0
1634263507872 3.336642265319824 0
1634263508327 3.944413900375366 0
1634263508790 3.9431076049804688 0
1634263510804 4.795799732208252 0
1634263511264 4.731534481048584 0
1634263511739 4.667263984680176 0
1634263512206 4.605396747589111 0
1634263512682 4.060292720794678 0
1634263513161 4.72394323348999 0
1634263513616 4.725046634674072 0
1634263514073 3.9956915378570557 0
1634263514529 3.324558734893799 0
1634263514984 3.258364677429199 0
1634263515438 3.257012367248535 0
1634263515893 4.0496931076049805 0
1634263516346 3.317251205444336 0
1634263516801 3.9862334728240967 0
1634263517258 4.045110702514648 0
1634263517733 4.7750020027160645 0
1634263518192 3.251441478729248 0
1634263518654 3.9807229042053223 0
1634263519113 3.8557891845703125 0
1634263519575 3.9804766178131104 0
1634263521411 3.9768412113189697 0
1634263521866 3.245333194732666 0
1634263522320 4.704731464385986 0
1634263522774 4.766456127166748 0
1634263523245 3.9087958335876465 0
1634263523701 3.2400741577148438 0
1634263524155 4.034634113311768 0
1634263524612 4.028584957122803 0
1634263525072 3.2969257831573486 0
1634263525540 3.172243118286133 0
1634263526009 3.964323043823242 0
1634263526464 4.633003234863281 0
1634263526920 3.964268207550049 0
1634263527376 3.2303338050842285 0
1634263527833 3.961838722229004 0
1634263528308 3.897674560546875 0
1634263528778 3.89416241645813 0
1634263529234 3.9561235904693604 0
1634263529706 4.017702579498291 0
1634263530179 3.282710552215576 0
1634263532023 2.4943082332611084 0
1634263532495 3.9509665966033936 0
1634263532970 3.9521689414978027 0
1634263533439 4.009142875671387 0
1634263533898 3.8868188858032227 0
1634263534379 3.213383674621582 0
1634263534838 3.214534282684326 0
1634263535304 4.679091453552246 0
1634263535771 4.613194942474365 0
1634263536242 3.2717225551605225 0
1634263536712 4.001465797424316 0
1634263537183 4.735185623168945 0
1634263537655 4.003269672393799 0
1634263538119 3.2671399116516113 0
1634263538589 4.668442726135254 0
1634263539058 3.9973995685577393 0
1634263539536 4.605542182922363 0
1634263540006 3.99503755569458 0
1634263540473 3.9285311698913574 0
1634263540947 3.869196891784668 0
1634263542824 3.1976537704467773 0
1634263543316 3.927457571029663 0
1634263543800 3.2543506622314453 0
1634263544292 3.2529516220092773 0
1634263544755 4.596317768096924 0
1634263545235 4.71393346786499 0
1634263545689 3.85876202583313 0
1634263546156 4.651343822479248 0
1634263546622 3.189040422439575 0
1634263547094 2.521444320678711 0
1634263547583 3.8542582988739014 0
1634263548062 3.979074478149414 0
1634263548551 3.977944850921631 0
1634263549019 4.581358909606934 0
1634263549479 4.710982799530029 0
1634263549941 3.8510637283325195 0
1634263550405 3.1776952743530273 0
1634263550869 3.974754571914673 0
1634263551330 2.4460694789886475 0
1634263551806 1.8476841449737549 0
1634263553654 4.5762128829956055 0
1634263554133 4.638106346130371 0
1634263554589 3.8417811393737793 0
1634263555050 3.7795588970184326 0
1634263555517 4.574279308319092 0
1634263555974 4.633749961853027 0
1634263556439 2.5022757053375244 0
1634263556897 4.631600856781006 0
1634263557356 3.958237409591675 0
1634263557823 3.9572455883026123 0
1634263558291 4.630768775939941 0
1634263558756 3.7709460258483887 0
1634263559231 3.160611152648926 0
1634263559704 4.6857805252075195 0
1634263560174 4.687052249908447 0
1634263560638 3.9555087089538574 0
1634263561111 3.886747360229492 0
1634263561581 3.948861598968506 0
1634263562049 3.8263943195343018 0
1634263562521 4.618895053863525 0
1634263564369 3.8849024772644043 0
1634263564838 3.9468812942504883 0
1634263565293 3.7592318058013916 0
1634263565747 4.614620208740234 0
1634263566216 3.9436254501342773 0
1634263566691 3.944990873336792 0
1634263567159 3.815657138824463 0
1634263567617 3.816957950592041 0
1634263568085 4.548788547515869 0
1634263568578 3.2072787284851074 0
1634263569049 3.8744215965270996 0
1634263569505 4.482748508453369 0
1634263569974 3.9353766441345215 0
1634263570429 3.8713979721069336 0
1634263570902 3.87035870552063 0
1634263571367 4.599966526031494 0
1634263571844 4.538269996643066 0
1634263572313 3.806748628616333 0
1634263572793 3.866644859313965 0
1634263573254 3.1324782371520996 0
1634263575106 3.0708887577056885 0
1634263575592 4.530799388885498 0
1634263576055 3.7993226051330566 0
1634263576520 4.591794013977051 0
1634263576977 3.8602957725524902 0
1634263577439 3.1288650035858154 0
1634263577907 3.7953546047210693 0
1634263578373 4.4666852951049805 0
1634263578830 3.914950132369995 0
1634263579285 4.648968696594238 0
1634263579753 3.9173593521118164 0
1634263580220 3.7298927307128906 0
1634263580685 3.122204542160034 0
1634263581156 3.182018995285034 0
1634263581633 3.8505265712738037 0
1634263582099 3.78898024559021 0
1634263582564 4.455643177032471 0
1634263583044 4.581066131591797 0
1634263583533 3.907928228378296 0
1634263584007 3.9088010787963867 0
1634263586077 2.4515743255615234 0
1634263586554 2.44366455078125 0
1634263587006 4.512775421142578 0
1634263587466 3.8395237922668457 0
1634263587924 4.63690185546875 0
1634263588379 3.842458963394165 0
1634263588834 4.446091175079346 0
1634263589308 3.7752652168273926 0
1634263589774 3.8372766971588135 0
1634263590234 3.0430984497070312 0
1634263590682 3.168149948120117 0
1634263591147 3.89741849899292 0
1634263591604 4.503572463989258 0
1634263592060 4.502554416656494 0
1634263592525 4.628575325012207 0
1634263592980 3.161083221435547 0
1634263593456 3.1602632999420166 0
1634263593938 3.7660603523254395 0
1634263594382 3.16059947013855 0
1634263594851 3.0945827960968018 0
1634263596816 4.556698799133301 0
1634263597289 3.1555066108703613 0
1634263597757 4.491950035095215 0
1634263598232 4.558807373046875 0
1634263598689 3.8226370811462402 0
1634263599142 3.821732759475708 0
1634263599620 4.619086742401123 0
1634263600081 3.0267791748046875 0
1634263600551 3.8166933059692383 0
1634263601008 3.8181838989257812 0
1634263601463 3.8173153400421143 0
1634263601918 3.87939190864563 0
1634263602371 3.0842347145080566 0
1634263602829 4.487008094787598 0
1634263603282 4.607262134552002 0
1634263603731 4.482880115509033 0
1634263604195 2.4121408462524414 0
1634263604648 3.1413960456848145 0
1634263605122 4.543272972106934 0
1634263605578 3.809579372406006 0
1634263607419 3.0157322883605957 0
1634263607866 3.8078980445861816 0
1634263608335 4.600467205047607 0
1634263608808 3.7456164360046387 0
1634263609262 4.601194858551025 0
1634263609724 2.36368465423584 0
1634263610181 3.6803507804870605 0
1634263610646 3.80148983001709 0
1634263611118 3.1373605728149414 0
1634263611574 3.861865758895874 0
1634263612039 3.1287121772766113 0
1634263612497 3.0693578720092773 0
1634263612962 3.068390369415283 0
1634263613409 4.53082275390625 0
1634263613875 4.469444751739502 0
1634263614331 3.859271764755249 0
1634263614795 4.588935375213623 0
1634263615259 4.462200164794922 0
1634263615719 4.526755332946777 0
1634263616186 4.521152973175049 0
1634263618032 3.0594208240509033 0
1634263618476 3.8496642112731934 0
1634263618943 3.1183841228485107 0
1634263619398 3.059420108795166 0
1634263619849 3.849642753601074 0
1634263620307 3.7906904220581055 0
1634263620761 3.8504691123962402 0
1634263621216 4.456639766693115 0
1634263621677 3.848903179168701 0
1634263622151 3.845754861831665 0
1634263622611 4.577834129333496 0
1634263623067 3.116098642349243 0
1634263623544 4.513306140899658 0
1634263623996 4.51494026184082 0
1634263624446 3.657759666442871 0
1634263624900 3.8386850357055664 0
1634263625356 4.3867082595825195 0
1634263625809 4.511900901794434 0
1634263626278 4.508744716644287 0
1634263626728 3.109975814819336 0
1634263628523 3.1092331409454346 0
1634263628977 4.506555080413818 0
1634263629430 3.838216781616211 0
1634263629900 3.8351690769195557 0
1634263630354 3.7737534046173096 0
1634263630809 3.1055519580841064 0
1634263631269 4.502771377563477 0
1634263631744 3.7086386680603027 0
1634263632203 3.8337950706481934 0
1634263632668 4.440053462982178 0
1634263633122 4.4999189376831055 0
1634263633596 3.098998546600342 0
1634263634056 3.7679519653320312 0
1634263634525 4.500143527984619 0
1634263634978 4.560831069946289 0
1634263635448 3.0982933044433594 0
1634263635910 3.095327854156494 0
1634263636376 3.033930778503418 0
1634263636841 3.7006635665893555 0
1634263637296 3.7605059146881104 0
1634263639118 3.0926318168640137 0
1634263639576 3.7009634971618652 0
1634263640040 3.8214058876037598 0
1634263640492 2.3607215881347656 0
1634263640944 4.492311954498291 0
1634263641408 3.0865249633789062 0
1634263641862 4.488532543182373 0
1634263642319 3.633884906768799 0
1634263642775 4.424215793609619 0
1634263643256 3.693075180053711 0
1634263643728 2.9621431827545166 0
1634263644185 3.0848779678344727 0
1634263644639 3.8193459510803223 0
1634263645095 3.7533211708068848 0
1634263645549 3.7502596378326416 0
1634263646017 3.021636962890625 0
1634263646479 3.811896800994873 0
1634263646941 3.750683069229126 0
1634263647382 3.7476277351379395 0
1634263647835 4.482246398925781 0
1634263649655 3.688161611557007 0
1634263650129 3.7456676959991455 0
1634263650585 3.81036639213562 0
1634263651039 3.74916934967041 0
1634263651503 3.7485270500183105 0
1634263651967 4.415421009063721 0
1634263652421 3.8078033924102783 0
1634263652874 4.474720478057861 0
1634263653344 2.3521242141723633 0
1634263653799 4.53639030456543 0
1634263654252 3.744739055633545 0
1634263654706 4.535155296325684 0
1634263655148 3.0711817741394043 0
1634263655601 3.8034379482269287 0
1634263656096 3.009408473968506 0
1634263656562 3.0669424533843994 0
1634263657015 3.0081822872161865 0
1634263657478 4.407955169677734 0
1634263657931 3.0069682598114014 0
1634263658388 3.7368149757385254 0
1634263660200 3.736212730407715 0
1634263660654 3.6726598739624023 0
1634263661110 4.407355785369873 0
1634263661566 3.7949774265289307 0
1634263662020 4.401366233825684 0
1634263662489 4.403181076049805 0
1634263662943 3.732701301574707 0
1634263663418 3.734499931335449 0
1634263663898 3.7315258979797363 0
1634263664359 4.400851249694824 0
1634263664814 4.526234149932861 0
1634263665269 3.6692583560943604 0
1634263665746 4.4644856452941895 0
1634263666215 2.998339891433716 0
1634263666664 3.730530261993408 0
1634263667147 4.39744758605957 0
1634263667605 2.9971158504486084 0
1634263668060 3.7239866256713867 0
1634263668517 4.461119651794434 0
1634263668998 4.458250045776367 0
1634263670828 2.327963352203369 0
1634263671297 3.663630485534668 0
1634263671764 3.0513672828674316 0
1634263672235 4.4559712409973145 0
1634263672688 3.6596319675445557 0
1634263673144 3.661468982696533 0
1634263673614 3.0516843795776367 0
1634263674085 3.7209584712982178 0
1634263674550 3.659916400909424 0
1634263675021 2.9894826412200928 0
1634263675460 3.721808433532715 0
1634263675941 3.721256732940674 0
1634263676398 3.71842098236084 0
1634263676853 4.448371410369873 0
1634263677317 4.387275218963623 0
1634263677791 3.779811382293701 0
1634263678254 3.713984251022339 0
1634263678712 4.322757244110107 0
1634263679168 3.0455968379974365 0
1634263679623 2.2567989826202393 0
1634263681794 3.7142560482025146 0
1634263682244 4.323124408721924 0
1634263682689 4.383177757263184 0
1634263683152 3.710355281829834 0
1634263683614 2.981844425201416 0
1634263684067 4.444705009460449 0
1634263684525 4.381224155426025 0
1634263684989 4.441357135772705 0
1634263685438 3.7733421325683594 0
1634263685906 2.248844861984253 0
1634263686369 3.7117841243743896 0
1634263686824 4.441905975341797 0
1634263687293 3.710847854614258 0
1634263687749 2.3089311122894287 0
1634263688218 4.435570240020752 0
1634263688673 3.7070698738098145 0
1634263689154 4.441864013671875 0
1634263689624 3.7061781883239746 0
1634263690086 3.768706798553467 0
1634263690556 3.7052512168884277 0
1634263692441 3.6442513465881348 0
1634263692890 2.244077682495117 0
1634263693366 3.701463222503662 0
1634263693819 2.9706432819366455 0
1634263694297 3.7683396339416504 0
1634263694750 3.70255184173584 0
1634263695207 4.434991836547852 0
1634263695672 4.495222091674805 0
1634263696129 4.310641765594482 0
1634263696593 3.6984400749206543 0
1634263697050 2.970041275024414 0
1634263697499 3.030454158782959 0
1634263697967 2.9691810607910156 0
1634263698422 4.497360706329346 0
1634263698888 2.968350887298584 0
1634263699359 4.433590888977051 0
1634263699815 2.96528959274292 0
1634263700277 3.6999316215515137 0
1634263700730 4.425180435180664 0
1634263701188 4.369019508361816 0
1634263703043 3.698704719543457 0
1634263703500 2.9645369052886963 0
1634263703971 2.29465651512146 0
1634263704430 2.964719772338867 0
1634263704888 3.6971094608306885 0
1634263705347 4.427210807800293 0
1634263705799 4.42921257019043 0
1634263706253 3.7541255950927734 0
1634263706708 4.423645973205566 0
1634263707161 3.753403425216675 0
1634263707616 3.5690102577209473 0
1634263708067 3.020099401473999 0
1634263708526 3.0218780040740967 0
1634263708980 4.421820163726807 0
1634263709431 3.630434274673462 0
1634263709878 3.020794153213501 0
1634263710343 3.0206050872802734 0
1634263710796 3.566441535949707 0
1634263711250 3.6895525455474854 0
1634263711706 3.686755657196045 0
1634263713568 4.358728408813477 0
1634263714040 3.018681049346924 0
1634263714496 4.4185991287231445 0
1634263714949 3.0156424045562744 0
1634263715398 4.3549323081970215 0
1634263715852 3.687114953994751 0
1634263716314 4.419672966003418 0
1634263716761 3.6234781742095947 0
1634263717214 3.688812017440796 0
1634263717685 3.68820858001709 0
1634263718152 2.288119316101074 0
1634263718609 2.8917953968048096 0
1634263719103 3.0173232555389404 0
1634263719555 2.2835583686828613 0
1634263720010 3.6865570545196533 0
1634263720464 3.0139520168304443 0
1634263720919 4.351022720336914 0
1634263721384 3.7413620948791504 0
1634263721840 3.013040781021118 0
1634263722298 3.6220598220825195 0
1634263724202 4.415185928344727 0
1634263724657 2.9491803646087646 0
1634263725112 4.351614475250244 0
1634263725582 3.0091593265533447 0
1634263726038 3.6811580657958984 0
1634263726510 3.617898464202881 0
1634263726983 3.743901252746582 0
1634263727443 3.740936517715454 0
1634263727905 3.7382314205169678 0
1634263728362 2.2819864749908447 0
1634263728817 4.46806001663208 0
1634263729267 2.279700756072998 0
1634263729765 4.3488030433654785 0
1634263730236 3.618076801300049 0
1634263730710 4.2853169441223145 0
1634263731184 3.736297845840454 0
1634263731657 3.74082088470459 0
1634263732116 2.9447765350341797 0
1634263732576 4.407795429229736 0
1634263733048 3.7352962493896484 0
1634263735003 2.2762224674224854 0
1634263735486 4.407046794891357 0
1634263735943 3.7392961978912354 0
1634263736427 4.411362648010254 0
1634263736902 3.5523343086242676 0
1634263737365 4.403677940368652 0
1634263737821 4.345282077789307 0
1634263738280 4.410412311553955 0
1634263738737 4.344820499420166 0
1634263739203 4.3445892333984375 0
1634263739667 3.737422227859497 0
1634263740127 3.7395966053009033 0
1634263740592 3.674003839492798 0
1634263741051 4.4066596031188965 0
1634263741519 3.7341670989990234 0
1634263741983 3.0058786869049072 0
1634263742459 4.408421039581299 0
1634263742914 4.408212661743164 0
1634263743370 3.609771728515625 0
1634263743852 4.403005599975586 0
1634263745709 4.344639301300049 0
1634263746160 4.405007839202881 0
1634263746626 2.939251661300659 0
1634263747081 4.462793350219727 0
1634263747519 3.732149124145508 0
1634263747990 3.0039265155792236 0
1634263748445 3.673579454421997 0
1634263748901 4.401474475860596 0
1634263749356 4.401296138763428 0
1634263749812 3.67065691947937 0
1634263750264 4.466302871704102 0
1634263750725 3.0006041526794434 0
1634263751182 3.6701345443725586 0
1634263751638 4.402829170227051 0
1634263752100 3.728074789047241 0
1634263752559 4.2160420417785645 0
1634263753031 3.667100667953491 0
1634263753487 4.399782180786133 0
1634263753941 4.40202522277832 0
1634263754393 4.399473190307617 0
1634263756264 3.7294399738311768 0
1634263756735 3.608158588409424 0
1634263757206 3.7339224815368652 0
1634263757658 4.340723037719727 0
1634263758124 2.8755083084106445 0
1634263758579 3.6705482006073 0
1634263759042 4.33551549911499 0
1634263759515 4.337774753570557 0
1634263759985 3.6701595783233643 0
1634263760455 3.726088523864746 0
1634263760926 3.730459690093994 0
1634263761384 3.667398691177368 0
1634263761885 3.664923667907715 0
1634263762353 3.7300987243652344 0
1634263762839 4.460450649261475 0
1634263763308 2.999624013900757 0
1634263763776 2.2804906368255615 0
1634263764227 4.397154808044434 0
1634263764696 3.668980598449707 0
1634263765151 3.7246408462524414 0
1634263767013 2.2673051357269287 0
1634263767469 2.9334936141967773 0
1634263767942 3.7267446517944336 0
1634263768414 2.9962215423583984 0
1634263768872 4.275362014770508 0
1634263769322 4.39398717880249 0
1634263769792 2.9330637454986572 0
1634263770247 2.9982492923736572 0
1634263770716 4.3985466957092285 0
1634263771186 2.872330904006958 0
1634263771655 3.6631200313568115 0
1634263772133 3.5419540405273438 0
1634263772587 2.995513916015625 0
1634263773040 4.453951835632324 0
1634263773495 3.7282023429870605 0
1634263773964 4.456211090087891 0
1634263774416 3.6627259254455566 0
1634263774886 3.604520320892334 0
1634263775354 3.667415142059326 0
1634263775820 4.274313926696777 0
1634263777682 3.7230846881866455 0
1634263778162 2.9344961643218994 0
1634263778616 3.6672210693359375 0
1634263779088 2.2671709060668945 0
1634263779534 4.400014400482178 0
1634263779998 2.931990146636963 0
1634263780457 3.727619171142578 0
1634263780937 4.336945533752441 0
1634263781398 2.2667596340179443 0
1634263781854 3.664576530456543 0
1634263782320 4.3368635177612305 0
1634263782780 3.7274818420410156 0
1634263783234 3.6621108055114746 0
1634263783694 4.336803913116455 0
1634263784149 2.934103488922119 0
1634263784613 3.6620659828186035 0
1634263785082 4.39492130279541 0
1634263785536 3.7250030040740967 0
1634263786009 3.7249979972839355 0
