1634797226930 0.2437850534915924 0
1634797228800 0.11569316685199738 0
1634797230004 0.1315183937549591 0
1634797231162 0.17613005638122559 0
1634797232305 0.18997423350811005 0
1634797233480 0.09659622609615326 0
1634797234662 0.15470604598522186 0
1634797235810 0.08695130795240402 0
1634797236993 0.11091878265142441 0
1634797238135 0.0945451557636261 0
1634797239278 0.09787103533744812 0
1634797241077 0.08417415618896484 0
1634797242285 0.07978793233633041 0
1634797243477 0.12962356209754944 0
1634797244636 0.05702795833349228 0
1634797245796 0.10840710997581482 0
1634797246963 0.09753193706274033 0
1634797248129 0.05808107182383537 0
1634797249344 0.06762808561325073 0
1634797250503 0.07584866881370544 0
1634797251662 0.04611358046531677 0
1634797253529 0.054263636469841 0
1634797254698 0.06577940285205841 0
1634797255926 0.08470256626605988 0
1634797257083 0.049538880586624146 0
1634797258242 0.07506874203681946 0
1634797259416 0.04480903595685959 0
1634797260584 0.05049233138561249 0
1634797261740 0.08132538944482803 0
1634797262866 0.06270702928304672 0
1634797264007 0.07001607120037079 0
1634797265795 0.05504544824361801 0
1634797266959 0.04447881132364273 0
1634797268101 0.018279865384101868 0
1634797269242 0.040012747049331665 0
1634797270385 0.0452568344771862 0
1634797271525 0.04052804037928581 0
1634797272666 0.03011653944849968 0
1634797273807 0.0529366135597229 0
1634797274948 0.04355856031179428 0
1634797276090 0.05065710470080376 0
1634797277929 0.039236217737197876 0
1634797279103 0.03084559738636017 0
1634797280261 0.022094374522566795 0
1634797281420 0.021800851449370384 0
1634797282656 0.04058448597788811 0
1634797283814 0.03591494262218475 0
1634797284962 0.04448237270116806 0
1634797286119 0.03446435555815697 0
1634797287279 0.03741560876369476 0
1634797288456 0.031937941908836365 0
1634797290322 0.04660772532224655 0
1634797291516 0.030062492936849594 0
1634797292682 0.0226486437022686 0
1634797293868 0.03861574828624725 0
1634797295039 0.0444815531373024 0
1634797296227 0.012296028435230255 0
1634797297451 0.051643770188093185 0
1634797298616 0.04008440673351288 0
1634797299774 0.03772251307964325 0
1634797300917 0.05155478045344353 0
1634797302752 0.024060657247900963 0
1634797303953 0.03542754054069519 0
1634797305109 0.02891349047422409 0
1634797306251 0.04161357134580612 0
1634797307394 0.012212654575705528 0
