1634797226930 0.556914210319519 0
1634797228800 0.28075024485588074 0
1634797230000 0.28213895857334137 0
1634797231162 0.32669951021671295 0
1634797232305 0.34757326543331146 0
1634797233480 0.22875995934009552 0
1634797234662 0.3949078917503357 0
1634797235810 0.2588118389248848 0
1634797236993 0.29628952592611313 0
1634797238135 0.21102039515972137 0
1634797239262 0.24050495028495789 0
1634797241077 0.21845467388629913 0
1634797242285 0.16612304747104645 0
1634797243461 0.2510840818285942 0
1634797244636 0.17471587657928467 0
1634797245796 0.2527206242084503 0
1634797246958 0.21407584100961685 0
1634797248129 0.16770506277680397 0
1634797249344 0.18909861892461777 0
1634797250503 0.17403578758239746 0
1634797251662 0.18260610103607178 0
1634797253529 0.1475781574845314 0
1634797254698 0.1624002605676651 0
1634797255926 0.18022951483726501 0
1634797257083 0.13467638194561005 0
1634797258226 0.16269617527723312 0
1634797259412 0.11701954156160355 0
1634797260584 0.12906545400619507 0
1634797261724 0.1730903685092926 0
1634797262866 0.1380838230252266 0
1634797264007 0.16192658990621567 0
1634797265795 0.1394830346107483 0
1634797266959 0.12621581554412842 0
1634797268101 0.10147958248853683 0
1634797269242 0.11398517340421677 0
1634797270385 0.11970294639468193 0
1634797271525 0.10448559746146202 0
1634797272666 0.11382966861128807 0
1634797273807 0.11776573210954666 0
1634797274948 0.10842108726501465 0
1634797276090 0.10040171816945076 0
1634797277929 0.09485384076833725 0
1634797279088 0.11345642060041428 0
1634797280261 0.09136192314326763 0
1634797281404 0.08028758503496647 0
1634797282656 0.10342767462134361 0
1634797283798 0.09783610329031944 0
1634797284962 0.10259135067462921 0
1634797286103 0.1035090945661068 0
1634797287263 0.09602854400873184 0
1634797288452 0.07464547827839851 0
1634797290322 0.10321547463536263 0
1634797291513 0.09141240268945694 0
1634797292679 0.08034611120820045 0
1634797293864 0.08913467079401016 0
1634797295039 0.08971839398145676 0
1634797296224 0.06090382859110832 0
1634797297447 0.09705911204218864 0
1634797298616 0.08867619931697845 0
1634797299774 0.09073932096362114 0
1634797300917 0.10451395437121391 0
1634797302747 0.09188923053443432 0
1634797303949 0.08931364491581917 0
1634797305109 0.0760396271944046 0
1634797306251 0.09137507155537605 0
1634797307394 0.05579753778874874 0
