1634797226930 0.31312915682792664 0
1634797228800 0.16505707800388336 0
1634797230002 0.15062056481838226 0
1634797231162 0.15056945383548737 0
1634797232305 0.15759903192520142 0
1634797233480 0.13216373324394226 0
1634797234662 0.24020184576511383 0
1634797235810 0.17186053097248077 0
1634797236993 0.18537074327468872 0
1634797238135 0.11647523939609528 0
1634797239278 0.14263391494750977 0
1634797241077 0.1342805176973343 0
1634797242285 0.08633511513471603 0
1634797243477 0.12146051973104477 0
1634797244636 0.11768791824579239 0
1634797245796 0.1443135142326355 0
1634797246961 0.11654390394687653 0
1634797248129 0.1096239909529686 0
1634797249344 0.12147053331136703 0
1634797250503 0.09818711876869202 0
1634797251662 0.136492520570755 0
1634797253529 0.0933145210146904 0
1634797254698 0.09662085771560669 0
1634797255926 0.09552694857120514 0
1634797257083 0.0851375013589859 0
1634797258242 0.08762743324041367 0
1634797259414 0.07221050560474396 0
1634797260584 0.07857312262058258 0
1634797261740 0.09176497906446457 0
1634797262866 0.07537679374217987 0
1634797264007 0.09191051870584488 0
1634797265795 0.08443758636713028 0
1634797266959 0.08173700422048569 0
1634797268101 0.08319971710443497 0
1634797269242 0.0739724263548851 0
1634797270385 0.07444611191749573 0
1634797271525 0.06395755708217621 0
1634797272666 0.08371312916278839 0
1634797273807 0.06482911854982376 0
1634797274948 0.06486252695322037 0
1634797276090 0.049744613468647 0
1634797277929 0.055617623031139374 0
1634797279088 0.08261082321405411 0
1634797280261 0.06926754862070084 0
1634797281420 0.058486733585596085 0
1634797282656 0.0628431886434555 0
1634797283814 0.06192116066813469 0
1634797284962 0.05810897797346115 0
1634797286103 0.06904473900794983 0
1634797287263 0.05861293524503708 0
1634797288454 0.04270753636956215 0
1634797290322 0.056607749313116074 0
1634797291515 0.061349909752607346 0
1634797292680 0.057697467505931854 0
1634797293866 0.05051892250776291 0
1634797295039 0.04523684084415436 0
1634797296226 0.04860780015587807 0
1634797297449 0.04541534185409546 0
1634797298616 0.048591792583465576 0
1634797299774 0.05301680788397789 0
1634797300917 0.052959173917770386 0
1634797302750 0.06782857328653336 0
1634797303951 0.05388610437512398 0
1634797305109 0.04712613672018051 0
1634797306251 0.04976150020956993 0
1634797307394 0.04358488321304321 0
