1634268947135 2.092829704284668 0
1634268950155 0.8699072003364563 0
1634268951781 0.9994651079177856 0
1634268953406 0.9024015069007874 0
1634268955009 0.8532620966434479 0
1634268956636 0.43060262501239777 0
1634268958247 0.6550159305334091 0
1634268959873 0.43114182353019714 0
1634268961477 0.7369970381259918 0
1634268963103 0.4340968281030655 0
1634269087085 0.5269681513309479 0
1634269088762 0.5427684932947159 0
1634269090413 0.5276039838790894 0
1634269092054 0.4224816858768463 0
1634269093734 0.48748937249183655 0
1634269095385 0.32781219482421875 0
1634269097042 0.4602058231830597 0
1634269098668 0.357571005821228 0
1634269100308 0.4975224584341049 0
1634269101934 0.3584219366312027 0
1634269103563 0.40741579234600067 0
1634269106515 0.30177703499794006 0
1634269108148 0.33952245116233826 0
1634269109804 0.5143074840307236 0
1634269111461 0.46530240774154663 0
