1643267268487 0 0
1643267412453 1 0
1643267555524 2 0
1643267697459 3 0
1643267838763 4 0
1643267980068 5 0
1643268122542 6 0
1643268264347 7 0
1643268406828 8 0
1643268548412 9 0
1643268690238 10 0
1643268832537 11 0
1643268974367 12 0
1643269115657 13 0
1643269257006 14 0
1643269398412 15 0
1643269541649 16 0
1643269686379 17 0
1643269830806 18 0
1643269973038 19 0
1643270115725 20 0
1643270260616 21 0
1643270403680 22 0
1643270544848 23 0
1643270685942 24 0
1643270827008 25 0
1643270968056 26 0
1643271109141 27 0
1643271250217 28 0
1643271393434 29 0
1643271537123 30 0
1643271680241 31 0
1643271824905 32 0
1643271968779 33 0
1643272114159 34 0
1643272257134 35 0
1643272399860 36 0
1643272541524 37 0
1643272682806 38 0
1643272824079 39 0
1643272965275 40 0
1643273108081 41 0
1643273248786 42 0
1643273389919 43 0
1643273531159 44 0
1643273672408 45 0
1643273813670 46 0
1643273954917 47 0
1643274096100 48 0
1643274237275 49 0
1643274378467 50 0
1643274519633 51 0
1643274660767 52 0
1643274801913 53 0
1643274943123 54 0
1643275084363 55 0
1643275225613 56 0
1643275366842 57 0
1643275508062 58 0
1643275649250 59 0
1643275790484 60 0
1643275933341 61 0
1643276074528 62 0
1643276216110 63 0
1643276357602 64 0
1643276499037 65 0
1643276640462 66 0
1643276781927 67 0
1643276923449 68 0
1643277064921 69 0
1643277206375 70 0
1643277347827 71 0
1643277489353 72 0
1643277630838 73 0
1643277772348 74 0
1643277913820 75 0
1643278055270 76 0
1643278196726 77 0
1643278338225 78 0
1643278479735 79 0
1643278621257 80 0
1643278764446 81 0
1643278905944 82 0
1643279047403 83 0
1643279188848 84 0
1643279330307 85 0
1643279471814 86 0
1643279613232 87 0
1643279754646 88 0
1643279896101 89 0
1643280037611 90 0
1643280179132 91 0
1643280320644 92 0
1643280462100 93 0
1643280603539 94 0
1643280744977 95 0
1643280886472 96 0
1643281027973 97 0
1643281169469 98 0
1643281310962 99 0
1643281452441 100 0
1643281595456 101 0
1643281736661 102 0
1643281878143 103 0
1643282019627 104 0
1643282161026 105 0
1643282302456 106 0
1643282443914 107 0
1643282585403 108 0
1643282726896 109 0
1643282868415 110 0
1643283009901 111 0
1643283151331 112 0
1643283292773 113 0
1643283434240 114 0
1643283575765 115 0
1643283717264 116 0
1643283858765 117 0
1643284000238 118 0
1643284141644 119 0
1643284283074 120 0
1643284426165 121 0
1643284567491 122 0
1643284708901 123 0
1643284850281 124 0
1643284991753 125 0
1643285133262 126 0
1643285274796 127 0
1643285416324 128 0
1643285557819 129 0
1643285699272 130 0
1643285840702 131 0
1643285982169 132 0
1643286123660 133 0
1643286265156 134 0
1643286406668 135 0
1643286548189 136 0
1643286689677 137 0
1643286831149 138 0
1643286972615 139 0
1643287114091 140 0
1643287257091 141 0
1643287398479 142 0
1643287539974 143 0
1643287681498 144 0
1643287822993 145 0
1643287964475 146 0
1643288105913 147 0
1643288247307 148 0
1643288388740 149 0
1643288530206 150 0
1643288671701 151 0
1643288813200 152 0
1643288954682 153 0
1643289096168 154 0
1643289237602 155 0
1643289379059 156 0
1643289520514 157 0
1643289661981 158 0
1643289803431 159 0
1643289944918 160 0
1643290087992 161 0
1643290229445 162 0
1643290370932 163 0
1643290512376 164 0
1643290653766 165 0
1643290795183 166 0
1643290936625 167 0
1643291078072 168 0
1643291219544 169 0
1643291361032 170 0
1643291502498 171 0
1643291643995 172 0
1643291785402 173 0
1643291926771 174 0
1643292068168 175 0
1643292209611 176 0
1643292350994 177 0
1643292492392 178 0
1643292633885 179 0
1643292775354 180 0
1643292918506 181 0
1643293059972 182 0
1643293201438 183 0
1643293342851 184 0
1643293484240 185 0
1643293625678 186 0
1643293767105 187 0
1643293908542 188 0
1643294049983 189 0
1643294191451 190 0
1643294332866 191 0
1643294474254 192 0
1643294615694 193 0
1643294757145 194 0
1643294898563 195 0
1643295039982 196 0
1643295181459 197 0
1643295322943 198 0
1643295464429 199 0
1643295605907 200 0
1643295748941 201 0
1643295890332 202 0
1643296031746 203 0
1643296173220 204 0
1643296314716 205 0
1643296456195 206 0
1643296597678 207 0
1643296739165 208 0
1643296880669 209 0
1643297022114 210 0
1643297163542 211 0
1643297304981 212 0
1643297446459 213 0
1643297587900 214 0
1643297729322 215 0
1643297870745 216 0
1643298012203 217 0
1643298153680 218 0
1643298295173 219 0
1643298436669 220 0
1643298579664 221 0
1643298721057 222 0
1643298862465 223 0
1643299003879 224 0
1643299145283 225 0
1643299286686 226 0
1643299428072 227 0
1643299569426 228 0
1643299710795 229 0
1643299852160 230 0
1643299993516 231 0
1643300134875 232 0
1643300276285 233 0
1643300417663 234 0
1643300559015 235 0
1643300700381 236 0
1643300841748 237 0
1643300983104 238 0
1643301124422 239 0
1643301265723 240 0
1643301408743 241 0
1643301549794 242 0
1643301690853 243 0
1643301831905 244 0
1643301972959 245 0
1643302114010 246 0
1643302255055 247 0
1643302396121 248 0
1643302537151 249 0
1643302678170 250 0
1643302819214 251 0
1643302960248 252 0
1643303101279 253 0
1643303242300 254 0
1643303383317 255 0
1643303524352 256 0
1643303665339 257 0
1643303806345 258 0
1643303947362 259 0
1643304088351 260 0
1643304230954 261 0
1643304371846 262 0
1643304512746 263 0
1643304653629 264 0
1643304794508 265 0
1643304935404 266 0
1643305076294 267 0
1643305217181 268 0
1643305358065 269 0
1643305498923 270 0
1643305639782 271 0
1643305780622 272 0
1643305921486 273 0
1643306062343 274 0
1643306203188 275 0
1643306344054 276 0
1643306484907 277 0
1643306625766 278 0
1643306766616 279 0
1643306907476 280 0
1643307049865 281 0
1643307190704 282 0
1643307331551 283 0
1643307472347 284 0
1643307613183 285 0
1643307754087 286 0
1643307894765 287 0
1643308035470 288 0
1643308176133 289 0
1643308316835 290 0
1643308457489 291 0
1643308598165 292 0
1643308738831 293 0
1643308879494 294 0
1643309020161 295 0
1643309160860 296 0
1643309301563 297 0
1643309442270 298 0
1643309582942 299 0
1643309723622 300 0
1643309865860 301 0
1643310006665 302 0
1643310147521 303 0
1643310288369 304 0
1643310429212 305 0
1643310570050 306 0
1643310710904 307 0
1643310851755 308 0
1643310992584 309 0
1643311133412 310 0
1643311274233 311 0
1643311415059 312 0
1643311555888 313 0
1643311696704 314 0
1643311837665 315 0
1643311978486 316 0
1643312119302 317 0
1643312260088 318 0
1643312400899 319 0
1643312541691 320 0
1643312684058 321 0
1643312824855 322 0
1643312965665 323 0
1643313106461 324 0
1643313247272 325 0
1643313388060 326 0
1643313528873 327 0
1643313669667 328 0
1643313810446 329 0
1643313951232 330 0
1643314092044 331 0
1643314232848 332 0
1643314373652 333 0
1643314514456 334 0
1643314655268 335 0
1643314796089 336 0
1643314936917 337 0
1643315077724 338 0
1643315218552 339 0
1643315359369 340 0
1643315501767 341 0
1643315642580 342 0
1643315783400 343 0
1643315924238 344 0
1643316065056 345 0
1643316205852 346 0
1643316346681 347 0
1643316487499 348 0
1643316628322 349 0
1643316769127 350 0
1643316909920 351 0
1643317050748 352 0
1643317191531 353 0
1643317332327 354 0
1643317473137 355 0
1643317613954 356 0
1643317754772 357 0
1643317895597 358 0
1643318036420 359 0
1643318177225 360 0
1643318319823 361 0
1643318460616 362 0
1643318601438 363 0
1643318742252 364 0
1643318883016 365 0
1643319023821 366 0
1643319164615 367 0
1643319305412 368 0
1643319446209 369 0
1643319587030 370 0
1643319727823 371 0
1643319868628 372 0
1643320009445 373 0
1643320150259 374 0
1643320291043 375 0
1643320431850 376 0
1643320572653 377 0
1643320713473 378 0
1643320854257 379 0
1643320995014 380 0
1643321137347 381 0
1643321278120 382 0
1643321418904 383 0
1643321559682 384 0
1643321700471 385 0
1643321841269 386 0
1643321982051 387 0
1643322122856 388 0
1643322263673 389 0
1643322404476 390 0
1643322545272 391 0
1643322686055 392 0
1643322826830 393 0
1643322967612 394 0
1643323108393 395 0
1643323249153 396 0
1643323389952 397 0
1643323530728 398 0
1643323671494 399 0
1643323812288 400 0
1643323954636 401 0
1643324095252 402 0
1643324235886 403 0
1643324376514 404 0
1643324517143 405 0
1643324657771 406 0
1643324798398 407 0
1643324939025 408 0
1643325079638 409 0
1643325220265 410 0
1643325360880 411 0
1643325501507 412 0
1643325642115 413 0
1643325782753 414 0
1643325923394 415 0
1643326064028 416 0
1643326204646 417 0
1643326345287 418 0
1643326485928 419 0
1643326626567 420 0
1643326768738 421 0
1643326909371 422 0
1643327050008 423 0
1643327190656 424 0
1643327331275 425 0
1643327471897 426 0
1643327612528 427 0
1643327753168 428 0
1643327893782 429 0
1643328034650 430 0
1643328175275 431 0
1643328315908 432 0
1643328456535 433 0
1643328597173 434 0
1643328737799 435 0
1643328878434 436 0
1643329019048 437 0
1643329159687 438 0
1643329300326 439 0
1643329440961 440 0
1643329583168 441 0
1643329723787 442 0
1643329864412 443 0
1643330005038 444 0
1643330145691 445 0
1643330286325 446 0
1643330426951 447 0
1643330567567 448 0
1643330708205 449 0
1643330848852 450 0
1643330989486 451 0
1643331130129 452 0
1643331270764 453 0
1643331411392 454 0
1643331552012 455 0
1643331692645 456 0
1643331833280 457 0
1643331973937 458 0
1643332114597 459 0
1643332255243 460 0
1643332397450 461 0
1643332538072 462 0
1643332678716 463 0
1643332819342 464 0
1643332959971 465 0
1643333100600 466 0
1643333241242 467 0
1643333381857 468 0
1643333522491 469 0
1643333663122 470 0
1643333803757 471 0
1643333944402 472 0
1643334085034 473 0
1643334225672 474 0
1643334366294 475 0
1643334506938 476 0
1643334647578 477 0
1643334788211 478 0
1643334928825 479 0
1643335069447 480 0
1643335211631 481 0
1643335352234 482 0
1643335492875 483 0
1643335633608 484 0
1643335774391 485 0
1643335915155 486 0
1643336055925 487 0
1643336196692 488 0
1643336337486 489 0
1643336478345 490 0
1643336619139 491 0
1643336759970 492 0
1643336900768 493 0
1643337041584 494 0
1643337182412 495 0
1643337323249 496 0
1643337464077 497 0
1643337604893 498 0
1643337745679 499 0
1643337886476 500 0
1643338028880 501 0
1643338169724 502 0
1643338310582 503 0
1643338451463 504 0
1643338592341 505 0
1643338733232 506 0
1643338874121 507 0
1643339014920 508 0
1643339155702 509 0
1643339296522 510 0
1643339437321 511 0
1643339578114 512 0
1643339718879 513 0
1643339859723 514 0
1643340000605 515 0
1643340141467 516 0
1643340282366 517 0
1643340423250 518 0
1643340564102 519 0
1643340704935 520 0
1643340847621 521 0
1643340988453 522 0
1643341129341 523 0
1643341270258 524 0
1643341411131 525 0
1643341552000 526 0
1643341692877 527 0
1643341833768 528 0
1643341974590 529 0
1643342115383 530 0
1643342256191 531 0
1643342397052 532 0
1643342537868 533 0
1643342678654 534 0
1643342819477 535 0
1643342960387 536 0
1643343101275 537 0
1643343242165 538 0
1643343383083 539 0
1643343523988 540 0
1643343666404 541 0
1643343807217 542 0
1643343948062 543 0
1643344088941 544 0
1643344229815 545 0
1643344370716 546 0
1643344511603 547 0
1643344652529 548 0
1643344793424 549 0
1643344934292 550 0
1643345075138 551 0
1643345216033 552 0
1643345356922 553 0
1643345497771 554 0
1643345638614 555 0
1643345779519 556 0
1643345920426 557 0
1643346061322 558 0
1643346202194 559 0
1643346343014 560 0
1643346485403 561 0
1643346626284 562 0
1643346767194 563 0
1643346908092 564 0
1643347048999 565 0
1643347189916 566 0
1643347330793 567 0
1643347471649 568 0
1643347612493 569 0
1643347753396 570 0
1643347894264 571 0
1643348035116 572 0
1643348175985 573 0
1643348316927 574 0
1643348457862 575 0
1643348598791 576 0
1643348739667 577 0
1643348880516 578 0
1643349021373 579 0
1643349162271 580 0
1643349304736 581 0
1643349445652 582 0
1643349586570 583 0
1643349727498 584 0
1643349868403 585 0
1643350009263 586 0
1643350150137 587 0
1643350291090 588 0
1643350431947 589 0
1643350572799 590 0
1643350713686 591 0
1643350854598 592 0
1643350995506 593 0
1643351136856 594 0
1643351279308 595 0
1643351422159 596 0
1643351562893 597 0
1643351703554 598 0
1643351844665 599 0
1643351986500 600 0
1643352128836 601 0
1643352269562 602 0
1643352413124 603 0
1643352554595 604 0
1643352695383 605 0
1643352836276 606 0
1643352977451 607 0
1643353118326 608 0
1643353260329 609 0
1643353401249 610 0
1643353542200 611 0
1643353682979 612 0
1643353824433 613 0
1643353965495 614 0
1643354106182 615 0
1643354246911 616 0
1643354387653 617 0
1643354528400 618 0
1643354669153 619 0
1643354809925 620 0
1643354952653 621 0
1643355093329 622 0
1643355234097 623 0
1643355374835 624 0
1643355515563 625 0
1643355656286 626 0
1643355797058 627 0
1643355938038 628 0
1643356079074 629 0
1643356220274 630 0
1643356361193 631 0
1643356502101 632 0
1643356643020 633 0
1643356783934 634 0
1643356924858 635 0
1643357065796 636 0
1643357206745 637 0
1643357347688 638 0
1643357488593 639 0
