1643267268505 12.284479141235352 0
1643267412460 6.538762927055359 0
1643267555532 3.5963261127471924 0
1643267697467 4.132435083389282 0
1643267838770 5.03856635093689 0
1643267980075 3.5511248111724854 0
1643268122549 3.9819763898849487 0
1643268264355 3.23481822013855 0
1643268406836 3.9612185955047607 0
1643268548420 3.5676283836364746 0
1643268690240 4.341883659362793 0
1643268832544 2.908150792121887 0
1643268974375 5.011125802993774 0
1643269115667 2.493045210838318 0
1643269257014 3.250007390975952 0
1643269398414 1.8540940880775452 0
1643269541657 1.9767593741416931 0
1643269686387 3.429348111152649 0
1643269830814 2.204813688993454 0
1643269973046 1.7494986653327942 0
1643270115741 2.4781514406204224 0
1643270260618 2.353058874607086 0
1643270403690 4.130180239677429 0
1643270544856 3.872660756111145 0
1643270685950 4.5987772941589355 0
1643270827016 2.3338568806648254 0
1643270968065 1.9133460521697998 0
1643271109141 1.37106391787529 0
1643271250227 3.035133957862854 0
1643271393442 4.606235384941101 0
1643271537132 3.3391109704971313 0
1643271680241 4.023967027664185 0
1643271824913 5.190903663635254 0
1643271968787 1.9582297801971436 0
1643272114166 3.868279457092285 0
1643272257134 3.5112240314483643 0
1643272399870 2.271761178970337 0
1643272541533 5.584025979042053 0
1643272682814 3.7183228731155396 0
1643272824079 2.4245917797088623 0
1643272965283 2.2667787671089172 0
1643273108091 5.849008560180664 0
1643273248796 2.4378315210342407 0
1643273389921 2.4032479524612427 0
1643273531167 2.201657235622406 0
1643273672408 3.4367445707321167 0
1643273813672 1.835422396659851 0
1643273954925 4.8715760707855225 0
1643274096110 2.4050758481025696 0
1643274237283 2.913029909133911 0
1643274378475 3.9882524013519287 0
1643274519635 2.010230839252472 0
1643274660775 1.3535840809345245 0
1643274801921 1.2348282188177109 0
1643274943131 2.70709228515625 0
1643275084371 2.090859055519104 0
1643275225621 1.807241678237915 0
1643275366850 5.693558692932129 0
1643275508064 3.1921344995498657 0
1643275649258 2.258236527442932 0
1643275790492 2.5169209241867065 0
1643275933356 2.888459086418152 0
1643276074536 2.974122703075409 0
1643276216120 2.7718032598495483 0
1643276357610 1.8713769316673279 0
1643276499045 1.7745143175125122 0
1643276640470 2.1585206985473633 0
1643276781927 3.1959750652313232 0
1643276923451 2.0015108585357666 0
1643277064929 1.9700601398944855 0
1643277206383 1.6953381299972534 0
1643277347835 2.0079205334186554 0
1643277489353 4.080921173095703 0
1643277630846 1.6222240924835205 0
1643277772356 2.912495970726013 0
1643277913828 1.3868637681007385 0
1643278055278 1.8452571034431458 0
1643278196736 1.7044745087623596 0
1643278338227 2.9460103511810303 0
1643278479743 1.9161365628242493 0
1643278621265 2.2652182579040527 0
1643278764456 1.799066185951233 0
1643278905952 1.2244923114776611 0
1643279047411 1.7504470348358154 0
1643279188856 2.706727385520935 0
1643279330309 1.8981043100357056 0
1643279471822 1.6168196201324463 0
1643279613242 2.3614168912172318 0
1643279754654 1.1368556320667267 0
1643279896109 1.7196446359157562 0
1643280037619 3.2867283821105957 0
1643280179134 2.137129783630371 0
1643280320646 1.9722707271575928 0
1643280462102 2.6968045830726624 0
1643280603547 1.4636681973934174 0
1643280744979 1.6117640733718872 0
1643280886480 1.6959997415542603 0
1643281027975 1.849446177482605 0
1643281169477 2.7653650045394897 0
1643281310970 2.2242459058761597 0
1643281452449 2.355830490589142 0
1643281595458 1.3834232687950134 0
1643281736663 1.6253759562969208 0
1643281878151 2.6621776819229126 0
1643282019635 2.012663424015045 0
1643282161036 1.7726295590400696 0
1643282302456 2.4195749163627625 0
1643282443922 1.6841818690299988 0
1643282585411 2.804098129272461 0
1643282726904 2.8485002517700195 0
1643282868425 1.8473823070526123 0
1643283009909 3.4622297286987305 0
1643283151339 2.529542922973633 0
1643283292781 1.530505120754242 0
1643283434248 1.7297790348529816 0
1643283575775 2.0640392303466797 0
1643283717272 2.0532329082489014 0
1643283858773 2.1922415494918823 0
1643284000240 1.833199992775917 0
1643284141652 0.9055261611938477 0
1643284283076 1.4824151396751404 0
1643284426175 2.0683894753456116 0
1643284567499 1.806757390499115 0
1643284708901 1.3623684644699097 0
1643284850289 1.4730593860149384 0
1643284991763 1.9355475902557373 0
1643285133270 1.4265069961547852 0
1643285274798 1.5159221589565277 0
1643285416332 2.2601901292800903 0
1643285557829 1.6590659320354462 0
1643285699280 2.548484683036804 0
1643285840710 2.3288713693618774 0
1643285982179 2.124555468559265 0
1643286123668 2.626190423965454 0
1643286265166 1.1885606050491333 0
1643286406676 1.7018494009971619 0
1643286548191 1.486916720867157 0
1643286689685 1.6900953352451324 0
1643286831157 1.3417786061763763 0
1643286972623 2.0499833822250366 0
1643287114099 1.4396306872367859 0
1643287257101 3.39090359210968 0
1643287398487 1.379638910293579 0
1643287539976 2.485590934753418 0
1643287681506 2.2183700799942017 0
1643287823001 2.3648983240127563 0
1643287964483 1.7503822445869446 0
1643288105921 1.890904426574707 0
1643288247315 1.7734405398368835 0
1643288388748 1.3118015229701996 0
1643288530214 1.580070972442627 0
1643288671709 1.8147545456886292 0
1643288813210 1.8180510997772217 0
1643288954690 2.888325572013855 0
1643289096176 1.3882408142089844 0
1643289237612 1.5981717109680176 0
1643289379061 1.233577400445938 0
1643289520516 1.588004469871521 0
1643289661989 1.2154038846492767 0
1643289803439 1.2588847875595093 0
1643289944926 1.3759260177612305 0
1643290088000 1.2645078301429749 0
1643290229453 1.6713502407073975 0
1643290370940 1.3066750764846802 0
1643290512384 1.7798943519592285 0
1643290653775 1.6670252680778503 0
1643290795185 1.3303744494915009 0
1643290936633 1.3417801558971405 0
1643291078080 1.8905909061431885 0
1643291219554 1.3161199688911438 0
1643291361040 1.3511727452278137 0
1643291502506 1.048508659005165 0
1643291644003 1.6567297577857971 0
1643291785410 1.1815853416919708 0
1643291926779 1.3302056789398193 0
1643292068176 2.5338321328163147 0
1643292209613 1.485778033733368 0
1643292351002 1.4417278170585632 0
1643292492400 1.665235996246338 0
1643292633895 1.4754248261451721 0
1643292775362 1.6815720796585083 0
1643292918506 1.1740682721138 0
1643293059974 1.652748167514801 0
1643293201449 1.3979910612106323 0
1643293342859 1.271658182144165 0
1643293484248 1.434723675251007 0
1643293625686 1.3533010482788086 0
1643293767113 1.6999995708465576 0
1643293908550 1.8521203994750977 0
1643294049991 1.865597128868103 0
1643294191459 1.4604275822639465 0
1643294332868 1.7942458987236023 0
1643294474264 1.1225688755512238 0
1643294615702 1.529360756278038 0
1643294757147 1.3550724983215332 0
1643294898571 1.675347924232483 0
1643295039990 1.5284306406974792 0
1643295181467 1.5114953219890594 0
1643295322953 2.03986132144928 0
1643295464441 1.3145554065704346 0
1643295605915 1.9556657671928406 0
1643295748943 1.6037113666534424 0
1643295890340 1.4720367193222046 0
1643296031754 0.9721247255802155 0
1643296173230 1.381847620010376 0
1643296314718 1.7761096358299255 0
1643296456203 2.2351366877555847 0
1643296597686 1.137955129146576 0
1643296739165 1.871137022972107 0
1643296880677 0.9142774045467377 0
1643297022122 1.400115430355072 0
1643297163542 1.2753029763698578 0
1643297304989 2.4396204948425293 0
1643297446467 1.5620036125183105 0
1643297587908 1.8764504194259644 0
1643297729324 1.1126616597175598 0
1643297870753 1.6233279705047607 0
1643298012211 1.8295687437057495 0
1643298153690 1.4666920900344849 0
1643298295181 1.463566541671753 0
1643298436677 0.9427491426467896 0
1643298579672 1.0567142367362976 0
1643298721057 1.7038670182228088 0
1643298862473 1.2312070727348328 0
1643299003887 1.815832793712616 0
1643299145285 1.4880676865577698 0
1643299286686 1.724254310131073 0
1643299428080 0.8560689687728882 0
1643299569434 1.2351022362709045 0
1643299710803 1.6910118162631989 0
1643299852168 1.4188580513000488 0
1643299993516 1.382499635219574 0
1643300134883 1.2755150198936462 0
1643300276293 1.1686701476573944 0
1643300417665 1.5534642338752747 0
1643300559023 1.2019826471805573 0
1643300700389 1.353606253862381 0
1643300841756 1.5970169305801392 0
1643300983106 1.3024967312812805 0
1643301124430 1.087218552827835 0
1643301265731 1.1392352879047394 0
1643301408753 1.3845086693763733 0
1643301549802 1.1618737578392029 0
1643301690855 1.8938326239585876 0
1643301831907 1.2339122295379639 0
1643301972961 1.1563555002212524 0
1643302114012 1.4896556735038757 0
1643302255063 1.511851727962494 0
1643302396129 1.3328664898872375 0
1643302537159 1.1579084247350693 0
1643302678172 1.3019274771213531 0
1643302819222 1.3409082293510437 0
1643302960256 1.8031285405158997 0
1643303101287 1.743580311536789 0
1643303242308 1.2068574726581573 0
1643303383325 1.2567651271820068 0
1643303524360 1.493905484676361 0
1643303665347 1.3094822466373444 0
1643303806355 1.434452623128891 0
1643303947362 1.4533016085624695 0
1643304088361 1.4067531526088715 0
1643304230964 1.3290818631649017 0
1643304371856 1.0085878670215607 0
1643304512754 1.3944376409053802 0
1643304653637 1.1752198934555054 0
1643304794516 1.1169518828392029 0
1643304935412 1.8963679820299149 0
1643305076302 1.5750758051872253 0
1643305217189 1.4933946430683136 0
1643305358073 1.6965159177780151 0
1643305498931 0.9084671437740326 0
1643305639782 1.2634686827659607 0
1643305780622 1.0746237337589264 0
1643305921494 1.14285546541214 0
1643306062351 1.064538687467575 0
1643306203196 1.12968210875988 0
1643306344062 1.059693917632103 0
1643306484915 1.4978570938110352 0
1643306625774 1.765886664390564 0
1643306766624 1.632540225982666 0
1643306907484 1.584391474723816 0
1643307049875 1.4880375862121582 0
1643307190706 0.8503062576055527 0
1643307331553 0.9888709783554077 0
1643307472358 1.327247977256775 0
1643307613185 1.0826776623725891 0
1643307754095 1.3454491794109344 0
1643307894773 1.8691502809524536 0
1643308035472 2.0136110186576843 0
1643308176141 1.548681378364563 0
1643308316843 1.1658296883106232 0
1643308457499 0.951958417892456 0
1643308598173 1.1747583150863647 0
1643308738839 3.1134660243988037 0
1643308879502 1.0015798807144165 0
1643309020169 0.9021088033914566 0
1643309160862 1.420364260673523 0
1643309301573 0.9096666276454926 0
1643309442270 1.6502970457077026 0
1643309582948 1.2646902799606323 0
1643309723630 0.9926919341087341 0
1643309865870 1.7468599081039429 0
1643310006673 1.3849196434020996 0
1643310147529 1.1254881620407104 0
1643310288377 1.1711812317371368 0
1643310429222 1.382902830839157 0
1643310570058 1.3901340961456299 0
1643310710906 1.1554931998252869 0
1643310851763 2.592609941959381 0
1643310992592 1.1738515198230743 0
1643311133412 1.7675801515579224 0
1643311274235 1.1926677525043488 0
1643311415069 1.2945054471492767 0
1643311555896 1.6421117782592773 0
1643311696712 0.9088975936174393 0
1643311837673 1.2428825795650482 0
1643311978486 1.2931668907403946 0
1643312119310 1.5597017109394073 0
1643312260096 1.2273350954055786 0
1643312400907 1.2250730693340302 0
1643312541701 1.2803120017051697 0
1643312684068 0.8782281577587128 0
1643312824863 1.2867130637168884 0
1643312965673 1.9759751558303833 0
1643313106469 1.603484034538269 0
1643313247280 1.1915069818496704 0
1643313388068 1.363266408443451 0
1643313528875 1.4801061153411865 0
1643313669675 1.2456304430961609 0
1643313810454 1.326128214597702 0
1643313951240 1.1303743720054626 0
1643314092054 0.9037939757108688 0
1643314232856 1.2828765511512756 0
1643314373660 0.9705164134502411 0
1643314514464 1.2873698472976685 0
1643314655276 1.3209642171859741 0
1643314796099 1.5485703349113464 0
1643314936917 1.152103751897812 0
1643315077724 1.5029616355895996 0
1643315218554 1.0520940870046616 0
1643315359377 1.7849761247634888 0
1643315501767 1.7736814618110657 0
1643315642582 1.2332556545734406 0
1643315783408 1.8479036390781403 0
1643315924246 1.5121245980262756 0
1643316065064 1.2998861372470856 0
1643316205860 1.6137915551662445 0
1643316346683 1.4281055927276611 0
1643316487509 1.2340338826179504 0
1643316628323 1.7406503558158875 0
1643316769129 1.149217665195465 0
1643316909928 1.1425147652626038 0
1643317050750 1.4067166447639465 0
1643317191541 1.2379525154829025 0
1643317332335 1.7435157299041748 0
1643317473145 1.3978796899318695 0
1643317613962 1.153542399406433 0
1643317754780 1.1922666132450104 0
1643317895605 1.3123551607131958 0
1643318036428 1.2048718333244324 0
1643318177233 1.5943467617034912 0
1643318319825 0.9326590746641159 0
1643318460624 1.1729210019111633 0
1643318601440 1.1079712510108948 0
1643318742254 1.0271259546279907 0
1643318883018 1.4699233770370483 0
1643319023829 1.000180035829544 0
1643319164625 1.3918126225471497 0
1643319305412 1.3086090683937073 0
1643319446219 1.415492296218872 0
1643319587030 0.9954198598861694 0
1643319727831 1.2806125581264496 0
1643319868636 1.0548685491085052 0
1643320009455 1.4468230605125427 0
1643320150259 1.577214628458023 0
1643320291051 1.2293993830680847 0
1643320431852 1.3613772988319397 0
1643320572661 1.2982479929924011 0
1643320713481 1.4863638877868652 0
1643320854265 2.363768696784973 0
1643320995024 1.4927647709846497 0
1643321137357 1.138967052102089 0
1643321278128 1.1110986024141312 0
1643321418912 1.208492487668991 0
1643321559684 0.6940175741910934 0
1643321700473 0.9925732314586639 0
1643321841269 1.3331684470176697 0
1643321982059 0.9696343541145325 0
1643322122864 1.2889056205749512 0
1643322263675 1.3778592944145203 0
1643322404484 1.5501847863197327 0
1643322545280 1.4124950170516968 0
1643322686065 1.2753354609012604 0
1643322826838 1.4272296726703644 0
1643322967612 0.9437169432640076 0
1643323108401 1.052464708685875 0
1643323249161 1.576171725988388 0
1643323389952 1.3106186389923096 0
1643323530730 0.8861138820648193 0
1643323671504 0.7801045477390289 0
1643323812290 1.1683692932128906 0
1643323954646 1.0546516627073288 0
1643324095260 0.997277244925499 0
1643324235894 1.3068240880966187 0
1643324376516 0.8070276081562042 0
1643324517151 1.4608795642852783 0
1643324657773 1.4490392357110977 0
1643324798407 1.2264323234558105 0
1643324939033 0.7207217812538147 0
1643325079646 1.4334864020347595 0
1643325220267 1.5438544154167175 0
1643325360888 1.285545140504837 0
1643325501509 1.3898702263832092 0
1643325642123 1.0624141991138458 0
1643325782761 1.3387820422649384 0
1643325923402 1.5826625525951385 0
1643326064036 1.4629014730453491 0
1643326204654 0.7415940165519714 0
1643326345295 0.968726634979248 0
1643326485930 1.7137908339500427 0
1643326626569 1.3920283913612366 0
1643326768748 1.0427167415618896 0
1643326909379 1.4774507284164429 0
1643327050016 1.6368070840835571 0
1643327190664 0.9956502169370651 0
1643327331283 1.5074748396873474 0
1643327471905 1.2684538811445236 0
1643327612536 1.2623309791088104 0
1643327753170 1.4154674112796783 0
1643327893784 1.2505083084106445 0
1643328034658 0.8973825424909592 0
1643328175277 1.0682774782180786 0
1643328315908 1.3168427348136902 0
1643328456537 1.146789163351059 0
1643328597181 0.9761969447135925 0
1643328737809 1.322490930557251 0
1643328878442 1.0223126709461212 0
1643329019056 1.2286209762096405 0
1643329159695 1.24770188331604 0
1643329300334 1.005004495382309 0
1643329440969 1.0603725612163544 0
1643329583170 1.0695281028747559 0
1643329723795 1.06417778134346 0
1643329864420 0.8607609868049622 0
1643330005046 1.4900692105293274 0
1643330145691 1.2663373351097107 0
1643330286325 0.879123866558075 0
1643330426951 0.8581134080886841 0
1643330567575 1.1092082858085632 0
1643330708213 1.0993289947509766 0
1643330848862 1.4193999767303467 0
1643330989488 1.0103504359722137 0
1643331130137 1.2469364702701569 0
1643331270764 1.7379176020622253 0
1643331411400 0.9617587029933929 0
1643331552014 0.9398776143789291 0
1643331692653 0.9730827808380127 0
1643331833288 1.0497481524944305 0
1643331973947 1.2048887610435486 0
1643332114605 1.0322909653186798 0
1643332255251 1.064492106437683 0
1643332397458 1.1386788189411163 0
1643332538074 1.2527245879173279 0
1643332678726 0.9745657742023468 0
1643332819350 1.2464463710784912 0
1643332959979 1.6379881501197815 0
1643333100608 0.9910446405410767 0
1643333241242 1.1683256030082703 0
1643333381865 1.0765286982059479 0
1643333522499 1.1520698368549347 0
1643333663132 1.1754474490880966 0
1643333803767 1.0418176054954529 0
1643333944410 1.009438842535019 0
1643334085042 1.2344845235347748 0
1643334225674 1.0871876776218414 0
1643334366304 1.1458070278167725 0
1643334506940 1.100302815437317 0
1643334647586 1.3708416521549225 0
1643334788219 1.2980915904045105 0
1643334928833 0.8911781907081604 0
1643335069455 1.0658147931098938 0
1643335211639 1.112065076828003 0
1643335352242 1.3694161772727966 0
1643335492883 1.2600425034761429 0
1643335633616 1.121808648109436 0
1643335774399 1.900014877319336 0
1643335915163 0.7327847480773926 0
1643336055933 1.144789844751358 0
1643336196702 0.9102807641029358 0
1643336337494 0.9970177114009857 0
1643336478345 1.1195122599601746 0
1643336619141 1.5245089530944824 0
1643336759978 1.2052092552185059 0
1643336900778 1.1913133263587952 0
1643337041592 0.796534538269043 0
1643337182420 1.2265732884407043 0
1643337323257 1.2374519407749176 0
1643337464085 1.3596755266189575 0
1643337604901 1.6003162264823914 0
1643337745687 1.0482337474822998 0
1643337886484 1.418895736336708 0
1643338028890 1.1253953874111176 0
1643338169726 0.8129552453756332 0
1643338310590 1.1584718227386475 0
1643338451471 0.7501161694526672 0
1643338592351 0.7076441645622253 0
1643338733242 1.2022120654582977 0
1643338874129 1.2520084977149963 0
1643339014929 1.3728388547897339 0
1643339155702 1.0210781693458557 0
1643339296530 1.3063890933990479 0
1643339437329 1.2174102663993835 0
1643339578116 0.6842263042926788 0
1643339718889 1.2675292789936066 0
1643339859731 1.0847744196653366 0
1643340000615 0.8829039335250854 0
1643340141475 0.9704370200634003 0
1643340282368 1.0884941220283508 0
1643340423258 0.9318625032901764 0
1643340564110 0.8568257391452789 0
1643340704943 0.9945337772369385 0
1643340847631 1.3176307678222656 0
1643340988463 1.0259010791778564 0
1643341129349 1.4011013507843018 0
1643341270260 1.0970088839530945 0
1643341411139 1.036769613623619 0
1643341552008 0.8807308971881866 0
1643341692885 1.244086503982544 0
1643341833768 1.3037211298942566 0
1643341974592 0.7871047258377075 0
1643342115391 1.0870267748832703 0
1643342256191 1.2396716475486755 0
1643342397060 1.941639244556427 0
1643342537876 1.154470980167389 0
1643342678656 0.9521298408508301 0
1643342819487 1.0835422426462173 0
1643342960389 1.5898799002170563 0
1643343101283 0.8986345827579498 0
1643343242167 1.1938659250736237 0
1643343383083 1.0525925755500793 0
1643343523996 1.0528734028339386 0
1643343666414 0.8729458153247833 0
1643343807227 0.6883727163076401 0
1643343948070 1.3257157802581787 0
1643344088949 0.8792320489883423 0
1643344229823 1.173178106546402 0
1643344370724 0.761960968375206 0
1643344511611 0.7757946997880936 0
1643344652538 1.3254085779190063 0
1643344793432 0.8518336415290833 0
1643344934300 0.8283011615276337 0
1643345075146 1.1097727417945862 0
1643345216043 1.2574959099292755 0
1643345356924 1.0221947729587555 0
1643345497781 1.2108710408210754 0
1643345638622 1.0985953509807587 0
1643345779527 1.2453323006629944 0
1643345920434 1.0753309428691864 0
1643346061330 0.8281907141208649 0
1643346202194 0.8473974168300629 0
1643346343016 0.8639887869358063 0
1643346485405 0.8343788385391235 0
1643346626292 0.8992980420589447 0
1643346767196 0.9071290194988251 0
1643346908092 1.2596887350082397 0
1643347049007 1.3413316011428833 0
1643347189918 1.0911683440208435 0
1643347330793 1.052417814731598 0
1643347471657 1.0619487762451172 0
1643347612501 0.7890494167804718 0
1643347753398 0.9221138656139374 0
1643347894272 1.845479130744934 0
1643348035124 1.3009758591651917 0
1643348175993 0.783200204372406 0
1643348316935 0.9229682236909866 0
1643348457870 1.225178599357605 0
1643348598799 0.9927908778190613 0
1643348739677 1.099349170923233 0
1643348880524 0.9340595006942749 0
1643349021375 0.8919573724269867 0
1643349162279 1.2949642837047577 0
1643349304746 1.377845048904419 0
1643349445654 0.8751497268676758 0
1643349586578 1.0771753191947937 0
1643349727506 1.1735883057117462 0
1643349868411 1.0216200053691864 0
1643350009271 1.3019048571586609 0
1643350150145 1.0876484811306 0
1643350291100 1.3449266105890274 0
1643350431947 1.4450406432151794 0
1643350572807 1.2735626697540283 0
1643350713694 1.2355726659297943 0
1643350854606 0.9302216470241547 0
1643350995508 1.331889033317566 0
1643351136864 1.130828469991684 0
1643351279315 1.014659345149994 0
1643351422167 1.0087372958660126 0
1643351562895 0.9294433295726776 0
1643351703562 1.0545807182788849 0
1643351844673 1.356949269771576 0
1643351986508 0.8181271106004715 0
1643352128838 0.8835665285587311 0
1643352269572 0.9593451023101807 0
1643352413126 1.014915406703949 0
1643352554605 0.8269318342208862 0
1643352695391 1.2266396284103394 0
1643352836286 0.9638985693454742 0
1643352977459 1.0341625660657883 0
1643353118334 1.0967811942100525 0
1643353260337 0.715542733669281 0
1643353401257 1.0536862909793854 0
1643353542208 0.9263458251953125 0
1643353682987 1.0834953486919403 0
1643353824441 1.0963793396949768 0
1643353965505 1.469262182712555 0
1643354106182 1.1262268722057343 0
1643354246921 0.9935595393180847 0
1643354387663 0.5771613717079163 0
1643354528408 1.4521912932395935 0
1643354669161 0.9080561399459839 0
1643354809925 1.5644823610782623 0
1643354952663 1.2136493623256683 0
1643355093339 1.1291689574718475 0
1643355234105 0.8365510851144791 0
1643355374843 1.3778230547904968 0
1643355515573 1.2134335041046143 0
1643355656294 1.0965606570243835 0
1643355797066 1.0816626846790314 0
1643355938046 1.1255306601524353 0
1643356079082 0.6948951631784439 0
1643356220282 1.2931551933288574 0
1643356361201 1.2624425888061523 0
1643356502109 1.2535812556743622 0
1643356643028 0.9919971525669098 0
1643356783942 1.1825644373893738 0
1643356924866 0.710126519203186 0
1643357065804 0.8941270411014557 0
1643357206753 1.3091714084148407 0
1643357347690 1.1534934043884277 0
1643357488601 1.179650604724884 0
1643357630419 0.6546440273523331 0
1643357773705 0.9756739586591721 0
1643357915570 0.7383418828248978 0
1643358056648 0.922881469130516 0
1643358197666 0.9096947014331818 0
1643358338664 1.1871022880077362 0
1643358479695 0.7724849432706833 0
1643358620738 1.1013238728046417 0
1643358761810 1.6690292954444885 0
1643358902825 0.8609087616205215 0
1643359043863 1.3280671834945679 0
1643359184864 0.7464150190353394 0
1643359325901 0.7118937969207764 0
1643359466985 1.1648173928260803 0
1643359608044 1.02205228805542 0
1643359749119 1.392915353178978 0
1643359890204 0.8359549045562744 0
1643360031248 1.214215874671936 0
1643360172278 1.4382010102272034 0
1643360313336 0.8882788419723511 0
1643360454436 0.9394543170928955 0
1643360597074 0.7459768950939178 0
1643360738101 0.766657829284668 0
1643360879149 1.113699734210968 0
1643361020228 0.7149188220500946 0
1643361161324 1.1431491076946259 0
1643361302407 0.8853285312652588 0
1643361443466 0.7701298147439957 0
1643361584522 1.4385402202606201 0
1643361725566 1.0658231228590012 0
1643361866599 1.040305882692337 0
1643362007661 0.7991192042827606 0
1643362148731 0.7375446557998657 0
1643362289806 1.1186354160308838 0
1643362430909 1.0033570528030396 0
1643362571987 1.240637093782425 0
1643362713033 1.2826825082302094 0
1643362854055 0.9344062805175781 0
1643362995094 1.0422488301992416 0
1643363136145 0.9990070462226868 0
1643363277151 1.1794535517692566 0
1643363419735 0.9327146261930466 0
1643363560774 1.5771207064390182 0
1643363701869 0.9470131993293762 0
1643363842964 1.2845931202173233 0
1643363984033 0.8857279717922211 0
1643364125056 0.8800223469734192 0
1643364266060 0.8983058035373688 0
1643364407074 1.0812232494354248 0
1643364548171 1.0695051550865173 0
1643364689263 1.186396211385727 0
1643364830322 0.5227143466472626 0
1643364971417 1.1750883758068085 0
1643365112502 0.7970909476280212 0
1643365253527 1.1169714629650116 0
1643365394547 1.080217719078064 0
1643365535590 1.5266178250312805 0
1643365676658 0.696064293384552 0
1643365817682 0.9285888075828552 0
1643365958647 1.2975526750087738 0
1643366099674 0.8482723832130432 0
1643366242329 1.1409677565097809 0
1643366383401 0.8809490352869034 0
1643366524500 1.040490448474884 0
1643366665595 1.1593685448169708 0
1643366806621 0.9981843829154968 0
1643366947609 2.109853982925415 0
1643367088623 1.066805362701416 0
1643367229656 1.2677156627178192 0
1643367370720 1.0984310507774353 0
1643367511778 0.7303189486265182 0
1643367652841 0.9550693333148956 0
1643367793902 0.878381222486496 0
1643367934891 1.1170128732919693 0
1643368075852 0.656814843416214 0
1643368216763 1.0424589812755585 0
1643368357732 0.8523219227790833 0
1643368498712 0.8002723902463913 0
1643368639674 0.8804990351200104 0
1643368780808 0.6464745551347733 0
1643368921820 0.8918762505054474 0
1643369064240 0.9517952501773834 0
1643369205065 0.783587858080864 0
1643369345868 1.0960544049739838 0
1643369486635 0.8245939910411835 0
1643369627418 1.0984859466552734 0
1643369768209 1.5084824562072754 0
1643369909056 1.6235548853874207 0
1643370049895 0.8027895241975784 0
1643370190716 1.2061535716056824 0
1643370331540 1.1276691257953644 0
1643370472410 1.074111431837082 0
1643370613233 1.101543813943863 0
1643370754020 0.8859069049358368 0
1643370894756 0.7750733196735382 0
1643371035525 0.7456885576248169 0
1643371176269 1.1673415899276733 0
1643371317026 0.9673704206943512 0
1643371457768 1.2281635105609894 0
1643371598556 0.47590160369873047 0
1643371739360 1.0422326028347015 0
1643371881728 1.2384599447250366 0
1643372022653 0.9350830018520355 0
1643372163591 1.7393408417701721 0
1643372304498 0.7318525165319443 0
1643372445419 0.7892231047153473 0
1643372586339 1.0062156319618225 0
1643372727285 0.5556645840406418 0
1643372868246 1.462868869304657 0
1643373009219 0.8305407166481018 0
1643373150163 0.8163881599903107 0
1643373291146 0.8797400891780853 0
1643373432154 1.0922874212265015 0
1643373573157 1.256544828414917 0
1643373714149 0.6026266366243362 0
1643373855110 0.7988986074924469 0
1643373996057 1.6442664861679077 0
1643374136994 0.8980894386768341 0
1643374277976 1.233479529619217 0
1643374418895 1.0197730511426926 0
1643374560325 0.8399625420570374 0
1643374702832 0.9934393465518951 0
1643374843825 1.155103400349617 0
1643374984818 1.2845323383808136 0
1643375125797 1.057124376296997 0
1643375266761 0.9587003737688065 0
1643375407661 1.0732340216636658 0
1643375548579 1.2328092455863953 0
1643375689479 1.202154964208603 0
1643375830443 1.3277503848075867 0
1643375971420 1.0278837084770203 0
1643376112406 1.2878767848014832 0
1643376253410 1.0494636297225952 0
1643376394382 0.5916208624839783 0
1643376535401 0.8881650418043137 0
1643376676400 0.8489133566617966 0
1643376817360 1.0088152587413788 0
1643376958301 1.0588068515062332 0
1643377099270 1.008533537387848 0
1643377240233 0.6208604276180267 0
1643377381170 1.005064144730568 0
1643377523661 1.0872640013694763 0
1643377664612 0.9936821609735489 0
1643377805645 1.6845273971557617 0
1643377946676 0.975016176700592 0
1643378087683 0.9422763884067535 0
1643378228727 1.0617842078208923 0
1643378369690 1.1172815263271332 0
1643378510642 1.1341878771781921 0
1643378651588 0.8635510206222534 0
1643378792555 0.9155933856964111 0
1643378933562 1.5864592790603638 0
1643379074575 0.7937544584274292 0
1643379215600 1.0324555933475494 0
1643379356612 1.1892802715301514 0
1643379497647 1.0029630064964294 0
1643379638628 0.7455307245254517 0
1643379779564 1.0313364267349243 0
1643379920486 1.0030941367149353 0
1643380061444 0.9140073359012604 0
1643380202392 0.7253289073705673 0
1643380344882 0.934659868478775 0
1643380485780 0.8619621694087982 0
1643380626756 0.910698413848877 0
1643380767749 0.9250500202178955 0
1643380908735 0.8250258564949036 0
1643381049734 0.8616565763950348 0
1643381190750 0.9650681912899017 0
1643381331704 0.8297131061553955 0
1643381472610 1.0283961445093155 0
1643381613532 0.7923449277877808 0
1643381754474 1.2420129776000977 0
1643381895488 0.8505039215087891 0
1643382036509 0.999703049659729 0
1643382177504 0.6627758294343948 0
1643382318511 0.8670770823955536 0
1643382459530 0.7619661688804626 0
1643382600492 1.0667673647403717 0
1643382741427 1.35649174451828 0
1643382882380 0.9218361079692841 0
1643383023369 0.8724557757377625 0
1643383165896 1.1174668073654175 0
1643383306663 1.24928879737854 0
1643383447428 0.9015054404735565 0
1643383588251 0.9780787527561188 0
1643383729086 0.8197966068983078 0
1643383869942 1.1773272156715393 0
1643384010760 0.894611194729805 0
1643384151548 1.0249363034963608 0
1643384292329 1.380759358406067 0
1643384433120 0.9705939590930939 0
1643384573967 1.2514038681983948 0
1643384714846 1.0129801034927368 0
1643384855715 1.6647337079048157 0
1643384996603 0.9541572481393814 0
1643385137509 1.2101622223854065 0
1643385278432 1.1762616038322449 0
1643385419343 1.220789611339569 0
1643385560168 1.269364356994629 0
1643385700950 1.4229043424129486 0
1643385841716 1.1168311834335327 0
1643385984069 0.9345845282077789 0
1643386124820 0.8163338899612427 0
1643386265545 0.9318549931049347 0
1643386406271 0.9691222310066223 0
1643386547014 0.7969110906124115 0
1643386687736 0.838556632399559 0
1643386828455 0.9115305840969086 0
1643386969138 1.4781927466392517 0
1643387109832 0.6067881137132645 0
1643387250531 0.8773900866508484 0
1643387391219 1.3453547358512878 0
1643387531905 1.2143978476524353 0
1643387672598 0.905338704586029 0
1643387813297 0.8004253208637238 0
1643387953992 1.5334569811820984 0
1643388094681 1.7583307027816772 0
1643388235358 0.8657728135585785 0
1643388376025 0.6800956428050995 0
1643388516686 0.9384108483791351 0
1643388657334 0.7898679375648499 0
1643388799558 0.87584388256073 0
1643388940205 0.9333697259426117 0
1643389080857 0.6891472637653351 0
1643389221513 0.9468358159065247 0
1643389362129 0.6493666917085648 0
1643389502767 0.7793354839086533 0
1643389643410 0.9162278920412064 0
1643389784066 1.2236690521240234 0
1643389924739 0.9929818958044052 0
1643390065400 0.9293154180049896 0
1643390206074 0.9765839576721191 0
1643390346723 1.0728073716163635 0
1643390487364 0.7810761332511902 0
1643390627999 0.8816388547420502 0
1643390768636 0.9322739392518997 0
1643390909282 0.9931210875511169 0
1643391049946 1.1184784173965454 0
1643391190567 0.9631181061267853 0
1643391331189 0.6755448877811432 0
1643391471846 0.7473089843988419 0
1643391614051 1.0540701746940613 0
1643391754688 0.7663579136133194 0
1643391895337 1.055466651916504 0
1643392035979 0.9137850999832153 0
1643392176623 0.6921267211437225 0
1643392317278 1.0453772842884064 0
1643392457940 0.9766799658536911 0
1643392598586 0.9989603757858276 0
1643392739233 1.301078200340271 0
1643392879876 1.0628767013549805 0
1643393020520 1.0206363946199417 0
1643393161176 1.0948601365089417 0
1643393301826 1.1044725477695465 0
1643393442481 1.1120585203170776 0
1643393583151 0.8353466391563416 0
1643393723802 1.015767827630043 0
1643393864462 1.0203666687011719 0
1643394005100 0.8597401976585388 0
1643394145792 1.3780556321144104 0
1643394286439 0.9005504846572876 0
1643394429226 1.1934762597084045 0
1643394569692 1.1273085474967957 0
1643394710180 0.8981476128101349 0
1643394850656 0.8748868107795715 0
1643394991124 0.7333051264286041 0
1643395131610 0.7189820408821106 0
1643395272086 1.3085683286190033 0
1643395412566 0.7027654349803925 0
1643395553046 0.7676855772733688 0
1643395693504 0.9215289056301117 0
1643395834002 0.8420448899269104 0
1643395974470 0.7852469980716705 0
1643396114959 1.050286591053009 0
1643396255442 0.8414838910102844 0
1643396395927 0.7171817719936371 0
1643396536427 0.817887619137764 0
1643396676911 0.7946521490812302 0
1643396817407 0.8737865388393402 0
1643396957900 0.8977115154266357 0
1643397098387 1.1500355377793312 0
1643397240425 0.6684111654758453 0
1643397381029 1.03207466006279 0
1643397521672 0.6971865892410278 0
1643397662314 1.0369769930839539 0
1643397802970 0.8552124798297882 0
1643397943629 0.6656792461872101 0
1643398084293 0.7614303678274155 0
1643398224953 0.8806881159543991 0
1643398365613 0.8846015781164169 0
1643398506268 0.9957060366868973 0
1643398646917 0.9452069699764252 0
1643398787574 0.9022538959980011 0
1643398928235 0.774662658572197 0
1643399068874 0.9119346141815186 0
1643399209530 1.164663016796112 0
1643399350220 1.1943067908287048 0
1643399490854 1.3626947104930878 0
1643399631494 0.8535017967224121 0
1643399772143 0.8351597785949707 0
1643399912800 1.1024664044380188 0
1643400055007 0.7145031094551086 0
1643400195633 0.8846920728683472 0
1643400336288 0.8465626239776611 0
1643400476936 1.1220535933971405 0
1643400617584 1.1823898553848267 0
1643400758242 0.6531608402729034 0
1643400898898 0.8778548836708069 0
1643401039561 0.8343717157840729 0
1643401180206 0.7300104796886444 0
1643401320853 0.8992630392313004 0
1643401461522 0.8852462023496628 0
1643401602165 1.2259345650672913 0
1643401742811 0.9659498333930969 0
1643401883467 0.6133481711149216 0
1643402024117 1.1789465844631195 0
1643402164777 0.8706969022750854 0
1643402305420 0.9222822934389114 0
1643402446056 0.8101489543914795 0
1643402586699 0.8987309485673904 0
1643402727330 0.7625084221363068 0
1643402869525 0.8445391654968262 0
1643403010152 1.1472485959529877 0
1643403150816 0.8090161085128784 0
1643403291429 1.3964651226997375 0
1643403432044 0.6949288696050644 0
1643403572668 0.7960299104452133 0
1643403713291 1.209549218416214 0
1643403853924 1.2271370589733124 0
1643403994541 0.9778926074504852 0
1643404135170 0.5921042114496231 0
1643404275804 1.1117931231856346 0
1643404416449 1.3663120418787003 0
1643404557061 0.9750144481658936 0
1643404697698 0.9286153465509415 0
1643404838319 0.8927464932203293 0
1643404978930 1.284686803817749 0
1643405119523 1.0165002942085266 0
1643405260107 0.6840118616819382 0
1643405400702 1.0995067954063416 0
1643405541300 0.7772384285926819 0
1643405683462 0.927108645439148 0
1643405824067 0.7369872778654099 0
1643405964689 0.8001216948032379 0
1643406105295 0.9533019363880157 0
1643406245926 0.940153494477272 0
1643406386524 0.6870531886816025 0
1643406527134 0.7043605446815491 0
1643406667723 0.7524623423814774 0
1643406808301 0.8062821328639984 0
1643406948927 0.7345816791057587 0
1643407089512 0.9439885020256042 0
1643407230110 0.9432825744152069 0
1643407370674 0.6485350281000137 0
1643407511245 1.1347763538360596 0
1643407651819 0.7218526005744934 0
1643407792389 0.7696493864059448 0
1643407932973 1.1535540223121643 0
1643408073570 1.0381710231304169 0
1643408214136 1.1587135195732117 0
