1634268492742 0.6982415318489075 0
1634268494820 0.45488715171813965 0
1634268495476 0.38067254424095154 0
1634268496149 0.3121832311153412 0
1634268496805 0.2798249423503876 0
1634268497478 0.273152619600296 0
1634268498136 0.2796996533870697 0
1634268498809 0.1769721806049347 0
1634268499465 0.2920447587966919 0
1634268500138 0.25943484902381897 0
1634268500809 0.2617182731628418 0
1634268501467 0.1960606575012207 0
1634268502138 0.2133554071187973 0
1634268502796 0.275357186794281 0
1634268503467 0.2700173556804657 0
1634268504143 0.29253625869750977 0
1634268504806 0.2721615731716156 0
1634268505471 0.24175715446472168 0
1634268506177 0.3021275997161865 0
1634268506874 0.31974950432777405 0
1634268507580 0.30328187346458435 0
1634268509626 0.3615434467792511 0
1634268510289 0.2834409177303314 0
1634268510991 0.24161097407341003 0
1634268511698 0.21822094917297363 0
1634268512368 0.1986563801765442 0
1634268513055 0.18498022854328156 0
1634268513728 0.21079732477664948 0
1634268514415 0.16187547147274017 0
1634268515088 0.17905069887638092 0
1634268515760 0.18841204047203064 0
1634268516453 0.18533645570278168 0
1634268517160 0.16631004214286804 0
1634268517830 0.18562784790992737 0
1634268518513 0.17716507613658905 0
1634268519179 0.1968058943748474 0
1634268519851 0.17235751450061798 0
1634268520533 0.14899678528308868 0
1634268521195 0.14869093894958496 0
1634268521868 0.1489090472459793 0
1634268522540 0.15968520939350128 0
1634268524610 0.16934703290462494 0
1634268525282 0.16747285425662994 0
1634268526000 0.15866228938102722 0
1634268526664 0.15564514696598053 0
1634268527352 0.15722091495990753 0
1634268528041 0.14932793378829956 0
1634268528714 0.15977267920970917 0
1634268529387 0.15648196637630463 0
1634268530060 0.15682698786258698 0
1634268530731 0.1433081477880478 0
1634268531404 0.1287819743156433 0
1634268532108 0.13129523396492004 0
1634268532797 0.17514632642269135 0
1634268533513 0.19055604934692383 0
1634268534198 0.14595595002174377 0
1634268534906 0.14446763694286346 0
1634268535605 0.14516879618167877 0
1634268536272 0.13325367867946625 0
1634268536930 0.12374044209718704 0
1634268537617 0.19597472250461578 0
1634268539636 0.1358870267868042 0
1634268540308 0.12707284092903137 0
1634268540981 0.11641578376293182 0
1634268541652 0.1409081369638443 0
1634268542341 0.1394236534833908 0
1634268543014 0.12870033085346222 0
1634268543687 0.12136613577604294 0
1634268544395 0.11227017641067505 0
1634268545105 0.1350349336862564 0
1634268545785 0.1336854249238968 0
1634268546477 0.13652987778186798 0
1634268547180 0.13892728090286255 0
1634268547884 0.1324198991060257 0
1634268548571 0.1390690952539444 0
1634268549260 0.12053375691175461 0
1634268549947 0.1236167848110199 0
1634268550651 0.1338828057050705 0
1634268551323 0.14157412946224213 0
1634268551996 0.134377121925354 0
1634268552683 0.12736009061336517 0
1634268554822 0.11538369208574295 0
1634268555523 0.11889245361089706 0
1634268556243 0.1643165796995163 0
1634268556946 0.15562781691551208 0
1634268557650 0.126194566488266 0
1634268558370 0.12468286603689194 0
1634268559090 0.1284608691930771 0
1634268559761 0.1312057077884674 0
1634268560481 0.1251116245985031 0
1634268561200 0.12293706834316254 0
1634268561904 0.12604133784770966 0
1634268562624 0.16076090931892395 0
1634268563342 0.11952497065067291 0
1634268564062 0.11689130961894989 0
1634268564749 0.1257481426000595 0
1634268565469 0.09383729845285416 0
1634268566167 0.1142536848783493 0
1634268566841 0.12002265453338623 0
1634268567523 0.11577364802360535 0
1634268568197 0.1139385774731636 0
1634268570287 0.11129957437515259 0
1634268570954 0.09900862723588943 0
1634268571619 0.13638916611671448 0
1634268572339 0.12196928262710571 0
1634268573036 0.1173720508813858 0
1634268573751 0.11271969228982925 0
1634268574442 0.12290947139263153 0
1634268575160 0.10924738645553589 0
1634268575852 0.12746159732341766 0
1634268576546 0.12259788066148758 0
1634268577214 0.09341520816087723 0
1634268577911 0.1134207621216774 0
1634268578587 0.12428102642297745 0
1634268579262 0.11425620317459106 0
1634268579967 0.12715654075145721 0
1634268580646 0.10052858293056488 0
1634268581330 0.1077439934015274 0
1634268582012 0.12262152880430222 0
1634268582694 0.1319129914045334 0
1634268583387 0.12015189230442047 0
1634268585588 0.10426978766918182 0
1634268586299 0.10957753658294678 0
1634268587008 0.08534055203199387 0
1634268587690 0.12732373178005219 0
1634268588363 0.1002296656370163 0
1634268589047 0.11133559048175812 0
1634268589749 0.09913212805986404 0
1634268590437 0.1160820871591568 0
1634268591117 0.10494917631149292 0
1634268591825 0.11354916542768478 0
1634268592538 0.12572960555553436 0
1634268593218 0.08614882081747055 0
1634268593896 0.11340127885341644 0
1634268594579 0.1148463785648346 0
1634268595259 0.11088244616985321 0
1634268595943 0.08029519766569138 0
1634268596634 0.12476453930139542 0
1634268597341 0.1317790299654007 0
1634268598024 0.12115863710641861 0
1634268598727 0.08526020497083664 0
1634268600813 0.1303602010011673 0
1634268601502 0.12152665108442307 0
1634268602183 0.12196150422096252 0
1634268602872 0.13249355554580688 0
1634268603566 0.08150892704725266 0
1634268604268 0.1005098968744278 0
1634268604948 0.1187523603439331 0
1634268605661 0.1079535037279129 0
1634268606328 0.09425190091133118 0
1634268607009 0.09099535644054413 0
1634268607696 0.10096098482608795 0
1634268608399 0.1224622130393982 0
1634268609078 0.09902387857437134 0
1634268609787 0.10229504853487015 0
1634268610488 0.12221888452768326 0
1634268611179 0.11091648787260056 0
1634268611864 0.08015468716621399 0
1634268612571 0.11251608282327652 0
1634268613273 0.10455793887376785 0
1634268613955 0.10893335193395615 0
1634268616056 0.11182641237974167 0
1634268616769 0.08685861527919769 0
1634268617480 0.10077075660228729 0
1634268618184 0.07955485582351685 0
1634268618879 0.10487768054008484 0
1634268619559 0.1030287891626358 0
1634268620284 0.11177206039428711 0
1634268620972 0.12164410948753357 0
1634268621652 0.09466619789600372 0
1634268622341 0.11452192813158035 0
1634268623030 0.12612830102443695 0
1634268623717 0.10958731919527054 0
1634268624427 0.11531675606966019 0
1634268625117 0.0787273645401001 0
1634268625809 0.1202104464173317 0
1634268626484 0.10338036715984344 0
1634268627176 0.0905165821313858 0
1634268627847 0.0885242447257042 0
1634268628507 0.12044411152601242 0
1634268629179 0.11564824730157852 0
1634268631312 0.10362524539232254 0
1634268631984 0.10835171490907669 0
1634268632641 0.09710952639579773 0
1634268633321 0.09272752702236176 0
1634268633992 0.13025151193141937 0
1634268634663 0.11299438029527664 0
1634268635336 0.12093283981084824 0
1634268635993 0.08956976979970932 0
1634268636666 0.07786282896995544 0
1634268637354 0.11455142498016357 0
1634268638012 0.0987398773431778 0
1634268638684 0.10297119617462158 0
1634268639357 0.08784359693527222 0
1634268640029 0.09871690720319748 0
1634268640701 0.09222250431776047 0
1634268641373 0.12942685186862946 0
1634268642046 0.09897568821907043 0
1634268642702 0.09520866721868515 0
1634268643403 0.11649343371391296 0
1634268645181 0.06946301460266113 0
