1634268492744 0.8348020911216736 0
1634268494822 0.31878364086151123 0
1634268495476 0.569042444229126 0
1634268496149 0.5671705603599548 0
1634268496805 0.3232017457485199 0
1634268497478 0.5422754287719727 0
1634268498136 0.3166410028934479 0
1634268498809 0.2848580479621887 0
1634268499465 0.5922053456306458 0
1634268500138 0.4968964755535126 0
1634268500809 0.558571457862854 0
1634268501467 0.38168880343437195 0
1634268502138 0.30473965406417847 0
1634268502796 0.5591880679130554 0
1634268503467 0.5408523678779602 0
1634268504144 0.33366796374320984 0
1634268504810 0.6014748215675354 0
1634268505472 0.5274789929389954 0
1634268506178 0.5290185809135437 0
1634268506876 0.5516239404678345 0
1634268507582 0.5662873387336731 0
1634268509628 0.5353203415870667 0
1634268510289 0.5231786966323853 0
1634268511007 0.33561307191848755 0
1634268511700 0.5567775368690491 0
1634268512368 0.5222179293632507 0
1634268513055 0.5458840131759644 0
1634268513728 0.5452368855476379 0
1634268514415 0.544854462146759 0
1634268515088 0.2955598533153534 0
1634268515760 0.5436850190162659 0
1634268516455 0.27404236793518066 0
1634268517162 0.5167391300201416 0
1634268517830 0.5160892605781555 0
1634268518515 0.5430902242660522 0
1634268519195 0.25582581758499146 0
1634268519851 0.5370215773582458 0
1634268520535 0.536480188369751 0
1634268521195 0.24502253532409668 0
1634268521868 0.5359821915626526 0
1634268522540 0.5352018475532532 0
1634268524610 0.5093241333961487 0
1634268525284 0.5084351301193237 0
1634268526002 0.5076479315757751 0
1634268526679 0.5323202610015869 0
1634268527352 0.5309339761734009 0
1634268528041 0.5049577951431274 0
1634268528714 0.5293635129928589 0
1634268529402 0.5273770093917847 0
1634268530075 0.5275763869285583 0
1634268530731 0.5267788767814636 0
1634268531404 0.5250217318534851 0
1634268532108 0.49977296590805054 0
1634268532797 0.5230439305305481 0
1634268533515 0.2367938607931137 0
1634268534200 0.5245556831359863 0
1634268534908 0.5215720534324646 0
1634268535607 0.5212830901145935 0
1634268536272 0.5196326971054077 0
1634268536945 0.2314032018184662 0
1634268537617 0.493979811668396 0
1634268539636 0.5185287594795227 0
1634268540308 0.49256765842437744 0
1634268540981 0.5171356201171875 0
1634268541652 0.49220576882362366 0
1634268542341 0.224041149020195 0
1634268543014 0.5142151117324829 0
1634268543687 0.22809530794620514 0
1634268544411 0.48841163516044617 0
1634268545106 0.4876374900341034 0
1634268545787 0.4869688153266907 0
1634268546477 0.511349618434906 0
1634268547180 0.5097876191139221 0
1634268547884 0.5097711086273193 0
1634268548571 0.5091443657875061 0
1634268549260 0.22220942378044128 0
1634268549947 0.4826512336730957 0
1634268550651 0.506243884563446 0
1634268551323 0.22024038434028625 0
1634268551996 0.5054528117179871 0
1634268552683 0.5038585066795349 0
1634268554824 0.5039132237434387 0
1634268555523 0.4779496490955353 0
1634268556243 0.5034254193305969 0
1634268556946 0.21110013127326965 0
1634268557666 0.47623810172080994 0
1634268558370 0.21202319860458374 0
1634268559090 0.4743800461292267 0
1634268559761 0.49892690777778625 0
1634268560481 0.4980355501174927 0
1634268561200 0.4964783787727356 0
1634268561904 0.496629536151886 0
1634268562624 0.4957970380783081 0
1634268563342 0.46989697217941284 0
1634268564062 0.4691016674041748 0
1634268564765 0.4683234691619873 0
1634268565469 0.4675251245498657 0
1634268566169 0.49107229709625244 0
1634268566843 0.19841517508029938 0
1634268567523 0.49063920974731445 0
1634268568197 0.20542389154434204 0
1634268570288 0.48828938603401184 0
1634268570956 0.19691024720668793 0
1634268571634 0.19637151062488556 0
1634268572339 0.48707839846611023 0
1634268573038 0.1939595639705658 0
1634268573753 0.4605449140071869 0
1634268574444 0.46003827452659607 0
1634268575162 0.19473525881767273 0
1634268575854 0.4829395115375519 0
1634268576548 0.45788708329200745 0
1634268577214 0.4571949243545532 0
1634268577911 0.48075175285339355 0
1634268578589 0.1886262446641922 0
1634268579264 0.19011132419109344 0
1634268579969 0.47859859466552734 0
1634268580646 0.47794851660728455 0
1634268581333 0.47805309295654297 0
1634268582014 0.47740113735198975 0
1634268582696 0.18637287616729736 0
1634268583389 0.47587618231773376 0
1634268585592 0.47420772910118103 0
1634268586299 0.44912007451057434 0
1634268587010 0.47247886657714844 0
1634268587692 0.26459553837776184 0
1634268588365 0.20613807439804077 0
1634268589047 0.18861335515975952 0
1634268589751 0.18173974752426147 0
1634268590439 0.46975699067115784 0
1634268591133 0.46813538670539856 0
1634268591827 0.46829360723495483 0
1634268592540 0.1937873214483261 0
1634268593220 0.46761810779571533 0
1634268593898 0.46523022651672363 0
1634268594581 0.4644145965576172 0
1634268595261 0.17228391766548157 0
1634268595945 0.43870240449905396 0
1634268596636 0.4645119905471802 0
1634268597343 0.43723592162132263 0
1634268598040 0.4607014060020447 0
1634268598727 0.46092697978019714 0
1634268600815 0.45936036109924316 0
1634268601504 0.4341198801994324 0
1634268602185 0.45749542117118835 0
1634268602874 0.4581821858882904 0
1634268603568 0.4559730589389801 0
1634268604270 0.1652221530675888 0
1634268604964 0.45450669527053833 0
1634268605662 0.45503973960876465 0
1634268606328 0.45314204692840576 0
1634268607011 0.4534570276737213 0
1634268607698 0.42748552560806274 0
1634268608401 0.42693430185317993 0
1634268609080 0.45018717646598816 0
1634268609789 0.1581600159406662 0
1634268610490 0.15931645035743713 0
1634268611181 0.15876811742782593 0
1634268611866 0.44745302200317383 0
1634268612573 0.4225028455257416 0
1634268613275 0.44700878858566284 0
1634268613955 0.42114654183387756 0
1634268616058 0.42050227522850037 0
1634268616771 0.4462321102619171 0
1634268617481 0.4433644115924835 0
1634268618186 0.44268128275871277 0
1634268618879 0.4417707920074463 0
1634268619561 0.4411158263683319 0
1634268620284 0.4161268472671509 0
1634268620972 0.14869636297225952 0
1634268621668 0.41468170285224915 0
1634268622341 0.4139569103717804 0
1634268623045 0.14673733711242676 0
1634268623717 0.4377279281616211 0
1634268624429 0.4361744225025177 0
1634268625117 0.14401836693286896 0
1634268625811 0.43665456771850586 0
1634268626499 0.4099868834018707 0
1634268627178 0.43436768651008606 0
1634268627849 0.17878444492816925 0
1634268628507 0.43265825510025024 0
1634268629179 0.4320131540298462 0
1634268631312 0.4062613546848297 0
1634268631984 0.4306865632534027 0
1634268632641 0.4047199487686157 0
1634268633323 0.40393802523612976 0
1634268633993 0.4031996726989746 0
1634268634663 0.42765116691589355 0
1634268635336 0.40186381340026855 0
1634268635993 0.4254581928253174 0
1634268636666 0.4004557728767395 0
1634268637354 0.4239158630371094 0
1634268638028 0.3989076316356659 0
1634268638684 0.13328295946121216 0
1634268639357 0.42259129881858826 0
1634268640029 0.4268743395805359 0
1634268640701 0.39601823687553406 0
1634268641373 0.1446310132741928 0
1634268642046 0.41982266306877136 0
1634268642702 0.4181654453277588 0
1634268643405 0.41770032048225403 0
1634268645196 0.4167640805244446 0
