1638757051974 0 0
1638757222985 1000 0
1638757300551 0 0
1638757466074 1000 0
1638757539422 0 0
1638757702957 1000 0
1638757776319 0 0
1638757940682 1000 0
1638758014119 0 0
1638758177884 1000 0
1638758251391 0 0
1638758415104 1000 0
1638758488507 0 0
1638758651801 1000 0
1638758725242 0 0
1638758888424 1000 0
1638758961712 0 0
1638759125057 1000 0
1638759198528 0 0
1638759362014 1000 0
1638759435378 0 0
1638759599101 1000 0
1638759672555 0 0
1638759835973 1000 0
1638759909406 0 0
1638760072875 1000 0
1638760146256 0 0
1638760309990 1000 0
1638760383516 0 0
1638760547076 1000 0
1638760620383 0 0
1638760783937 1000 0
1638760857357 0 0
1638761020839 1000 0
1638761094504 0 0
1638761258260 1000 0
1638761331991 0 0
1638761495999 1000 0
1638761569794 0 0
1638761733662 1000 0
1638761807125 0 0
1638761971104 1000 0
1638762046949 0 0
1638762210705 1000 0
1638762284358 0 0
1638762448466 1000 0
1638762522133 0 0
1638762686030 1000 0
1638762759682 0 0
1638762923958 1000 0
1638762997580 0 0
1638763161934 1000 0
1638763235710 0 0
1638763399798 1000 0
1638763473412 0 0
1638763637607 1000 0
1638763711341 0 0
1638763875418 1000 0
1638763948949 0 0
1638764112991 1000 0
1638764186664 0 0
1638764351140 1000 0
1638764424584 0 0
1638764588618 1000 0
1638764662298 0 0
1638764826262 1000 0
1638764900122 0 0
1638765064066 1000 0
1638765137892 0 0
1638765302285 1000 0
1638765376040 0 0
1638765540544 1000 0
1638765614327 0 0
1638765778503 1000 0
1638765852128 0 0
1638766016180 1000 0
1638766089896 0 0
1638766253907 1000 0
1638766327701 0 0
1638766492084 1000 0
1638766565827 0 0
1638766729898 1000 0
1638766805406 0 0
1638766969483 1000 0
1638767043154 0 0
1638767207577 1000 0
1638767281298 0 0
1638767445983 1000 0
1638767519713 0 0
1638767683804 1000 0
1638767757514 0 0
1638767921547 1000 0
1638767995331 0 0
1638768159644 1000 0
1638768233299 0 0
1638768397555 1000 0
1638768471374 0 0
1638768635706 1000 0
1638768710005 0 0
1638768874377 1000 0
1638768947975 0 0
1638769112078 1000 0
1638769185949 0 0
1638769350183 1000 0
1638769423927 0 0
1638769588157 1000 0
1638769661981 0 0
1638769826074 1000 0
1638769899668 0 0
1638770063877 1000 0
1638770137616 0 0
1638770301649 1000 0
1638770375334 0 0
1638770539602 1000 0
1638770613276 0 0
1638770777433 1000 0
1638770851200 0 0
1638771015740 1000 0
1638771089580 0 0
1638771253820 1000 0
1638771327559 0 0
1638771491523 1000 0
1638771567075 0 0
1638771730971 1000 0
1638771804579 0 0
1638771968539 1000 0
1638772042213 0 0
1638772206620 1000 0
1638772280469 0 0
1638772445128 1000 0
1638772518987 0 0
1638772683224 1000 0
1638772756942 0 0
1638772921230 1000 0
1638772994961 0 0
1638773158905 1000 0
1638773232565 0 0
1638773396595 1000 0
1638773470218 0 0
1638773634303 1000 0
1638773708022 0 0
1638773872353 1000 0
1638773946118 0 0
1638774110392 1000 0
1638774183992 0 0
1638774347982 1000 0
1638774421757 0 0
1638774586102 1000 0
1638774660155 0 0
1638774824280 1000 0
1638774897993 0 0
1638775061866 1000 0
1638775135741 0 0
1638775299768 1000 0
1638775373421 0 0
1638775537844 1000 0
1638775611726 0 0
1638775776124 1000 0
1638775849972 0 0
1638776014334 1000 0
1638776088286 0 0
1638776252403 1000 0
1638776328006 0 0
1638776492443 1000 0
1638776566195 0 0
1638776730637 1000 0
1638776804360 0 0
1638776968573 1000 0
1638777042438 0 0
1638777206457 1000 0
1638777280146 0 0
1638777444216 1000 0
1638777517980 0 0
1638777682082 1000 0
1638777755767 0 0
1638777920018 1000 0
1638777993782 0 0
1638778157918 1000 0
1638778231728 0 0
1638778395955 1000 0
1638778469716 0 0
1638778633662 1000 0
1638778707413 0 0
1638778871509 1000 0
1638778945263 0 0
1638779109573 1000 0
1638779183469 0 0
1638779347830 1000 0
1638779421416 0 0
1638779585768 1000 0
1638779659605 0 0
1638779823934 1000 0
1638779897523 0 0
1638780061704 1000 0
1638780135248 0 0
1638780299042 1000 0
1638780372637 0 0
1638780536716 1000 0
1638780610303 0 0
1638780774004 1000 0
1638780847737 0 0
1638781011855 1000 0
1638781087376 0 0
1638781251340 1000 0
1638781325027 0 0
1638781489158 1000 0
1638781562794 0 0
1638781726976 1000 0
1638781800826 0 0
1638781964847 1000 0
1638782038554 0 0
1638782202580 1000 0
1638782276163 0 0
1638782440268 1000 0
1638782514001 0 0
1638782677608 1000 0
1638782751120 0 0
1638782915074 1000 0
1638782988633 0 0
1638783152396 1000 0
1638783226017 0 0
1638783390052 1000 0
1638783463619 0 0
1638783627682 1000 0
1638783701241 0 0
1638783864922 1000 0
1638783938415 0 0
1638784101994 1000 0
1638784175515 0 0
1638784339328 1000 0
1638784412811 0 0
1638784576403 1000 0
1638784650029 0 0
1638784813586 1000 0
1638784887205 0 0
1638785050923 1000 0
1638785124473 0 0
1638785288141 1000 0
1638785361562 0 0
1638785525508 1000 0
1638785598883 0 0
1638785762684 1000 0
1638785838175 0 0
1638786001294 1000 0
1638786074595 0 0
1638786237852 1000 0
1638786311122 0 0
1638786474158 1000 0
1638786547460 0 0
1638786711776 1000 0
1638786785287 0 0
1638786948761 1000 0
1638787022347 0 0
1638787185606 1000 0
1638787259203 0 0
1638787422307 1000 0
1638787495548 0 0
1638787658766 1000 0
1638787732050 0 0
1638787895227 1000 0
1638787968383 0 0
1638788131659 1000 0
1638788204850 0 0
1638788368237 1000 0
1638788441474 0 0
1638788604588 1000 0
1638788677934 0 0
1638788840977 1000 0
1638788914101 0 0
1638789077276 1000 0
1638789150513 0 0
1638789313575 1000 0
1638789386841 0 0
1638789549715 1000 0
1638789622932 0 0
1638789786027 1000 0
1638789859234 0 0
1638790022258 1000 0
1638790095654 0 0
1638790258790 1000 0
1638790332156 0 0
1638790495275 1000 0
1638790570655 0 0
1638790733883 1000 0
1638790807400 0 0
1638790970593 1000 0
1638791043804 0 0
1638791206724 1000 0
1638791279970 0 0
1638791443117 1000 0
1638791516442 0 0
1638791679405 1000 0
1638791752676 0 0
1638791915568 1000 0
1638791988712 0 0
1638792151848 1000 0
1638792225044 0 0
1638792388156 1000 0
1638792461340 0 0
1638792624982 1000 0
1638792698414 0 0
1638792861452 1000 0
1638792934786 0 0
1638793097682 1000 0
1638793170969 0 0
1638793334213 1000 0
1638793407389 0 0
1638793570292 1000 0
1638793643539 0 0
1638793806566 1000 0
1638793879859 0 0
1638794043146 1000 0
1638794116325 0 0
1638794279285 1000 0
1638794352411 0 0
1638794515668 1000 0
1638794588931 0 0
1638794751918 1000 0
1638794824978 0 0
1638794987936 1000 0
1638795061077 0 0
1638795223963 1000 0
1638795299020 0 0
1638795461840 1000 0
1638795534954 0 0
1638795698198 1000 0
1638795771376 0 0
1638795934407 1000 0
1638796007769 0 0
1638796170807 1000 0
1638796244217 0 0
1638796407191 1000 0
1638796480418 0 0
1638796643408 1000 0
1638796716540 0 0
1638796879531 1000 0
1638796952756 0 0
1638797116232 1000 0
1638797189425 0 0
1638797352381 1000 0
1638797425629 0 0
1638797589529 1000 0
1638797662869 0 0
1638797826156 1000 0
1638797899653 0 0
1638798062997 1000 0
1638798136243 0 0
1638798299047 1000 0
1638798372230 0 0
1638798535151 1000 0
1638798608421 0 0
1638798771339 1000 0
1638798844577 0 0
1638799007323 1000 0
1638799080487 0 0
1638799243528 1000 0
1638799316834 0 0
1638799479853 1000 0
1638799553017 0 0
1638799715820 1000 0
1638799789313 0 0
1638799952466 1000 0
1638800027495 0 0
1638800190274 1000 0
1638800263491 0 0
1638800426667 1000 0
1638800499803 0 0
1638800662966 1000 0
1638800736377 0 0
1638800899458 1000 0
1638800972634 0 0
1638801135688 1000 0
1638801208817 0 0
1638801371780 1000 0
1638801445132 0 0
1638801608104 1000 0
1638801681233 0 0
1638801844547 1000 0
1638801917749 0 0
1638802080700 1000 0
1638802154106 0 0
1638802317221 1000 0
1638802390427 0 0
1638802553416 1000 0
1638802626603 0 0
1638802789666 1000 0
1638802862996 0 0
1638803026612 1000 0
1638803100254 0 0
1638803263600 1000 0
1638803337263 0 0
1638803501297 1000 0
1638803574936 0 0
1638803738576 1000 0
1638803812087 0 0
1638803975769 1000 0
1638804049129 0 0
1638804212722 1000 0
1638804286184 0 0
1638804450101 1000 0
1638804523578 0 0
1638804687468 1000 0
1638804762894 0 0
1638804926730 1000 0
1638805000406 0 0
1638805164324 1000 0
1638805238091 0 0
1638805402094 1000 0
1638805475370 0 0
1638805638966 1000 0
1638805712578 0 0
1638805876193 1000 0
1638805949850 0 0
1638806113597 1000 0
1638806187345 0 0
1638806350968 1000 0
1638806424583 0 0
1638806588474 1000 0
1638806662127 0 0
1638806826298 1000 0
1638806899821 0 0
1638807063700 1000 0
1638807137356 0 0
1638807301165 1000 0
1638807374787 0 0
1638807538436 1000 0
1638807611965 0 0
1638807775758 1000 0
1638807849497 0 0
1638808013394 1000 0
1638808086885 0 0
1638808250970 1000 0
1638808325191 0 0
1638808489364 1000 0
1638808563125 0 0
1638808727168 1000 0
1638808801040 0 0
1638808964958 1000 0
1638809038739 0 0
1638809202557 1000 0
1638809276285 0 0
1638809440041 1000 0
1638809515427 0 0
1638809679503 1000 0
1638809753080 0 0
1638809916855 1000 0
1638809990364 0 0
1638810154039 1000 0
1638810227669 0 0
1638810391656 1000 0
1638810465213 0 0
1638810629302 1000 0
1638810702822 0 0
1638810866704 1000 0
1638810940502 0 0
1638811104384 1000 0
1638811177930 0 0
1638811341702 1000 0
1638811415198 0 0
1638811578817 1000 0
1638811652363 0 0
1638811816004 1000 0
1638811889605 0 0
1638812053367 1000 0
1638812126749 0 0
1638812290493 1000 0
1638812364186 0 0
1638812527798 1000 0
1638812601280 0 0
1638812764655 1000 0
1638812838085 0 0
1638813001586 1000 0
1638813075068 0 0
1638813238506 1000 0
1638813311932 0 0
1638813475408 1000 0
1638813548789 0 0
1638813712345 1000 0
1638813785780 0 0
1638813949425 1000 0
1638814022924 0 0
1638814186511 1000 0
1638814261926 0 0
1638814425319 1000 0
1638814498721 0 0
1638814662163 1000 0
1638814735530 0 0
1638814899051 1000 0
1638814972434 0 0
1638815135918 1000 0
1638815209357 0 0
1638815376204 1000 0
1638815449633 0 0
1638815612983 1000 0
1638815686568 0 0
1638815850133 1000 0
1638815923644 0 0
1638816087375 1000 0
1638816160733 0 0
1638816324257 1000 0
1638816397534 0 0
1638816560917 1000 0
1638816634334 0 0
1638816797885 1000 0
1638816871255 0 0
1638817034931 1000 0
1638817108329 0 0
1638817271743 1000 0
1638817345121 0 0
1638817508531 1000 0
1638817581876 0 0
1638817745363 1000 0
1638817819152 0 0
1638817982581 1000 0
1638818055965 0 0
1638818219400 1000 0
1638818292879 0 0
1638818456447 1000 0
1638818529676 0 0
1638818693156 1000 0
1638818766661 0 0
1638818930092 1000 0
1638819005445 0 0
1638819169004 1000 0
1638819242351 0 0
1638819405633 1000 0
1638819479052 0 0
1638819642777 1000 0
1638819716128 0 0
1638819879495 1000 0
1638819952839 0 0
1638820116583 1000 0
1638820190018 0 0
1638820353592 1000 0
1638820426991 0 0
1638820590631 1000 0
1638820664770 0 0
1638820828252 1000 0
1638820901705 0 0
1638821065430 1000 0
1638821138788 0 0
1638821302209 1000 0
1638821375729 0 0
1638821539484 1000 0
1638821612874 0 0
1638821776376 1000 0
1638821849568 0 0
1638822012988 1000 0
1638822086284 0 0
1638822249829 1000 0
1638822323272 0 0
1638822486780 1000 0
1638822560244 0 0
1638822724489 1000 0
1638822798268 0 0
1638822961819 1000 0
1638823035371 0 0
1638823199085 1000 0
1638823272541 0 0
1638823436149 1000 0
1638823509665 0 0
1638823673156 1000 0
1638823748447 0 0
1638823911951 1000 0
1638823985201 0 0
1638824148760 1000 0
1638824222571 0 0
1638824385866 1000 0
1638824459141 0 0
1638824622503 1000 0
1638824696011 0 0
1638824859272 1000 0
1638824932550 0 0
1638825096062 1000 0
1638825169595 0 0
1638825332935 1000 0
1638825406356 0 0
1638825569834 1000 0
1638825643260 0 0
1638825806520 1000 0
1638825879988 0 0
1638826043344 1000 0
1638826116717 0 0
1638826280037 1000 0
1638826353484 0 0
1638826516927 1000 0
1638826590297 0 0
1638826753609 1000 0
1638826827401 0 0
1638826990840 1000 0
1638827064336 0 0
1638827227889 1000 0
1638827301322 0 0
1638827464514 1000 0
1638827537739 0 0
1638827700940 1000 0
1638827774303 0 0
1638827937606 1000 0
1638828010884 0 0
1638828174366 1000 0
1638828247915 0 0
1638828411196 1000 0
1638828486339 0 0
1638828649858 1000 0
1638828723238 0 0
1638828886385 1000 0
1638828959862 0 0
1638829123134 1000 0
1638829196508 0 0
1638829359925 1000 0
1638829433341 0 0
1638829597133 1000 0
1638829670629 0 0
1638829834034 1000 0
1638829907832 0 0
1638830071341 1000 0
1638830144764 0 0
1638830308004 1000 0
1638830381259 0 0
1638830545130 1000 0
1638830618511 0 0
1638830781649 1000 0
1638830854961 0 0
1638831018209 1000 0
1638831091536 0 0
1638831255219 1000 0
1638831328530 0 0
1638831491916 1000 0
1638831565412 0 0
1638831728541 1000 0
1638831801864 0 0
1638831965017 1000 0
1638832038604 0 0
1638832202194 1000 0
1638832275576 0 0
1638832439031 1000 0
1638832512475 0 0
1638832675876 1000 0
1638832749165 0 0
1638832912620 1000 0
1638832985952 0 0
1638833149579 1000 0
1638833224770 0 0
1638833388000 1000 0
1638833461375 0 0
1638833624815 1000 0
1638833698244 0 0
1638833861679 1000 0
1638833935112 0 0
1638834098804 1000 0
1638834172425 0 0
1638834335669 1000 0
1638834409063 0 0
1638834572616 1000 0
1638834646191 0 0
1638834809678 1000 0
1638834883130 0 0
1638835046966 1000 0
1638835120324 0 0
1638835283658 1000 0
1638835357076 0 0
1638835520442 1000 0
1638835594010 0 0
1638835757767 1000 0
1638835831581 0 0
1638835995302 1000 0
1638836068750 0 0
1638836232650 1000 0
1638836306037 0 0
1638836469817 1000 0
1638836543552 0 0
1638836707408 1000 0
1638836781057 0 0
1638836944962 1000 0
1638837018421 0 0
1638837183786 1000 0
1638837257533 0 0
1638837421253 1000 0
1638837494785 0 0
1638837658580 1000 0
1638837732134 0 0
1638837896073 1000 0
1638837971426 0 0
1638838135194 1000 0
1638838208800 0 0
1638838372685 1000 0
1638838446216 0 0
1638838609934 1000 0
1638838683321 0 0
1638838847035 1000 0
1638838920711 0 0
1638839084350 1000 0
1638839157972 0 0
1638839321777 1000 0
1638839395496 0 0
1638839559201 1000 0
1638839632603 0 0
1638839796354 1000 0
1638839870141 0 0
1638840034270 1000 0
1638840108072 0 0
1638840271986 1000 0
1638840345407 0 0
1638840509249 1000 0
1638840582689 0 0
1638840746795 1000 0
1638840820524 0 0
1638840984363 1000 0
1638841058171 0 0
1638841222396 1000 0
1638841296021 0 0
1638841460363 1000 0
1638841534305 0 0
1638841698250 1000 0
1638841771851 0 0
1638841935820 1000 0
1638842009691 0 0
1638842173310 1000 0
1638842246895 0 0
1638842410632 1000 0
1638842484160 0 0
1638842648169 1000 0
1638842723867 0 0
1638842887623 1000 0
1638842961301 0 0
1638843125429 1000 0
1638843198871 0 0
1638843362605 1000 0
1638843436288 0 0
1638843600220 1000 0
1638843673903 0 0
1638843837772 1000 0
1638843911482 0 0
1638844075289 1000 0
1638844149142 0 0
1638844313338 1000 0
1638844387159 0 0
1638844551053 1000 0
1638844624628 0 0
1638844788376 1000 0
1638844862328 0 0
1638845026376 1000 0
1638845100125 0 0
1638845264740 1000 0
1638845338623 0 0
1638845502551 1000 0
1638845576250 0 0
1638845740654 1000 0
1638845814655 0 0
1638845978617 1000 0
1638846052686 0 0
1638846217142 1000 0
1638846290644 0 0
1638846454673 1000 0
1638846528312 0 0
1638846692821 1000 0
1638846766854 0 0
1638846930904 1000 0
1638847004753 0 0
1638847169017 1000 0
1638847242958 0 0
1638847407057 1000 0
1638847482579 0 0
1638847647097 1000 0
1638847721020 0 0
1638847885468 1000 0
1638847959204 0 0
1638848123181 1000 0
1638848196907 0 0
1638848361087 1000 0
1638848435100 0 0
1638848599436 1000 0
1638848673270 0 0
1638848837731 1000 0
1638848911716 0 0
1638849075912 1000 0
1638849149513 0 0
1638849313773 1000 0
1638849387729 0 0
1638849551729 1000 0
1638849625479 0 0
1638849789750 1000 0
1638849863479 0 0
1638850027683 1000 0
1638850101431 0 0
1638850266145 1000 0
1638850339952 0 0
1638850504352 1000 0
1638850578007 0 0
1638850742145 1000 0
1638850816024 0 0
1638850980123 1000 0
1638851053806 0 0
1638851218345 1000 0
1638851292333 0 0
1638851456677 1000 0
1638851530208 0 0
1638851694767 1000 0
1638851768554 0 0
1638851932677 1000 0
1638852006665 0 0
1638852170962 1000 0
1638852246756 0 0
1638852411125 1000 0
1638852484907 0 0
1638852649492 1000 0
1638852723146 0 0
1638852887526 1000 0
1638852961101 0 0
1638853125395 1000 0
1638853199267 0 0
1638853363318 1000 0
1638853437093 0 0
1638853601077 1000 0
1638853674819 0 0
1638853839560 1000 0
1638853913316 0 0
1638854077477 1000 0
1638854151176 0 0
1638854315297 1000 0
1638854389029 0 0
1638854553381 1000 0
1638854627117 0 0
1638854791581 1000 0
1638854865533 0 0
1638855029660 1000 0
1638855103940 0 0
1638855268509 1000 0
1638855342340 0 0
1638855506977 1000 0
1638855580752 0 0
1638855745327 1000 0
1638855819229 0 0
1638855983601 1000 0
1638856057425 0 0
1638856221769 1000 0
1638856295690 0 0
1638856459754 1000 0
1638856533457 0 0
1638856697625 1000 0
1638856771388 0 0
1638856935518 1000 0
1638857011254 0 0
1638857175413 1000 0
1638857248848 0 0
1638857413077 1000 0
1638857486769 0 0
1638857650842 1000 0
1638857724483 0 0
1638857888644 1000 0
1638857962499 0 0
1638858126412 1000 0
1638858200063 0 0
1638858364063 1000 0
1638858437734 0 0
1638858601793 1000 0
1638858675531 0 0
1638858839818 1000 0
1638858913631 0 0
1638859077812 1000 0
1638859151341 0 0
1638859315667 1000 0
1638859389561 0 0
1638859553793 1000 0
1638859627594 0 0
1638859791430 1000 0
1638859865178 0 0
1638860029149 1000 0
1638860102850 0 0
1638860267120 1000 0
1638860340891 0 0
1638860505354 1000 0
1638860579060 0 0
1638860743085 1000 0
1638860816791 0 0
1638860981027 1000 0
1638861055088 0 0
1638861218969 1000 0
1638861292712 0 0
1638861456723 1000 0
1638861530580 0 0
1638861694723 1000 0
1638861770200 0 0
1638861934300 1000 0
1638862008153 0 0
1638862172169 1000 0
1638862245838 0 0
1638862409873 1000 0
1638862483765 0 0
1638862647782 1000 0
1638862721450 0 0
1638862885834 1000 0
1638862959529 0 0
1638863123561 1000 0
1638863197443 0 0
1638863361784 1000 0
1638863435482 0 0
1638863599599 1000 0
1638863673269 0 0
1638863837211 1000 0
1638863910947 0 0
1638864074875 1000 0
1638864148398 0 0
1638864312099 1000 0
1638864385662 0 0
1638864549720 1000 0
1638864623520 0 0
1638864787505 1000 0
1638864861181 0 0
1638865025370 1000 0
1638865099351 0 0
1638865263493 1000 0
1638865337116 0 0
1638865501520 1000 0
1638865574988 0 0
1638865739113 1000 0
1638865812725 0 0
1638865977019 1000 0
1638866050785 0 0
1638866214736 1000 0
1638866288493 0 0
1638866452967 1000 0
1638866528520 0 0
1638866692598 1000 0
1638866766380 0 0
1638866930330 1000 0
1638867003903 0 0
1638867167794 1000 0
1638867241423 0 0
1638867405549 1000 0
1638867479067 0 0
1638867643035 1000 0
1638867716679 0 0
1638867880707 1000 0
1638867954452 0 0
1638868118616 1000 0
1638868192654 0 0
1638868356670 1000 0
1638868430301 0 0
1638868594037 1000 0
1638868667436 0 0
1638868831308 1000 0
1638868905011 0 0
1638869069037 1000 0
1638869142527 0 0
1638869306465 1000 0
1638869380099 0 0
1638869543883 1000 0
1638869617375 0 0
1638869781241 1000 0
1638869855071 0 0
1638870019308 1000 0
1638870092974 0 0
1638870257176 1000 0
1638870330821 0 0
1638870494520 1000 0
1638870568338 0 0
1638870732124 1000 0
1638870805728 0 0
1638870969722 1000 0
1638871043463 0 0
1638871207191 1000 0
1638871282550 0 0
1638871446498 1000 0
1638871520080 0 0
1638871683796 1000 0
1638871757402 0 0
1638871921299 1000 0
1638871994998 0 0
1638872158953 1000 0
1638872232762 0 0
1638872396508 1000 0
1638872470030 0 0
1638872634089 1000 0
1638872707710 0 0
1638872871818 1000 0
1638872945413 0 0
1638873109308 1000 0
1638873182903 0 0
1638873346815 1000 0
1638873420178 0 0
1638873583632 1000 0
1638873657459 0 0
1638873821056 1000 0
1638873894537 0 0
1638874058322 1000 0
1638874131877 0 0
1638874295650 1000 0
1638874369216 0 0
1638874532932 1000 0
1638874606566 0 0
1638874770043 1000 0
1638874843470 0 0
1638875006960 1000 0
1638875080456 0 0
1638875244070 1000 0
1638875317586 0 0
1638875481344 1000 0
1638875554757 0 0
1638875718397 1000 0
1638875791758 0 0
1638875955332 1000 0
1638876030567 0 0
1638876193979 1000 0
1638876267418 0 0
1638876431411 1000 0
1638876504904 0 0
1638876668461 1000 0
1638876742638 0 0
1638876906397 1000 0
1638876980073 0 0
1638877143763 1000 0
1638877217418 0 0
1638877380921 1000 0
1638877454312 0 0
1638877617788 1000 0
1638877691153 0 0
1638877854885 1000 0
1638877928402 0 0
1638878092010 1000 0
1638878165591 0 0
1638878328888 1000 0
1638878402297 0 0
1638878565826 1000 0
1638878639369 0 0
1638878802748 1000 0
1638878876105 0 0
1638879039703 1000 0
1638879113224 0 0
1638879276589 1000 0
1638879349909 0 0
1638879513545 1000 0
1638879587051 0 0
1638879750676 1000 0
1638879824196 0 0
1638879987794 1000 0
1638880061323 0 0
1638880224925 1000 0
1638880298595 0 0
1638880462163 1000 0
1638880535761 0 0
1638880699117 1000 0
1638880774419 0 0
1638880938201 1000 0
1638881011621 0 0
1638881175110 1000 0
1638881248474 0 0
1638881412113 1000 0
1638881485680 0 0
1638881649246 1000 0
1638881722573 0 0
1638881886158 1000 0
1638881959510 0 0
1638882122992 1000 0
1638882196470 0 0
1638882359843 1000 0
1638882433371 0 0
1638882597238 1000 0
1638882670626 0 0
1638882834181 1000 0
1638882907588 0 0
1638883071155 1000 0
1638883144675 0 0
1638883308575 1000 0
1638883382100 0 0
1638883545575 1000 0
1638883619043 0 0
1638883782545 1000 0
1638883855970 0 0
1638884020295 1000 0
1638884093949 0 0
1638884257321 1000 0
1638884330887 0 0
1638884494506 1000 0
1638884568094 0 0
1638884731651 1000 0
1638884805169 0 0
1638884968491 1000 0
1638885042137 0 0
1638885205654 1000 0
1638885278990 0 0
1638885442605 1000 0
1638885517985 0 0
1638885681482 1000 0
1638885755033 0 0
1638885918461 1000 0
1638885992052 0 0
1638886155559 1000 0
1638886229007 0 0
1638886392187 1000 0
1638886465674 0 0
1638886629170 1000 0
1638886702758 0 0
1638886866434 1000 0
1638886939845 0 0
1638887103082 1000 0
1638887176383 0 0
1638887339897 1000 0
1638887413300 0 0
1638887576937 1000 0
1638887650287 0 0
1638887813750 1000 0
1638887887292 0 0
1638888050646 1000 0
1638888124139 0 0
1638888287431 1000 0
1638888360925 0 0
1638888524325 1000 0
1638888597787 0 0
1638888761405 1000 0
1638888834853 0 0
1638888998610 1000 0
1638889071990 0 0
1638889235583 1000 0
1638889308962 0 0
1638889472536 1000 0
1638889545945 0 0
1638889709458 1000 0
1638889783077 0 0
1638889946713 1000 0
1638890020062 0 0
1638890183539 1000 0
1638890258764 0 0
1638890422099 1000 0
1638890495390 0 0
1638890658740 1000 0
1638890732263 0 0
1638890895775 1000 0
1638890969308 0 0
1638891132815 1000 0
1638891206259 0 0
1638891369589 1000 0
1638891443037 0 0
1638891606720 1000 0
1638891680194 0 0
1638891843606 1000 0
1638891917113 0 0
1638892080463 1000 0
1638892153753 0 0
1638892317258 1000 0
1638892390762 0 0
1638892554130 1000 0
1638892627445 0 0
1638892790822 1000 0
1638892864262 0 0
1638893027734 1000 0
1638893101050 0 0
1638893264370 1000 0
1638893337748 0 0
1638893501376 1000 0
1638893574926 0 0
1638893738413 1000 0
1638893811911 0 0
1638893975567 1000 0
1638894049022 0 0
1638894212530 1000 0
1638894285898 0 0
1638894449278 1000 0
1638894522631 0 0
1638894686123 1000 0
1638894760299 0 0
1638894923888 1000 0
1638894999420 0 0
1638895162812 1000 0
1638895236488 0 0
1638895399903 1000 0
1638895473243 0 0
1638895636586 1000 0
1638895710076 0 0
1638895873653 1000 0
1638895947083 0 0
1638896110357 1000 0
1638896183813 0 0
1638896347284 1000 0
1638896420649 0 0
1638896584000 1000 0
1638896657418 0 0
1638896820678 1000 0
1638896894038 0 0
1638897057858 1000 0
1638897131248 0 0
1638897294698 1000 0
1638897367990 0 0
1638897531341 1000 0
1638897604709 0 0
1638897768143 1000 0
1638897841466 0 0
1638898004911 1000 0
1638898078298 0 0
1638898241405 1000 0
1638898314798 0 0
1638898477891 1000 0
1638898551173 0 0
1638898714765 1000 0
1638898788402 0 0
1638898951811 1000 0
1638899025168 0 0
1638899188620 1000 0
1638899262223 0 0
1638899425529 1000 0
1638899498948 0 0
1638899662523 1000 0
1638899737725 0 0
1638899901263 1000 0
1638899974817 0 0
1638900138215 1000 0
1638900211674 0 0
1638900375181 1000 0
1638900448735 0 0
1638900612645 1000 0
1638900685956 0 0
1638900849286 1000 0
1638900922648 0 0
1638901086097 1000 0
1638901159468 0 0
1638901322980 1000 0
1638901396304 0 0
1638901563510 1000 0
1638901636803 0 0
1638901800058 1000 0
1638901873437 0 0
1638902036966 1000 0
1638902110310 0 0
1638902273760 1000 0
1638902347141 0 0
1638902510671 1000 0
1638902583976 0 0
1638902747420 1000 0
1638902820787 0 0
1638902984209 1000 0
1638903057561 0 0
1638903220881 1000 0
1638903294068 0 0
1638903457565 1000 0
1638903531384 0 0
1638903694792 1000 0
1638903768244 0 0
1638903931570 1000 0
1638904004946 0 0
1638904168324 1000 0
1638904242032 0 0
1638904405382 1000 0
1638904480758 0 0
1638904644356 1000 0
1638904717864 0 0
1638904881324 1000 0
1638904954660 0 0
1638905117899 1000 0
1638905191304 0 0
1638905354570 1000 0
1638905427966 0 0
1638905591454 1000 0
1638905664996 0 0
1638905828452 1000 0
1638905901821 0 0
1638906065208 1000 0
1638906138471 0 0
1638906301784 1000 0
1638906375065 0 0
1638906538277 1000 0
1638906611621 0 0
1638906775202 1000 0
1638906848728 0 0
1638907011940 1000 0
1638907085360 0 0
1638907248749 1000 0
1638907322117 0 0
1638907485405 1000 0
1638907558701 0 0
1638907721973 1000 0
1638907795662 0 0
1638907959191 1000 0
1638908032546 0 0
1638908195939 1000 0
1638908269364 0 0
1638908432683 1000 0
1638908506091 0 0
1638908669432 1000 0
1638908742839 0 0
1638908906071 1000 0
1638908979528 0 0
1638909143382 1000 0
1638909218668 0 0
1638909382091 1000 0
1638909455409 0 0
1638909618924 1000 0
1638909692254 0 0
1638909855388 1000 0
1638909928737 0 0
1638910092360 1000 0
1638910165730 0 0
1638910329133 1000 0
1638910402581 0 0
1638910566063 1000 0
1638910639594 0 0
1638910803128 1000 0
1638910876550 0 0
1638911039821 1000 0
1638911113086 0 0
1638911276548 1000 0
1638911349841 0 0
1638911513472 1000 0
1638911586929 0 0
1638911750408 1000 0
1638911823884 0 0
1638911987231 1000 0
1638912060492 0 0
1638912223958 1000 0
1638912297288 0 0
1638912460701 1000 0
1638912534008 0 0
1638912697593 1000 0
1638912770908 0 0
1638912934373 1000 0
1638913007803 0 0
1638913171176 1000 0
1638913244903 0 0
1638913408267 1000 0
1638913481726 0 0
1638913645350 1000 0
1638913718686 0 0
1638913882112 1000 0
1638913957788 0 0
1638914124052 1000 0
1638914198534 0 0
1638914364984 1000 0
1638914439595 0 0
1638914605415 1000 0
1638914679983 0 0
1638914846029 1000 0
1638914920486 0 0
1638915086417 1000 0
1638915160885 0 0
1638915326534 1000 0
1638915401271 0 0
1638915567070 1000 0
1638915641537 0 0
1638915807491 1000 0
1638915881709 0 0
1638916047661 1000 0
1638916122200 0 0
1638916288121 1000 0
1638916362679 0 0
1638916528292 1000 0
1638916602863 0 0
1638916768743 1000 0
1638916843563 0 0
1638917009472 1000 0
1638917084156 0 0
1638917250116 1000 0
1638917324615 0 0
1638917490793 1000 0
1638917565215 0 0
1638917731282 1000 0
1638917806044 0 0
1638917971836 1000 0
1638918046165 0 0
1638918212466 1000 0
1638918286989 0 0
1638918453110 1000 0
1638918527446 0 0
1638918693714 1000 0
1638918770089 0 0
1638918933517 1000 0
1638919006891 0 0
1638919170374 1000 0
1638919243609 0 0
1638919407090 1000 0
1638919480570 0 0
1638919644059 1000 0
1638919717367 0 0
1638919881019 1000 0
1638919954633 0 0
1638920118266 1000 0
1638920191658 0 0
1638920355230 1000 0
1638920428922 0 0
1638920592504 1000 0
1638920666952 0 0
1638920830467 1000 0
1638920904007 0 0
1638921067688 1000 0
1638921142691 0 0
1638921306489 1000 0
1638921380280 0 0
1638921544000 1000 0
1638921617484 0 0
1638921781427 1000 0
1638921854920 0 0
1638922018609 1000 0
1638922091954 0 0
1638922256099 1000 0
1638922329527 0 0
1638922493384 1000 0
1638922566894 0 0
1638922730634 1000 0
1638922804105 0 0
1638922967985 1000 0
1638923041582 0 0
1638923205364 1000 0
1638923279034 0 0
1638923442660 1000 0
1638923518752 0 0
1638923682972 1000 0
1638923756458 0 0
1638923920292 1000 0
1638923994203 0 0
1638924158207 1000 0
1638924231798 0 0
1638924395511 1000 0
1638924469067 0 0
1638924632614 1000 0
1638924706146 0 0
1638924869716 1000 0
1638924943410 0 0
1638925107898 1000 0
1638925181617 0 0
1638925345347 1000 0
1638925418917 0 0
1638925582974 1000 0
1638925656430 0 0
1638925820647 1000 0
1638925894184 0 0
1638926058007 1000 0
1638926131456 0 0
1638926294986 1000 0
1638926368602 0 0
1638926532275 1000 0
1638926605964 0 0
1638926770434 1000 0
1638926844185 0 0
1638927008085 1000 0
1638927081728 0 0
1638927245885 1000 0
1638927319466 0 0
1638927483395 1000 0
1638927557033 0 0
1638927721065 1000 0
1638927794668 0 0
1638927958401 1000 0
1638928032103 0 0
1638928195996 1000 0
1638928271323 0 0
1638928435228 1000 0
1638928508844 0 0
1638928672697 1000 0
1638928746169 0 0
1638928910160 1000 0
1638928983926 0 0
1638929148051 1000 0
1638929221934 0 0
1638929386000 1000 0
1638929459681 0 0
1638929623529 1000 0
1638929697132 0 0
1638929860944 1000 0
1638929934499 0 0
1638930098286 1000 0
1638930171907 0 0
1638930335571 1000 0
1638930409054 0 0
1638930572806 1000 0
1638930646364 0 0
1638930810589 1000 0
1638930884235 0 0
1638931048254 1000 0
1638931121820 0 0
1638931285553 1000 0
1638931359087 0 0
1638931522948 1000 0
1638931596515 0 0
1638931760356 1000 0
1638931833856 0 0
1638931997629 1000 0
1638932071260 0 0
1638932235405 1000 0
1638932309063 0 0
1638932472918 1000 0
1638932546757 0 0
1638932710695 1000 0
1638932784272 0 0
1638932948096 1000 0
1638933024029 0 0
1638933187655 1000 0
1638933261386 0 0
1638933425490 1000 0
1638933499056 0 0
1638933662947 1000 0
1638933736581 0 0
1638933900577 1000 0
1638933974176 0 0
1638934138375 1000 0
1638934212050 0 0
1638934375744 1000 0
1638934449393 0 0
1638934613070 1000 0
1638934686677 0 0
1638934850856 1000 0
1638934924458 0 0
1638935088227 1000 0
1638935161901 0 0
1638935325724 1000 0
1638935399425 0 0
1638935563205 1000 0
1638935637092 0 0
1638935800882 1000 0
1638935874646 0 0
1638936038806 1000 0
1638936112478 0 0
1638936276661 1000 0
1638936350389 0 0
1638936514182 1000 0
1638936587875 0 0
1638936752006 1000 0
1638936825600 0 0
1638936989388 1000 0
1638937062946 0 0
1638937226674 1000 0
1638937300489 0 0
1638937464606 1000 0
1638937538277 0 0
1638937702108 1000 0
1638937777547 0 0
1638937941807 1000 0
1638938015410 0 0
1638938179387 1000 0
1638938253091 0 0
1638938417160 1000 0
1638938490908 0 0
1638938654724 1000 0
1638938728346 0 0
1638938892200 1000 0
1638938965798 0 0
1638939129973 1000 0
1638939203484 0 0
1638939367125 1000 0
1638939440608 0 0
1638939605038 1000 0
1638939678633 0 0
1638939842417 1000 0
1638939915941 0 0
1638940079680 1000 0
1638940153202 0 0
1638940317220 1000 0
1638940390952 0 0
1638940555044 1000 0
1638940628694 0 0
1638940792810 1000 0
1638940866339 0 0
1638941030341 1000 0
1638941104030 0 0
1638941268073 1000 0
1638941341637 0 0
1638941505921 1000 0
1638941580063 0 0
1638941744329 1000 0
1638941818265 0 0
1638941982392 1000 0
1638942056492 0 0
1638942220413 1000 0
1638942294135 0 0
1638942458087 1000 0
1638942533351 0 0
1638942697395 1000 0
1638942770983 0 0
1638942934808 1000 0
1638943008384 0 0
1638943172509 1000 0
1638943246158 0 0
1638943410357 1000 0
1638943484226 0 0
1638943648598 1000 0
1638943722217 0 0
1638943886605 1000 0
1638943960253 0 0
1638944124740 1000 0
1638944198400 0 0
1638944362258 1000 0
1638944435878 0 0
1638944600058 1000 0
1638944673583 0 0
1638944837642 1000 0
1638944911367 0 0
1638945075720 1000 0
1638945149386 0 0
1638945313194 1000 0
1638945386948 0 0
1638945550781 1000 0
1638945624626 0 0
1638945788700 1000 0
1638945862401 0 0
1638946026378 1000 0
1638946099966 0 0
1638946263930 1000 0
1638946337519 0 0
1638946501525 1000 0
1638946575183 0 0
1638946739591 1000 0
1638946813219 0 0
1638946977340 1000 0
1638947051221 0 0
1638947215377 1000 0
1638947290763 0 0
1638947455168 1000 0
1638947528810 0 0
1638947692852 1000 0
1638947766273 0 0
1638947930128 1000 0
1638948003647 0 0
1638948167563 1000 0
1638948241229 0 0
1638948405381 1000 0
1638948479318 0 0
1638948643514 1000 0
1638948717382 0 0
1638948881231 1000 0
1638948955041 0 0
1638949118894 1000 0
1638949192589 0 0
1638949356388 1000 0
1638949429990 0 0
1638949593657 1000 0
1638949667172 0 0
1638949830946 1000 0
1638949904804 0 0
1638950068583 1000 0
1638950142348 0 0
1638950306260 1000 0
1638950379997 0 0
1638950544111 1000 0
1638950617909 0 0
1638950781945 1000 0
1638950855497 0 0
1638951019974 1000 0
1638951093422 0 0
1638951257582 1000 0
1638951331189 0 0
1638951494991 1000 0
1638951568559 0 0
1638951732434 1000 0
1638951806143 0 0
1638951970102 1000 0
1638952045587 0 0
1638952209600 1000 0
1638952283328 0 0
1638952447553 1000 0
1638952521362 0 0
1638952685558 1000 0
1638952759127 0 0
1638952923373 1000 0
1638952997078 0 0
1638953161049 1000 0
1638953234734 0 0
1638953398408 1000 0
1638953471972 0 0
1638953635769 1000 0
1638953709221 0 0
1638953873146 1000 0
1638953946647 0 0
1638954110845 1000 0
1638954184530 0 0
1638954348234 1000 0
1638954421806 0 0
1638954585507 1000 0
1638954659281 0 0
1638954822848 1000 0
1638954896407 0 0
1638955060531 1000 0
1638955134188 0 0
1638955298020 1000 0
1638955371488 0 0
1638955535129 1000 0
1638955608520 0 0
1638955772191 1000 0
1638955845642 0 0
1638956009501 1000 0
1638956083000 0 0
1638956246475 1000 0
1638956320183 0 0
1638956484010 1000 0
1638956557538 0 0
1638956721130 1000 0
1638956797098 0 0
1638956960957 1000 0
1638957034500 0 0
1638957198176 1000 0
1638957271671 0 0
1638957435306 1000 0
1638957508874 0 0
1638957672866 1000 0
1638957746337 0 0
1638957909830 1000 0
1638957983569 0 0
1638958147100 1000 0
1638958220945 0 0
1638958384587 1000 0
1638958457990 0 0
1638958621591 1000 0
1638958695130 0 0
1638958858738 1000 0
1638958932271 0 0
1638959095704 1000 0
1638959169193 0 0
1638959332675 1000 0
1638959405996 0 0
1638959570441 1000 0
1638959644008 0 0
1638959807484 1000 0
1638959881080 0 0
1638960044827 1000 0
1638960118239 0 0
1638960281776 1000 0
1638960355277 0 0
1638960518903 1000 0
1638960592446 0 0
1638960756190 1000 0
1638960829647 0 0
1638960993171 1000 0
1638961066552 0 0
1638961229814 1000 0
1638961303462 0 0
1638961467186 1000 0
1638961542544 0 0
1638961706247 1000 0
1638961779735 0 0
1638961943844 1000 0
1638962017398 0 0
1638962180869 1000 0
1638962254304 0 0
1638962418052 1000 0
1638962491532 0 0
1638962654865 1000 0
1638962728312 0 0
1638962891982 1000 0
1638962965518 0 0
1638963129212 1000 0
1638963202819 0 0
1638963366516 1000 0
1638963439861 0 0
1638963603729 1000 0
1638963677180 0 0
1638963840960 1000 0
1638963914520 0 0
1638964078101 1000 0
1638964151663 0 0
1638964315271 1000 0
1638964388691 0 0
1638964552395 1000 0
1638964626088 0 0
1638964789534 1000 0
1638964862885 0 0
1638965026585 1000 0
1638965100212 0 0
1638965263709 1000 0
1638965337087 0 0
1638965501005 1000 0
1638965574578 0 0
1638965738417 1000 0
1638965811762 0 0
1638965975685 1000 0
1638966049221 0 0
1638966212906 1000 0
1638966288251 0 0
1638966451488 1000 0
1638966524961 0 0
1638966688295 1000 0
1638966761870 0 0
1638966925391 1000 0
1638966998867 0 0
1638967162510 1000 0
1638967236059 0 0
1638967399528 1000 0
1638967473040 0 0
1638967636408 1000 0
1638967709975 0 0
1638967873331 1000 0
1638967946846 0 0
1638968110273 1000 0
1638968183864 0 0
1638968347707 1000 0
1638968421164 0 0
1638968585092 1000 0
1638968658677 0 0
1638968822435 1000 0
1638968895830 0 0
1638969059659 1000 0
1638969133332 0 0
1638969297013 1000 0
1638969370573 0 0
1638969534033 1000 0
1638969607553 0 0
1638969771110 1000 0
1638969844488 0 0
1638970008039 1000 0
1638970081600 0 0
1638970245244 1000 0
1638970319320 0 0
1638970483156 1000 0
1638970556710 0 0
1638970720240 1000 0
1638970793791 0 0
1638970957212 1000 0
1638971032334 0 0
1638971195617 1000 0
1638971269000 0 0
1638971432495 1000 0
1638971505985 0 0
1638971669440 1000 0
1638971742843 0 0
1638971906323 1000 0
1638971979816 0 0
1638972143202 1000 0
1638972216570 0 0
1638972380111 1000 0
1638972453523 0 0
1638972617078 1000 0
1638972690496 0 0
1638972853967 1000 0
1638972927439 0 0
1638973090796 1000 0
1638973164181 0 0
1638973327673 1000 0
1638973401086 0 0
1638973564355 1000 0
1638973637924 0 0
1638973801292 1000 0
1638973874883 0 0
1638974038477 1000 0
1638974112052 0 0
1638974275469 1000 0
1638974348729 0 0
1638974512478 1000 0
1638974585933 0 0
1638974749326 1000 0
1638974822749 0 0
1638974986371 1000 0
1638975059767 0 0
1638975223162 1000 0
1638975296491 0 0
1638975459946 1000 0
1638975533356 0 0
1638975696915 1000 0
1638975772133 0 0
1638975935632 1000 0
1638976009094 0 0
1638976172821 1000 0
1638976246291 0 0
1638976409636 1000 0
1638976482927 0 0
1638976646230 1000 0
1638976719632 0 0
1638976883062 1000 0
1638976956599 0 0
1638977119952 1000 0
1638977193411 0 0
1638977356795 1000 0
1638977430282 0 0
1638977594234 1000 0
1638977667637 0 0
1638977830906 1000 0
1638977904324 0 0
1638978068068 1000 0
1638978141507 0 0
1638978304983 1000 0
1638978378419 0 0
1638978541714 1000 0
1638978615062 0 0
1638978778280 1000 0
1638978851775 0 0
1638979015166 1000 0
1638979088638 0 0
1638979252147 1000 0
1638979325706 0 0
1638979489278 1000 0
1638979562693 0 0
1638979726247 1000 0
1638979799973 0 0
1638979963416 1000 0
1638980036789 0 0
1638980200161 1000 0
1638980273618 0 0
1638980436925 1000 0
1638980512103 0 0
1638980675403 1000 0
1638980748636 0 0
1638980911934 1000 0
1638980986049 0 0
1638981150433 1000 0
1638981223950 0 0
1638981387608 1000 0
1638981460981 0 0
1638981624954 1000 0
1638981698343 0 0
1638981861591 1000 0
1638981935136 0 0
1638982098574 1000 0
1638982171890 0 0
1638982335410 1000 0
1638982408898 0 0
1638982572257 1000 0
1638982645561 0 0
1638982808961 1000 0
1638982882399 0 0
1638983046053 1000 0
1638983119469 0 0
1638983282882 1000 0
1638983356149 0 0
1638983519715 1000 0
1638983593015 0 0
1638983756616 1000 0
1638983830007 0 0
1638983993375 1000 0
1638984066937 0 0
1638984230776 1000 0
1638984304146 0 0
1638984467468 1000 0
1638984540876 0 0
1638984704285 1000 0
1638984777797 0 0
1638984941288 1000 0
1638985014640 0 0
1638985177901 1000 0
1638985253405 0 0
1638985417004 1000 0
1638985490318 0 0
1638985653834 1000 0
1638985727206 0 0
1638985890605 1000 0
1638985964099 0 0
1638986127734 1000 0
1638986201137 0 0
1638986364791 1000 0
1638986438211 0 0
1638986601631 1000 0
1638986675074 0 0
1638986838600 1000 0
1638986912014 0 0
1638987075664 1000 0
1638987149007 0 0
1638987312426 1000 0
1638987385770 0 0
1638987549177 1000 0
1638987622675 0 0
1638987786158 1000 0
1638987859572 0 0
1638988027237 1000 0
1638988100636 0 0
1638988264106 1000 0
1638988337672 0 0
1638988501123 1000 0
1638988574622 0 0
1638988738058 1000 0
1638988811747 0 0
1638988975306 1000 0
1638989048778 0 0
1638989211931 1000 0
1638989285238 0 0
1638989448606 1000 0
1638989521972 0 0
1638989685180 1000 0
1638989758809 0 0
1638989924824 1000 0
1638989999942 0 0
1638990163156 1000 0
1638990236560 0 0
1638990400062 1000 0
1638990473344 0 0
1638990636771 1000 0
1638990710103 0 0
1638990873642 1000 0
1638990947099 0 0
1638991110231 1000 0
1638991183615 0 0
1638991347123 1000 0
1638991420531 0 0
1638991584066 1000 0
1638991657501 0 0
1638991820829 1000 0
1638991894119 0 0
1638992057698 1000 0
1638992131028 0 0
1638992294691 1000 0
1638992368128 0 0
1638992531670 1000 0
1638992605065 0 0
1638992768595 1000 0
1638992841884 0 0
1638993005166 1000 0
1638993078484 0 0
1638993242121 1000 0
1638993315508 0 0
1638993478933 1000 0
1638993552369 0 0
1638993715737 1000 0
1638993789025 0 0
1638993952254 1000 0
1638994025682 0 0
1638994189196 1000 0
1638994262611 0 0
1638994425727 1000 0
1638994498956 0 0
1638994662067 1000 0
1638994737268 0 0
1638994900731 1000 0
1638994974193 0 0
1638995137406 1000 0
1638995210921 0 0
1638995374506 1000 0
1638995447900 0 0
1638995612664 1000 0
1638995686271 0 0
1638995849532 1000 0
1638995922877 0 0
1638996086653 1000 0
1638996160109 0 0
1638996323537 1000 0
1638996396932 0 0
1638996560594 1000 0
1638996634186 0 0
1638996797363 1000 0
1638996870650 0 0
1638997034061 1000 0
1638997107697 0 0
1638997271256 1000 0
1638997344606 0 0
1638997507900 1000 0
1638997581473 0 0
1638997744881 1000 0
1638997818571 0 0
1638997981979 1000 0
1638998055552 0 0
1638998218840 1000 0
1638998292389 0 0
1638998455784 1000 0
1638998529018 0 0
1638998692494 1000 0
1638998765877 0 0
1638998929144 1000 0
1638999002537 0 0
1638999165953 1000 0
1638999239350 0 0
1638999402844 1000 0
1638999478040 0 0
1638999641527 1000 0
1638999714920 0 0
1638999878287 1000 0
1638999951578 0 0
1639000114827 1000 0
1639000188304 0 0
1639000351645 1000 0
1639000424986 0 0
1639000588255 1000 0
1639000661619 0 0
1639000824991 1000 0
1639000898317 0 0
1639001061920 1000 0
1639001135239 0 0
1639001298723 1000 0
1639001372116 0 0
1639001535710 1000 0
1639001608915 0 0
1639001772508 1000 0
1639001846080 0 0
1639002009490 1000 0
1639002082984 0 0
1639002246305 1000 0
1639002319815 0 0
1639002483258 1000 0
1639002556665 0 0
1639002720112 1000 0
1639002793524 0 0
1639002957576 1000 0
1639003030921 0 0
1639003194508 1000 0
1639003267784 0 0
1639003431253 1000 0
1639003504525 0 0
1639003667959 1000 0
1639003741466 0 0
1639003904835 1000 0
1639003978142 0 0
1639004141715 1000 0
1639004216947 0 0
1639004380452 1000 0
1639004453879 0 0
1639004617185 1000 0
1639004690677 0 0
1639004854288 1000 0
1639004927681 0 0
1639005091900 1000 0
1639005165485 0 0
1639005328772 1000 0
1639005402074 0 0
1639005565301 1000 0
1639005638531 0 0
1639005801835 1000 0
1639005875260 0 0
1639006038817 1000 0
1639006112451 0 0
1639006275667 1000 0
1639006349293 0 0
1639006512730 1000 0
1639006586217 0 0
1639006749560 1000 0
1639006823095 0 0
1639006986684 1000 0
1639007060173 0 0
1639007223210 1000 0
1639007296553 0 0
1639007459910 1000 0
1639007533434 0 0
1639007696619 1000 0
1639007770144 0 0
1639007933507 1000 0
1639008006833 0 0
1639008170621 1000 0
1639008244071 0 0
1639008407503 1000 0
1639008480808 0 0
1639008644285 1000 0
1639008717628 0 0
1639008881228 1000 0
1639008957716 0 0
1639009121951 1000 0
1639009195624 0 0
1639009359127 1000 0
1639009432654 0 0
1639009596102 1000 0
1639009669735 0 0
1639009833420 1000 0
1639009907434 0 0
1639010071752 1000 0
1639010145215 0 0
1639010308688 1000 0
1639010382090 0 0
1639010545796 1000 0
1639010619120 0 0
1639010782665 1000 0
1639010856151 0 0
1639011019736 1000 0
1639011093094 0 0
1639011256741 1000 0
1639011330242 0 0
1639011494002 1000 0
1639011567546 0 0
1639011730951 1000 0
1639011804459 0 0
1639011967943 1000 0
1639012041405 0 0
1639012205263 1000 0
1639012278891 0 0
1639012442348 1000 0
1639012515731 0 0
1639012679378 1000 0
1639012753001 0 0
1639012916364 1000 0
1639012989863 0 0
1639013153205 1000 0
1639013226681 0 0
1639013390410 1000 0
1639013463969 0 0
1639013627895 1000 0
1639013703249 0 0
1639013866676 1000 0
1639013940169 0 0
1639014103922 1000 0
1639014177451 0 0
1639014340906 1000 0
1639014414370 0 0
1639014577903 1000 0
1639014651312 0 0
1639014814620 1000 0
1639014888114 0 0
1639015051358 1000 0
1639015124916 0 0
1639015288510 1000 0
1639015361940 0 0
1639015525369 1000 0
1639015598857 0 0
1639015762391 1000 0
1639015836040 0 0
1639015999545 1000 0
1639016073042 0 0
1639016236664 1000 0
1639016310071 0 0
1639016473676 1000 0
1639016546996 0 0
1639016710427 1000 0
1639016783797 0 0
1639016947422 1000 0
1639017020887 0 0
1639017184545 1000 0
1639017258005 0 0
1639017421641 1000 0
1639017495187 0 0
1639017658847 1000 0
1639017732414 0 0
1639017895897 1000 0
1639017969408 0 0
1639018133053 1000 0
1639018206586 0 0
1639018370113 1000 0
1639018445581 0 0
1639018609352 1000 0
1639018682934 0 0
1639018846627 1000 0
1639018920149 0 0
1639019083755 1000 0
1639019157313 0 0
1639019321313 1000 0
1639019395157 0 0
1639019559008 1000 0
1639019632637 0 0
1639019796266 1000 0
1639019869701 0 0
1639020033303 1000 0
1639020107207 0 0
1639020270964 1000 0
1639020344593 0 0
1639020508339 1000 0
1639020581947 0 0
1639020745762 1000 0
1639020819560 0 0
1639020983320 1000 0
1639021056972 0 0
1639021221014 1000 0
1639021294625 0 0
1639021458550 1000 0
1639021531887 0 0
1639021696082 1000 0
1639021769788 0 0
1639021933513 1000 0
1639022007139 0 0
1639022171233 1000 0
1639022244772 0 0
1639022408713 1000 0
1639022482261 0 0
1639022646058 1000 0
1639022719571 0 0
1639022883177 1000 0
1639022956789 0 0
1639023120709 1000 0
1639023196102 0 0
1639023359898 1000 0
1639023433436 0 0
1639023597342 1000 0
1639023670733 0 0
1639023834634 1000 0
1639023908310 0 0
1639024072419 1000 0
1639024145985 0 0
1639024310222 1000 0
1639024383897 0 0
1639024547942 1000 0
1639024621837 0 0
1639024785869 1000 0
1639024859810 0 0
1639025023797 1000 0
1639025097506 0 0
1639025261549 1000 0
1639025335255 0 0
1639025499221 1000 0
1639025572948 0 0
1639025737066 1000 0
1639025810780 0 0
1639025974857 1000 0
1639026048487 0 0
1639026212133 1000 0
1639026285530 0 0
1639026449554 1000 0
1639026523074 0 0
1639026687290 1000 0
1639026761022 0 0
1639026925046 1000 0
1639026998622 0 0
1639027162676 1000 0
1639027236262 0 0
1639027400606 1000 0
1639027474243 0 0
1639027637927 1000 0
1639027711586 0 0
1639027875443 1000 0
1639027951233 0 0
1639028115389 1000 0
1639028188870 0 0
1639028352487 1000 0
1639028426277 0 0
1639028590109 1000 0
1639028663833 0 0
1639028827748 1000 0
1639028901590 0 0
1639029065666 1000 0
1639029139336 0 0
1639029303345 1000 0
1639029376902 0 0
1639029540920 1000 0
1639029614463 0 0
1639029778175 1000 0
1639029851675 0 0
1639030015438 1000 0
1639030088953 0 0
1639030252958 1000 0
1639030326535 0 0
1639030490206 1000 0
1639030563966 0 0
1639030727529 1000 0
1639030801227 0 0
1639030965236 1000 0
1639031038829 0 0
1639031202763 1000 0
1639031276404 0 0
1639031439937 1000 0
1639031513499 0 0
1639031677324 1000 0
1639031750849 0 0
1639031914484 1000 0
1639031988225 0 0
1639032152446 1000 0
1639032226370 0 0
1639032390408 1000 0
1639032464498 0 0
1639032628406 1000 0
1639032703967 0 0
1639032868397 1000 0
1639032942084 0 0
1639033106691 1000 0
1639033180262 0 0
1639033344226 1000 0
1639033417943 0 0
1639033582218 1000 0
1639033656119 0 0
1639033820354 1000 0
1639033894077 0 0
1639034058682 1000 0
1639034132470 0 0
1639034297148 1000 0
1639034370705 0 0
1639034535068 1000 0
1639034608940 0 0
1639034773323 1000 0
1639034847083 0 0
1639035010827 1000 0
1639035084837 0 0
1639035248822 1000 0
1639035322674 0 0
1639035486679 1000 0
1639035560513 0 0
1639035724934 1000 0
1639035798662 0 0
1639035963233 1000 0
1639036037003 0 0
1639036201145 1000 0
1639036274771 0 0
1639036438784 1000 0
1639036512925 0 0
1639036677026 1000 0
1639036750631 0 0
1639036914720 1000 0
1639036988565 0 0
1639037153008 1000 0
1639037226707 0 0
1639037390994 1000 0
1639037466759 0 0
1639037630891 1000 0
1639037704594 0 0
1639037868267 1000 0
1639037942106 0 0
1639038105960 1000 0
1639038179718 0 0
1639038343719 1000 0
1639038417335 0 0
1639038581367 1000 0
1639038654921 0 0
1639038818718 1000 0
1639038892298 0 0
1639039056285 1000 0
1639039129800 0 0
1639039293917 1000 0
1639039367387 0 0
1639039531388 1000 0
1639039604979 0 0
1639039768934 1000 0
1639039842474 0 0
1639040006310 1000 0
1639040079793 0 0
1639040243689 1000 0
1639040317181 0 0
1639040481077 1000 0
1639040554601 0 0
1639040718258 1000 0
1639040792147 0 0
1639040956254 1000 0
1639041030029 0 0
1639041193786 1000 0
1639041267312 0 0
1639041431028 1000 0
1639041504538 0 0
1639041668403 1000 0
1639041742022 0 0
1639041906372 1000 0
1639041980075 0 0
1639042143836 1000 0
1639042220141 0 0
1639042384065 1000 0
1639042457612 0 0
1639042621546 1000 0
1639042695033 0 0
1639042859275 1000 0
1639042933023 0 0
1639043097333 1000 0
1639043171108 0 0
1639043334929 1000 0
1639043408603 0 0
1639043572491 1000 0
1639043646193 0 0
1639043810125 1000 0
1639043883766 0 0
1639044047971 1000 0
1639044121869 0 0
1639044285583 1000 0
1639044359213 0 0
1639044523362 1000 0
1639044597411 0 0
1639044761630 1000 0
1639044835402 0 0
1639044999401 1000 0
1639045073096 0 0
1639045237119 1000 0
1639045310667 0 0
1639045474666 1000 0
1639045548368 0 0
1639045712318 1000 0
1639045785929 0 0
1639045950006 1000 0
1639046023730 0 0
1639046187657 1000 0
1639046261249 0 0
1639046425517 1000 0
1639046499183 0 0
1639046663375 1000 0
1639046737182 0 0
1639046900878 1000 0
1639046976379 0 0
1639047140257 1000 0
1639047213844 0 0
1639047377725 1000 0
1639047451469 0 0
1639047615134 1000 0
1639047688720 0 0
1639047852442 1000 0
1639047926143 0 0
1639048089949 1000 0
1639048163523 0 0
1639048327609 1000 0
1639048401238 0 0
1639048564929 1000 0
1639048638368 0 0
1639048802136 1000 0
1639048875651 0 0
1639049039542 1000 0
1639049113139 0 0
1639049276749 1000 0
1639049350259 0 0
1639049514598 1000 0
1639049588638 0 0
1639049752579 1000 0
1639049826309 0 0
1639049990379 1000 0
1639050063978 0 0
1639050227640 1000 0
1639050301305 0 0
1639050465208 1000 0
1639050538795 0 0
1639050702747 1000 0
1639050776339 0 0
1639050940382 1000 0
1639051014230 0 0
1639051178065 1000 0
1639051251574 0 0
1639051415183 1000 0
1639051488546 0 0
1639051652311 1000 0
1639051727736 0 0
1639051891912 1000 0
1639051965401 0 0
1639052129103 1000 0
1639052202581 0 0
1639052366166 1000 0
1639052439893 0 0
1639052603480 1000 0
1639052676965 0 0
1639052840494 1000 0
1639052914033 0 0
1639053077865 1000 0
1639053151397 0 0
1639053314993 1000 0
1639053388627 0 0
1639053552305 1000 0
1639053625918 0 0
1639053789467 1000 0
1639053862942 0 0
1639054026612 1000 0
1639054100348 0 0
1639054264178 1000 0
1639054337766 0 0
1639054501351 1000 0
1639054574827 0 0
1639054738859 1000 0
1639054812348 0 0
1639054975757 1000 0
1639055049193 0 0
1639055212908 1000 0
1639055286537 0 0
1639055450478 1000 0
1639055523969 0 0
1639055687457 1000 0
1639055760814 0 0
1639055924458 1000 0
1639055997994 0 0
1639056161723 1000 0
1639056235400 0 0
1639056399216 1000 0
1639056474646 0 0
1639056638259 1000 0
1639056711769 0 0
1639056875427 1000 0
1639056948892 0 0
1639057112374 1000 0
1639057185925 0 0
1639057349347 1000 0
1639057422772 0 0
1639057586261 1000 0
1639057659706 0 0
1639057823777 1000 0
1639057897423 0 0
1639058060987 1000 0
1639058134401 0 0
1639058297763 1000 0
1639058371146 0 0
1639058534752 1000 0
1639058608269 0 0
1639058771601 1000 0
1639058845041 0 0
1639059008820 1000 0
1639059082259 0 0
1639059246044 1000 0
1639059319496 0 0
1639059483161 1000 0
1639059556709 0 0
1639059720098 1000 0
1639059793533 0 0
1639059957197 1000 0
1639060030751 0 0
1639060194425 1000 0
1639060267909 0 0
1639060432574 1000 0
1639060506101 0 0
1639060669512 1000 0
1639060742993 0 0
1639060906967 1000 0
1639060980521 0 0
1639061144048 1000 0
1639061219328 0 0
1639061383308 1000 0
1639061456776 0 0
1639061620422 1000 0
1639061693854 0 0
1639061857551 1000 0
1639061930946 0 0
1639062094681 1000 0
1639062168148 0 0
1639062331676 1000 0
1639062405179 0 0
1639062568598 1000 0
1639062642528 0 0
1639062806134 1000 0
1639062879485 0 0
1639063043205 1000 0
1639063116713 0 0
1639063280247 1000 0
1639063353601 0 0
1639063517156 1000 0
1639063590704 0 0
1639063754333 1000 0
1639063827756 0 0
1639063991459 1000 0
1639064064955 0 0
1639064228447 1000 0
1639064301916 0 0
1639064465640 1000 0
1639064539303 0 0
1639064702723 1000 0
1639064776174 0 0
1639064939418 1000 0
1639065013092 0 0
1639065176824 1000 0
1639065250313 0 0
1639065413728 1000 0
1639065487203 0 0
1639065650846 1000 0
1639065724336 0 0
1639065887764 1000 0
1639065962966 0 0
1639066126523 1000 0
1639066200253 0 0
1639066363928 1000 0
1639066437477 0 0
1639066601095 1000 0
1639066674402 0 0
1639066838105 1000 0
1639066911717 0 0
1639067075155 1000 0
1639067148754 0 0
1639067312284 1000 0
1639067385767 0 0
1639067550649 1000 0
1639067623969 0 0
1639067787866 1000 0
1639067861388 0 0
1639068025223 1000 0
1639068098767 0 0
1639068262342 1000 0
1639068335903 0 0
1639068499706 1000 0
1639068573143 0 0
1639068736935 1000 0
1639068810377 0 0
1639068973917 1000 0
1639069047391 0 0
1639069210944 1000 0
1639069284340 0 0
1639069447902 1000 0
1639069521306 0 0
1639069685254 1000 0
1639069758790 0 0
1639069922649 1000 0
1639069996089 0 0
1639070159516 1000 0
1639070232900 0 0
1639070396539 1000 0
1639070470068 0 0
1639070633746 1000 0
1639070709182 0 0
1639070872814 1000 0
1639070946387 0 0
1639071109831 1000 0
1639071183115 0 0
1639071346833 1000 0
1639071420200 0 0
1639071583621 1000 0
1639071657166 0 0
1639071820920 1000 0
1639071894310 0 0
1639072057922 1000 0
1639072131286 0 0
1639072294923 1000 0
1639072368358 0 0
1639072531631 1000 0
1639072605164 0 0
1639072768792 1000 0
1639072842322 0 0
1639073006096 1000 0
1639073079626 0 0
1639073242936 1000 0
1639073316368 0 0
1639073479984 1000 0
1639073553390 0 0
1639073717011 1000 0
1639073790317 0 0
1639073953829 1000 0
1639074027299 0 0
1639074190766 1000 0
1639074264064 0 0
1639074428014 1000 0
1639074501447 0 0
1639074664828 1000 0
1639074738164 0 0
1639074901719 1000 0
1639074975221 0 0
1639075138876 1000 0
1639075212687 0 0
1639075375976 1000 0
1639075451226 0 0
1639075614600 1000 0
1639075688132 0 0
1639075852523 1000 0
1639075926230 0 0
1639076089720 1000 0
1639076163155 0 0
1639076326553 1000 0
1639076399897 0 0
1639076567806 1000 0
1639076641355 0 0
1639076804645 1000 0
1639076878164 0 0
1639077041649 1000 0
1639077114903 0 0
1639077278248 1000 0
1639077351849 0 0
1639077515255 1000 0
1639077588806 0 0
1639077752302 1000 0
1639077825739 0 0
1639077989330 1000 0
1639078062810 0 0
1639078226296 1000 0
1639078299682 0 0
1639078463483 1000 0
1639078537023 0 0
1639078700721 1000 0
1639078774112 0 0
1639078937877 1000 0
1639079011307 0 0
1639079175102 1000 0
1639079248534 0 0
1639079411976 1000 0
1639079485440 0 0
1639079649249 1000 0
1639079722827 0 0
1639079886389 1000 0
1639079959675 0 0
1639080123217 1000 0
1639080198444 0 0
1639080361943 1000 0
1639080435558 0 0
1639080599210 1000 0
1639080672762 0 0
1639080836595 1000 0
1639080910004 0 0
1639081073504 1000 0
1639081147014 0 0
1639081310482 1000 0
1639081383817 0 0
1639081547679 1000 0
1639081621098 0 0
1639081784686 1000 0
1639081858152 0 0
1639082022524 1000 0
1639082096081 0 0
1639082259816 1000 0
1639082333295 0 0
1639082497200 1000 0
1639082570617 0 0
1639082734159 1000 0
1639082807628 0 0
1639082970990 1000 0
1639083044377 0 0
1639083208263 1000 0
1639083281727 0 0
1639083445599 1000 0
1639083518994 0 0
1639083682492 1000 0
1639083755891 0 0
1639083919470 1000 0
1639083992867 0 0
1639084156288 1000 0
1639084229914 0 0
1639084393523 1000 0
1639084466902 0 0
1639084630351 1000 0
1639084703804 0 0
1639084867347 1000 0
1639084942773 0 0
1639085106271 1000 0
1639085179654 0 0
1639085343311 1000 0
1639085416878 0 0
1639085580564 1000 0
1639085654023 0 0
1639085817476 1000 0
1639085891141 0 0
1639086055077 1000 0
1639086128651 0 0
1639086292126 1000 0
1639086365496 0 0
1639086529091 1000 0
1639086602665 0 0
1639086766264 1000 0
1639086839903 0 0
1639087003429 1000 0
1639087076887 0 0
1639087240407 1000 0
1639087314121 0 0
1639087477578 1000 0
1639087550944 0 0
1639087714351 1000 0
1639087787820 0 0
1639087951331 1000 0
1639088024758 0 0
1639088188119 1000 0
1639088261434 0 0
1639088424944 1000 0
1639088498427 0 0
1639088662182 1000 0
1639088735640 0 0
1639088899236 1000 0
1639088972701 0 0
1639089136024 1000 0
1639089209445 0 0
1639089372708 1000 0
1639089446226 0 0
1639089609937 1000 0
1639089685160 0 0
1639089848783 1000 0
1639089922435 0 0
1639090086167 1000 0
1639090159565 0 0
1639090323266 1000 0
1639090396675 0 0
1639090560569 1000 0
1639090633976 0 0
1639090797460 1000 0
1639090870827 0 0
1639091034458 1000 0
1639091107983 0 0
1639091271567 1000 0
1639091344944 0 0
1639091508439 1000 0
1639091581875 0 0
1639091745446 1000 0
1639091819062 0 0
1639091982656 1000 0
1639092056364 0 0
1639092220243 1000 0
1639092293907 0 0
1639092457455 1000 0
1639092530746 0 0
1639092694222 1000 0
1639092767634 0 0
1639092931383 1000 0
1639093004845 0 0
1639093168290 1000 0
1639093242002 0 0
1639093405591 1000 0
1639093479000 0 0
1639093642501 1000 0
1639093716018 0 0
1639093879706 1000 0
1639093953078 0 0
1639094116977 1000 0
1639094190477 0 0
1639094354114 1000 0
1639094429518 0 0
1639094593208 1000 0
1639094666602 0 0
1639094830007 1000 0
1639094903386 0 0
1639095067321 1000 0
1639095140837 0 0
1639095304508 1000 0
1639095377981 0 0
1639095541755 1000 0
1639095615199 0 0
1639095778580 1000 0
1639095851864 0 0
1639096015351 1000 0
1639096088703 0 0
1639096252183 1000 0
1639096326200 0 0
1639096490151 1000 0
1639096563683 0 0
1639096727064 1000 0
1639096800697 0 0
1639096964129 1000 0
1639097037584 0 0
1639097200898 1000 0
1639097274263 0 0
1639097437692 1000 0
1639097511320 0 0
1639097674765 1000 0
1639097748317 0 0
1639097911872 1000 0
1639097985441 0 0
1639098148944 1000 0
1639098222486 0 0
1639098386254 1000 0
1639098459682 0 0
1639098623482 1000 0
1639098697163 0 0
1639098860743 1000 0
1639098934184 0 0
1639099097851 1000 0
1639099173336 0 0
1639099336831 1000 0
1639099410230 0 0
1639099573728 1000 0
1639099647113 0 0
1639099810884 1000 0
1639099884334 0 0
1639100047856 1000 0
1639100121344 0 0
1639100284932 1000 0
1639100358730 0 0
1639100522479 1000 0
1639100595888 0 0
1639100759460 1000 0
1639100832981 0 0
1639100996663 1000 0
1639101069990 0 0
1639101233564 1000 0
1639101307007 0 0
1639101470727 1000 0
1639101544108 0 0
1639101707569 1000 0
1639101781023 0 0
1639101944732 1000 0
1639102018197 0 0
1639102181521 1000 0
1639102255100 0 0
1639102418999 1000 0
1639102492374 0 0
1639102655898 1000 0
1639102729326 0 0
1639102892754 1000 0
1639102966101 0 0
1639103129582 1000 0
1639103203092 0 0
1639103366612 1000 0
1639103440037 0 0
1639103604452 1000 0
1639103677960 0 0
1639103841580 1000 0
1639103916889 0 0
1639104080461 1000 0
1639104153759 0 0
1639104317251 1000 0
1639104390630 0 0
1639104554311 1000 0
1639104627726 0 0
1639104791316 1000 0
1639104864696 0 0
1639105028303 1000 0
1639105101714 0 0
1639105265189 1000 0
1639105338690 0 0
1639105502419 1000 0
1639105575757 0 0
1639105739302 1000 0
1639105812898 0 0
1639105976460 1000 0
1639106049922 0 0
1639106213497 1000 0
1639106286943 0 0
1639106450532 1000 0
1639106524172 0 0
1639106687648 1000 0
1639106761208 0 0
1639106924704 1000 0
1639106998327 0 0
1639107162019 1000 0
1639107235445 0 0
1639107398935 1000 0
1639107472362 0 0
1639107636207 1000 0
1639107709632 0 0
1639107873336 1000 0
1639107946974 0 0
1639108110489 1000 0
1639108183916 0 0
1639108347492 1000 0
1639108420957 0 0
1639108584884 1000 0
1639108660415 0 0
1639108824055 1000 0
1639108897588 0 0
1639109061627 1000 0
1639109135369 0 0
1639109299045 1000 0
1639109372523 0 0
1639109536845 1000 0
1639109610280 0 0
1639109774065 1000 0
1639109847621 0 0
1639110011444 1000 0
1639110084916 0 0
1639110249017 1000 0
1639110322586 0 0
1639110486500 1000 0
1639110560094 0 0
1639110724232 1000 0
1639110797820 0 0
1639110961797 1000 0
1639111035605 0 0
1639111199423 1000 0
1639111272988 0 0
1639111436934 1000 0
1639111510551 0 0
1639111674500 1000 0
1639111747988 0 0
1639111911782 1000 0
1639111985438 0 0
1639112149090 1000 0
1639112222819 0 0
1639112386563 1000 0
1639112460075 0 0
1639112624013 1000 0
1639112697584 0 0
1639112861569 1000 0
1639112935263 0 0
1639113099672 1000 0
1639113173377 0 0
1639113337387 1000 0
1639113412845 0 0
1639113576780 1000 0
1639113650292 0 0
1639113814052 1000 0
1639113887827 0 0
1639114051712 1000 0
1639114125254 0 0
1639114288933 1000 0
1639114363182 0 0
1639114527501 1000 0
1639114601329 0 0
1639114765353 1000 0
1639114839228 0 0
1639115003148 1000 0
1639115076649 0 0
1639115240680 1000 0
1639115314298 0 0
1639115478526 1000 0
1639115552264 0 0
1639115716720 1000 0
1639115790429 0 0
1639115955257 1000 0
1639116028779 0 0
1639116192562 1000 0
1639116266070 0 0
1639116429910 1000 0
1639116503563 0 0
1639116667852 1000 0
1639116741735 0 0
1639116905748 1000 0
1639116979536 0 0
1639117143656 1000 0
1639117217273 0 0
1639117381109 1000 0
1639117454797 0 0
1639117618673 1000 0
1639117692221 0 0
1639117856287 1000 0
1639117929869 0 0
1639118093954 1000 0
1639118169287 0 0
1639118333360 1000 0
1639118407295 0 0
1639118571334 1000 0
1639118644947 0 0
1639118809010 1000 0
1639118882858 0 0
1639119047108 1000 0
1639119121070 0 0
1639119285349 1000 0
1639119359313 0 0
1639119523255 1000 0
1639119596786 0 0
1639119760770 1000 0
1639119834694 0 0
1639119998886 1000 0
1639120072549 0 0
1639120236954 1000 0
1639120310536 0 0
1639120474735 1000 0
1639120548466 0 0
1639120712303 1000 0
1639120786094 0 0
1639120950077 1000 0
1639121023795 0 0
1639121187618 1000 0
1639121261408 0 0
1639121425327 1000 0
1639121499159 0 0
1639121663186 1000 0
1639121736850 0 0
1639121901141 1000 0
1639121974758 0 0
1639122138910 1000 0
1639122212467 0 0
1639122376631 1000 0
1639122450297 0 0
1639122614039 1000 0
1639122687855 0 0
1639122851790 1000 0
1639122927300 0 0
1639123091140 1000 0
1639123164848 0 0
1639123328763 1000 0
1639123402506 0 0
1639123566572 1000 0
1639123640194 0 0
1639123804368 1000 0
1639123878094 0 0
1639124041968 1000 0
1639124115610 0 0
1639124279390 1000 0
1639124353050 0 0
1639124517120 1000 0
1639124590604 0 0
1639124754970 1000 0
1639124828881 0 0
1639124992625 1000 0
1639125066183 0 0
1639125230335 1000 0
1639125303974 0 0
1639125467731 1000 0
1639125541334 0 0
1639125705272 1000 0
1639125778998 0 0
1639125942696 1000 0
1639126016291 0 0
1639126180406 1000 0
1639126253895 0 0
1639126417797 1000 0
1639126491455 0 0
1639126655166 1000 0
1639126728795 0 0
1639126892728 1000 0
1639126966243 0 0
1639127130113 1000 0
1639127203788 0 0
1639127367718 1000 0
1639127441510 0 0
1639127605548 1000 0
1639127680879 0 0
1639127844577 1000 0
1639127918170 0 0
1639128082004 1000 0
1639128155511 0 0
1639128319181 1000 0
1639128392901 0 0
1639128556837 1000 0
1639128630307 0 0
1639128794081 1000 0
1639128867637 0 0
1639129031380 1000 0
1639129105056 0 0
1639129269176 1000 0
1639129342842 0 0
1639129506854 1000 0
1639129580472 0 0
1639129744073 1000 0
1639129817876 0 0
1639129981644 1000 0
1639130055222 0 0
1639130218875 1000 0
1639130292472 0 0
1639130456199 1000 0
1639130530063 0 0
1639130693757 1000 0
1639130767498 0 0
1639130931498 1000 0
1639131005264 0 0
1639131169033 1000 0
1639131242500 0 0
1639131406228 1000 0
1639131479660 0 0
1639131643559 1000 0
1639131717188 0 0
1639131880915 1000 0
1639131954378 0 0
1639132118119 1000 0
1639132191669 0 0
1639132355430 1000 0
1639132430894 0 0
1639132594558 1000 0
1639132668178 0 0
1639132832250 1000 0
1639132905960 0 0
1639133069687 1000 0
1639133143243 0 0
1639133306949 1000 0
1639133380405 0 0
1639133544150 1000 0
1639133617679 0 0
1639133781893 1000 0
1639133855317 0 0
1639134018949 1000 0
1639134092599 0 0
1639134256242 1000 0
1639134329764 0 0
1639134493804 1000 0
1639134567288 0 0
1639134731374 1000 0
1639134805057 0 0
1639134968677 1000 0
1639135042172 0 0
1639135206018 1000 0
1639135279523 0 0
1639135443271 1000 0
1639135516850 0 0
1639135680312 1000 0
1639135753892 0 0
1639135918239 1000 0
1639135991915 0 0
1639136155692 1000 0
1639136229587 0 0
1639136393544 1000 0
1639136467126 0 0
1639136630987 1000 0
1639136704649 0 0
1639136868739 1000 0
1639136942312 0 0
1639137105925 1000 0
1639137181722 0 0
1639137346262 1000 0
1639137420029 0 0
1639137583709 1000 0
1639137657262 0 0
1639137821075 1000 0
1639137894632 0 0
1639138058609 1000 0
1639138132280 0 0
1639138296446 1000 0
1639138370067 0 0
1639138533926 1000 0
1639138607542 0 0
1639138771224 1000 0
1639138844909 0 0
1639139008781 1000 0
1639139082337 0 0
1639139246139 1000 0
1639139319737 0 0
1639139483476 1000 0
1639139557056 0 0
1639139721237 1000 0
1639139794881 0 0
1639139959071 1000 0
1639140032794 0 0
1639140196594 1000 0
1639140270186 0 0
1639140434202 1000 0
1639140507818 0 0
1639140671912 1000 0
1639140745473 0 0
1639140909477 1000 0
1639140983386 0 0
1639141147371 1000 0
1639141221029 0 0
1639141384833 1000 0
1639141458424 0 0
1639141622407 1000 0
1639141695960 0 0
1639141860051 1000 0
1639141935465 0 0
1639142099205 1000 0
1639142172660 0 0
1639142336336 1000 0
1639142410002 0 0
1639142573828 1000 0
1639142647389 0 0
1639142811188 1000 0
1639142884719 0 0
1639143048287 1000 0
1639143122498 0 0
1639143286307 1000 0
1639143360256 0 0
1639143524118 1000 0
1639143597942 0 0
1639143761516 1000 0
1639143835199 0 0
1639143998959 1000 0
1639144072665 0 0
1639144236398 1000 0
1639144309839 0 0
1639144473625 1000 0
1639144547276 0 0
1639144710936 1000 0
1639144784532 0 0
1639144948318 1000 0
1639145021739 0 0
1639145185444 1000 0
1639145259082 0 0
1639145423171 1000 0
1639145497046 0 0
1639145660798 1000 0
1639145734424 0 0
1639145898218 1000 0
1639145971713 0 0
1639146135286 1000 0
1639146208810 0 0
1639146372641 1000 0
1639146446284 0 0
1639146609926 1000 0
1639146685300 0 0
1639146849065 1000 0
1639146922474 0 0
1639147086047 1000 0
1639147159529 0 0
1639147323395 1000 0
1639147397032 0 0
1639147560435 1000 0
1639147633986 0 0
1639147797714 1000 0
1639147871140 0 0
1639148034714 1000 0
1639148108268 0 0
1639148272200 1000 0
1639148345667 0 0
1639148509717 1000 0
1639148583239 0 0
1639148746742 1000 0
1639148820366 0 0
1639148984030 1000 0
1639149057767 0 0
1639149221177 1000 0
1639149294608 0 0
1639149458122 1000 0
1639149531684 0 0
1639149695423 1000 0
1639149768830 0 0
1639149932474 1000 0
1639150006030 0 0
1639150169595 1000 0
1639150243021 0 0
1639150406714 1000 0
1639150480333 0 0
1639150643925 1000 0
1639150717438 0 0
1639150881068 1000 0
1639150954716 0 0
1639151118329 1000 0
1639151195880 0 0
1639151359643 1000 0
1639151434933 0 0
1639151598597 1000 0
1639151672186 0 0
1639151836321 1000 0
1639151909850 0 0
1639152073600 1000 0
1639152147173 0 0
1639152310863 1000 0
1639152384415 0 0
1639152548342 1000 0
1639152622033 0 0
1639152785723 1000 0
1639152859209 0 0
1639153023022 1000 0
1639153096491 0 0
1639153260434 1000 0
1639153333971 0 0
1639153497692 1000 0
1639153571322 0 0
1639153735218 1000 0
1639153808749 0 0
1639153972587 1000 0
1639154046153 0 0
1639154209911 1000 0
1639154283301 0 0
1639154447127 1000 0
1639154520852 0 0
1639154684542 1000 0
1639154758106 0 0
1639154921492 1000 0
1639154995014 0 0
1639155158537 1000 0
1639155232247 0 0
1639155396054 1000 0
1639155469608 0 0
1639155633099 1000 0
1639155706530 0 0
1639155870217 1000 0
1639155943674 0 0
1639156107074 1000 0
1639156182412 0 0
1639156346218 1000 0
1639156419739 0 0
1639156583347 1000 0
1639156657052 0 0
1639156820697 1000 0
1639156894267 0 0
1639157058319 1000 0
1639157132020 0 0
1639157295702 1000 0
1639157369138 0 0
1639157533112 1000 0
1639157606650 0 0
1639157770468 1000 0
1639157844006 0 0
1639158008202 1000 0
1639158081700 0 0
1639158245351 1000 0
1639158318945 0 0
1639158482753 1000 0
1639158556390 0 0
1639158720426 1000 0
1639158794192 0 0
1639158957913 1000 0
1639159031543 0 0
1639159195010 1000 0
1639159268544 0 0
1639159432092 1000 0
1639159505576 0 0
1639159669128 1000 0
1639159742729 0 0
1639159906387 1000 0
1639159979869 0 0
1639160143579 1000 0
1639160217049 0 0
1639160380732 1000 0
1639160454311 0 0
1639160619167 1000 0
1639160692649 0 0
1639160856371 1000 0
1639160931619 0 0
1639161095321 1000 0
1639161169566 0 0
1639161333656 1000 0
1639161407259 0 0
1639161571369 1000 0
1639161645211 0 0
1639161809240 1000 0
1639161882927 0 0
1639162046776 1000 0
1639162120399 0 0
1639162284482 1000 0
1639162357959 0 0
1639162521723 1000 0
1639162595320 0 0
1639162759262 1000 0
1639162833834 0 0
1639163000313 1000 0
1639163074241 0 0
1639163238140 1000 0
1639163311846 0 0
1639163475993 1000 0
1639163549551 0 0
1639163713284 1000 0
1639163786999 0 0
1639163950868 1000 0
1639164024459 0 0
1639164188072 1000 0
1639164261534 0 0
1639164425240 1000 0
1639164498835 0 0
1639164662782 1000 0
1639164736439 0 0
1639164900053 1000 0
1639164973647 0 0
1639165137027 1000 0
1639165210797 0 0
1639165374804 1000 0
1639165448439 0 0
1639165612131 1000 0
1639165687439 0 0
1639165851139 1000 0
1639165924576 0 0
1639166088567 1000 0
1639166162083 0 0
1639166325575 1000 0
1639166399123 0 0
1639166562744 1000 0
1639166636454 0 0
1639166800256 1000 0
1639166873778 0 0
1639167037925 1000 0
1639167111561 0 0
1639167275381 1000 0
1639167349079 0 0
1639167512869 1000 0
1639167586507 0 0
1639167750339 1000 0
1639167824013 0 0
1639167987781 1000 0
1639168061146 0 0
1639168224890 1000 0
1639168298390 0 0
1639168463151 1000 0
1639168536653 0 0
1639168700289 1000 0
1639168773732 0 0
1639168937166 1000 0
1639169010732 0 0
1639169174300 1000 0
1639169247934 0 0
1639169411796 1000 0
1639169485305 0 0
1639169648995 1000 0
1639169722437 0 0
1639169886277 1000 0
1639169959731 0 0
1639170123176 1000 0
1639170196655 0 0
1639170360366 1000 0
1639170435776 0 0
1639170599490 1000 0
1639170672996 0 0
1639170836485 1000 0
1639170909780 0 0
1639171073457 1000 0
1639171147099 0 0
1639171310614 1000 0
1639171383982 0 0
1639171547592 1000 0
1639171621249 0 0
1639171784914 1000 0
1639171858414 0 0
1639172022103 1000 0
1639172095550 0 0
1639172259389 1000 0
1639172332830 0 0
1639172496810 1000 0
1639172570329 0 0
1639172733943 1000 0
1639172807543 0 0
1639172971283 1000 0
1639173044895 0 0
1639173208638 1000 0
1639173282004 0 0
1639173445681 1000 0
1639173519174 0 0
1639173682954 1000 0
1639173756530 0 0
1639173920065 1000 0
1639173993354 0 0
1639174157088 1000 0
1639174230710 0 0
1639174394440 1000 0
1639174467788 0 0
1639174631535 1000 0
1639174705067 0 0
1639174868762 1000 0
1639174942185 0 0
1639175105910 1000 0
1639175181274 0 0
1639175344672 1000 0
1639175418434 0 0
1639175582360 1000 0
1639175655854 0 0
1639175819359 1000 0
1639175892904 0 0
1639176056847 1000 0
1639176130365 0 0
1639176293825 1000 0
1639176367236 0 0
1639176530984 1000 0
1639176604470 0 0
1639176767858 1000 0
1639176841423 0 0
1639177005151 1000 0
1639177078679 0 0
1639177242144 1000 0
1639177315603 0 0
1639177479326 1000 0
1639177552887 0 0
1639177716581 1000 0
1639177790291 0 0
1639177954234 1000 0
1639178027749 0 0
1639178191334 1000 0
1639178264976 0 0
1639178428588 1000 0
1639178501905 0 0
1639178665404 1000 0
1639178738720 0 0
1639178902327 1000 0
1639178975805 0 0
1639179139230 1000 0
1639179212647 0 0
1639179376532 1000 0
1639179450047 0 0
1639179613868 1000 0
1639179687287 0 0
1639179850716 1000 0
1639179926010 0 0
1639180089467 1000 0
1639180163008 0 0
1639180326725 1000 0
1639180400450 0 0
1639180564230 1000 0
1639180637790 0 0
1639180801393 1000 0
1639180874964 0 0
1639181038619 1000 0
1639181112063 0 0
1639181275719 1000 0
1639181349419 0 0
1639181513456 1000 0
1639181587055 0 0
1639181750458 1000 0
1639181823995 0 0
1639181987876 1000 0
1639182061497 0 0
1639182225213 1000 0
1639182298741 0 0
1639182462241 1000 0
1639182535950 0 0
1639182699480 1000 0
1639182772927 0 0
1639182936779 1000 0
1639183010420 0 0
1639183173705 1000 0
1639183247449 0 0
1639183411014 1000 0
1639183484515 0 0
1639183648297 1000 0
1639183721942 0 0
1639183885511 1000 0
1639183958800 0 0
1639184122478 1000 0
1639184196066 0 0
1639184359500 1000 0
1639184433016 0 0
1639184596461 1000 0
1639184671687 0 0
1639184835567 1000 0
1639184909105 0 0
1639185073059 1000 0
1639185146718 0 0
1639185310474 1000 0
1639185383789 0 0
1639185547316 1000 0
1639185620995 0 0
1639185784703 1000 0
1639185858314 0 0
1639186022135 1000 0
1639186095675 0 0
1639186259433 1000 0
1639186333420 0 0
1639186497392 1000 0
1639186571021 0 0
1639186734842 1000 0
1639186808453 0 0
1639186972061 1000 0
1639187045521 0 0
1639187209297 1000 0
1639187282877 0 0
1639187446479 1000 0
1639187519943 0 0
1639187683791 1000 0
1639187757339 0 0
1639187921120 1000 0
1639187994641 0 0
1639188158363 1000 0
1639188231938 0 0
1639188395620 1000 0
1639188469109 0 0
1639188632953 1000 0
1639188706590 0 0
1639188870522 1000 0
1639188944143 0 0
1639189107996 1000 0
1639189181561 0 0
1639189345225 1000 0
1639189420758 0 0
1639189584642 1000 0
1639189658275 0 0
1639189822182 1000 0
1639189895711 0 0
1639190059645 1000 0
1639190133271 0 0
1639190297051 1000 0
1639190370741 0 0
1639190534827 1000 0
1639190608275 0 0
1639190771941 1000 0
1639190845481 0 0
1639191009210 1000 0
1639191082843 0 0
1639191246576 1000 0
1639191320121 0 0
1639191483825 1000 0
1639191557341 0 0
1639191721055 1000 0
1639191794546 0 0
1639191958041 1000 0
1639192031798 0 0
1639192195751 1000 0
1639192269360 0 0
1639192432943 1000 0
1639192506459 0 0
1639192670265 1000 0
1639192743790 0 0
1639192907570 1000 0
1639192981102 0 0
1639193144663 1000 0
1639193218124 0 0
1639193381922 1000 0
1639193455541 0 0
1639193619290 1000 0
1639193692904 0 0
1639193856424 1000 0
1639193930418 0 0
1639194094479 1000 0
1639194169965 0 0
1639194333688 1000 0
1639194407220 0 0
1639194570991 1000 0
1639194644443 0 0
1639194808263 1000 0
1639194881856 0 0
1639195045488 1000 0
1639195118884 0 0
1639195282477 1000 0
1639195356034 0 0
1639195519824 1000 0
1639195593431 0 0
1639195757505 1000 0
1639195831305 0 0
1639195995487 1000 0
1639196069067 0 0
1639196232723 1000 0
1639196306138 0 0
1639196469981 1000 0
1639196543688 0 0
1639196707425 1000 0
1639196780902 0 0
1639196944570 1000 0
1639197018252 0 0
1639197182399 1000 0
1639197256047 0 0
1639197419666 1000 0
1639197493210 0 0
1639197657084 1000 0
1639197730649 0 0
1639197894415 1000 0
1639197968009 0 0
1639198131878 1000 0
1639198205644 0 0
1639198369375 1000 0
1639198443106 0 0
1639198607249 1000 0
1639198680828 0 0
1639198844518 1000 0
1639198919875 0 0
1639199083716 1000 0
1639199157387 0 0
1639199321155 1000 0
1639199394922 0 0
1639199558613 1000 0
1639199632144 0 0
1639199796071 1000 0
1639199869469 0 0
1639200033167 1000 0
1639200106691 0 0
1639200270499 1000 0
1639200343859 0 0
1639200507315 1000 0
1639200580935 0 0
1639200744494 1000 0
1639200817873 0 0
1639200981503 1000 0
1639201054986 0 0
1639201218926 1000 0
1639201292357 0 0
1639201455987 1000 0
1639201529515 0 0
1639201693208 1000 0
1639201766609 0 0
1639201930076 1000 0
1639202003545 0 0
1639202167131 1000 0
1639202240693 0 0
1639202404215 1000 0
1639202477776 0 0
1639202641268 1000 0
1639202714777 0 0
1639202878425 1000 0
1639202951961 0 0
1639203115676 1000 0
1639203189311 0 0
1639203353096 1000 0
1639203426836 0 0
1639203590476 1000 0
1639203665881 0 0
1639203829664 1000 0
1639203903177 0 0
1639204066831 1000 0
1639204140297 0 0
1639204304350 1000 0
1639204378064 0 0
1639204542229 1000 0
1639204615746 0 0
1639204779646 1000 0
1639204853423 0 0
1639205017538 1000 0
1639205091148 0 0
1639205255412 1000 0
1639205329211 0 0
1639205493106 1000 0
1639205566537 0 0
1639205731164 1000 0
1639205804830 0 0
1639205968738 1000 0
1639206042536 0 0
1639206206557 1000 0
1639206280223 0 0
1639206444353 1000 0
1639206518293 0 0
1639206682798 1000 0
1639206756615 0 0
1639206920659 1000 0
1639206994386 0 0
1639207158466 1000 0
1639207232166 0 0
1639207396096 1000 0
1639207469850 0 0
1639207633965 1000 0
1639207707879 0 0
1639207871838 1000 0
1639207945371 0 0
1639208109413 1000 0
1639208183258 0 0
1639208347255 1000 0
1639208424343 0 0
1639208588378 1000 0
1639208662278 0 0
1639208826471 1000 0
1639208899999 0 0
1639209064241 1000 0
1639209138047 0 0
1639209302163 1000 0
1639209375844 0 0
1639209540387 1000 0
1639209613990 0 0
1639209778102 1000 0
1639209851792 0 0
1639210016123 1000 0
1639210089855 0 0
1639210254031 1000 0
1639210327642 0 0
1639210491776 1000 0
1639210565499 0 0
1639210729501 1000 0
1639210803167 0 0
1639210967253 1000 0
1639211041082 0 0
1639211205470 1000 0
1639211279095 0 0
1639211443187 1000 0
1639211516935 0 0
1639211680973 1000 0
1639211754852 0 0
1639211918839 1000 0
1639211992629 0 0
1639212156694 1000 0
1639212230381 0 0
1639212394748 1000 0
1639212468393 0 0
1639212632570 1000 0
1639212706282 0 0
1639212870592 1000 0
1639212944429 0 0
1639213108441 1000 0
1639213183910 0 0
1639213348057 1000 0
1639213421797 0 0
1639213585777 1000 0
1639213659486 0 0
1639213824221 1000 0
1639213897982 0 0
1639214061816 1000 0
1639214135521 0 0
1639214299663 1000 0
1639214373415 0 0
1639214537347 1000 0
1639214610905 0 0
1639214775125 1000 0
1639214848929 0 0
1639215012812 1000 0
1639215086584 0 0
1639215250559 1000 0
1639215324306 0 0
1639215488190 1000 0
1639215561692 0 0
1639215725941 1000 0
1639215799635 0 0
1639215963610 1000 0
1639216037268 0 0
1639216201154 1000 0
1639216274917 0 0
1639216438775 1000 0
1639216512401 0 0
1639216676860 1000 0
1639216750498 0 0
1639216914804 1000 0
1639216988664 0 0
1639217152585 1000 0
1639217226175 0 0
1639217390701 1000 0
1639217464420 0 0
1639217628445 1000 0
1639217702258 0 0
1639217866284 1000 0
1639217941804 0 0
1639218106084 1000 0
1639218179749 0 0
1639218344129 1000 0
1639218417990 0 0
1639218581890 1000 0
1639218655471 0 0
1639218820270 1000 0
1639218893865 0 0
1639219058073 1000 0
1639219131914 0 0
1639219296479 1000 0
1639219370279 0 0
1639219534312 1000 0
1639219608029 0 0
1639219771950 1000 0
1639219845714 0 0
1639220009797 1000 0
1639220083254 0 0
1639220247163 1000 0
1639220320721 0 0
1639220484698 1000 0
1639220558298 0 0
1639220722176 1000 0
1639220795684 0 0
1639220959856 1000 0
1639221034048 0 0
1639221197796 1000 0
1639221271606 0 0
1639221435460 1000 0
1639221509160 0 0
1639221673124 1000 0
1639221746627 0 0
1639221910664 1000 0
1639221984330 0 0
1639222148270 1000 0
1639222221924 0 0
1639222385744 1000 0
1639222459263 0 0
1639222623085 1000 0
1639222698600 0 0
1639222862697 1000 0
1639222936393 0 0
1639223100352 1000 0
1639223174012 0 0
1639223337910 1000 0
1639223411563 0 0
1639223575188 1000 0
1639223648810 0 0
1639223812572 1000 0
1639223886133 0 0
1639224049890 1000 0
1639224123462 0 0
1639224287245 1000 0
1639224360907 0 0
1639224524832 1000 0
1639224598673 0 0
1639224762818 1000 0
1639224836507 0 0
1639225000358 1000 0
1639225074033 0 0
1639225238160 1000 0
1639225311754 0 0
1639225475521 1000 0
1639225549140 0 0
1639225712782 1000 0
1639225786328 0 0
1639225950468 1000 0
1639226024099 0 0
1639226188042 1000 0
1639226261698 0 0
1639226425780 1000 0
1639226499288 0 0
1639226663195 1000 0
1639226736682 0 0
1639226900685 1000 0
1639226974265 0 0
1639227138065 1000 0
1639227211836 0 0
1639227375904 1000 0
1639227451273 0 0
1639227615179 1000 0
1639227688743 0 0
1639227852559 1000 0
1639227926050 0 0
1639228090040 1000 0
1639228163599 0 0
1639228327463 1000 0
1639228401000 0 0
1639228564607 1000 0
1639228638458 0 0
1639228802266 1000 0
1639228875913 0 0
1639229039616 1000 0
1639229113269 0 0
1639229277246 1000 0
1639229350714 0 0
1639229514586 1000 0
1639229588195 0 0
1639229752204 1000 0
1639229825766 0 0
1639229989501 1000 0
1639230063188 0 0
1639230226728 1000 0
1639230300248 0 0
1639230464161 1000 0
1639230537865 0 0
1639230701931 1000 0
1639230775465 0 0
1639230939199 1000 0
1639231012789 0 0
1639231176696 1000 0
1639231250398 0 0
1639231414098 1000 0
1639231487794 0 0
1639231651603 1000 0
1639231725102 0 0
1639231889183 1000 0
