1638757051972 0 0
1638757222982 0 0
1638757300547 1 0
1638757466074 1 0
1638757539422 2 0
1638757702957 2 0
1638757776315 3 0
1638757940672 3 0
1638758014115 4 0
1638758177876 4 0
1638758251387 5 0
1638758415101 5 0
1638758488503 6 0
1638758651797 6 0
1638758725232 7 0
1638758888424 7 0
1638758961709 8 0
1638759125053 8 0
1638759198526 9 0
1638759362010 9 0
1638759435374 10 0
1638759599091 10 0
1638759672551 11 0
1638759835970 11 0
1638759909398 12 0
1638760072873 12 0
1638760146253 13 0
1638760309988 13 0
1638760383516 14 0
1638760547076 14 0
1638760620379 15 0
1638760783937 15 0
1638760857353 16 0
1638761020836 16 0
1638761094493 17 0
1638761258260 17 0
1638761331989 18 0
1638761495994 18 0
1638761569794 19 0
1638761733658 19 0
1638761807125 20 0
1638761971101 20 0
1638762046947 21 0
1638762210697 21 0
1638762284358 22 0
1638762448463 22 0
1638762522123 23 0
1638762686030 23 0
1638762759682 24 0
1638762923958 24 0
1638762997577 25 0
1638763161930 25 0
1638763235707 26 0
1638763399798 26 0
1638763473410 27 0
1638763637607 27 0
1638763711337 28 0
1638763875410 28 0
1638763948947 29 0
1638764112988 29 0
1638764186664 30 0
1638764351140 30 0
1638764424580 31 0
1638764588615 31 0
1638764662288 32 0
1638764826259 32 0
1638764900122 33 0
1638765064063 33 0
1638765137884 34 0
1638765302282 34 0
1638765376032 35 0
1638765540544 35 0
1638765614323 36 0
1638765778503 36 0
1638765852125 37 0
1638766016180 37 0
1638766089892 38 0
1638766253907 38 0
1638766327698 39 0
1638766492080 39 0
1638766565827 40 0
1638766729895 40 0
1638766805406 41 0
1638766969483 41 0
1638767043150 42 0
1638767207575 42 0
1638767281294 43 0
1638767445981 43 0
1638767519710 44 0
1638767683796 44 0
1638767757510 45 0
1638767921545 45 0
1638767995328 46 0
1638768159641 46 0
1638768233299 47 0
1638768397547 47 0
1638768471371 48 0
1638768635702 48 0
1638768710002 49 0
1638768874375 49 0
1638768947971 50 0
1638769112078 50 0
1638769185946 51 0
1638769350181 51 0
1638769423919 52 0
1638769588153 52 0
1638769661973 53 0
1638769826074 53 0
1638769899665 54 0
1638770063875 54 0
1638770137605 55 0
1638770301641 55 0
1638770375334 56 0
1638770539600 56 0
1638770613276 57 0
1638770777423 57 0
1638770851190 58 0
1638771015740 58 0
1638771089577 59 0
1638771253816 59 0
1638771327559 60 0
1638771491513 60 0
1638771567075 61 0
1638771730967 61 0
1638771804577 62 0
1638771968539 62 0
1638772042209 63 0
1638772206612 63 0
1638772280461 64 0
1638772445125 64 0
1638772518987 65 0
1638772683220 65 0
1638772756942 66 0
1638772921227 66 0
1638772994961 67 0
1638773158905 67 0
1638773232561 68 0
1638773396593 68 0
1638773470214 69 0
1638773634301 69 0
1638773708018 70 0
1638773872351 70 0
1638773946108 71 0
1638774110389 71 0
1638774183992 72 0
1638774347979 72 0
1638774421757 73 0
1638774586092 73 0
1638774660152 74 0
1638774824277 74 0
1638774897993 75 0
1638775061856 75 0
1638775135737 76 0
1638775299765 76 0
1638775373419 77 0
1638775537836 77 0
1638775611723 78 0
1638775776121 78 0
1638775849964 79 0
1638776014331 79 0
1638776088276 80 0
1638776252401 80 0
1638776328003 81 0
1638776492440 81 0
1638776566187 82 0
1638776730634 82 0
1638776804350 83 0
1638776968570 83 0
1638777042428 84 0
1638777206455 84 0
1638777280142 85 0
1638777444213 85 0
1638777517977 86 0
1638777682082 86 0
1638777755767 87 0
1638777920018 87 0
1638777993782 88 0
1638778157916 88 0
1638778231725 89 0
1638778395953 89 0
1638778469714 90 0
1638778633662 90 0
1638778707405 91 0
1638778871509 91 0
1638778945259 92 0
1638779109573 92 0
1638779183465 93 0
1638779347822 93 0
1638779421413 94 0
1638779585768 94 0
1638779659601 95 0
1638779823932 95 0
1638779897523 96 0
1638780061701 96 0
1638780135244 97 0
1638780299042 97 0
1638780372634 98 0
1638780536708 98 0
1638780610299 99 0
1638780774001 99 0
1638780847729 100 0
1638781011853 100 0
1638781087376 101 0
1638781251338 101 0
1638781325023 102 0
1638781489150 102 0
1638781562791 103 0
1638781726976 103 0
1638781800822 104 0
1638781964845 104 0
1638782038550 105 0
1638782202577 105 0
1638782276163 106 0
1638782440266 106 0
1638782513997 107 0
1638782677608 107 0
1638782751120 108 0
1638782915064 108 0
1638782988631 109 0
1638783152396 109 0
1638783226017 110 0
1638783390050 110 0
1638783463617 111 0
1638783627678 111 0
1638783701238 112 0
1638783864918 112 0
1638783938411 113 0
1638784101991 113 0
1638784175511 114 0
1638784339326 114 0
1638784412811 115 0
1638784576393 115 0
1638784650029 116 0
1638784813583 116 0
1638784887205 117 0
1638785050919 117 0
1638785124465 118 0
1638785288138 118 0
1638785361554 119 0
1638785525505 119 0
1638785598881 120 0
1638785762680 120 0
1638785838175 121 0
1638786001286 121 0
1638786074591 122 0
1638786237849 122 0
1638786311112 123 0
1638786474156 123 0
1638786547458 124 0
1638786711773 124 0
1638786785287 125 0
1638786948758 125 0
1638787022339 126 0
1638787185596 126 0
1638787259199 127 0
1638787422304 127 0
1638787495548 128 0
1638787658764 128 0
1638787732046 129 0
1638787895227 129 0
1638787968379 130 0
1638788131649 130 0
1638788204846 131 0
1638788368227 131 0
1638788441474 132 0
1638788604588 132 0
1638788677934 133 0
1638788840969 133 0
1638788914099 134 0
1638789077276 134 0
1638789150510 135 0
1638789313572 135 0
1638789386839 136 0
1638789549712 136 0
1638789622929 137 0
1638789786023 137 0
1638789859226 138 0
1638790022254 138 0
1638790095646 139 0
1638790258786 139 0
1638790332152 140 0
1638790495275 140 0
1638790570651 141 0
1638790733883 141 0
1638790807396 142 0
1638790970585 142 0
1638791043804 143 0
1638791206716 143 0
1638791279966 144 0
1638791443117 144 0
1638791516439 145 0
1638791679405 145 0
1638791752673 146 0
1638791915558 146 0
1638791988708 147 0
1638792151846 147 0
1638792225040 148 0
1638792388154 148 0
1638792461337 149 0
1638792624979 149 0
1638792698413 150 0
1638792861442 150 0
1638792934784 151 0
1638793097682 151 0
1638793170967 152 0
1638793334209 152 0
1638793407386 153 0
1638793570288 153 0
1638793643539 154 0
1638793806564 154 0
1638793879859 155 0
1638794043146 155 0
1638794116325 156 0
1638794279285 156 0
1638794352408 157 0
1638794515664 157 0
1638794588931 158 0
1638794751910 158 0
1638794824974 159 0
1638794987933 159 0
1638795061075 160 0
1638795223961 160 0
1638795299017 161 0
1638795461838 161 0
1638795534952 162 0
1638795698195 162 0
1638795771368 163 0
1638795934403 163 0
1638796007769 164 0
1638796170804 164 0
1638796244217 165 0
1638796407191 165 0
1638796480414 166 0
1638796643405 166 0
1638796716536 167 0
1638796879529 167 0
1638796952754 168 0
1638797116229 168 0
1638797189421 169 0
1638797352378 169 0
1638797425629 170 0
1638797589529 170 0
1638797662869 171 0
1638797826154 171 0
1638797899649 172 0
1638798062997 172 0
1638798136241 173 0
1638798299039 173 0
1638798372228 174 0
1638798535148 174 0
1638798608421 175 0
1638798771329 175 0
1638798844573 176 0
1638799007323 176 0
1638799080484 177 0
1638799243525 177 0
1638799316832 178 0
1638799479845 178 0
1638799553014 179 0
1638799715812 179 0
1638799789310 180 0
1638799952463 180 0
1638800027495 181 0
1638800190271 181 0
1638800263491 182 0
1638800426667 182 0
1638800499799 183 0
1638800662963 183 0
1638800736373 184 0
1638800899454 184 0
1638800972632 185 0
1638801135685 185 0
1638801208813 186 0
1638801371777 186 0
1638801445132 187 0
1638801608100 187 0
1638801681223 188 0
1638801844544 188 0
1638801917745 189 0
1638802080692 189 0
1638802154102 190 0
1638802317218 190 0
1638802390425 191 0
1638802553416 191 0
1638802626600 192 0
1638802789666 192 0
1638802862994 193 0
1638803026609 193 0
1638803100254 194 0
1638803263597 194 0
1638803337263 195 0
1638803501293 195 0
1638803574926 196 0
1638803738573 196 0
1638803812085 197 0
1638803975766 197 0
1638804049127 198 0
1638804212719 198 0
1638804286184 199 0
1638804450093 199 0
1638804523574 200 0
1638804687464 200 0
1638804762886 201 0
1638804926727 201 0
1638805000403 202 0
1638805164321 202 0
1638805238088 203 0
1638805402086 203 0
1638805475366 204 0
1638805638963 204 0
1638805712574 205 0
1638805876189 205 0
1638805949846 206 0
1638806113593 206 0
1638806187342 207 0
1638806350960 207 0
1638806424580 208 0
1638806588464 208 0
1638806662119 209 0
1638806826296 209 0
1638806899818 210 0
1638807063698 210 0
1638807137346 211 0
1638807301162 211 0
1638807374787 212 0
1638807538428 212 0
1638807611961 213 0
1638807775758 213 0
1638807849493 214 0
1638808013394 214 0
1638808086881 215 0
1638808250968 215 0
1638808325191 216 0
1638808489361 216 0
1638808563117 217 0
1638808727166 217 0
1638808801036 218 0
1638808964958 218 0
1638809038735 219 0
1638809202557 219 0
1638809276282 220 0
1638809440033 220 0
1638809515419 221 0
1638809679500 221 0
1638809753072 222 0
1638809916852 222 0
1638809990364 223 0
1638810154037 223 0
1638810227666 224 0
1638810391656 224 0
1638810465209 225 0
1638810629302 225 0
1638810702818 226 0
1638810866700 226 0
1638810940502 227 0
1638811104380 227 0
1638811177927 228 0
1638811341699 228 0
1638811415190 229 0
1638811578814 229 0
1638811652359 230 0
1638811816001 230 0
1638811889605 231 0
1638812053363 231 0
1638812126747 232 0
1638812290485 232 0
1638812364182 233 0
1638812527794 233 0
1638812601280 234 0
1638812764650 234 0
1638812838085 235 0
1638813001586 235 0
1638813075068 236 0
1638813238506 236 0
1638813311928 237 0
1638813475408 237 0
1638813548779 238 0
1638813712341 238 0
1638813785778 239 0
1638813949425 239 0
1638814022916 240 0
1638814186507 240 0
1638814261924 241 0
1638814425316 241 0
1638814498718 242 0
1638814662160 242 0
1638814735530 243 0
1638814899048 243 0
1638814972424 244 0
1638815135914 244 0
1638815209357 245 0
1638815376201 245 0
1638815449633 246 0
1638815612980 246 0
1638815686568 247 0
1638815850133 247 0
1638815923644 248 0
1638816087372 248 0
1638816160733 249 0
1638816324255 249 0
1638816397534 250 0
1638816560907 250 0
1638816634332 251 0
1638816797885 251 0
1638816871252 252 0
1638817034927 252 0
1638817108325 253 0
1638817271739 253 0
1638817345117 254 0
1638817508529 254 0
1638817581868 255 0
1638817745353 255 0
1638817819149 256 0
1638817982573 256 0
1638818055962 257 0
1638818219400 257 0
1638818292876 258 0
1638818456447 258 0
1638818529673 259 0
1638818693156 259 0
1638818766657 260 0
1638818930084 260 0
1638819005442 261 0
1638819169002 261 0
1638819242347 262 0
1638819405633 262 0
1638819479048 263 0
1638819642767 263 0
1638819716124 264 0
1638819879495 264 0
1638819952835 265 0
1638820116580 265 0
1638820190016 266 0
1638820353592 266 0
1638820426988 267 0
1638820590623 267 0
1638820664766 268 0
1638820828244 268 0
1638820901702 269 0
1638821065427 269 0
1638821138786 270 0
1638821302209 270 0
1638821375719 271 0
1638821539476 271 0
1638821612870 272 0
1638821776373 272 0
1638821849564 273 0
1638822012985 273 0
1638822086284 274 0
1638822249829 274 0
1638822323264 275 0
1638822486777 275 0
1638822560244 276 0
1638822724485 276 0
1638822798258 277 0
1638822961819 277 0
1638823035367 278 0
1638823199085 278 0
1638823272537 279 0
1638823436145 279 0
1638823509655 280 0
1638823673156 280 0
1638823748447 281 0
1638823911948 281 0
1638823985199 282 0
1638824148757 282 0
1638824222563 283 0
1638824385862 283 0
1638824459139 284 0
1638824622500 284 0
1638824696003 285 0
1638824859266 285 0
1638824932550 286 0
1638825096062 286 0
1638825169592 287 0
1638825332935 287 0
1638825406352 288 0
1638825569826 288 0
1638825643257 289 0
1638825806512 289 0
1638825879988 290 0
1638826043336 290 0
1638826116713 291 0
1638826280027 291 0
1638826353481 292 0
1638826516927 292 0
1638826590297 293 0
1638826753599 293 0
1638826827393 294 0
1638826990830 294 0
1638827064332 295 0
1638827227881 295 0
1638827301318 296 0
1638827464514 296 0
1638827537736 297 0
1638827700940 297 0
1638827774300 298 0
1638827937598 298 0
1638828010880 299 0
1638828174364 299 0
1638828247911 300 0
1638828411193 300 0
1638828486337 301 0
1638828649855 301 0
1638828723234 302 0
1638828886377 302 0
1638828959858 303 0
1638829123134 303 0
1638829196504 304 0
1638829359916 304 0
1638829433337 305 0
1638829597122 305 0
1638829670629 306 0
1638829834026 306 0
1638829907829 307 0
1638830071331 307 0
1638830144760 308 0
1638830308004 308 0
1638830381259 309 0
1638830545126 309 0
1638830618507 310 0
1638830781646 310 0
1638830854957 311 0
1638831018206 311 0
1638831091532 312 0
1638831255216 312 0
1638831328527 313 0
1638831491913 313 0
1638831565412 314 0
1638831728538 314 0
1638831801864 315 0
1638831965013 315 0
1638832038604 316 0
1638832202186 316 0
1638832275572 317 0
1638832439027 317 0
1638832512475 318 0
1638832675873 318 0
1638832749165 319 0
1638832912616 319 0
1638832985952 320 0
1638833149576 320 0
1638833224762 321 0
1638833387996 321 0
1638833461375 322 0
1638833624811 322 0
1638833698244 323 0
1638833861675 323 0
1638833935112 324 0
1638834098800 324 0
1638834172425 325 0
1638834335659 325 0
1638834409059 326 0
1638834572616 326 0
1638834646187 327 0
1638834809675 327 0
1638834883120 328 0
1638835046966 328 0
1638835120316 329 0
1638835283658 329 0
1638835357072 330 0
1638835520439 330 0
1638835594006 331 0
1638835757763 331 0
1638835831577 332 0
1638835995292 332 0
1638836068742 333 0
1638836232650 333 0
1638836306034 334 0
1638836469807 334 0
1638836543549 335 0
1638836707408 335 0
1638836781054 336 0
1638836944954 336 0
1638837018417 337 0
1638837183786 337 0
1638837257529 338 0
1638837421251 338 0
1638837494781 339 0
1638837658580 339 0
1638837732131 340 0
1638837896062 340 0
1638837971422 341 0
1638838135191 341 0
1638838208800 342 0
1638838372677 342 0
1638838446213 343 0
1638838609934 343 0
1638838683317 344 0
1638838847035 344 0
1638838920708 345 0
1638839084350 345 0
1638839157970 346 0
1638839321777 346 0
1638839395492 347 0
1638839559201 347 0
1638839632600 348 0
1638839796354 348 0
1638839870137 349 0
1638840034262 349 0
1638840108068 350 0
1638840271984 350 0
1638840345403 351 0
1638840509247 351 0
1638840582686 352 0
1638840746791 352 0
1638840820520 353 0
1638840984360 353 0
1638841058167 354 0
1638841222396 354 0
1638841296018 355 0
1638841460359 355 0
1638841534303 356 0
1638841698250 356 0
1638841771849 357 0
1638841935816 357 0
1638842009687 358 0
1638842173307 358 0
1638842246885 359 0
1638842410630 359 0
1638842484160 360 0
1638842648165 360 0
1638842723867 361 0
1638842887619 361 0
1638842961301 362 0
1638843125426 362 0
1638843198863 363 0
1638843362602 363 0
1638843436280 364 0
1638843600217 364 0
1638843673903 365 0
1638843837769 365 0
1638843911482 366 0
1638844075289 366 0
1638844149142 367 0
1638844313334 367 0
1638844387149 368 0
1638844551050 368 0
1638844624628 369 0
1638844788372 369 0
1638844862326 370 0
1638845026373 370 0
1638845100123 371 0
1638845264740 371 0
1638845338619 372 0
1638845502548 372 0
1638845576242 373 0
1638845740654 373 0
1638845814652 374 0
1638845978617 374 0
1638846052678 375 0
1638846217138 375 0
1638846290644 376 0
1638846454669 376 0
1638846528312 377 0
1638846692821 377 0
1638846766850 378 0
1638846930894 378 0
1638847004753 379 0
1638847169015 379 0
1638847242949 380 0
1638847407049 380 0
1638847482579 381 0
1638847647095 381 0
1638847721017 382 0
1638847885468 382 0
1638847959204 383 0
1638848123171 383 0
1638848196903 384 0
1638848361083 384 0
1638848435097 385 0
1638848599434 385 0
1638848673260 386 0
1638848837723 386 0
1638848911716 387 0
1638849075908 387 0
1638849149511 388 0
1638849313769 388 0
1638849387725 389 0
1638849551726 389 0
1638849625471 390 0
1638849789747 390 0
1638849863477 391 0
1638850027680 391 0
1638850101421 392 0
1638850266137 392 0
1638850339948 393 0
1638850504344 393 0
1638850578004 394 0
1638850742145 394 0
1638850816020 395 0
1638850980121 395 0
1638851053802 396 0
1638851218345 396 0
1638851292330 397 0
1638851456675 397 0
1638851530204 398 0
1638851694759 398 0
1638851768550 399 0
1638851932669 399 0
1638852006662 400 0
1638852170954 400 0
1638852246752 401 0
1638852411115 401 0
1638852484904 402 0
1638852649489 402 0
1638852723144 403 0
1638852887523 403 0
1638852961101 404 0
1638853125392 404 0
1638853199265 405 0
1638853363318 405 0
1638853437089 406 0
1638853601067 406 0
1638853674815 407 0
1638853839560 407 0
1638853913312 408 0
1638854077469 408 0
1638854151172 409 0
1638854315295 409 0
1638854389026 410 0
1638854553378 410 0
1638854627115 411 0
1638854791579 411 0
1638854865531 412 0
1638855029657 412 0
1638855103936 413 0
1638855268509 413 0
1638855342336 414 0
1638855506973 414 0
1638855580750 415 0
1638855745323 415 0
1638855819229 416 0
1638855983599 416 0
1638856057421 417 0
1638856221766 417 0
1638856295686 418 0
1638856459750 418 0
1638856533457 419 0
1638856697623 419 0
1638856771388 420 0
1638856935518 420 0
1638857011254 421 0
1638857175403 421 0
1638857248848 422 0
1638857413075 422 0
1638857486769 423 0
1638857650842 423 0
1638857724480 424 0
1638857888636 424 0
1638857962499 425 0
1638858126409 425 0
1638858200053 426 0
1638858364063 426 0
1638858437730 427 0
1638858601785 427 0
1638858675521 428 0
1638858839815 428 0
1638858913631 429 0
1638859077809 429 0
1638859151333 430 0
1638859315659 430 0
1638859389557 431 0
1638859553785 431 0
1638859627590 432 0
1638859791430 432 0
1638859865174 433 0
1638860029146 433 0
1638860102840 434 0
1638860267117 434 0
1638860340883 435 0
1638860505351 435 0
1638860579050 436 0
1638860743085 436 0
1638860816791 437 0
1638860981019 437 0
1638861055084 438 0
1638861218965 438 0
1638861292712 439 0
1638861456719 439 0
1638861530572 440 0
1638861694720 440 0
1638861770200 441 0
1638861934298 441 0
1638862008150 442 0
1638862172166 442 0
1638862245830 443 0
1638862409870 443 0
1638862483765 444 0
1638862647779 444 0
1638862721442 445 0
1638862885826 445 0
1638862959525 446 0
1638863123557 446 0
1638863197440 447 0
1638863361781 447 0
1638863435478 448 0
1638863599595 448 0
1638863673265 449 0
1638863837208 449 0
1638863910943 450 0
1638864074872 450 0
1638864148388 451 0
1638864312097 451 0
1638864385658 452 0
1638864549720 452 0
1638864623516 453 0
1638864787505 453 0
1638864861178 454 0
1638865025370 454 0
1638865099347 455 0
1638865263483 455 0
1638865337112 456 0
1638865501517 456 0
1638865574988 457 0
1638865739109 457 0
1638865812715 458 0
1638865977011 458 0
1638866050782 459 0
1638866214736 459 0
1638866288489 460 0
1638866452964 460 0
1638866528518 461 0
1638866692594 461 0
1638866766372 462 0
1638866930327 462 0
1638867003903 463 0
1638867167794 463 0
1638867241420 464 0
1638867405539 464 0
1638867479067 465 0
1638867643031 465 0
1638867716675 466 0
1638867880703 466 0
1638867954452 467 0
1638868118613 467 0
1638868192652 468 0
1638868356670 468 0
1638868430297 469 0
1638868594037 469 0
1638868667433 470 0
1638868831308 470 0
1638868905007 471 0
1638869069034 471 0
1638869142527 472 0
1638869306457 472 0
1638869380095 473 0
1638869543883 473 0
1638869617375 474 0
1638869781238 474 0
1638869855067 475 0
1638870019300 475 0
1638870092971 476 0
1638870257173 476 0
1638870330818 477 0
1638870494517 477 0
1638870568330 478 0
1638870732121 478 0
1638870805726 479 0
1638870969719 479 0
1638871043461 480 0
1638871207189 480 0
1638871282550 481 0
1638871446495 481 0
1638871520080 482 0
1638871683788 482 0
1638871757398 483 0
1638871921296 483 0
1638871994996 484 0
1638872158950 484 0
1638872232752 485 0
1638872396506 485 0
1638872470030 486 0
1638872634089 486 0
1638872707707 487 0
1638872871808 487 0
1638872945409 488 0
1638873109306 488 0
1638873182900 489 0
1638873346812 489 0
1638873420176 490 0
1638873583629 490 0
1638873657459 491 0
1638873821052 491 0
1638873894537 492 0
1638874058319 492 0
1638874131877 493 0
1638874295648 493 0
1638874369212 494 0
1638874532930 494 0
1638874606562 495 0
1638874770043 495 0
1638874843468 496 0
1638875006960 496 0
1638875080452 497 0
1638875244067 497 0
1638875317583 498 0
1638875481344 498 0
1638875554757 499 0
1638875718394 499 0
1638875791754 500 0
1638875955328 500 0
1638876030564 501 0
1638876193969 501 0
1638876267416 502 0
1638876431411 502 0
1638876504900 503 0
1638876668459 503 0
1638876742635 504 0
1638876906397 504 0
1638876980071 505 0
1638877143759 505 0
1638877217418 506 0
1638877380921 506 0
1638877454308 507 0
1638877617788 507 0
1638877691153 508 0
1638877854885 508 0
1638877928399 509 0
1638878092006 509 0
1638878165589 510 0
1638878328884 510 0
1638878402297 511 0
1638878565826 511 0
1638878639369 512 0
1638878802745 512 0
1638878876105 513 0
1638879039700 513 0
1638879113220 514 0
1638879276579 514 0
1638879349905 515 0
1638879513543 515 0
1638879587051 516 0
1638879750666 516 0
1638879824192 517 0
1638879987792 517 0
1638880061321 518 0
1638880224915 518 0
1638880298592 519 0
1638880462163 519 0
1638880535757 520 0
1638880699114 520 0
1638880774416 521 0
1638880938198 521 0
1638881011621 522 0
1638881175110 522 0
1638881248474 523 0
1638881412111 523 0
1638881485680 524 0
1638881649242 524 0
1638881722573 525 0
1638881886154 525 0
1638881959500 526 0
1638882122988 526 0
1638882196460 527 0
1638882359840 527 0
1638882433369 528 0
1638882597235 528 0
1638882670626 529 0
1638882834177 529 0
1638882907588 530 0
1638883071152 530 0
1638883144675 531 0
1638883308572 531 0
1638883382098 532 0
1638883545575 532 0
1638883619039 533 0
1638883782545 533 0
1638883855970 534 0
1638884020291 534 0
1638884093939 535 0
1638884257317 535 0
1638884330885 536 0
1638884494503 536 0
1638884568084 537 0
1638884731651 537 0
1638884805165 538 0
1638884968488 538 0
1638885042129 539 0
1638885205652 539 0
1638885278980 540 0
1638885442602 540 0
1638885517982 541 0
1638885681482 541 0
1638885755030 542 0
1638885918457 542 0
1638885992048 543 0
1638886155556 543 0
1638886229003 544 0
1638886392183 544 0
1638886465672 545 0
1638886629170 545 0
1638886702754 546 0
1638886866434 546 0
1638886939841 547 0
1638887103082 547 0
1638887176383 548 0
1638887339897 548 0
1638887413297 549 0
1638887576937 549 0
1638887650284 550 0
1638887813750 550 0
1638887887292 551 0
1638888050636 551 0
1638888124135 552 0
1638888287428 552 0
1638888360917 553 0
1638888524321 553 0
1638888597785 554 0
1638888761405 554 0
1638888834850 555 0
1638888998607 555 0
1638889071990 556 0
1638889235580 556 0
1638889308952 557 0
1638889472532 557 0
1638889545937 558 0
1638889709455 558 0
1638889783077 559 0
1638889946710 559 0
1638890020059 560 0
1638890183537 560 0
1638890258762 561 0
1638890422091 561 0
1638890495387 562 0
1638890658737 562 0
1638890732259 563 0
1638890895772 563 0
1638890969304 564 0
1638891132812 564 0
1638891206259 565 0
1638891369586 565 0
1638891443037 566 0
1638891606716 566 0
1638891680194 567 0
1638891843604 567 0
1638891917109 568 0
1638892080453 568 0
1638892153749 569 0
1638892317255 569 0
1638892390762 570 0
1638892554126 570 0
1638892627437 571 0
1638892790814 571 0
1638892864258 572 0
1638893027731 572 0
1638893101050 573 0
1638893264367 573 0
1638893337740 574 0
1638893501372 574 0
1638893574915 575 0
1638893738404 575 0
1638893811907 576 0
1638893975559 576 0
1638894049020 577 0
1638894212527 577 0
1638894285896 578 0
1638894449274 578 0
1638894522631 579 0
1638894686113 579 0
1638894760299 580 0
1638894923888 580 0
1638894999420 581 0
1638895162808 581 0
1638895236484 582 0
1638895399903 582 0
1638895473240 583 0
1638895636582 583 0
1638895710072 584 0
1638895873650 584 0
1638895947079 585 0
1638896110349 585 0
1638896183810 586 0
1638896347284 586 0
1638896420645 587 0
1638896583998 587 0
1638896657414 588 0
1638896820668 588 0
1638896894034 589 0
1638897057855 589 0
1638897131245 590 0
1638897294698 590 0
1638897367986 591 0
1638897531338 591 0
1638897604701 592 0
1638897768133 592 0
1638897841462 593 0
1638898004911 593 0
1638898078298 594 0
1638898241401 594 0
1638898314795 595 0
1638898477883 595 0
1638898551170 596 0
1638898714763 596 0
1638898788398 597 0
1638898951809 597 0
1638899025165 598 0
1638899188620 598 0
1638899262220 599 0
1638899425525 599 0
1638899498948 600 0
1638899662515 600 0
1638899737722 601 0
1638899901259 601 0
1638899974813 602 0
1638900138212 602 0
1638900211670 603 0
1638900375177 603 0
1638900448732 604 0
1638900612641 604 0
1638900685956 605 0
1638900849283 605 0
1638900922646 606 0
1638901086097 606 0
1638901159465 607 0
1638901322978 607 0
1638901396302 608 0
1638901563510 608 0
1638901636799 609 0
1638901800054 609 0
1638901873434 610 0
1638902036966 610 0
1638902110306 611 0
1638902273760 611 0
1638902347137 612 0
1638902510667 612 0
1638902583974 613 0
1638902747410 613 0
1638902820787 614 0
1638902984205 614 0
1638903057551 615 0
1638903220877 615 0
1638903294068 616 0
1638903457562 616 0
1638903531374 617 0
1638903694789 617 0
1638903768244 618 0
1638903931566 618 0
1638904004944 619 0
1638904168321 619 0
1638904242032 620 0
1638904405378 620 0
1638904480755 621 0
1638904644352 621 0
1638904717854 622 0
1638904881314 622 0
1638904954660 623 0
1638905117899 623 0
1638905191302 624 0
1638905354568 624 0
1638905427966 625 0
1638905591454 625 0
1638905664992 626 0
1638905828444 626 0
1638905901817 627 0
1638906065200 627 0
1638906138468 628 0
1638906301774 628 0
1638906375065 629 0
1638906538274 629 0
1638906611611 630 0
1638906775202 630 0
1638906848724 631 0
1638907011940 631 0
1638907085356 632 0
1638907248749 632 0
1638907322114 633 0
1638907485405 633 0
1638907558697 634 0
1638907721970 634 0
1638907795662 635 0
1638907959191 635 0
1638908032542 636 0
1638908195939 636 0
1638908269360 637 0
1638908432683 637 0
1638908506087 638 0
1638908669432 638 0
1638908742835 639 0
1638908906067 639 0
1638908979524 640 0
1638909143379 640 0
1638909218665 641 0
1638909382087 641 0
1638909455405 642 0
1638909618921 642 0
1638909692250 643 0
1638909855384 643 0
1638909928733 644 0
1638910092360 644 0
1638910165728 645 0
1638910329129 645 0
1638910402581 646 0
1638910566063 646 0
1638910639590 647 0
1638910803125 647 0
1638910876550 648 0
1638911039821 648 0
1638911113082 649 0
1638911276540 649 0
1638911349838 650 0
1638911513469 650 0
1638911586929 651 0
1638911750400 651 0
1638911823880 652 0
1638911987228 652 0
1638912060490 653 0
1638912223954 653 0
1638912297278 654 0
1638912460701 654 0
1638912534004 655 0
1638912697590 655 0
1638912770908 656 0
1638912934373 656 0
1638913007799 657 0
1638913171173 657 0
1638913244893 658 0
1638913408265 658 0
1638913481724 659 0
1638913645342 659 0
1638913718682 660 0
1638913882104 660 0
1638913957788 661 0
1638914124049 661 0
1638914198531 662 0
1638914364981 662 0
1638914439591 663 0
1638914605413 663 0
1638914679979 664 0
1638914846026 664 0
1638914920482 665 0
1638915086415 665 0
1638915160881 666 0
1638915326530 666 0
1638915401267 667 0
1638915567066 667 0
1638915641533 668 0
1638915807487 668 0
1638915881707 669 0
1638916047661 669 0
1638916122196 670 0
1638916288117 670 0
1638916362671 671 0
1638916528289 671 0
1638916602863 672 0
1638916768739 672 0
1638916843563 673 0
1638917009469 673 0
1638917084146 674 0
1638917250114 674 0
1638917324612 675 0
1638917490785 675 0
1638917565212 676 0
1638917731279 676 0
1638917806036 677 0
1638917971836 677 0
1638918046162 678 0
1638918212462 678 0
1638918286981 679 0
1638918453108 679 0
1638918527446 680 0
1638918693711 680 0
1638918770089 681 0
1638918933514 681 0
1638919006891 682 0
1638919170374 682 0
1638919243606 683 0
1638919407086 683 0
1638919480566 684 0
1638919644055 684 0
1638919717363 685 0
1638919881019 685 0
1638919954633 686 0
1638920118264 686 0
1638920191658 687 0
1638920355228 687 0
1638920428919 688 0
1638920592501 688 0
1638920666950 689 0
1638920830463 689 0
1638920903999 690 0
1638921067678 690 0
1638921142689 691 0
1638921306489 691 0
1638921380280 692 0
1638921544000 692 0
1638921617480 693 0
1638921781417 693 0
1638921854916 694 0
1638922018609 694 0
1638922091950 695 0
1638922256091 695 0
1638922329524 696 0
1638922493384 696 0
1638922566890 697 0
1638922730624 697 0
1638922804101 698 0
1638922967985 698 0
1638923041579 699 0
1638923205362 699 0
1638923279031 700 0
1638923442658 700 0
1638923518749 701 0
1638923682964 701 0
1638923756456 702 0
1638923920282 702 0
1638923994199 703 0
1638924158207 703 0
1638924231794 704 0
1638924395509 704 0
1638924469063 705 0
1638924632614 705 0
1638924706142 706 0
1638924869716 706 0
1638924943407 707 0
1638925107898 707 0
1638925181614 708 0
1638925345347 708 0
1638925418917 709 0
1638925582964 709 0
1638925656422 710 0
1638925820637 710 0
1638925894182 711 0
1638926057997 711 0
1638926131454 712 0
1638926294986 712 0
1638926368598 713 0
1638926532271 713 0
1638926605964 714 0
1638926770430 714 0
1638926844176 715 0
1638927008082 715 0
1638927081728 716 0
1638927245883 716 0
1638927319462 717 0
1638927483387 717 0
1638927557033 718 0
1638927721061 718 0
1638927794658 719 0
1638927958398 719 0
1638928032095 720 0
1638928195992 720 0
1638928271321 721 0
1638928435228 721 0
1638928508842 722 0
1638928672689 722 0
1638928746169 723 0
1638928910156 723 0
1638928983918 724 0
1638929148048 724 0
1638929221932 725 0
1638929385997 725 0
1638929459672 726 0
1638929623526 726 0
1638929697132 727 0
1638929860941 727 0
1638929934491 728 0
1638930098282 728 0
1638930171907 729 0
1638930335567 729 0
1638930409052 730 0
1638930572803 730 0
1638930646364 731 0
1638930810586 731 0
1638930884233 732 0
1638931048251 732 0
1638931121820 733 0
1638931285543 733 0
1638931359083 734 0
1638931522946 734 0
1638931596505 735 0
1638931760348 735 0
1638931833846 736 0
1638931997629 736 0
1638932071258 737 0
1638932235405 737 0
1638932309063 738 0
1638932472918 738 0
1638932546747 739 0
1638932710691 739 0
1638932784272 740 0
1638932948093 740 0
1638933024019 741 0
1638933187652 741 0
1638933261384 742 0
1638933425486 742 0
1638933499056 743 0
1638933662947 743 0
1638933736579 744 0
1638933900573 744 0
1638933974174 745 0
1638934138371 745 0
1638934212050 746 0
1638934375740 746 0
1638934449393 747 0
1638934613070 747 0
1638934686673 748 0
1638934850856 748 0
1638934924450 749 0
1638935088219 749 0
1638935161898 750 0
1638935325724 750 0
1638935399422 751 0
1638935563205 751 0
1638935637089 752 0
1638935800873 752 0
1638935874642 753 0
1638936038804 753 0
1638936112475 754 0
1638936276661 754 0
1638936350385 755 0
1638936514179 755 0
1638936587865 756 0
1638936752004 756 0
1638936825596 757 0
1638936989378 757 0
1638937062943 758 0
1638937226670 758 0
1638937300485 759 0
1638937464602 759 0
1638937538277 760 0
1638937702106 760 0
1638937777547 761 0
1638937941799 761 0
1638938015410 762 0
1638938179377 762 0
1638938253088 763 0
1638938417160 763 0
1638938490904 764 0
1638938654721 764 0
1638938728342 765 0
1638938892196 765 0
1638938965790 766 0
1638939129969 766 0
1638939203484 767 0
1638939367122 767 0
1638939440598 768 0
1638939605028 768 0
1638939678623 769 0
1638939842414 769 0
1638939915939 770 0
1638940079677 770 0
1638940153202 771 0
1638940317220 771 0
1638940390952 772 0
1638940555040 772 0
1638940628686 773 0
1638940792807 773 0
1638940866339 774 0
1638941030338 774 0
1638941104022 775 0
1638941268070 775 0
1638941341637 776 0
1638941505917 776 0
1638941580055 777 0
1638941744325 777 0
1638941818265 778 0
1638941982388 778 0
1638942056492 779 0
1638942220410 779 0
1638942294135 780 0
1638942458084 780 0
1638942533349 781 0
1638942697391 781 0
1638942770973 782 0
1638942934804 782 0
1638943008384 783 0
1638943172506 783 0
1638943246150 784 0
1638943410354 784 0
1638943484218 785 0
1638943648590 785 0
1638943722213 786 0
1638943886605 786 0
1638943960245 787 0
1638944124738 787 0
1638944198390 788 0
1638944362250 788 0
1638944435870 789 0
1638944600056 789 0
1638944673583 790 0
1638944837642 790 0
1638944911363 791 0
1638945075718 791 0
1638945149383 792 0
1638945313191 792 0
1638945386946 793 0
1638945550777 793 0
1638945624626 794 0
1638945788692 794 0
1638945862398 795 0
1638946026376 795 0
1638946099962 796 0
1638946263930 796 0
1638946337515 797 0
1638946501522 797 0
1638946575175 798 0
1638946739588 798 0
1638946813217 799 0
1638946977332 799 0
1638947051217 800 0
1638947215377 800 0
1638947290760 801 0
1638947455168 801 0
1638947528806 802 0
1638947692852 802 0
1638947766269 803 0
1638947930125 803 0
1638948003639 804 0
1638948167561 804 0
1638948241225 805 0
1638948405379 805 0
1638948479314 806 0
1638948643506 806 0
1638948717378 807 0
1638948881231 807 0
1638948955037 808 0
1638949118890 808 0
1638949192589 809 0
1638949356388 809 0
1638949429986 810 0
1638949593653 810 0
1638949667164 811 0
1638949830946 811 0
1638949904801 812 0
1638950068579 812 0
1638950142348 813 0
1638950306258 813 0
1638950379995 814 0
1638950544108 814 0
1638950617905 815 0
1638950781941 815 0
1638950855493 816 0
1638951019974 816 0
1638951093419 817 0
1638951257579 817 0
1638951331185 818 0
1638951494987 818 0
1638951568555 819 0
1638951732431 819 0
1638951806133 820 0
1638951970098 820 0
1638952045587 821 0
1638952209597 821 0
1638952283328 822 0
1638952447550 822 0
1638952521352 823 0
1638952685558 823 0
1638952759123 824 0
1638952923369 824 0
1638952997078 825 0
1638953161045 825 0
1638953234726 826 0
1638953398405 826 0
1638953471964 827 0
1638953635766 827 0
1638953709219 828 0
1638953873146 828 0
1638953946643 829 0
1638954110843 829 0
1638954184526 830 0
1638954348224 830 0
1638954421798 831 0
1638954585497 831 0
1638954659277 832 0
1638954822846 832 0
1638954896399 833 0
1638955060528 833 0
1638955134178 834 0
1638955298016 834 0
1638955371480 835 0
1638955535126 835 0
1638955608520 836 0
1638955772188 836 0
1638955845632 837 0
1638956009493 837 0
1638956082997 838 0
1638956246472 838 0
1638956320179 839 0
1638956484010 839 0
1638956557538 840 0
1638956721126 840 0
1638956797095 841 0
1638956960953 841 0
1638957034497 842 0
1638957198168 842 0
1638957271667 843 0
1638957435306 843 0
1638957508872 844 0
1638957672864 844 0
1638957746335 845 0
1638957909822 845 0
1638957983565 846 0
1638958147098 846 0
1638958220941 847 0
1638958384587 847 0
1638958457987 848 0
1638958621591 848 0
1638958695126 849 0
1638958858738 849 0
1638958932271 850 0
1638959095704 850 0
1638959169189 851 0
1638959332667 851 0
1638959405992 852 0
1638959570441 852 0
1638959644006 853 0
1638959807480 853 0
1638959881078 854 0
1638960044825 854 0
1638960118239 855 0
1638960281773 855 0
1638960355275 856 0
1638960518899 856 0
1638960592436 857 0
1638960756188 857 0
1638960829639 858 0
1638960993169 858 0
1638961066544 859 0
1638961229814 859 0
1638961303458 860 0
1638961467186 860 0
1638961542544 861 0
1638961706239 861 0
1638961779735 862 0
1638961943844 862 0
1638962017390 863 0
1638962180869 863 0
1638962254304 864 0
1638962418052 864 0
1638962491528 865 0
1638962654862 865 0
1638962728304 866 0
1638962891979 866 0
1638962965516 867 0
1638963129209 867 0
1638963202819 868 0
1638963366512 868 0
1638963439861 869 0
1638963603725 869 0
1638963677170 870 0
1638963840956 870 0
1638963914520 871 0
1638964078097 871 0
1638964151655 872 0
1638964315269 872 0
1638964388687 873 0
1638964552391 873 0
1638964626088 874 0
1638964789531 874 0
1638964862883 875 0
1638965026583 875 0
1638965100208 876 0
1638965263707 876 0
1638965337083 877 0
1638965501002 877 0
1638965574578 878 0
1638965738414 878 0
1638965811754 879 0
1638965975682 879 0
1638966049219 880 0
1638966212903 880 0
1638966288251 881 0
1638966451488 881 0
1638966524957 882 0
1638966688291 882 0
1638966761860 883 0
1638966925381 883 0
1638966998867 884 0
1638967162510 884 0
1638967236059 885 0
1638967399528 885 0
1638967473040 886 0
1638967636404 886 0
1638967709971 887 0
1638967873328 887 0
1638967946842 888 0
1638968110271 888 0
1638968183861 889 0
1638968347697 889 0
1638968421160 890 0
1638968585082 890 0
1638968658673 891 0
1638968822435 891 0
1638968895826 892 0
1638969059659 892 0
1638969133328 893 0
1638969297013 893 0
1638969370570 894 0
1638969534033 894 0
1638969607550 895 0
1638969771110 895 0
1638969844484 896 0
1638970008029 896 0
1638970081596 897 0
1638970245244 897 0
1638970319316 898 0
1638970483146 898 0
1638970556706 899 0
1638970720240 899 0
1638970793787 900 0
1638970957204 900 0
1638971032326 901 0
1638971195614 901 0
1638971269000 902 0
1638971432492 902 0
1638971505981 903 0
1638971669440 903 0
1638971742843 904 0
1638971906323 904 0
1638971979806 905 0
1638972143199 905 0
1638972216566 906 0
1638972380107 906 0
1638972453523 907 0
1638972617078 907 0
1638972690496 908 0
1638972853967 908 0
1638972927435 909 0
1638973090788 909 0
1638973164177 910 0
1638973327670 910 0
1638973401086 911 0
1638973564355 911 0
1638973637916 912 0
1638973801288 912 0
1638973874883 913 0
1638974038474 913 0
1638974112050 914 0
1638974275466 914 0
1638974348721 915 0
1638974512475 915 0
1638974585933 916 0
1638974749323 916 0
1638974822749 917 0
1638974986368 917 0
1638975059758 918 0
1638975223159 918 0
1638975296491 919 0
1638975459944 919 0
1638975533353 920 0
1638975696912 920 0
1638975772125 921 0
1638975935629 921 0
1638976009092 922 0
1638976172819 922 0
1638976246288 923 0
1638976409634 923 0
1638976482927 924 0
1638976646228 924 0
1638976719624 925 0
1638976883054 925 0
1638976956589 926 0
1638977119944 926 0
1638977193400 927 0
1638977356795 927 0
1638977430272 928 0
1638977594234 928 0
1638977667629 929 0
1638977830906 929 0
1638977904321 930 0
1638978068066 930 0
1638978141503 931 0
1638978304983 931 0
1638978378416 932 0
1638978541710 932 0
1638978615060 933 0
1638978778270 933 0
1638978851767 934 0
1638979015166 934 0
1638979088635 935 0
1638979252137 935 0
1638979325702 936 0
1638979489278 936 0
1638979562689 937 0
1638979726239 937 0
1638979799969 938 0
1638979963412 938 0
1638980036781 939 0
1638980200157 939 0
1638980273616 940 0
1638980436925 940 0
1638980512100 941 0
1638980675400 941 0
1638980748636 942 0
1638980911930 942 0
1638980986041 943 0
1638981150425 943 0
1638981223947 944 0
1638981387608 944 0
1638981460977 945 0
1638981624951 945 0
1638981698339 946 0
1638981861588 946 0
1638981935132 947 0
1638982098570 947 0
1638982171886 948 0
1638982335408 948 0
1638982408895 949 0
1638982572254 949 0
1638982645551 950 0
1638982808957 950 0
1638982882391 951 0
1638983046049 951 0
1638983119459 952 0
1638983282874 952 0
1638983356149 953 0
1638983519715 953 0
1638983593011 954 0
1638983756613 954 0
1638983829999 955 0
1638983993367 955 0
1638984066935 956 0
1638984230772 956 0
1638984304138 957 0
1638984467464 957 0
1638984540876 958 0
1638984704283 958 0
1638984777797 959 0
1638984941285 959 0
1638985014630 960 0
1638985177897 960 0
1638985253405 961 0
1638985417001 961 0
1638985490316 962 0
1638985653834 962 0
1638985727202 963 0
1638985890605 963 0
1638985964095 964 0
1638986127734 964 0
1638986201133 965 0
1638986364788 965 0
1638986438209 966 0
1638986601629 966 0
1638986675072 967 0
1638986838600 967 0
1638986912004 968 0
1638987075654 968 0
1638987149007 969 0
1638987312424 969 0
1638987385766 970 0
1638987549167 970 0
1638987622675 971 0
1638987786156 971 0
1638987859569 972 0
1638988027229 972 0
1638988100632 973 0
1638988264098 973 0
1638988337669 974 0
1638988501123 974 0
1638988574618 975 0
1638988738056 975 0
1638988811743 976 0
1638988975298 976 0
1638989048775 977 0
1638989211931 977 0
1638989285238 978 0
1638989448603 978 0
1638989521968 979 0
1638989685177 979 0
1638989758809 980 0
1638989924821 980 0
1638989999942 981 0
1638990163153 981 0
1638990236552 982 0
1638990400059 982 0
1638990473336 983 0
1638990636771 983 0
1638990710100 984 0
1638990873642 984 0
1638990947095 985 0
1638991110223 985 0
1638991183611 986 0
1638991347119 986 0
1638991420527 987 0
1638991584063 987 0
1638991657498 988 0
1638991820826 988 0
1638991894115 989 0
1638992057698 989 0
1638992131026 990 0
1638992294687 990 0
1638992368125 991 0
1638992531666 991 0
1638992605065 992 0
1638992768595 992 0
1638992841884 993 0
1638993005163 993 0
1638993078476 994 0
1638993242119 994 0
1638993315504 995 0
1638993478933 995 0
1638993552366 996 0
1638993715735 996 0
1638993789017 997 0
1638993952252 997 0
1638994025680 998 0
1638994189193 998 0
1638994262611 999 0
1638994425727 999 0
1638994498954 1000 0
1638994662063 1000 0
1638994737268 1001 0
1638994900728 1001 0
1638994974185 1002 0
1638995137402 1002 0
1638995210921 1003 0
1638995374496 1003 0
1638995447900 1004 0
1638995612661 1004 0
1638995686269 1005 0
1638995849532 1005 0
1638995922877 1006 0
1638996086643 1006 0
1638996160107 1007 0
1638996323537 1007 0
1638996396929 1008 0
1638996560592 1008 0
1638996634182 1009 0
1638996797361 1009 0
1638996870642 1010 0
1638997034061 1010 0
1638997107697 1011 0
1638997271254 1011 0
1638997344603 1012 0
1638997507898 1012 0
1638997581469 1013 0
1638997744881 1013 0
1638997818568 1014 0
1638997981979 1014 0
1638998055548 1015 0
1638998218832 1015 0
1638998292385 1016 0
1638998455784 1016 0
1638998529014 1017 0
1638998692494 1017 0
1638998765873 1018 0
1638998929134 1018 0
1638999002534 1019 0
1638999165953 1019 0
1638999239346 1020 0
1638999402844 1020 0
1638999478037 1021 0
1638999641519 1021 0
1638999714916 1022 0
1638999878287 1022 0
1638999951574 1023 0
1639000114827 1023 0
1639000188304 1024 0
1639000351641 1024 0
1639000424986 1025 0
1639000588252 1025 0
1639000661619 1026 0
1639000824983 1026 0
1639000898309 1027 0
1639001061916 1027 0
1639001135235 1028 0
1639001298720 1028 0
1639001372108 1029 0
1639001535707 1029 0
1639001608912 1030 0
1639001772504 1030 0
1639001846078 1031 0
1639002009487 1031 0
1639002082976 1032 0
1639002246302 1032 0
1639002319815 1033 0
1639002483254 1033 0
1639002556665 1034 0
1639002720112 1034 0
1639002793524 1035 0
1639002957568 1035 0
1639003030917 1036 0
1639003194500 1036 0
1639003267780 1037 0
1639003431250 1037 0
1639003504523 1038 0
1639003667955 1038 0
1639003741456 1039 0
1639003904835 1039 0
1639003978138 1040 0
1639004141713 1040 0
1639004216937 1041 0
1639004380452 1041 0
1639004453879 1042 0
1639004617183 1042 0
1639004690673 1043 0
1639004854288 1043 0
1639004927681 1044 0
1639005091897 1044 0
1639005165485 1045 0
1639005328768 1045 0
1639005402066 1046 0
1639005565293 1046 0
1639005638529 1047 0
1639005801831 1047 0
1639005875256 1048 0
1639006038813 1048 0
1639006112448 1049 0
1639006275659 1049 0
1639006349293 1050 0
1639006512720 1050 0
1639006586213 1051 0
1639006749560 1051 0
1639006823091 1052 0
1639006986676 1052 0
1639007060169 1053 0
1639007223206 1053 0
1639007296551 1054 0
1639007459900 1054 0
1639007533430 1055 0
1639007696616 1055 0
1639007770142 1056 0
1639007933504 1056 0
1639008006831 1057 0
1639008170621 1057 0
1639008244067 1058 0
1639008407500 1058 0
1639008480800 1059 0
1639008644282 1059 0
1639008717624 1060 0
1639008881220 1060 0
1639008957713 1061 0
1639009121944 1061 0
1639009195624 1062 0
1639009359117 1062 0
1639009432650 1063 0
1639009596098 1063 0
1639009669735 1064 0
1639009833410 1064 0
1639009907431 1065 0
1639010071752 1065 0
1639010145213 1066 0
1639010308684 1066 0
1639010382090 1067 0
1639010545792 1067 0
1639010619118 1068 0
1639010782663 1068 0
1639010856147 1069 0
1639011019732 1069 0
1639011093090 1070 0
1639011256733 1070 0
1639011330242 1071 0
1639011493992 1071 0
1639011567538 1072 0
1639011730941 1072 0
1639011804455 1073 0
1639011967933 1073 0
1639012041401 1074 0
1639012205263 1074 0
1639012278887 1075 0
1639012442338 1075 0
1639012515727 1076 0
1639012679378 1076 0
1639012752997 1077 0
1639012916360 1077 0
1639012989861 1078 0
1639013153201 1078 0
1639013226679 1079 0
1639013390406 1079 0
1639013463969 1080 0
1639013627891 1080 0
1639013703249 1081 0
1639013866672 1081 0
1639013940169 1082 0
1639014103914 1082 0
1639014177447 1083 0
1639014340904 1083 0
1639014414362 1084 0
1639014577901 1084 0
1639014651312 1085 0
1639014814616 1085 0
1639014888112 1086 0
1639015051356 1086 0
1639015124916 1087 0
1639015288507 1087 0
1639015361940 1088 0
1639015525361 1088 0
1639015598857 1089 0
1639015762387 1089 0
1639015836036 1090 0
1639015999545 1090 0
1639016073038 1091 0
1639016236661 1091 0
1639016310067 1092 0
1639016473673 1092 0
1639016546994 1093 0
1639016710425 1093 0
1639016783794 1094 0
1639016947422 1094 0
1639017020883 1095 0
1639017184545 1095 0
1639017258002 1096 0
1639017421633 1096 0
1639017495183 1097 0
1639017658837 1097 0
1639017732411 1098 0
1639017895895 1098 0
1639017969405 1099 0
1639018133053 1099 0
1639018206583 1100 0
1639018370103 1100 0
1639018445578 1101 0
1639018609350 1101 0
1639018682931 1102 0
1639018846625 1102 0
1639018920146 1103 0
1639019083751 1103 0
1639019157311 1104 0
1639019321309 1104 0
1639019395146 1105 0
1639019559005 1105 0
1639019632634 1106 0
1639019796262 1106 0
1639019869697 1107 0
1639020033299 1107 0
1639020107207 1108 0
1639020270960 1108 0
1639020344585 1109 0
1639020508335 1109 0
1639020581947 1110 0
1639020745758 1110 0
1639020819557 1111 0
1639020983316 1111 0
1639021056969 1112 0
1639021221011 1112 0
1639021294617 1113 0
1639021458550 1113 0
1639021531883 1114 0
1639021696072 1114 0
1639021769786 1115 0
1639021933510 1115 0
1639022007135 1116 0
1639022171233 1116 0
1639022244768 1117 0
1639022408711 1117 0
1639022482261 1118 0
1639022646055 1118 0
1639022719569 1119 0
1639022883173 1119 0
1639022956787 1120 0
1639023120709 1120 0
1639023196099 1121 0
1639023359898 1121 0
1639023433432 1122 0
1639023597338 1122 0
1639023670733 1123 0
1639023834630 1123 0
1639023908310 1124 0
1639024072415 1124 0
1639024145977 1125 0
1639024310218 1125 0
1639024383893 1126 0
1639024547942 1126 0
1639024621834 1127 0
1639024785869 1127 0
1639024859807 1128 0
1639025023793 1128 0
1639025097504 1129 0
1639025261545 1129 0
1639025335247 1130 0
1639025499217 1130 0
1639025572948 1131 0
1639025737066 1131 0
1639025810776 1132 0
1639025974854 1132 0
1639026048479 1133 0
1639026212129 1133 0
1639026285528 1134 0
1639026449550 1134 0
1639026523066 1135 0
1639026687288 1135 0
1639026761014 1136 0
1639026925046 1136 0
1639026998620 1137 0
1639027162676 1137 0
1639027236262 1138 0
1639027400603 1138 0
1639027474239 1139 0
1639027637923 1139 0
1639027711582 1140 0
1639027875439 1140 0
1639027951230 1141 0
1639028115386 1141 0
1639028188864 1142 0
1639028352483 1142 0
1639028426277 1143 0
1639028590106 1143 0
1639028663831 1144 0
1639028827744 1144 0
1639028901582 1145 0
1639029065662 1145 0
1639029139336 1146 0
1639029303341 1146 0
1639029376902 1147 0
1639029540916 1147 0
1639029614461 1148 0
1639029778167 1148 0
1639029851671 1149 0
1639030015436 1149 0
1639030088950 1150 0
1639030252950 1150 0
1639030326532 1151 0
1639030490204 1151 0
1639030563962 1152 0
1639030727529 1152 0
1639030801224 1153 0
1639030965236 1153 0
1639031038825 1154 0
1639031202755 1154 0
1639031276400 1155 0
1639031439929 1155 0
1639031513495 1156 0
1639031677316 1156 0
1639031750845 1157 0
1639031914480 1157 0
1639031988225 1158 0
1639032152436 1158 0
1639032226366 1159 0
1639032390406 1159 0
1639032464495 1160 0
1639032628406 1160 0
1639032703964 1161 0
1639032868393 1161 0
1639032942076 1162 0
1639033106691 1162 0
1639033180260 1163 0
1639033344223 1163 0
1639033417940 1164 0
1639033582215 1164 0
1639033656115 1165 0
1639033820351 1165 0
1639033894073 1166 0
1639034058672 1166 0
1639034132470 1167 0
1639034297140 1167 0
1639034370703 1168 0
1639034535064 1168 0
1639034608936 1169 0
1639034773320 1169 0
1639034847073 1170 0
1639035010823 1170 0
1639035084837 1171 0
1639035248818 1171 0
1639035322666 1172 0
1639035486675 1172 0
1639035560505 1173 0
1639035724930 1173 0
1639035798662 1174 0
1639035963229 1174 0
1639036037001 1175 0
1639036201137 1175 0
1639036274767 1176 0
1639036438781 1176 0
1639036512925 1177 0
1639036677022 1177 0
1639036750631 1178 0
1639036914716 1178 0
1639036988555 1179 0
1639037153000 1179 0
1639037226703 1180 0
1639037390994 1180 0
1639037466756 1181 0
1639037630888 1181 0
1639037704592 1182 0
1639037868263 1182 0
1639037942104 1183 0
1639038105950 1183 0
1639038179718 1184 0
1639038343709 1184 0
1639038417331 1185 0
1639038581359 1185 0
1639038654917 1186 0
1639038818715 1186 0
1639038892296 1187 0
1639039056285 1187 0
1639039129796 1188 0
1639039293917 1188 0
1639039367387 1189 0
1639039531378 1189 0
1639039604971 1190 0
1639039768934 1190 0
1639039842474 1191 0
1639040006306 1191 0
1639040079789 1192 0
1639040243689 1192 0
1639040317178 1193 0
1639040481077 1193 0
1639040554591 1194 0
1639040718248 1194 0
1639040792145 1195 0
1639040956254 1195 0
1639041030027 1196 0
1639041193786 1196 0
1639041267302 1197 0
1639041431028 1197 0
1639041504535 1198 0
1639041668393 1198 0
1639041742019 1199 0
1639041906372 1199 0
1639041980071 1200 0
1639042143836 1200 0
1639042220141 1201 0
1639042384065 1201 0
1639042457609 1202 0
1639042621544 1202 0
1639042695029 1203 0
1639042859265 1203 0
1639042933020 1204 0
1639043097323 1204 0
1639043171105 1205 0
1639043334929 1205 0
1639043408599 1206 0
1639043572491 1206 0
1639043646193 1207 0
1639043810121 1207 0
1639043883766 1208 0
1639044047968 1208 0
1639044121866 1209 0
1639044285575 1209 0
1639044359211 1210 0
1639044523352 1210 0
1639044597409 1211 0
1639044761630 1211 0
1639044835402 1212 0
1639044999401 1212 0
1639045073092 1213 0
1639045237119 1213 0
1639045310664 1214 0
1639045474663 1214 0
1639045548358 1215 0
1639045712314 1215 0
1639045785927 1216 0
1639045950006 1216 0
1639046023727 1217 0
1639046187647 1217 0
1639046261245 1218 0
1639046425513 1218 0
1639046499179 1219 0
1639046663371 1219 0
1639046737179 1220 0
1639046900874 1220 0
1639046976376 1221 0
1639047140255 1221 0
1639047213840 1222 0
1639047377725 1222 0
1639047451465 1223 0
1639047615130 1223 0
1639047688716 1224 0
1639047852434 1224 0
1639047926139 1225 0
1639048089947 1225 0
1639048163519 1226 0
1639048327605 1226 0
1639048401230 1227 0
1639048564929 1227 0
1639048638360 1228 0
1639048802132 1228 0
1639048875649 1229 0
1639049039532 1229 0
1639049113136 1230 0
1639049276741 1230 0
1639049350256 1231 0
1639049514594 1231 0
1639049588636 1232 0
1639049752575 1232 0
1639049826307 1233 0
1639049990375 1233 0
1639050063976 1234 0
1639050227632 1234 0
1639050301303 1235 0
1639050465204 1235 0
1639050538795 1236 0
1639050702743 1236 0
1639050776339 1237 0
1639050940374 1237 0
1639051014226 1238 0
1639051178065 1238 0
1639051251570 1239 0
1639051415180 1239 0
1639051488543 1240 0
1639051652311 1240 0
1639051727734 1241 0
1639051891908 1241 0
1639051965401 1242 0
1639052129103 1242 0
1639052202578 1243 0
1639052366163 1243 0
1639052439890 1244 0
1639052603480 1244 0
1639052676962 1245 0
1639052840491 1245 0
1639052914029 1246 0
1639053077861 1246 0
1639053151395 1247 0
1639053314985 1247 0
1639053388623 1248 0
1639053552301 1248 0
1639053625915 1249 0
1639053789459 1249 0
1639053862938 1250 0
1639054026602 1250 0
1639054100344 1251 0
1639054264175 1251 0
1639054337762 1252 0
1639054501342 1252 0
1639054574823 1253 0
1639054738851 1253 0
1639054812344 1254 0
1639054975747 1254 0
1639055049189 1255 0
1639055212904 1255 0
1639055286529 1256 0
1639055450476 1256 0
1639055523966 1257 0
1639055687449 1257 0
1639055760810 1258 0
1639055924454 1258 0
1639055997994 1259 0
1639056161715 1259 0
1639056235396 1260 0
1639056399216 1260 0
1639056474646 1261 0
1639056638259 1261 0
1639056711767 1262 0
1639056875424 1262 0
1639056948892 1263 0
1639057112371 1263 0
1639057185925 1264 0
1639057349347 1264 0
1639057422768 1265 0
1639057586257 1265 0
1639057659702 1266 0
1639057823774 1266 0
1639057897419 1267 0
1639058060983 1267 0
1639058134397 1268 0
1639058297761 1268 0
1639058371138 1269 0
1639058534748 1269 0
1639058608266 1270 0
1639058771598 1270 0
1639058845041 1271 0
1639059008816 1271 0
1639059082251 1272 0
1639059246040 1272 0
1639059319496 1273 0
1639059483153 1273 0
1639059556707 1274 0
1639059720094 1274 0
1639059793533 1275 0
1639059957195 1275 0
1639060030751 1276 0
1639060194417 1276 0
1639060267906 1277 0
1639060432574 1277 0
1639060506098 1278 0
1639060669508 1278 0
1639060742985 1279 0
1639060906963 1279 0
1639060980513 1280 0
1639061144044 1280 0
1639061219326 1281 0
1639061383304 1281 0
1639061456766 1282 0
1639061620419 1282 0
1639061693843 1283 0
1639061857547 1283 0
1639061930946 1284 0
1639062094679 1284 0
1639062168144 1285 0
1639062331673 1285 0
1639062405179 1286 0
1639062568595 1286 0
1639062642528 1287 0
1639062806126 1287 0
1639062879481 1288 0
1639063043205 1288 0
1639063116711 1289 0
1639063280247 1289 0
1639063353599 1290 0
1639063517156 1290 0
1639063590704 1291 0
1639063754333 1291 0
1639063827754 1292 0
1639063991455 1292 0
1639064064953 1293 0
1639064228443 1293 0
1639064301914 1294 0
1639064465637 1294 0
1639064539301 1295 0
1639064702719 1295 0
1639064776174 1296 0
1639064939414 1296 0
1639065013092 1297 0
1639065176824 1297 0
1639065250313 1298 0
1639065413718 1298 0
1639065487201 1299 0
1639065650842 1299 0
1639065724332 1300 0
1639065887756 1300 0
1639065962963 1301 0
1639066126513 1301 0
1639066200249 1302 0
1639066363920 1302 0
1639066437473 1303 0
1639066601093 1303 0
1639066674392 1304 0
1639066838105 1304 0
1639066911713 1305 0
1639067075155 1305 0
1639067148750 1306 0
1639067312276 1306 0
1639067385763 1307 0
1639067550649 1307 0
1639067623966 1308 0
1639067787866 1308 0
1639067861384 1309 0
1639068025223 1309 0
1639068098763 1310 0
1639068262338 1310 0
1639068335900 1311 0
1639068499696 1311 0
1639068573143 1312 0
1639068736931 1312 0
1639068810373 1313 0
1639068973914 1313 0
1639069047387 1314 0
1639069210940 1314 0
1639069284340 1315 0
1639069447892 1315 0
1639069521303 1316 0
1639069685250 1316 0
1639069758790 1317 0
1639069922646 1317 0
1639069996089 1318 0
1639070159513 1318 0
1639070232900 1319 0
1639070396535 1319 0
1639070470068 1320 0
1639070633743 1320 0
1639070709182 1321 0
1639070872814 1321 0
1639070946383 1322 0
1639071109828 1322 0
1639071183113 1323 0
1639071346825 1323 0
1639071420197 1324 0
1639071583618 1324 0
1639071657162 1325 0
1639071820916 1325 0
1639071894302 1326 0
1639072057918 1326 0
1639072131286 1327 0
1639072294919 1327 0
1639072368356 1328 0
1639072531628 1328 0
1639072605164 1329 0
1639072768788 1329 0
1639072842322 1330 0
1639073006092 1330 0
1639073079622 1331 0
1639073242932 1331 0
1639073316364 1332 0
1639073479976 1332 0
1639073553382 1333 0
1639073717011 1333 0
1639073790317 1334 0
1639073953818 1334 0
1639074027297 1335 0
1639074190756 1335 0
1639074264060 1336 0
1639074428005 1336 0
1639074501444 1337 0
1639074664824 1337 0
1639074738161 1338 0
1639074901719 1338 0
1639074975218 1339 0
1639075138876 1339 0
1639075212677 1340 0
1639075375976 1340 0
1639075451222 1341 0
1639075614597 1341 0
1639075688130 1342 0
1639075852523 1342 0
1639075926226 1343 0
1639076089712 1343 0
1639076163152 1344 0
1639076326553 1344 0
1639076399893 1345 0
1639076567796 1345 0
1639076641353 1346 0
1639076804641 1346 0
1639076878154 1347 0
1639077041646 1347 0
1639077114899 1348 0
1639077278248 1348 0
1639077351845 1349 0
1639077515255 1349 0
1639077588804 1350 0
1639077752302 1350 0
1639077825735 1351 0
1639077989322 1351 0
1639078062807 1352 0
1639078226293 1352 0
1639078299678 1353 0
1639078463479 1353 0
1639078537023 1354 0
1639078700718 1354 0
1639078774110 1355 0
1639078937874 1355 0
1639079011305 1356 0
1639079175099 1356 0
1639079248526 1357 0
1639079411976 1357 0
1639079485440 1358 0
1639079649245 1358 0
1639079722825 1359 0
1639079886387 1359 0
1639079959672 1360 0
1639080123214 1360 0
1639080198442 1361 0
1639080361940 1361 0
1639080435558 1362 0
1639080599206 1362 0
1639080672760 1363 0
1639080836591 1363 0
1639080910002 1364 0
1639081073500 1364 0
1639081147006 1365 0
1639081310478 1365 0
1639081383815 1366 0
1639081547679 1366 0
1639081621094 1367 0
1639081784683 1367 0
1639081858152 1368 0
1639082022514 1368 0
1639082096073 1369 0
1639082259812 1369 0
1639082333287 1370 0
1639082497196 1370 0
1639082570615 1371 0
1639082734156 1371 0
1639082807628 1372 0
1639082970986 1372 0
1639083044375 1373 0
1639083208261 1373 0
1639083281724 1374 0
1639083445599 1374 0
1639083518994 1375 0
1639083682492 1375 0
1639083755881 1376 0
1639083919470 1376 0
1639083992857 1377 0
1639084156280 1377 0
1639084229910 1378 0
1639084393520 1378 0
1639084466900 1379 0
1639084630348 1379 0
1639084703802 1380 0
1639084867347 1380 0
1639084942770 1381 0
1639085106263 1381 0
1639085179650 1382 0
1639085343311 1382 0
1639085416874 1383 0
1639085580562 1383 0
1639085654019 1384 0
1639085817473 1384 0
1639085891131 1385 0
1639086055074 1385 0
1639086128651 1386 0
1639086292122 1386 0
1639086365494 1387 0
1639086529087 1387 0
1639086602663 1388 0
1639086766254 1388 0
1639086839899 1389 0
1639087003429 1389 0
1639087076883 1390 0
1639087240405 1390 0
1639087314118 1391 0
1639087477576 1391 0
1639087550940 1392 0
1639087714347 1392 0
1639087787812 1393 0
1639087951329 1393 0
1639088024756 1394 0
1639088188115 1394 0
1639088261434 1395 0
1639088424940 1395 0
1639088498427 1396 0
1639088662178 1396 0
1639088735636 1397 0
1639088899233 1397 0
1639088972701 1398 0
1639089136020 1398 0
1639089209442 1399 0
1639089372705 1399 0
1639089446216 1400 0
1639089609927 1400 0
1639089685152 1401 0
1639089848773 1401 0
1639089922435 1402 0
1639090086163 1402 0
1639090159555 1403 0
1639090323262 1403 0
1639090396675 1404 0
1639090560565 1404 0
1639090633976 1405 0
1639090797456 1405 0
1639090870827 1406 0
1639091034455 1406 0
1639091107973 1407 0
1639091271564 1407 0
1639091344934 1408 0
1639091508435 1408 0
1639091581873 1409 0
1639091745446 1409 0
1639091819058 1410 0
1639091982646 1410 0
1639092056360 1411 0
1639092220239 1411 0
1639092293907 1412 0
1639092457451 1412 0
1639092530744 1413 0
1639092694219 1413 0
1639092767626 1414 0
1639092931381 1414 0
1639093004845 1415 0
1639093168288 1415 0
1639093241999 1416 0
1639093405591 1416 0
1639093479000 1417 0
1639093642498 1417 0
1639093716015 1418 0
1639093879703 1418 0
1639093953078 1419 0
1639094116969 1419 0
1639094190477 1420 0
1639094354110 1420 0
1639094429510 1421 0
1639094593200 1421 0
1639094666598 1422 0
1639094830005 1422 0
1639094903382 1423 0
1639095067321 1423 0
1639095140833 1424 0
1639095304506 1424 0
1639095377977 1425 0
1639095541745 1425 0
1639095615196 1426 0
1639095778572 1426 0
1639095851861 1427 0
1639096015351 1427 0
1639096088699 1428 0
1639096252183 1428 0
1639096326196 1429 0
1639096490141 1429 0
1639096563679 1430 0
1639096727064 1430 0
1639096800693 1431 0
1639096964127 1431 0
1639097037581 1432 0
1639097200898 1432 0
1639097274260 1433 0
1639097437692 1433 0
1639097511316 1434 0
1639097674757 1434 0
1639097748313 1435 0
1639097911868 1435 0
1639097985433 1436 0
1639098148936 1436 0
1639098222486 1437 0
1639098386252 1437 0
1639098459680 1438 0
1639098623472 1438 0
1639098697159 1439 0
1639098860739 1439 0
1639098934180 1440 0
1639099097847 1440 0
1639099173336 1441 0
1639099336828 1441 0
1639099410226 1442 0
1639099573728 1442 0
1639099647110 1443 0
1639099810884 1443 0
1639099884326 1444 0
1639100047852 1444 0
1639100121342 1445 0
1639100284930 1445 0
1639100358727 1446 0
1639100522479 1446 0
1639100595884 1447 0
1639100759457 1447 0
1639100832977 1448 0
1639100996659 1448 0
1639101069988 1449 0
1639101233560 1449 0
1639101307005 1450 0
1639101470725 1450 0
1639101544104 1451 0
1639101707565 1451 0
1639101781015 1452 0
1639101944729 1452 0
1639102018189 1453 0
1639102181519 1453 0
1639102255100 1454 0
1639102418995 1454 0
1639102492374 1455 0
1639102655896 1455 0
1639102729324 1456 0
1639102892750 1456 0
1639102966101 1457 0
1639103129580 1457 0
1639103203088 1458 0
1639103366609 1458 0
1639103440033 1459 0
1639103604452 1459 0
1639103677956 1460 0
1639103841576 1460 0
1639103916886 1461 0
1639104080459 1461 0
1639104153759 1462 0
1639104317249 1462 0
1639104390622 1463 0
1639104554309 1463 0
1639104627716 1464 0
1639104791316 1464 0
1639104864692 1465 0
1639105028303 1465 0
1639105101710 1466 0
1639105265187 1466 0
1639105338682 1467 0
1639105502415 1467 0
1639105575755 1468 0
1639105739298 1468 0
1639105812887 1469 0
1639105976460 1469 0
1639106049914 1470 0
1639106213494 1470 0
1639106286933 1471 0
1639106450532 1471 0
1639106524168 1472 0
1639106687648 1472 0
1639106761206 1473 0
1639106924704 1473 0
1639106998323 1474 0
1639107162009 1474 0
1639107235441 1475 0
1639107398935 1475 0
1639107472358 1476 0
1639107636199 1476 0
1639107709629 1477 0
1639107873336 1477 0
1639107946970 1478 0
1639108110479 1478 0
1639108183912 1479 0
1639108347484 1479 0
1639108420953 1480 0
1639108584876 1480 0
1639108660415 1481 0
1639108824047 1481 0
1639108897585 1482 0
1639109061623 1482 0
1639109135369 1483 0
1639109299045 1483 0
1639109372519 1484 0
1639109536842 1484 0
1639109610275 1485 0
1639109774065 1485 0
1639109847613 1486 0
1639110011442 1486 0
1639110084907 1487 0
1639110249013 1487 0
1639110322586 1488 0
1639110486496 1488 0
1639110560092 1489 0
1639110724229 1489 0
1639110797812 1490 0
1639110961787 1490 0
1639111035601 1491 0
1639111199415 1491 0
1639111272984 1492 0
1639111436930 1492 0
1639111510549 1493 0
1639111674497 1493 0
1639111747986 1494 0
1639111911778 1494 0
1639111985436 1495 0
1639112149087 1495 0
1639112222819 1496 0
1639112386560 1496 0
1639112460075 1497 0
1639112624011 1497 0
1639112697581 1498 0
1639112861566 1498 0
1639112935253 1499 0
1639113099668 1499 0
1639113173373 1500 0
1639113337384 1500 0
1639113412843 1501 0
1639113576776 1501 0
1639113650292 1502 0
1639113814049 1502 0
1639113887823 1503 0
1639114051709 1503 0
1639114125254 1504 0
1639114288925 1504 0
1639114363178 1505 0
1639114527501 1505 0
1639114601326 1506 0
1639114765349 1506 0
1639114839224 1507 0
1639115003144 1507 0
1639115076645 1508 0
1639115240680 1508 0
1639115314296 1509 0
1639115478518 1509 0
1639115552256 1510 0
1639115716712 1510 0
1639115790421 1511 0
1639115955257 1511 0
1639116028775 1512 0
1639116192554 1512 0
1639116266066 1513 0
1639116429908 1513 0
1639116503560 1514 0
1639116667844 1514 0
1639116741735 1515 0
1639116905748 1515 0
1639116979536 1516 0
1639117143646 1516 0
1639117217269 1517 0
1639117381109 1517 0
1639117454793 1518 0
1639117618671 1518 0
1639117692217 1519 0
1639117856283 1519 0
1639117929866 1520 0
1639118093954 1520 0
1639118169284 1521 0
1639118333352 1521 0
1639118407285 1522 0
1639118571334 1522 0
1639118644947 1523 0
1639118809010 1523 0
1639118882855 1524 0
1639119047108 1524 0
1639119121066 1525 0
1639119285349 1525 0
1639119359305 1526 0
1639119523252 1526 0
1639119596784 1527 0
1639119760770 1527 0
1639119834684 1528 0
1639119998883 1528 0
1639120072541 1529 0
1639120236950 1529 0
1639120310533 1530 0
1639120474731 1530 0
1639120548464 1531 0
1639120712299 1531 0
1639120786086 1532 0
1639120950077 1532 0
1639121023791 1533 0
1639121187618 1533 0
1639121261404 1534 0
1639121425323 1534 0
1639121499157 1535 0
1639121663178 1535 0
1639121736842 1536 0
1639121901141 1536 0
1639121974750 1537 0
1639122138910 1537 0
1639122212465 1538 0
1639122376628 1538 0
1639122450293 1539 0
1639122614035 1539 0
1639122687851 1540 0
1639122851787 1540 0
1639122927297 1541 0
1639123091140 1541 0
1639123164840 1542 0
1639123328763 1542 0
1639123402496 1543 0
1639123566568 1543 0
1639123640194 1544 0
1639123804364 1544 0
1639123878086 1545 0
1639124041966 1545 0
1639124115608 1546 0
1639124279380 1546 0
1639124353047 1547 0
1639124517110 1547 0
1639124590601 1548 0
1639124754968 1548 0
1639124828877 1549 0
1639124992625 1549 0
1639125066179 1550 0
1639125230330 1550 0
1639125303974 1551 0
1639125467727 1551 0
1639125541326 1552 0
1639125705268 1552 0
1639125778998 1553 0
1639125942692 1553 0
1639126016281 1554 0
1639126180403 1554 0
1639126253895 1555 0
1639126417797 1555 0
1639126491451 1556 0
1639126655166 1556 0
1639126728791 1557 0
1639126892724 1557 0
1639126966243 1558 0
1639127130113 1558 0
1639127203785 1559 0
1639127367710 1559 0
1639127441506 1560 0
1639127605546 1560 0
1639127680875 1561 0
1639127844577 1561 0
1639127918162 1562 0
1639128082002 1562 0
1639128155509 1563 0
1639128319173 1563 0
1639128392891 1564 0
1639128556829 1564 0
1639128630307 1565 0
1639128794071 1565 0
1639128867637 1566 0
1639129031370 1566 0
1639129105052 1567 0
1639129269176 1567 0
1639129342832 1568 0
1639129506851 1568 0
1639129580472 1569 0
1639129744070 1569 0
1639129817876 1570 0
1639129981644 1570 0
1639130055218 1571 0
1639130218875 1571 0
1639130292464 1572 0
1639130456199 1572 0
1639130530060 1573 0
1639130693755 1573 0
1639130767495 1574 0
1639130931498 1574 0
1639131005261 1575 0
1639131169030 1575 0
1639131242490 1576 0
1639131406224 1576 0
1639131479658 1577 0
1639131643559 1577 0
1639131717178 1578 0
1639131880911 1578 0
1639131954378 1579 0
1639132118115 1579 0
1639132191669 1580 0
1639132355422 1580 0
1639132430894 1581 0
1639132594558 1581 0
1639132668174 1582 0
1639132832248 1582 0
1639132905960 1583 0
1639133069679 1583 0
1639133143243 1584 0
1639133306947 1584 0
1639133380405 1585 0
1639133544150 1585 0
1639133617677 1586 0
1639133781893 1586 0
1639133855317 1587 0
1639134018949 1587 0
1639134092596 1588 0
1639134256239 1588 0
1639134329760 1589 0
1639134493801 1589 0
1639134567284 1590 0
1639134731364 1590 0
1639134805054 1591 0
1639134968675 1591 0
1639135042168 1592 0
1639135206014 1592 0
1639135279523 1593 0
1639135443269 1593 0
1639135516850 1594 0
1639135680308 1594 0
1639135753892 1595 0
1639135918235 1595 0
1639135991907 1596 0
1639136155688 1596 0
1639136229579 1597 0
1639136393544 1597 0
1639136467122 1598 0
1639136630983 1598 0
1639136704646 1599 0
1639136868739 1599 0
1639136942308 1600 0
1639137105925 1600 0
1639137181719 1601 0
1639137346262 1601 0
1639137420025 1602 0
1639137583709 1602 0
1639137657259 1603 0
1639137821071 1603 0
1639137894632 1604 0
1639138058605 1604 0
1639138132280 1605 0
1639138296442 1605 0
1639138370064 1606 0
1639138533926 1606 0
1639138607539 1607 0
1639138771216 1607 0
1639138844905 1608 0
1639139008778 1608 0
1639139082337 1609 0
1639139246139 1609 0
1639139319735 1610 0
1639139483476 1610 0
1639139557045 1611 0
1639139721237 1611 0
1639139794873 1612 0
1639139959071 1612 0
1639140032790 1613 0
1639140196594 1613 0
1639140270186 1614 0
1639140434199 1614 0
1639140507810 1615 0
1639140671908 1615 0
1639140745473 1616 0
1639140909469 1616 0
1639140983383 1617 0
1639141147361 1617 0
1639141221026 1618 0
1639141384822 1618 0
1639141458415 1619 0
1639141622403 1619 0
1639141695952 1620 0
1639141860041 1620 0
1639141935461 1621 0
1639142099201 1621 0
1639142172660 1622 0
1639142336336 1622 0
1639142409998 1623 0
1639142573828 1623 0
1639142647386 1624 0
1639142811184 1624 0
1639142884717 1625 0
1639143048287 1625 0
1639143122494 1626 0
1639143286299 1626 0
1639143360252 1627 0
1639143524110 1627 0
1639143597938 1628 0
1639143761512 1628 0
1639143835197 1629 0
1639143998957 1629 0
1639144072661 1630 0
1639144236398 1630 0
1639144309830 1631 0
1639144473621 1631 0
1639144547265 1632 0
1639144710933 1632 0
1639144784530 1633 0
1639144948310 1633 0
1639145021739 1634 0
1639145185444 1634 0
1639145259082 1635 0
1639145423161 1635 0
1639145497044 1636 0
1639145660787 1636 0
1639145734420 1637 0
1639145898218 1637 0
1639145971705 1638 0
1639146135282 1638 0
1639146208806 1639 0
1639146372641 1639 0
1639146446284 1640 0
1639146609923 1640 0
1639146685298 1641 0
1639146849061 1641 0
1639146922472 1642 0
1639147086039 1642 0
1639147159529 1643 0
1639147323391 1643 0
1639147397023 1644 0
1639147560431 1644 0
1639147633984 1645 0
1639147797710 1645 0
1639147871140 1646 0
1639148034706 1646 0
1639148108260 1647 0
1639148272197 1647 0
1639148345665 1648 0
1639148509714 1648 0
1639148583237 1649 0
1639148746738 1649 0
1639148820366 1650 0
1639148984026 1650 0
1639149057765 1651 0
1639149221169 1651 0
1639149294605 1652 0
1639149458114 1652 0
1639149531680 1653 0
1639149695419 1653 0
1639149768822 1654 0
1639149932464 1654 0
1639150006020 1655 0
1639150169595 1655 0
1639150243018 1656 0
1639150406714 1656 0
1639150480331 1657 0
1639150643923 1657 0
1639150717434 1658 0
1639150881068 1658 0
1639150954716 1659 0
1639151118329 1659 0
1639151195876 1660 0
1639151359635 1660 0
1639151434931 1661 0
1639151598594 1661 0
1639151672182 1662 0
1639151836319 1662 0
1639151909850 1663 0
1639152073596 1663 0
1639152147169 1664 0
1639152310855 1664 0
1639152384414 1665 0
1639152548339 1665 0
1639152622033 1666 0
1639152785715 1666 0
1639152859205 1667 0
1639153023020 1667 0
1639153096487 1668 0
1639153260434 1668 0
1639153333971 1669 0
1639153497690 1669 0
1639153571319 1670 0
1639153735218 1670 0
1639153808745 1671 0
1639153972587 1671 0
1639154046145 1672 0
1639154209907 1672 0
1639154283301 1673 0
1639154447127 1673 0
1639154520852 1674 0
1639154684538 1674 0
1639154758106 1675 0
1639154921492 1675 0
1639154995011 1676 0
1639155158529 1676 0
1639155232243 1677 0
1639155396054 1677 0
1639155469604 1678 0
1639155633097 1678 0
1639155706522 1679 0
1639155870217 1679 0
1639155943670 1680 0
1639156107071 1680 0
1639156182409 1681 0
1639156346214 1681 0
1639156419735 1682 0
1639156583347 1682 0
1639156657052 1683 0
1639156820694 1683 0
1639156894263 1684 0
1639157058315 1684 0
1639157132016 1685 0
1639157295698 1685 0
1639157369134 1686 0
1639157533102 1686 0
1639157606647 1687 0
1639157770468 1687 0
1639157844006 1688 0
1639158008202 1688 0
1639158081698 1689 0
1639158245348 1689 0
1639158318937 1690 0
1639158482750 1690 0
1639158556390 1691 0
1639158720422 1691 0
1639158794182 1692 0
1639158957910 1692 0
1639159031541 1693 0
1639159195007 1693 0
1639159268544 1694 0
1639159432088 1694 0
1639159505567 1695 0
1639159669128 1695 0
1639159742726 1696 0
1639159906383 1696 0
1639159979869 1697 0
1639160143575 1697 0
1639160217041 1698 0
1639160380730 1698 0
1639160454307 1699 0
1639160619163 1699 0
1639160692649 1700 0
1639160856369 1700 0
1639160931611 1701 0
1639161095317 1701 0
1639161169566 1702 0
1639161333656 1702 0
1639161407255 1703 0
1639161571369 1703 0
1639161645211 1704 0
1639161809238 1704 0
1639161882927 1705 0
1639162046776 1705 0
1639162120391 1706 0
1639162284472 1706 0
1639162357955 1707 0
1639162521719 1707 0
1639162595320 1708 0
1639162759254 1708 0
1639162833834 1709 0
1639163000313 1709 0
1639163074241 1710 0
1639163238140 1710 0
1639163311846 1711 0
1639163475989 1711 0
1639163549548 1712 0
1639163713281 1712 0
1639163786989 1713 0
1639163950864 1713 0
1639164024459 1714 0
1639164188072 1714 0
1639164261530 1715 0
1639164425237 1715 0
1639164498827 1716 0
1639164662782 1716 0
1639164736435 1717 0
1639164900053 1717 0
1639164973643 1718 0
1639165137017 1718 0
1639165210793 1719 0
1639165374800 1719 0
1639165448439 1720 0
1639165612128 1720 0
1639165687431 1721 0
1639165851135 1721 0
1639165924576 1722 0
1639166088567 1722 0
1639166162079 1723 0
1639166325571 1723 0
1639166399121 1724 0
1639166562742 1724 0
1639166636451 1725 0
1639166800256 1725 0
1639166873774 1726 0
1639167037923 1726 0
1639167111558 1727 0
1639167275381 1727 0
1639167349071 1728 0
1639167512861 1728 0
1639167586505 1729 0
1639167750339 1729 0
1639167824002 1730 0
1639167987777 1730 0
1639168061138 1731 0
1639168224890 1731 0
1639168298386 1732 0
1639168463147 1732 0
1639168536649 1733 0
1639168700285 1733 0
1639168773724 1734 0
1639168937162 1734 0
1639169010728 1735 0
1639169174300 1735 0
1639169247930 1736 0
1639169411791 1736 0
1639169485305 1737 0
1639169648995 1737 0
1639169722433 1738 0
1639169886269 1738 0
1639169959727 1739 0
1639170123173 1739 0
1639170196645 1740 0
1639170360366 1740 0
1639170435771 1741 0
1639170599480 1741 0
1639170672993 1742 0
1639170836485 1742 0
1639170909776 1743 0
1639171073457 1743 0
1639171147095 1744 0
1639171310610 1744 0
1639171383972 1745 0
1639171547588 1745 0
1639171621247 1746 0
1639171784906 1746 0
1639171858410 1747 0
1639172022099 1747 0
1639172095542 1748 0
1639172259379 1748 0
1639172332826 1749 0
1639172496802 1749 0
1639172570326 1750 0
1639172733935 1750 0
1639172807539 1751 0
1639172971281 1751 0
1639173044891 1752 0
1639173208634 1752 0
1639173282002 1753 0
1639173445678 1753 0
1639173519170 1754 0
1639173682954 1754 0
1639173756522 1755 0
1639173920061 1755 0
1639173993354 1756 0
1639174157080 1756 0
1639174230710 1757 0
1639174394432 1757 0
1639174467788 1758 0
1639174631535 1758 0
1639174705064 1759 0
1639174868762 1759 0
1639174942183 1760 0
1639175105908 1760 0
1639175181272 1761 0
1639175344672 1761 0
1639175418431 1762 0
1639175582357 1762 0
1639175655851 1763 0
1639175819359 1763 0
1639175892900 1764 0
1639176056837 1764 0
1639176130361 1765 0
1639176293825 1765 0
1639176367232 1766 0
1639176530976 1766 0
1639176604466 1767 0
1639176767858 1767 0
1639176841420 1768 0
1639177005143 1768 0
1639177078675 1769 0
1639177242144 1769 0
1639177315599 1770 0
1639177479316 1770 0
1639177552883 1771 0
1639177716581 1771 0
1639177790287 1772 0
1639177954234 1772 0
1639178027745 1773 0
1639178191334 1773 0
1639178264968 1774 0
1639178428584 1774 0
1639178501901 1775 0
1639178665400 1775 0
1639178738716 1776 0
1639178902319 1776 0
1639178975804 1777 0
1639179139226 1777 0
1639179212643 1778 0
1639179376524 1778 0
1639179450039 1779 0
1639179613864 1779 0
1639179687279 1780 0
1639179850706 1780 0
1639179926008 1781 0
1639180089467 1781 0
1639180163004 1782 0
1639180326725 1782 0
1639180400450 1783 0
1639180564230 1783 0
1639180637780 1784 0
1639180801389 1784 0
1639180874954 1785 0
1639181038616 1785 0
1639181112063 1786 0
1639181275716 1786 0
1639181349419 1787 0
1639181513452 1787 0
1639181587053 1788 0
1639181750454 1788 0
1639181823985 1789 0
1639181987876 1789 0
1639182061493 1790 0
1639182225205 1790 0
1639182298737 1791 0
1639182462241 1791 0
1639182535947 1792 0
1639182699477 1792 0
1639182772927 1793 0
1639182936771 1793 0
1639183010417 1794 0
1639183173697 1794 0
1639183247445 1795 0
1639183411010 1795 0
1639183484507 1796 0
1639183648294 1796 0
1639183721934 1797 0
1639183885503 1797 0
1639183958800 1798 0
1639184122478 1798 0
1639184196066 1799 0
1639184359490 1799 0
1639184433012 1800 0
1639184596453 1800 0
1639184671684 1801 0
1639184835563 1801 0
1639184909101 1802 0
1639185073056 1802 0
1639185146714 1803 0
1639185310474 1803 0
1639185383785 1804 0
1639185547316 1804 0
1639185620991 1805 0
1639185784693 1805 0
1639185858310 1806 0
1639186022127 1806 0
1639186095671 1807 0
1639186259433 1807 0
1639186333420 1808 0
1639186497389 1808 0
1639186571011 1809 0
1639186734840 1809 0
1639186808453 1810 0
1639186972051 1810 0
1639187045517 1811 0
1639187209293 1811 0
1639187282874 1812 0
1639187446479 1812 0
1639187519940 1813 0
1639187683791 1813 0
1639187757336 1814 0
1639187921112 1814 0
1639187994641 1815 0
1639188158359 1815 0
1639188231936 1816 0
1639188395616 1816 0
1639188469099 1817 0
1639188632949 1817 0
1639188706586 1818 0
1639188870522 1818 0
1639188944143 1819 0
1639189107988 1819 0
1639189181558 1820 0
1639189345222 1820 0
1639189420755 1821 0
1639189584638 1821 0
1639189658275 1822 0
1639189822172 1822 0
1639189895707 1823 0
1639190059642 1823 0
1639190133268 1824 0
1639190297047 1824 0
1639190370731 1825 0
1639190534819 1825 0
1639190608267 1826 0
1639190771941 1826 0
1639190845477 1827 0
1639191009207 1827 0
1639191082843 1828 0
1639191246572 1828 0
1639191320113 1829 0
1639191483821 1829 0
1639191557333 1830 0
1639191721047 1830 0
1639191794542 1831 0
1639191958038 1831 0
1639192031798 1832 0
1639192195749 1832 0
1639192269356 1833 0
1639192432933 1833 0
1639192506455 1834 0
1639192670261 1834 0
1639192743790 1835 0
1639192907566 1835 0
1639192981094 1836 0
1639193144659 1836 0
1639193218124 1837 0
1639193381914 1837 0
1639193455537 1838 0
1639193619290 1838 0
1639193692896 1839 0
1639193856420 1839 0
1639193930418 1840 0
1639194094477 1840 0
1639194169962 1841 0
1639194333685 1841 0
1639194407220 1842 0
1639194570987 1842 0
1639194644443 1843 0
1639194808260 1843 0
1639194881854 1844 0
1639195045488 1844 0
1639195118882 1845 0
1639195282467 1845 0
1639195356032 1846 0
1639195519816 1846 0
1639195593423 1847 0
1639195757505 1847 0
1639195831305 1848 0
1639195995484 1848 0
1639196069063 1849 0
1639196232723 1849 0
1639196306134 1850 0
1639196469971 1850 0
1639196543680 1851 0
1639196707415 1851 0
1639196780899 1852 0
1639196944568 1852 0
1639197018249 1853 0
1639197182397 1853 0
1639197256043 1854 0
1639197419666 1854 0
1639197493207 1855 0
1639197657081 1855 0
1639197730649 1856 0
1639197894407 1856 0
1639197968005 1857 0
1639198131875 1857 0
1639198205644 1858 0
1639198369375 1858 0
1639198443102 1859 0
1639198607249 1859 0
1639198680828 1860 0
1639198844515 1860 0
1639198919871 1861 0
1639199083708 1861 0
1639199157382 1862 0
1639199321155 1862 0
1639199394919 1863 0
1639199558613 1863 0
1639199632144 1864 0
1639199796067 1864 0
1639199869459 1865 0
1639200033164 1865 0
1639200106681 1866 0
1639200270495 1866 0
1639200343857 1867 0
1639200507307 1867 0
1639200580931 1868 0
1639200744492 1868 0
1639200817873 1869 0
1639200981503 1869 0
1639201054982 1870 0
1639201218924 1870 0
1639201292353 1871 0
1639201455983 1871 0
1639201529511 1872 0
1639201693208 1872 0
1639201766605 1873 0
1639201930073 1873 0
1639202003545 1874 0
1639202167131 1874 0
1639202240689 1875 0
1639202404211 1875 0
1639202477774 1876 0
1639202641264 1876 0
1639202714769 1877 0
1639202878421 1877 0
1639202951959 1878 0
1639203115673 1878 0
1639203189311 1879 0
1639203353094 1879 0
1639203426832 1880 0
1639203590472 1880 0
1639203665881 1881 0
1639203829661 1881 0
1639203903175 1882 0
1639204066828 1882 0
1639204140295 1883 0
1639204304346 1883 0
1639204378062 1884 0
1639204542225 1884 0
1639204615746 1885 0
1639204779642 1885 0
1639204853413 1886 0
1639205017535 1886 0
1639205091148 1887 0
1639205255410 1887 0
1639205329207 1888 0
1639205493103 1888 0
1639205566535 1889 0
1639205731160 1889 0
1639205804827 1890 0
1639205968734 1890 0
1639206042536 1891 0
1639206206557 1891 0
1639206280220 1892 0
1639206444353 1892 0
1639206518285 1893 0
1639206682788 1893 0
1639206756613 1894 0
1639206920655 1894 0
1639206994386 1895 0
1639207158462 1895 0
1639207232163 1896 0
1639207396092 1896 0
1639207469846 1897 0
1639207633962 1897 0
1639207707877 1898 0
1639207871834 1898 0
1639207945367 1899 0
1639208109403 1899 0
1639208183256 1900 0
1639208347255 1900 0
1639208424343 1901 0
1639208588374 1901 0
1639208662276 1902 0
1639208826463 1902 0
1639208899995 1903 0
1639209064241 1903 0
1639209138047 1904 0
1639209302153 1904 0
1639209375834 1905 0
1639209540383 1905 0
1639209613990 1906 0
1639209778102 1906 0
1639209851782 1907 0
1639210016115 1907 0
1639210089855 1908 0
1639210254031 1908 0
1639210327638 1909 0
1639210491766 1909 0
1639210565495 1910 0
1639210729491 1910 0
1639210803163 1911 0
1639210967253 1911 0
1639211041080 1912 0
1639211205460 1912 0
1639211279091 1913 0
1639211443184 1913 0
1639211516931 1914 0
1639211680973 1914 0
1639211754852 1915 0
1639211918835 1915 0
1639211992626 1916 0
1639212156692 1916 0
1639212230381 1917 0
1639212394744 1917 0
1639212468385 1918 0
1639212632566 1918 0
1639212706279 1919 0
1639212870588 1919 0
1639212944426 1920 0
1639213108438 1920 0
1639213183910 1921 0
1639213348055 1921 0
1639213421787 1922 0
1639213585774 1922 0
1639213659484 1923 0
1639213824219 1923 0
1639213897978 1924 0
1639214061806 1924 0
1639214135521 1925 0
1639214299659 1925 0
1639214373415 1926 0
1639214537342 1926 0
1639214610902 1927 0
1639214775121 1927 0
1639214848925 1928 0
1639215012808 1928 0
1639215086584 1929 0
1639215250555 1929 0
1639215324304 1930 0
1639215488186 1930 0
1639215561682 1931 0
1639215725931 1931 0
1639215799632 1932 0
1639215963602 1932 0
1639216037264 1933 0
1639216201154 1933 0
1639216274917 1934 0
1639216438772 1934 0
1639216512401 1935 0
1639216676860 1935 0
1639216750494 1936 0
1639216914794 1936 0
1639216988660 1937 0
1639217152575 1937 0
1639217226173 1938 0
1639217390699 1938 0
1639217464420 1939 0
1639217628442 1939 0
1639217702250 1940 0
1639217866274 1940 0
1639217941804 1941 0
1639218106082 1941 0
1639218179745 1942 0
1639218344121 1942 0
1639218417986 1943 0
1639218581882 1943 0
1639218655471 1944 0
1639218820268 1944 0
1639218893861 1945 0
1639219058073 1945 0
1639219131914 1946 0
1639219296475 1946 0
1639219370277 1947 0
1639219534308 1947 0
1639219608029 1948 0
1639219771950 1948 0
1639219845710 1949 0
1639220009793 1949 0
1639220083246 1950 0
1639220247153 1950 0
1639220320721 1951 0
1639220484690 1951 0
1639220558288 1952 0
1639220722176 1952 0
1639220795681 1953 0
1639220959847 1953 0
1639221034048 1954 0
1639221197796 1954 0
1639221271606 1955 0
1639221435457 1955 0
1639221509156 1956 0
1639221673120 1956 0
1639221746623 1957 0
1639221910656 1957 0
1639221984327 1958 0
1639222148262 1958 0
1639222221920 1959 0
1639222385744 1959 0
1639222459258 1960 0
1639222623083 1960 0
1639222698597 1961 0
1639222862694 1961 0
1639222936390 1962 0
1639223100344 1962 0
1639223174009 1963 0
1639223337902 1963 0
1639223411563 1964 0
1639223575178 1964 0
1639223648802 1965 0
1639223812568 1965 0
1639223886131 1966 0
1639224049887 1966 0
1639224123459 1967 0
1639224287235 1967 0
1639224360904 1968 0
1639224524832 1968 0
1639224598665 1969 0
1639224762818 1969 0
1639224836505 1970 0
1639225000354 1970 0
1639225074030 1971 0
1639225238158 1971 0
1639225311752 1972 0
1639225475521 1972 0
1639225549137 1973 0
1639225712780 1973 0
1639225786324 1974 0
1639225950464 1974 0
1639226024097 1975 0
1639226188042 1975 0
1639226261696 1976 0
1639226425780 1976 0
1639226499284 1977 0
1639226663193 1977 0
1639226736682 1978 0
1639226900685 1978 0
1639226974263 1979 0
1639227138061 1979 0
1639227211836 1980 0
1639227375901 1980 0
1639227451273 1981 0
1639227615171 1981 0
1639227688739 1982 0
1639227852559 1982 0
1639227926046 1983 0
1639228090036 1983 0
1639228163591 1984 0
1639228327460 1984 0
1639228401000 1985 0
1639228564603 1985 0
1639228638458 1986 0
1639228802266 1986 0
1639228875905 1987 0
1639229039616 1987 0
1639229113265 1988 0
1639229277246 1988 0
1639229350710 1989 0
1639229514582 1989 0
1639229588185 1990 0
1639229752196 1990 0
1639229825763 1991 0
1639229989501 1991 0
1639230063184 1992 0
1639230226725 1992 0
1639230300246 1993 0
1639230464161 1993 0
1639230537865 1994 0
1639230701927 1994 0
1639230775465 1995 0
1639230939196 1995 0
1639231012785 1996 0
1639231176696 1996 0
1639231250395 1997 0
1639231414094 1997 0
1639231487784 1998 0
1639231651600 1998 0
1639231725091 1999 0
1639231889179 1999 0
