1643419661639 0 0
1643419801658 0 0
1643419942025 0 0
1643420083241 0 0
1643420224459 0 0
1643420365683 0 0
1643420506861 0 0
1643420648046 0 0
1643420789264 0 0
1643420930481 0 0
1643421071693 0 0
1643421212912 0 0
1643421354139 0 0
1643421495376 0 0
1643421636598 0 0
1643421777832 0 0
1643421919072 0 0
1643422060325 0 0
1643422201592 0 0
1643422342876 0 0
1643422484142 0 0
1643422627036 0 0
1643422767939 0 0
1643422908977 0 0
1643423049983 0 0
1643423190982 0 0
1643423331968 0 0
1643423472987 0 0
1643423614001 0 0
1643423755015 0 0
1643423896051 0 0
1643424037061 0 0
1643424178057 0 0
1643424319037 0 0
1643424460021 0 0
1643424601009 0 0
1643424742018 0 0
1643424883021 0 0
1643425023978 0 0
1643425164960 0 0
1643425305934 0 0
1643425448565 0 0
1643425589554 0 0
1643425730580 0 0
1643425871590 0 0
1643426012600 0 0
1643426153575 0 0
1643426294592 0 0
1643426435691 0 0
1643426576811 0 0
1643426717936 0 0
1643426859082 0 0
1643427000232 0 0
1643427141383 0 0
1643427282531 0 0
1643427423700 0 0
1643427564852 0 0
1643427706016 0 0
1643427847191 0 0
1643427988353 0 0
1643428129574 0 0
1643428272398 0 0
1643428413806 0 0
1643428555213 0 0
1643428696591 0 0
1643428837979 0 0
1643428979387 0 0
1643429120809 0 0
1643429262206 0 0
1643429403545 0 0
1643429544867 0 0
1643429686261 0 0
1643429827609 0 0
1643429968918 0 0
1643430110237 0 0
1643430251629 0 0
1643430393016 0 0
1643430534391 0 0
1643430675782 0 0
1643430817178 0 0
1643430958587 0 0
1643431101664 0 0
1643431243060 0 0
1643431384441 0 0
1643431525812 0 0
1643431667234 0 0
1643431808650 0 0
1643431950067 0 0
1643432091509 0 0
1643432232937 0 0
1643432374384 0 0
1643432515841 0 0
1643432657306 0 0
1643432798756 0 0
1643432940210 0 0
1643433081643 0 0
1643433223024 0 0
1643433364412 0 0
1643433505833 0 0
1643433647230 0 0
1643433788582 0 0
1643433931489 0 0
1643434072878 0 0
1643434214333 0 0
1643434355776 0 0
1643434497228 0 0
1643434638686 0 0
1643434780094 0 0
1643434921472 0 0
1643435062863 0 0
1643435204307 0 0
1643435345772 0 0
1643435487241 0 0
1643435628714 0 0
1643435770184 0 0
1643435911655 0 0
1643436053121 0 0
1643436194561 0 0
1643436335972 0 0
1643436477370 0 0
1643436618736 0 0
1643436761780 0 0
1643436903133 0 0
1643437044560 0 0
1643437186029 0 0
1643437327499 0 0
1643437468930 0 0
1643437610319 0 0
1643437751680 0 0
1643437893083 0 0
1643438034508 0 0
1643438175951 0 0
1643438317427 0 0
1643438458899 0 0
1643438600319 0 0
1643438741730 0 0
1643438883133 0 0
1643439024573 0 0
1643439166030 0 0
1643439307466 0 0
1643439448847 0 0
1643439591804 0 0
1643439733209 0 0
1643439874624 0 0
1643440016067 0 0
1643440157478 0 0
1643440298877 0 0
1643440440272 0 0
1643440581717 0 0
1643440723162 0 0
1643440864721 0 0
1643441006187 0 0
1643441147625 0 0
1643441289018 0 0
1643441430385 0 0
1643441571777 0 0
1643441713208 0 0
1643441854588 0 0
1643441995934 0 0
1643442137359 0 0
1643442278785 0 0
1643442421782 0 0
1643442563242 0 0
1643442704697 0 0
1643442846123 0 0
1643442987558 0 0
1643443128997 0 0
1643443270458 0 0
1643443411917 0 0
1643443553391 0 0
1643443694868 0 0
1643443836325 0 0
1643443977735 0 0
1643444119145 0 0
1643444260556 0 0
1643444402010 0 0
1643444543443 0 0
1643444684842 0 0
1643444826250 0 0
1643444967705 0 0
1643445109182 0 0
1643445252195 0 0
1643445393861 0 0
1643445535505 0 0
1643445677148 0 0
1643445818805 0 0
1643445960491 0 0
1643446102308 0 0
1643446244017 0 0
1643446385729 0 0
1643446527442 0 0
1643446669137 0 0
1643446810809 0 0
1643446952423 0 0
1643447094122 0 0
1643447235824 0 0
1643447377488 0 0
1643447519123 0 0
1643447660742 0 0
1643447802361 0 0
1643447943962 0 0
1643448087148 0 0
1643448228539 0 0
1643448369954 0 0
1643448511352 0 0
1643448652736 0 0
1643448794126 0 0
1643448935514 0 0
1643449076901 0 0
1643449218237 0 0
1643449359562 0 0
1643449500915 0 0
1643449642256 0 0
1643449783579 0 0
1643449924899 0 0
1643450066233 0 0
1643450207574 0 0
1643450348930 0 0
1643450490260 0 0
1643450631605 0 0
1643450772971 0 0
1643450915910 0 0
1643451057163 0 0
1643451198476 0 0
1643451339737 0 0
1643451481041 0 0
1643451622427 0 0
1643451763861 0 0
1643451905306 0 0
1643452046734 0 0
1643452188179 0 0
1643452329608 0 0
1643452471049 0 0
1643452612507 0 0
1643452753973 0 0
1643452895406 0 0
1643453036863 0 0
1643453178305 0 0
1643453319769 0 0
1643453461235 0 0
1643453602700 0 0
1643453745917 0 0
1643453887416 0 0
1643454028919 0 0
1643454170388 0 0
1643454311834 0 0
1643454453241 0 0
1643454594670 0 0
1643454736108 0 0
1643454877495 0 0
1643455018920 0 0
1643455160386 0 0
1643455301852 0 0
1643455443334 0 0
1643455584795 0 0
1643455726282 0 0
1643455867717 0 0
1643456009137 0 0
1643456150551 0 0
1643456292024 0 0
1643456433504 0 0
1643456576547 0 0
1643456718240 0 0
1643456859938 0 0
1643457001670 0 0
1643457143395 0 0
1643457285064 0 0
1643457426698 0 0
1643457568318 0 0
1643457709995 0 0
1643457851623 0 0
1643457993235 0 0
1643458134911 0 0
1643458276607 0 0
1643458418324 0 0
1643458560057 0 0
1643458701762 0 0
1643458843462 0 0
1643458985094 0 0
1643459126738 0 0
1643459268419 0 0
1643459411671 0 0
1643459553349 0 0
1643459695045 0 0
1643459836747 0 0
1643459978453 0 0
1643460120119 0 0
1643460261780 0 0
1643460403416 0 0
1643460545083 0 0
1643460686735 0 0
1643460828359 0 0
1643460970020 0 0
1643461111798 0 0
1643461253276 0 0
1643461394740 0 0
1643461536217 0 0
1643461677699 0 0
1643461819132 0 0
1643461960576 0 0
1643462101996 0 0
1643462245055 0 0
1643462386727 0 0
1643462528397 0 0
1643462670082 0 0
1643462811800 0 0
1643462953552 0 0
1643463095270 0 0
1643463236998 0 0
1643463378707 0 0
1643463520422 0 0
1643463662060 0 0
1643463803732 0 0
1643463945388 0 0
1643464087047 0 0
1643464228690 0 0
1643464370341 0 0
1643464512010 0 0
1643464653692 0 0
1643464795389 0 0
1643464937110 0 0
1643465080397 0 0
1643465222110 0 0
1643465363812 0 0
1643465505479 0 0
1643465647128 0 0
1643465788816 0 0
1643465930520 0 0
1643466072209 0 0
1643466213912 0 0
1643466355596 0 0
1643466497300 0 0
1643466638995 0 0
1643466780701 0 0
1643466922350 0 0
1643467063991 0 0
1643467205631 0 0
1643467347317 0 0
1643467488964 0 0
1643467630585 0 0
1643467772239 0 0
1643467915490 0 0
1643468057177 0 0
1643468198868 0 0
1643468340573 0 0
1643468482269 0 0
1643468623936 0 0
1643468765583 0 0
1643468907239 0 0
1643469048943 0 0
1643469190667 0 0
1643469332343 0 0
1643469474064 0 0
1643469615749 0 0
1643469757448 0 0
1643469899111 0 0
1643470040757 0 0
1643470182417 0 0
1643470324111 0 0
1643470465779 0 0
1643470607387 0 0
1643470750783 0 0
1643470892342 0 0
1643471033965 0 0
1643471175589 0 0
1643471317235 0 0
1643471458879 0 0
1643471600495 0 0
1643471742117 0 0
1643471883711 0 0
1643472025288 0 0
1643472166878 0 0
1643472308429 0 0
1643472449966 0 0
1643472591522 0 0
1643472733060 0 0
1643472874606 0 0
1643473016165 0 0
1643473157742 0 0
1643473299338 0 0
1643473440904 0 0
1643473584030 0 0
1643473725285 0 0
1643473866596 0 0
1643474007854 0 0
1643474149146 0 0
1643474290436 0 0
1643474431725 0 0
1643474573009 0 0
1643474714281 0 0
1643474855555 0 0
1643474996846 0 0
1643475138150 0 0
1643475279448 0 0
1643475420761 0 0
1643475562073 0 0
1643475703357 0 0
1643475844641 0 0
1643475985926 0 0
1643476127233 0 0
1643476268506 0 0
1643476411312 0 0
1643476552483 0 0
1643476693743 0 0
1643476834997 0 0
1643476976238 0 0
1643477117515 0 0
1643477258738 0 0
1643477399993 0 0
1643477541244 0 0
1643477682466 0 0
1643477823689 0 0
1643477964881 0 0
1643478106106 0 0
1643478247356 0 0
1643478388590 0 0
1643478529849 0 0
1643478671082 0 0
1643478812339 0 0
1643478953573 0 0
1643479094802 0 0
1643479237572 0 0
1643479378652 0 0
1643479519765 0 0
1643479660853 0 0
1643479801938 0 0
1643479943031 0 0
1643480084134 0 0
1643480225195 0 0
1643480366260 0 0
1643480507298 0 0
1643480648352 0 0
1643480789404 0 0
1643480930467 0 0
1643481071534 0 0
1643481212603 0 0
1643481353662 0 0
1643481494738 0 0
1643481636069 0 0
1643481777134 0 0
1643481918197 0 0
1643482060833 0 0
1643482201872 0 0
1643482342941 0 0
1643482484015 0 0
1643482625089 0 0
1643482766160 0 0
1643482907235 0 0
1643483048289 0 0
1643483189361 0 0
1643483330444 0 0
1643483471529 0 0
1643483612598 0 0
1643483753666 0 0
1643483894737 0 0
1643484035833 0 0
1643484176908 0 0
1643484318003 0 0
1643484459218 0 0
1643484600280 0 0
1643484741349 0 0
1643484883992 0 0
1643485025052 0 0
1643485166101 0 0
1643485307174 0 0
1643485448238 0 0
1643485589309 0 0
1643485730372 0 0
1643485871408 0 0
1643486012451 0 0
1643486153470 0 0
1643486294509 0 0
1643486435560 0 0
1643486576590 0 0
1643486717618 0 0
1643486858655 0 0
1643486999686 0 0
1643487140734 0 0
1643487281762 0 0
1643487422790 0 0
1643487563813 0 0
1643487706423 0 0
1643487847307 0 0
1643487988207 0 0
1643488129078 0 0
1643488269954 0 0
1643488410825 0 0
1643488551707 0 0
1643488692607 0 0
1643488833493 0 0
1643488974368 0 0
1643489115254 0 0
1643489256132 0 0
1643489397028 0 0
1643489537929 0 0
1643489678808 0 0
1643489819691 0 0
1643489960578 0 0
1643490101431 0 0
1643490242332 0 0
1643490383214 0 0
1643490525670 0 0
1643490666529 0 0
1643490807391 0 0
1643490948247 0 0
1643491089095 0 0
1643491229935 0 0
1643491370806 0 0
1643491511659 0 0
1643491652504 0 0
1643491793344 0 0
1643491934192 0 0
1643492075039 0 0
1643492215888 0 0
1643492356739 0 0
1643492497598 0 0
1643492638467 0 0
1643492779325 0 0
1643492920192 0 0
1643493061053 0 0
1643493201910 0 0
1643493344643 0 0
1643493485432 0 0
1643493626235 0 0
1643493767033 0 0
1643493907836 0 0
1643494048658 0 0
1643494189467 0 0
1643494330268 0 0
1643494471075 0 0
1643494611884 0 0
1643494752681 0 0
1643494893458 0 0
1643495034249 0 0
1643495175046 0 0
1643495315843 0 0
1643495456655 0 0
1643495597455 0 0
1643495738261 0 0
1643495879072 0 0
1643496019868 0 0
1643496162208 0 0
1643496302993 0 0
1643496443808 0 0
1643496584607 0 0
1643496725403 0 0
1643496866193 0 0
1643497006979 0 0
1643497147760 0 0
1643497288520 0 0
1643497429293 0 0
1643497570069 0 0
1643497710854 0 0
1643497851624 0 0
1643497992388 0 0
1643498133149 0 0
1643498273899 0 0
1643498414658 0 0
1643498555427 0 0
1643498696193 0 0
1643498836960 0 0
1643498979299 0 0
1643499120101 0 0
1643499260934 0 0
1643499401789 0 0
1643499542653 0 0
1643499683496 0 0
1643499824341 0 0
1643499965179 0 0
1643500106034 0 0
1643500246902 0 0
1643500387756 0 0
1643500528618 0 0
1643500669477 0 0
1643500810318 0 0
1643500951152 0 0
1643501091976 0 0
1643501232823 0 0
1643501373664 0 0
1643501514513 0 0
1643501655381 0 0
1643501797764 0 0
1643501938541 0 0
1643502079328 0 0
1643502220130 0 0
1643502360922 0 0
1643502501694 0 0
1643502642473 0 0
1643502783258 0 0
1643502924021 0 0
1643503064798 0 0
1643503205596 0 0
1643503346383 0 0
1643503487159 0 0
1643503627925 0 0
1643503768702 0 0
1643503909482 0 0
1643504050248 0 0
1643504191019 0 0
1643504331791 0 0
1643504472572 0 0
1643504614902 0 0
1643504755670 0 0
1643504896458 0 0
1643505037226 0 0
1643505178006 0 0
1643505318788 0 0
1643505459562 0 0
1643505600344 0 0
1643505741133 0 0
1643505881924 0 0
1643506022704 0 0
1643506163480 0 0
1643506304241 0 0
1643506445025 0 0
1643506585789 0 0
1643506726554 0 0
1643506867337 0 0
1643507008095 0 0
1643507148847 0 0
1643507289615 0 0
1643507431935 0 0
1643507573100 0 0
1643507713935 0 0
1643507854767 0 0
1643507995604 0 0
1643508136470 0 0
1643508277317 0 0
1643508418177 0 0
1643508558998 0 0
1643508699832 0 0
1643508840700 0 0
1643508981557 0 0
1643509122417 0 0
1643509263251 0 0
1643509404094 0 0
1643509544948 0 0
1643509685791 0 0
1643509826645 0 0
1643509967511 0 0
1643510108365 0 0
1643510250794 0 0
1643510391662 0 0
1643510532517 0 0
1643510673395 0 0
1643510814259 0 0
1643510955134 0 0
1643511095999 0 0
1643511236852 0 0
1643511377718 0 0
1643511518585 0 0
1643511659447 0 0
1643511800310 0 0
1643511941196 0 0
1643512082067 0 0
1643512222953 0 0
1643512363862 0 0
1643512504744 0 0
1643512645619 0 0
1643512786506 0 0
1643512927393 0 0
1643513069835 0 0
1643513210743 0 0
1643513351650 0 0
1643513492536 0 0
1643513633414 0 0
1643513774284 0 0
1643513915169 0 0
1643514056052 0 0
1643514196923 0 0
1643514337784 0 0
1643514478639 0 0
1643514619496 0 0
1643514760372 0 0
1643514901232 0 0
1643515042092 0 0
1643515182943 0 0
1643515323812 0 0
1643515464769 0 0
1643515605762 0 0
1643515746753 0 0
1643515889330 0 0
1643516030506 0 0
1643516171665 0 0
1643516312821 0 0
1643516454008 0 0
1643516595184 0 0
1643516736365 0 0
1643516877578 0 0
1643517018774 0 0
1643517159973 0 0
1643517301203 0 0
1643517442455 0 0
1643517583736 0 0
1643517724997 0 0
1643517866261 0 0
1643518007534 0 0
1643518148845 0 0
1643518290138 0 0
1643518431374 0 0
1643518572591 0 0
1643518715349 0 0
1643518856597 0 0
1643518997810 0 0
1643519138991 0 0
1643519280240 0 0
1643519421545 0 0
1643519562834 0 0
1643519704100 0 0
1643519845389 0 0
1643519986696 0 0
1643520128006 0 0
1643520269330 0 0
1643520410659 0 0
1643520551957 0 0
1643520693188 0 0
1643520834387 0 0
1643520975615 0 0
1643521116877 0 0
1643521258129 0 0
1643521399382 0 0
1643521542202 0 0
1643521683336 0 0
1643521824494 0 0
1643521965621 0 0
1643522106747 0 0
1643522247813 0 0
1643522388845 0 0
1643522529906 0 0
1643522670995 0 0
1643522812047 0 0
1643522953079 0 0
1643523094126 0 0
1643523235239 0 0
1643523376355 0 0
1643523517490 0 0
1643523658607 0 0
1643523799679 0 0
1643523940717 0 0
1643524081747 0 0
1643524222821 0 0
1643524365497 0 0
1643524506609 0 0
1643524647752 0 0
1643524788885 0 0
1643524930040 0 0
1643525071183 0 0
1643525212348 0 0
1643525353474 0 0
1643525494591 0 0
1643525635624 0 0
1643525776704 0 0
1643525917790 0 0
1643526058801 0 0
1643526199811 0 0
1643526340819 0 0
1643526481829 0 0
1643526622813 0 0
1643526763792 0 0
1643526904769 0 0
1643527045717 0 0
1643527188730 0 0
1643527329826 0 0
1643527470942 0 0
1643527612038 0 0
1643527753139 0 0
1643527894220 0 0
1643528035297 0 0
1643528176368 0 0
1643528317451 0 0
1643528458534 0 0
1643528599599 0 0
1643528740646 0 0
1643528881719 0 0
1643529022784 0 0
1643529163835 0 0
1643529304899 0 0
1643529445971 0 0
1643529587045 0 0
1643529728127 0 0
1643529869192 0 0
1643530011822 0 0
1643530152899 0 0
1643530293990 0 0
1643530435077 0 0
1643530576151 0 0
1643530717220 0 0
1643530858300 0 0
1643530999377 0 0
1643531140448 0 0
1643531281535 0 0
1643531422603 0 0
1643531563652 0 0
1643531704707 0 0
1643531845749 0 0
1643531986800 0 0
1643532127857 0 0
1643532268903 0 0
1643532409925 0 0
1643532550958 0 0
1643532691980 0 0
1643532834557 0 0
1643532975596 0 0
1643533116648 0 0
1643533257689 0 0
1643533398725 0 0
1643533539775 0 0
1643533680828 0 0
1643533821872 0 0
1643533962909 0 0
1643534103953 0 0
1643534244982 0 0
1643534386018 0 0
1643534527032 0 0
1643534668082 0 0
1643534809135 0 0
1643534950186 0 0
1643535091216 0 0
1643535232246 0 0
1643535373278 0 0
1643535514338 0 0
1643535656915 0 0
1643535797943 0 0
1643535939003 0 0
1643536080054 0 0
1643536221088 0 0
1643536362145 0 0
1643536503200 0 0
1643536644230 0 0
1643536785274 0 0
1643536926339 0 0
1643537067357 0 0
1643537208395 0 0
1643537349417 0 0
1643537490456 0 0
1643537631487 0 0
1643537772535 0 0
1643537913549 0 0
1643538054561 0 0
1643538195610 0 0
1643538336657 0 0
1643538479259 0 0
1643538620272 0 0
1643538761303 0 0
1643538902331 0 0
1643539043380 0 0
1643539184414 0 0
1643539325431 0 0
1643539466454 0 0
1643539607474 0 0
1643539748505 0 0
1643539889542 0 0
1643540030591 0 0
1643540171634 0 0
1643540312668 0 0
1643540453688 0 0
1643540594739 0 0
1643540735772 0 0
1643540876803 0 0
1643541017809 0 0
1643541158847 0 0
1643541301416 0 0
1643541442263 0 0
1643541583127 0 0
1643541723976 0 0
1643541864830 0 0
1643542005675 0 0
1643542146536 0 0
1643542287401 0 0
1643542428266 0 0
1643542569146 0 0
1643542710043 0 0
1643542850925 0 0
1643542991815 0 0
1643543132708 0 0
1643543273618 0 0
1643543414492 0 0
1643543555350 0 0
1643543696204 0 0
1643543837069 0 0
1643543977904 0 0
1643544120303 0 0
1643544261130 0 0
1643544401971 0 0
1643544542819 0 0
1643544683667 0 0
1643544824513 0 0
1643544965353 0 0
1643545106190 0 0
1643545247023 0 0
1643545387853 0 0
1643545528701 0 0
1643545669532 0 0
1643545810370 0 0
1643545951212 0 0
1643546092037 0 0
1643546232886 0 0
1643546373742 0 0
1643546514569 0 0
1643546655414 0 0
1643546796256 0 0
1643546939229 0 0
1643547079996 0 0
1643547220757 0 0
1643547361510 0 0
1643547502267 0 0
1643547643012 0 0
1643547783789 0 0
1643547924546 0 0
1643548065318 0 0
1643548206091 0 0
1643548346864 0 0
1643548487604 0 0
1643548628386 0 0
1643548769166 0 0
1643548909924 0 0
1643549050700 0 0
1643549191472 0 0
1643549332238 0 0
1643549472991 0 0
1643549613767 0 0
1643549756090 0 0
1643549896858 0 0
1643550037625 0 0
1643550178405 0 0
1643550319192 0 0
1643550459962 0 0
1643550600734 0 0
1643550741502 0 0
1643550882284 0 0
1643551023058 0 0
1643551163833 0 0
1643551304601 0 0
1643551445363 0 0
1643551586122 0 0
1643551726894 0 0
1643551867674 0 0
1643552008460 0 0
1643552149211 0 0
1643552289976 0 0
1643552430739 0 0
1643552573055 0 0
1643552713817 0 0
1643552854608 0 0
1643552995378 0 0
1643553136147 0 0
1643553276919 0 0
1643553417685 0 0
1643553558468 0 0
1643553699252 0 0
1643553840028 0 0
1643553980795 0 0
1643554121563 0 0
1643554262333 0 0
1643554403112 0 0
1643554543897 0 0
1643554684679 0 0
1643554825457 0 0
1643554966232 0 0
1643555106991 0 0
1643555247748 0 0
1643555390054 0 0
1643555530798 0 0
1643555671553 0 0
1643555812293 0 0
1643555953061 0 0
1643556093822 0 0
1643556234582 0 0
1643556375337 0 0
1643556516096 0 0
1643556656857 0 0
1643556797609 0 0
1643556938367 0 0
1643557079135 0 0
1643557219909 0 0
1643557360675 0 0
1643557501442 0 0
1643557642194 0 0
1643557782963 0 0
1643557923708 0 0
1643558064454 0 0
1643558206739 0 0
1643558347506 0 0
1643558488277 0 0
1643558629042 0 0
1643558769818 0 0
1643558910589 0 0
1643559051360 0 0
1643559192132 0 0
1643559332900 0 0
1643559473674 0 0
1643559614444 0 0
1643559755241 0 0
1643559896014 0 0
1643560036788 0 0
1643560177567 0 0
1643560318341 0 0
1643560459116 0 0
1643560599886 0 0
1643560740663 0 0
