1643419661654 -1 0
1643419801658 -1 0
1643419942025 -1 0
1643420083241 -1 0
1643420224459 -1 0
1643420365683 -1 0
1643420506869 -1 0
1643420648046 -1 0
1643420789266 -1 0
1643420930491 -1 0
1643421071701 -1 0
1643421212912 -1 0
1643421354139 -1 0
1643421495376 -1 0
1643421636598 -1 0
1643421777832 -1 0
1643421919080 -1 0
1643422060325 -1 0
1643422201600 -1 0
1643422342876 -1 0
1643422484150 -1 0
1643422627038 -1 0
1643422767939 -1 0
1643422908977 -1 0
1643423049983 -1 0
1643423190982 -1 0
1643423331968 -1 0
1643423472989 -1 0
1643423614001 -1 0
1643423755015 -1 0
1643423896051 -1 0
1643424037061 -1 0
1643424178067 -1 0
1643424319037 -1 0
1643424460021 -1 0
1643424601011 -1 0
1643424742018 -1 0
1643424883021 -1 0
1643425023978 -1 0
1643425164960 -1 0
1643425305934 -1 0
1643425448573 -1 0
1643425589556 -1 0
1643425730580 -1 0
1643425871590 -1 0
1643426012600 -1 0
1643426153583 -1 0
1643426294600 -1 0
1643426435691 -1 0
1643426576811 -1 0
1643426717944 -1 0
1643426859082 -1 0
1643427000234 -1 0
1643427141391 -1 0
1643427282539 -1 0
1643427423700 -1 0
1643427564852 -1 0
1643427706019 -1 0
1643427847191 -1 0
1643427988361 -1 0
1643428129582 -1 0
1643428272408 -1 0
1643428413806 -1 0
1643428555213 -1 0
1643428696599 -1 0
1643428837979 -1 0
1643428979389 -1 0
1643429120809 -1 0
1643429262214 -1 0
1643429403545 -1 0
1643429544867 -1 0
1643429686261 -1 0
1643429827609 -1 0
1643429968918 -1 0
1643430110237 -1 0
1643430251631 -1 0
1643430393024 -1 0
1643430534399 -1 0
1643430675784 -1 0
1643430817186 -1 0
1643430958587 -1 0
1643431101664 -1 0
1643431243060 -1 0
1643431384441 -1 0
1643431525812 -1 0
1643431667242 -1 0
1643431808658 -1 0
1643431950075 -1 0
1643432091509 -1 0
1643432232937 -1 0
1643432374384 -1 0
1643432515841 -1 0
1643432657306 -1 0
1643432798766 -1 0
1643432940210 -1 0
1643433081651 -1 0
1643433223024 -1 0
1643433364412 -1 0
1643433505835 -1 0
1643433647230 -1 0
1643433788582 -1 0
1643433931491 -1 0
1643434072878 -1 0
1643434214341 -1 0
1643434355778 -1 0
1643434497228 -1 0
1643434638686 -1 0
1643434780102 -1 0
1643434921472 -1 0
1643435062863 -1 0
1643435204307 -1 0
1643435345782 -1 0
1643435487249 -1 0
1643435628714 -1 0
1643435770186 -1 0
1643435911655 -1 0
1643436053129 -1 0
1643436194561 -1 0
1643436335972 -1 0
1643436477370 -1 0
1643436618744 -1 0
1643436761780 -1 0
1643436903133 -1 0
1643437044568 -1 0
1643437186029 -1 0
1643437327499 -1 0
1643437468940 -1 0
1643437610327 -1 0
1643437751690 -1 0
1643437893091 -1 0
1643438034516 -1 0
1643438175959 -1 0
1643438317435 -1 0
1643438458899 -1 0
1643438600319 -1 0
1643438741730 -1 0
1643438883141 -1 0
1643439024581 -1 0
1643439166030 -1 0
1643439307466 -1 0
1643439448847 -1 0
1643439591804 -1 0
1643439733211 -1 0
1643439874624 -1 0
1643440016075 -1 0
1643440157478 -1 0
1643440298879 -1 0
1643440440280 -1 0
1643440581717 -1 0
1643440723162 -1 0
1643440864721 -1 0
1643441006187 -1 0
1643441147633 -1 0
1643441289018 -1 0
1643441430385 -1 0
1643441571777 -1 0
1643441713210 -1 0
1643441854588 -1 0
1643441995942 -1 0
1643442137359 -1 0
1643442278795 -1 0
1643442421782 -1 0
1643442563242 -1 0
1643442704705 -1 0
1643442846131 -1 0
1643442987558 -1 0
1643443128997 -1 0
1643443270458 -1 0
1643443411917 -1 0
1643443553391 -1 0
1643443694870 -1 0
1643443836325 -1 0
1643443977735 -1 0
1643444119145 -1 0
1643444260556 -1 0
1643444402010 -1 0
1643444543443 -1 0
1643444684842 -1 0
1643444826250 -1 0
1643444967705 -1 0
1643445109182 -1 0
1643445252203 -1 0
1643445393869 -1 0
1643445535513 -1 0
1643445677148 -1 0
1643445818807 -1 0
1643445960499 -1 0
1643446102308 -1 0
1643446244017 -1 0
1643446385729 -1 0
1643446527442 -1 0
1643446669137 -1 0
1643446810809 -1 0
1643446952431 -1 0
1643447094130 -1 0
1643447235824 -1 0
1643447377488 -1 0
1643447519123 -1 0
1643447660744 -1 0
1643447802369 -1 0
1643447943962 -1 0
1643448087150 -1 0
1643448228539 -1 0
1643448369954 -1 0
1643448511354 -1 0
1643448652746 -1 0
1643448794128 -1 0
1643448935514 -1 0
1643449076901 -1 0
1643449218237 -1 0
1643449359562 -1 0
1643449500915 -1 0
1643449642264 -1 0
1643449783579 -1 0
1643449924907 -1 0
1643450066241 -1 0
1643450207574 -1 0
1643450348930 -1 0
1643450490260 -1 0
1643450631605 -1 0
1643450772971 -1 0
1643450915918 -1 0
1643451057171 -1 0
1643451198476 -1 0
1643451339745 -1 0
1643451481041 -1 0
1643451622427 -1 0
1643451763869 -1 0
1643451905306 -1 0
1643452046736 -1 0
1643452188179 -1 0
1643452329616 -1 0
1643452471049 -1 0
1643452612515 -1 0
1643452753973 -1 0
1643452895406 -1 0
1643453036863 -1 0
1643453178313 -1 0
1643453319777 -1 0
1643453461235 -1 0
1643453602700 -1 0
1643453745917 -1 0
1643453887416 -1 0
1643454028927 -1 0
1643454170388 -1 0
1643454311834 -1 0
1643454453241 -1 0
1643454594670 -1 0
1643454736108 -1 0
1643454877495 -1 0
1643455018920 -1 0
1643455160386 -1 0
1643455301862 -1 0
1643455443334 -1 0
1643455584803 -1 0
1643455726282 -1 0
1643455867717 -1 0
1643456009137 -1 0
1643456150551 -1 0
1643456292024 -1 0
1643456433512 -1 0
1643456576549 -1 0
1643456718240 -1 0
1643456859938 -1 0
1643457001670 -1 0
1643457143403 -1 0
1643457285072 -1 0
1643457426698 -1 0
1643457568326 -1 0
1643457710003 -1 0
1643457851623 -1 0
1643457993235 -1 0
1643458134911 -1 0
1643458276615 -1 0
1643458418332 -1 0
1643458560059 -1 0
1643458701762 -1 0
1643458843462 -1 0
1643458985102 -1 0
1643459126738 -1 0
1643459268421 -1 0
1643459411673 -1 0
1643459553349 -1 0
1643459695053 -1 0
1643459836755 -1 0
1643459978453 -1 0
1643460120119 -1 0
1643460261780 -1 0
1643460403424 -1 0
1643460545083 -1 0
1643460686743 -1 0
1643460828359 -1 0
1643460970028 -1 0
1643461111798 -1 0
1643461253276 -1 0
1643461394740 -1 0
1643461536217 -1 0
1643461677707 -1 0
1643461819140 -1 0
1643461960584 -1 0
1643462102004 -1 0
1643462245055 -1 0
1643462386727 -1 0
1643462528405 -1 0
1643462670090 -1 0
1643462811810 -1 0
1643462953554 -1 0
1643463095278 -1 0
1643463237006 -1 0
1643463378707 -1 0
1643463520424 -1 0
1643463662060 -1 0
1643463803733 -1 0
1643463945388 -1 0
1643464087049 -1 0
1643464228698 -1 0
1643464370343 -1 0
1643464512010 -1 0
1643464653692 -1 0
1643464795397 -1 0
1643464937110 -1 0
1643465080397 -1 0
1643465222118 -1 0
1643465363820 -1 0
1643465505487 -1 0
1643465647128 -1 0
1643465788818 -1 0
1643465930520 -1 0
1643466072209 -1 0
1643466213912 -1 0
1643466355596 -1 0
1643466497300 -1 0
1643466638995 -1 0
1643466780701 -1 0
1643466922350 -1 0
1643467063991 -1 0
1643467205631 -1 0
1643467347325 -1 0
1643467488972 -1 0
1643467630585 -1 0
1643467772239 -1 0
1643467915490 -1 0
1643468057185 -1 0
1643468198876 -1 0
1643468340573 -1 0
1643468482269 -1 0
1643468623936 -1 0
1643468765583 -1 0
1643468907239 -1 0
1643469048943 -1 0
1643469190667 -1 0
1643469332351 -1 0
1643469474064 -1 0
1643469615757 -1 0
1643469757448 -1 0
1643469899113 -1 0
1643470040757 -1 0
1643470182425 -1 0
1643470324111 -1 0
1643470465779 -1 0
1643470607395 -1 0
1643470750791 -1 0
1643470892342 -1 0
1643471033965 -1 0
1643471175589 -1 0
1643471317243 -1 0
1643471458879 -1 0
1643471600505 -1 0
1643471742117 -1 0
1643471883719 -1 0
1643472025296 -1 0
1643472166880 -1 0
1643472308437 -1 0
1643472449966 -1 0
1643472591530 -1 0
1643472733062 -1 0
1643472874606 -1 0
1643473016165 -1 0
1643473157742 -1 0
1643473299338 -1 0
1643473440904 -1 0
1643473584030 -1 0
1643473725285 -1 0
1643473866598 -1 0
1643474007854 -1 0
1643474149146 -1 0
1643474290436 -1 0
1643474431725 -1 0
1643474573017 -1 0
1643474714281 -1 0
1643474855563 -1 0
1643474996846 -1 0
1643475138150 -1 0
1643475279456 -1 0
1643475420761 -1 0
1643475562073 -1 0
1643475703365 -1 0
1643475844649 -1 0
1643475985926 -1 0
1643476127242 -1 0
1643476268506 -1 0
1643476411314 -1 0
1643476552483 -1 0
1643476693743 -1 0
1643476834997 -1 0
1643476976240 -1 0
1643477117515 -1 0
1643477258746 -1 0
1643477399993 -1 0
1643477541244 -1 0
1643477682468 -1 0
1643477823689 -1 0
1643477964881 -1 0
1643478106106 -1 0
1643478247356 -1 0
1643478388590 -1 0
1643478529851 -1 0
1643478671082 -1 0
1643478812339 -1 0
1643478953575 -1 0
1643479094802 -1 0
1643479237582 -1 0
1643479378652 -1 0
1643479519765 -1 0
1643479660853 -1 0
1643479801946 -1 0
1643479943039 -1 0
1643480084134 -1 0
1643480225203 -1 0
1643480366268 -1 0
1643480507306 -1 0
1643480648360 -1 0
1643480789404 -1 0
1643480930467 -1 0
1643481071542 -1 0
1643481212603 -1 0
1643481353670 -1 0
1643481494738 -1 0
1643481636069 -1 0
1643481777134 -1 0
1643481918205 -1 0
1643482060835 -1 0
1643482201872 -1 0
1643482342941 -1 0
1643482484023 -1 0
1643482625097 -1 0
1643482766160 -1 0
1643482907235 -1 0
1643483048289 -1 0
1643483189371 -1 0
1643483330444 -1 0
1643483471531 -1 0
1643483612598 -1 0
1643483753666 -1 0
1643483894745 -1 0
1643484035833 -1 0
1643484176916 -1 0
1643484318003 -1 0
1643484459218 -1 0
1643484600280 -1 0
1643484741357 -1 0
1643484883992 -1 0
1643485025060 -1 0
1643485166101 -1 0
1643485307182 -1 0
1643485448240 -1 0
1643485589309 -1 0
1643485730372 -1 0
1643485871408 -1 0
1643486012459 -1 0
1643486153478 -1 0
1643486294517 -1 0
1643486435568 -1 0
1643486576590 -1 0
1643486717618 -1 0
1643486858655 -1 0
1643486999688 -1 0
1643487140734 -1 0
1643487281762 -1 0
1643487422792 -1 0
1643487563815 -1 0
1643487706425 -1 0
1643487847307 -1 0
1643487988207 -1 0
1643488129078 -1 0
1643488269954 -1 0
1643488410825 -1 0
1643488551707 -1 0
1643488692609 -1 0
1643488833493 -1 0
1643488974376 -1 0
1643489115254 -1 0
1643489256132 -1 0
1643489397036 -1 0
1643489537929 -1 0
1643489678816 -1 0
1643489819691 -1 0
1643489960578 -1 0
1643490101439 -1 0
1643490242332 -1 0
1643490383222 -1 0
1643490525670 -1 0
1643490666529 -1 0
1643490807391 -1 0
1643490948247 -1 0
1643491089095 -1 0
1643491229943 -1 0
1643491370806 -1 0
1643491511659 -1 0
1643491652512 -1 0
1643491793352 -1 0
1643491934192 -1 0
1643492075039 -1 0
1643492215890 -1 0
1643492356741 -1 0
1643492497598 -1 0
1643492638475 -1 0
1643492779325 -1 0
1643492920194 -1 0
1643493061055 -1 0
1643493201910 -1 0
1643493344653 -1 0
1643493485434 -1 0
1643493626235 -1 0
1643493767033 -1 0
1643493907836 -1 0
1643494048658 -1 0
1643494189467 -1 0
1643494330268 -1 0
1643494471075 -1 0
1643494611884 -1 0
1643494752681 -1 0
1643494893466 -1 0
1643495034249 -1 0
1643495175054 -1 0
1643495315843 -1 0
1643495456663 -1 0
1643495597463 -1 0
1643495738261 -1 0
1643495879074 -1 0
1643496019868 -1 0
1643496162216 -1 0
1643496302995 -1 0
1643496443808 -1 0
1643496584609 -1 0
1643496725403 -1 0
1643496866193 -1 0
1643497006981 -1 0
1643497147760 -1 0
1643497288520 -1 0
1643497429293 -1 0
1643497570069 -1 0
1643497710854 -1 0
1643497851632 -1 0
1643497992388 -1 0
1643498133151 -1 0
1643498273907 -1 0
1643498414666 -1 0
1643498555429 -1 0
1643498696201 -1 0
1643498836968 -1 0
1643498979301 -1 0
1643499120103 -1 0
1643499260934 -1 0
1643499401791 -1 0
1643499542653 -1 0
1643499683496 -1 0
1643499824351 -1 0
1643499965179 -1 0
1643500106034 -1 0
1643500246904 -1 0
1643500387758 -1 0
1643500528618 -1 0
1643500669479 -1 0
1643500810318 -1 0
1643500951152 -1 0
1643501091976 -1 0
1643501232831 -1 0
1643501373664 -1 0
1643501514521 -1 0
1643501655381 -1 0
1643501797764 -1 0
1643501938541 -1 0
1643502079336 -1 0
1643502220130 -1 0
1643502360922 -1 0
1643502501694 -1 0
1643502642482 -1 0
1643502783258 -1 0
1643502924021 -1 0
1643503064806 -1 0
1643503205604 -1 0
1643503346383 -1 0
1643503487167 -1 0
1643503627933 -1 0
1643503768710 -1 0
1643503909482 -1 0
1643504050250 -1 0
1643504191019 -1 0
1643504331791 -1 0
1643504472572 -1 0
1643504614910 -1 0
1643504755678 -1 0
1643504896458 -1 0
1643505037226 -1 0
1643505178008 -1 0
1643505318788 -1 0
1643505459570 -1 0
1643505600352 -1 0
1643505741141 -1 0
1643505881924 -1 0
1643506022712 -1 0
1643506163480 -1 0
1643506304249 -1 0
1643506445025 -1 0
1643506585789 -1 0
1643506726562 -1 0
1643506867337 -1 0
1643507008095 -1 0
1643507148847 -1 0
1643507289615 -1 0
1643507431945 -1 0
1643507573108 -1 0
1643507713935 -1 0
1643507854767 -1 0
1643507995606 -1 0
1643508136470 -1 0
1643508277325 -1 0
1643508418177 -1 0
1643508558998 -1 0
1643508699834 -1 0
1643508840700 -1 0
1643508981557 -1 0
1643509122419 -1 0
1643509263251 -1 0
1643509404094 -1 0
1643509544956 -1 0
1643509685791 -1 0
1643509826647 -1 0
1643509967511 -1 0
1643510108365 -1 0
1643510250794 -1 0
1643510391662 -1 0
1643510532525 -1 0
1643510673397 -1 0
1643510814267 -1 0
1643510955134 -1 0
1643511096009 -1 0
1643511236852 -1 0
1643511377718 -1 0
1643511518585 -1 0
1643511659447 -1 0
1643511800310 -1 0
1643511941196 -1 0
1643512082075 -1 0
1643512222953 -1 0
1643512363862 -1 0
1643512504744 -1 0
1643512645619 -1 0
1643512786506 -1 0
1643512927395 -1 0
1643513069837 -1 0
1643513210751 -1 0
1643513351660 -1 0
1643513492536 -1 0
1643513633422 -1 0
1643513774292 -1 0
1643513915177 -1 0
1643514056052 -1 0
1643514196923 -1 0
1643514337784 -1 0
1643514478647 -1 0
1643514619504 -1 0
1643514760380 -1 0
1643514901232 -1 0
1643515042092 -1 0
1643515182943 -1 0
1643515323812 -1 0
1643515464777 -1 0
1643515605762 -1 0
1643515746753 -1 0
1643515889330 -1 0
1643516030506 -1 0
1643516171673 -1 0
1643516312831 -1 0
1643516454010 -1 0
1643516595192 -1 0
1643516736373 -1 0
1643516877578 -1 0
1643517018774 -1 0
1643517159973 -1 0
1643517301203 -1 0
1643517442463 -1 0
1643517583736 -1 0
1643517724997 -1 0
1643517866269 -1 0
1643518007542 -1 0
1643518148845 -1 0
1643518290146 -1 0
1643518431382 -1 0
1643518572593 -1 0
1643518715351 -1 0
1643518856597 -1 0
1643518997818 -1 0
1643519138999 -1 0
1643519280240 -1 0
1643519421545 -1 0
1643519562834 -1 0
1643519704108 -1 0
1643519845397 -1 0
1643519986704 -1 0
1643520128006 -1 0
1643520269330 -1 0
1643520410659 -1 0
1643520551957 -1 0
1643520693188 -1 0
1643520834395 -1 0
1643520975617 -1 0
1643521116879 -1 0
1643521258129 -1 0
1643521399390 -1 0
1643521542204 -1 0
1643521683336 -1 0
1643521824494 -1 0
1643521965621 -1 0
1643522106747 -1 0
1643522247813 -1 0
1643522388845 -1 0
1643522529906 -1 0
1643522671003 -1 0
1643522812055 -1 0
1643522953079 -1 0
1643523094134 -1 0
1643523235239 -1 0
1643523376355 -1 0
1643523517490 -1 0
1643523658607 -1 0
1643523799679 -1 0
1643523940717 -1 0
1643524081755 -1 0
1643524222821 -1 0
1643524365497 -1 0
1643524506609 -1 0
1643524647752 -1 0
1643524788887 -1 0
1643524930040 -1 0
1643525071183 -1 0
1643525212350 -1 0
1643525353482 -1 0
1643525494591 -1 0
1643525635626 -1 0
1643525776704 -1 0
1643525917798 -1 0
1643526058811 -1 0
1643526199811 -1 0
1643526340819 -1 0
1643526481837 -1 0
1643526622822 -1 0
1643526763800 -1 0
1643526904769 -1 0
1643527045719 -1 0
1643527188738 -1 0
1643527329826 -1 0
1643527470942 -1 0
1643527612040 -1 0
1643527753139 -1 0
1643527894228 -1 0
1643528035297 -1 0
1643528176376 -1 0
1643528317459 -1 0
1643528458534 -1 0
1643528599599 -1 0
1643528740646 -1 0
1643528881727 -1 0
1643529022784 -1 0
1643529163835 -1 0
1643529304899 -1 0
1643529445971 -1 0
1643529587050 -1 0
1643529728127 -1 0
1643529869200 -1 0
1643530011824 -1 0
1643530152899 -1 0
1643530293990 -1 0
1643530435085 -1 0
1643530576151 -1 0
1643530717220 -1 0
1643530858308 -1 0
1643530999377 -1 0
1643531140456 -1 0
1643531281535 -1 0
1643531422603 -1 0
1643531563652 -1 0
1643531704707 -1 0
1643531845749 -1 0
1643531986808 -1 0
1643532127865 -1 0
1643532268905 -1 0
1643532409925 -1 0
1643532550966 -1 0
1643532691980 -1 0
1643532834565 -1 0
1643532975596 -1 0
1643533116648 -1 0
1643533257697 -1 0
1643533398733 -1 0
1643533539775 -1 0
1643533680828 -1 0
1643533821874 -1 0
1643533962917 -1 0
1643534103955 -1 0
1643534244982 -1 0
1643534386020 -1 0
1643534527040 -1 0
1643534668090 -1 0
1643534809143 -1 0
1643534950194 -1 0
1643535091224 -1 0
1643535232246 -1 0
1643535373278 -1 0
1643535514338 -1 0
1643535656915 -1 0
1643535797943 -1 0
1643535939003 -1 0
1643536080054 -1 0
1643536221088 -1 0
1643536362145 -1 0
1643536503200 -1 0
1643536644238 -1 0
1643536785282 -1 0
1643536926339 -1 0
1643537067357 -1 0
1643537208405 -1 0
1643537349427 -1 0
1643537490464 -1 0
1643537631487 -1 0
1643537772535 -1 0
1643537913549 -1 0
1643538054569 -1 0
1643538195610 -1 0
1643538336657 -1 0
1643538479261 -1 0
1643538620272 -1 0
1643538761303 -1 0
1643538902331 -1 0
1643539043380 -1 0
1643539184414 -1 0
1643539325431 -1 0
1643539466462 -1 0
1643539607474 -1 0
1643539748505 -1 0
1643539889550 -1 0
1643540030591 -1 0
1643540171634 -1 0
1643540312676 -1 0
1643540453696 -1 0
1643540594739 -1 0
1643540735781 -1 0
1643540876803 -1 0
1643541017817 -1 0
1643541158847 -1 0
1643541301418 -1 0
1643541442263 -1 0
1643541583127 -1 0
1643541723976 -1 0
1643541864832 -1 0
1643542005675 -1 0
1643542146536 -1 0
1643542287401 -1 0
1643542428266 -1 0
1643542569154 -1 0
1643542710043 -1 0
1643542850925 -1 0
1643542991817 -1 0
1643543132710 -1 0
1643543273618 -1 0
1643543414492 -1 0
1643543555350 -1 0
1643543696212 -1 0
1643543837069 -1 0
1643543977904 -1 0
1643544120303 -1 0
1643544261130 -1 0
1643544401979 -1 0
1643544542819 -1 0
1643544683667 -1 0
1643544824513 -1 0
1643544965353 -1 0
1643545106190 -1 0
1643545247023 -1 0
1643545387853 -1 0
1643545528701 -1 0
1643545669540 -1 0
1643545810372 -1 0
1643545951214 -1 0
1643546092045 -1 0
1643546232886 -1 0
1643546373744 -1 0
1643546514577 -1 0
1643546655414 -1 0
1643546796256 -1 0
1643546939237 -1 0
1643547080004 -1 0
1643547220757 -1 0
1643547361510 -1 0
1643547502267 -1 0
1643547643012 -1 0
1643547783789 -1 0
1643547924546 -1 0
1643548065326 -1 0
1643548206091 -1 0
1643548346864 -1 0
1643548487612 -1 0
1643548628386 -1 0
1643548769166 -1 0
1643548909932 -1 0
1643549050709 -1 0
1643549191480 -1 0
1643549332238 -1 0
1643549473001 -1 0
1643549613767 -1 0
1643549756098 -1 0
1643549896858 -1 0
1643550037633 -1 0
1643550178413 -1 0
1643550319194 -1 0
1643550459962 -1 0
1643550600742 -1 0
1643550741510 -1 0
1643550882284 -1 0
1643551023068 -1 0
1643551163841 -1 0
1643551304609 -1 0
1643551445363 -1 0
1643551586130 -1 0
1643551726894 -1 0
1643551867674 -1 0
1643552008462 -1 0
1643552149219 -1 0
1643552289976 -1 0
1643552430747 -1 0
1643552573063 -1 0
1643552713817 -1 0
1643552854608 -1 0
1643552995378 -1 0
1643553136147 -1 0
1643553276919 -1 0
1643553417685 -1 0
1643553558468 -1 0
1643553699260 -1 0
1643553840028 -1 0
1643553980803 -1 0
1643554121571 -1 0
1643554262333 -1 0
1643554403112 -1 0
1643554543897 -1 0
1643554684679 -1 0
1643554825459 -1 0
1643554966232 -1 0
1643555106991 -1 0
1643555247748 -1 0
1643555390056 -1 0
1643555530798 -1 0
1643555671553 -1 0
1643555812301 -1 0
1643555953069 -1 0
1643556093822 -1 0
1643556234582 -1 0
1643556375337 -1 0
1643556516104 -1 0
1643556656859 -1 0
1643556797617 -1 0
1643556938367 -1 0
1643557079135 -1 0
1643557219909 -1 0
1643557360683 -1 0
1643557501442 -1 0
1643557642194 -1 0
1643557782965 -1 0
1643557923716 -1 0
1643558064454 -1 0
1643558206747 -1 0
1643558347514 -1 0
1643558488285 -1 0
1643558629050 -1 0
1643558769818 -1 0
1643558910589 -1 0
1643559051360 -1 0
1643559192132 -1 0
1643559332908 -1 0
1643559473682 -1 0
1643559614454 -1 0
1643559755241 -1 0
1643559896014 -1 0
1643560036796 -1 0
1643560177567 -1 0
1643560318341 -1 0
1643560459116 -1 0
1643560599886 -1 0
1643560740665 -1 0
