1643590630216 0 0
1643590772031 0 0
1643590913583 0 0
1643591054988 0 0
1643591196253 0 0
1643591337535 0 0
1643591478808 0 0
1643591620061 0 0
1643591761326 0 0
1643591902594 0 0
1643592043896 0 0
1643592185202 0 0
1643592326502 0 0
1643592467808 0 0
1643592609100 0 0
1643592750395 0 0
1643592891655 0 0
1643593032961 0 0
1643593174262 0 0
1643593315575 0 0
1643593456901 0 0
1643593599811 0 0
1643593741173 0 0
1643593882509 0 0
1643594023831 0 0
1643594165191 0 0
1643594306549 0 0
1643594447913 0 0
1643594589856 0 0
1643594731849 0 0
1643594873848 0 0
1643595015850 0 0
1643595157870 0 0
1643595299892 0 0
1643595441918 0 0
1643595583930 0 0
1643595725982 0 0
1643595868028 0 0
1643596010060 0 0
1643596152113 0 0
1643596294168 0 0
1643596437854 0 0
1643596579641 0 0
1643596721436 0 0
1643596863241 0 0
1643597005042 0 0
1643597146867 0 0
1643597288680 0 0
1643597430511 0 0
1643597572347 0 0
1643597714182 0 0
1643597856011 0 0
1643597997831 0 0
1643598139672 0 0
1643598281503 0 0
1643598423341 0 0
1643598565186 0 0
1643598707016 0 0
1643598848847 0 0
1643598990708 0 0
1643599132567 0 0
1643599276060 0 0
1643599417926 0 0
1643599559774 0 0
1643599701659 0 0
1643599843566 0 0
1643599985437 0 0
1643600127327 0 0
1643600269218 0 0
1643600411104 0 0
1643600552992 0 0
1643600694878 0 0
1643600836786 0 0
1643600978680 0 0
1643601120577 0 0
1643601262485 0 0
1643601404387 0 0
1643601546294 0 0
1643601688157 0 0
1643601830022 0 0
1643601971888 0 0
1643602115419 0 0
1643602257327 0 0
1643602399215 0 0
1643602541118 0 0
1643602683034 0 0
1643602824925 0 0
1643602966820 0 0
1643603108739 0 0
1643603250652 0 0
1643603392556 0 0
1643603534434 0 0
1643603676268 0 0
1643603818157 0 0
1643603960027 0 0
1643604101850 0 0
1643604243707 0 0
1643604385626 0 0
1643604527527 0 0
1643604669426 0 0
1643604811311 0 0
1643604954800 0 0
1643605096691 0 0
1643605238599 0 0
1643605380516 0 0
1643605522421 0 0
1643605664347 0 0
1643605806216 0 0
1643605948053 0 0
1643606089910 0 0
1643606231778 0 0
1643606373671 0 0
1643606515542 0 0
1643606657416 0 0
1643606799304 0 0
1643606941210 0 0
1643607083106 0 0
1643607225023 0 0
1643607366933 0 0
1643607508872 0 0
1643607650787 0 0
1643607794385 0 0
1643607936296 0 0
1643608078207 0 0
1643608220118 0 0
1643608362055 0 0
1643608503943 0 0
1643608645831 0 0
1643608787742 0 0
1643608929672 0 0
1643609071605 0 0
1643609213571 0 0
1643609355536 0 0
1643609497504 0 0
1643609639480 0 0
1643609781429 0 0
1643609923374 0 0
1643610065330 0 0
1643610207260 0 0
1643610349244 0 0
1643610491235 0 0
1643610634799 0 0
1643610777078 0 0
1643610919283 0 0
1643611061492 0 0
1643611203677 0 0
1643611345854 0 0
1643611488013 0 0
1643611630177 0 0
1643611772350 0 0
1643611914505 0 0
1643612056678 0 0
1643612198883 0 0
1643612341072 0 0
1643612483262 0 0
1643612625446 0 0
1643612767608 0 0
1643612909764 0 0
1643613051908 0 0
1643613194073 0 0
1643613336275 0 0
1643613480049 0 0
1643613622223 0 0
1643613764398 0 0
1643613906568 0 0
1643614048724 0 0
1643614190859 0 0
1643614332965 0 0
1643614475121 0 0
1643614617245 0 0
1643614759381 0 0
1643614901502 0 0
1643615043664 0 0
1643615185848 0 0
1643615328052 0 0
1643615470225 0 0
1643615612377 0 0
1643615754498 0 0
1643615896628 0 0
1643616038767 0 0
1643616180947 0 0
1643616324805 0 0
1643616466997 0 0
1643616609182 0 0
1643616751365 0 0
1643616893560 0 0
1643617035715 0 0
1643617177848 0 0
1643617319960 0 0
1643617462136 0 0
1643617604290 0 0
1643617746430 0 0
1643617888535 0 0
1643618030675 0 0
1643618172849 0 0
1643618315019 0 0
1643618457195 0 0
1643618599320 0 0
1643618741434 0 0
1643618883587 0 0
1643619025768 0 0
1643619169508 0 0
1643619311689 0 0
1643619453884 0 0
1643619596049 0 0
1643619738232 0 0
1643619880404 0 0
1643620022534 0 0
1643620164644 0 0
1643620306754 0 0
1643620448860 0 0
1643620590954 0 0
1643620733071 0 0
1643620875237 0 0
1643621017393 0 0
1643621159566 0 0
1643621301725 0 0
1643621443861 0 0
1643621585991 0 0
1643621728102 0 0
1643621870230 0 0
1643622013990 0 0
1643622156141 0 0
1643622298315 0 0
1643622440495 0 0
1643622582622 0 0
1643622724728 0 0
1643622866855 0 0
1643623009007 0 0
1643623151128 0 0
1643623293241 0 0
1643623435438 0 0
1643623577627 0 0
1643623719810 0 0
1643623861999 0 0
1643624004159 0 0
1643624146311 0 0
1643624288413 0 0
1643624430498 0 0
1643624572600 0 0
1643624714749 0 0
1643624858645 0 0
1643625000822 0 0
1643625143001 0 0
1643625285154 0 0
1643625427348 0 0
1643625569514 0 0
1643625711615 0 0
1643625853707 0 0
1643625995810 0 0
1643626137922 0 0
1643626280011 0 0
1643626422108 0 0
1643626564261 0 0
1643626706419 0 0
1643626848552 0 0
1643626990700 0 0
1643627132827 0 0
1643627274924 0 0
1643627416986 0 0
1643627559027 0 0
1643627703701 0 0
1643627845850 0 0
1643627987984 0 0
1643628130138 0 0
1643628272325 0 0
1643628414525 0 0
1643628556713 0 0
1643628698846 0 0
1643628840925 0 0
1643628982987 0 0
1643629125083 0 0
1643629267153 0 0
1643629409184 0 0
1643629551216 0 0
1643629693351 0 0
1643629835475 0 0
1643629977571 0 0
1643630119701 0 0
1643630261844 0 0
1643630404001 0 0
1643630547678 0 0
1643630689741 0 0
1643630831796 0 0
1643630973915 0 0
1643631116182 0 0
1643631258093 0 0
1643631400031 0 0
1643631541977 0 0
1643631683939 0 0
1643631825912 0 0
1643631967874 0 0
1643632109804 0 0
1643632251666 0 0
1643632393533 0 0
1643632535407 0 0
1643632677256 0 0
1643632819067 0 0
1643632960947 0 0
1643633102878 0 0
1643633244791 0 0
1643633388260 0 0
1643633530364 0 0
1643633672505 0 0
1643633814580 0 0
1643633956639 0 0
1643634098722 0 0
1643634240856 0 0
1643634382997 0 0
1643634525134 0 0
1643634667287 0 0
1643634809428 0 0
1643634951572 0 0
1643635093724 0 0
1643635235886 0 0
1643635377997 0 0
1643635520083 0 0
1643635662175 0 0
1643635804324 0 0
1643635946414 0 0
1643636088471 0 0
1643636232175 0 0
1643636374330 0 0
1643636516503 0 0
1643636658675 0 0
1643636800837 0 0
1643636942993 0 0
1643637085114 0 0
1643637227212 0 0
1643637369302 0 0
1643637511455 0 0
1643637653640 0 0
1643637795803 0 0
1643637938012 0 0
1643638080218 0 0
1643638222421 0 0
1643638364611 0 0
1643638506778 0 0
1643638648883 0 0
1643638791001 0 0
1643638933158 0 0
1643639076867 0 0
1643639218723 0 0
1643639360610 0 0
1643639502537 0 0
1643639644472 0 0
1643639786386 0 0
1643639928309 0 0
1643640070236 0 0
1643640212108 0 0
1643640353956 0 0
1643640495772 0 0
1643640637594 0 0
1643640779421 0 0
1643640921230 0 0
1643641063028 0 0
1643641204805 0 0
1643641346567 0 0
1643641488333 0 0
1643641630112 0 0
1643641771882 0 0
1643641915423 0 0
1643642057142 0 0
1643642198864 0 0
1643642340610 0 0
1643642482350 0 0
1643642624089 0 0
1643642765820 0 0
1643642907549 0 0
1643643049276 0 0
1643643190991 0 0
1643643332716 0 0
1643643474442 0 0
1643643616169 0 0
1643643757901 0 0
1643643899630 0 0
1643644041346 0 0
1643644183053 0 0
1643644324765 0 0
1643644466477 0 0
1643644608178 0 0
1643644751427 0 0
1643644893086 0 0
1643645034783 0 0
1643645176476 0 0
1643645318186 0 0
1643645459882 0 0
1643645601580 0 0
1643645743283 0 0
1643645884970 0 0
1643646026653 0 0
1643646168339 0 0
1643646310034 0 0
1643646451719 0 0
1643646593416 0 0
1643646735110 0 0
1643646876794 0 0
1643647018482 0 0
1643647160189 0 0
1643647301897 0 0
1643647443587 0 0
1643647586836 0 0
1643647728375 0 0
1643647869939 0 0
1643648011504 0 0
1643648153085 0 0
1643648294658 0 0
1643648436235 0 0
1643648577801 0 0
1643648719402 0 0
1643648860994 0 0
1643649002631 0 0
1643649144250 0 0
1643649285858 0 0
1643649427473 0 0
1643649569070 0 0
1643649710665 0 0
1643649852248 0 0
1643649993820 0 0
1643650135386 0 0
1643650276928 0 0
1643650420068 0 0
1643650561619 0 0
1643650703185 0 0
1643650844760 0 0
1643650986337 0 0
1643651127907 0 0
1643651269482 0 0
1643651411072 0 0
1643651552649 0 0
1643651694229 0 0
1643651836121 0 0
1643651977756 0 0
1643652119372 0 0
1643652260976 0 0
1643652402586 0 0
1643652544198 0 0
1643652686071 0 0
1643652827548 0 0
1643652969016 0 0
1643653110468 0 0
1643653253507 0 0
1643653395008 0 0
1643653536539 0 0
1643653678085 0 0
1643653819636 0 0
1643653961168 0 0
1643654102725 0 0
1643654244290 0 0
1643654385845 0 0
1643654527392 0 0
1643654668951 0 0
1643654810509 0 0
1643654952074 0 0
1643655093634 0 0
1643655235179 0 0
1643655376723 0 0
1643655518268 0 0
1643655659807 0 0
1643655801326 0 0
1643655942837 0 0
1643656085933 0 0
1643656227439 0 0
1643656368971 0 0
1643656510518 0 0
1643656652097 0 0
1643656793642 0 0
1643656935178 0 0
1643657076705 0 0
1643657218223 0 0
1643657359758 0 0
1643657501273 0 0
1643657642778 0 0
1643657784289 0 0
1643657925843 0 0
1643658067364 0 0
1643658208891 0 0
1643658350410 0 0
1643658491938 0 0
1643658633460 0 0
1643658774974 0 0
1643658918045 0 0
1643659059508 0 0
1643659201016 0 0
1643659342509 0 0
1643659484009 0 0
1643659625527 0 0
1643659767044 0 0
1643659908566 0 0
1643660050066 0 0
1643660191572 0 0
1643660333069 0 0
1643660474558 0 0
1643660616072 0 0
1643660757588 0 0
1643660899087 0 0
1643661040585 0 0
1643661182100 0 0
1643661323603 0 0
1643661465137 0 0
1643661606669 0 0
1643661749726 0 0
1643661891201 0 0
1643662032720 0 0
1643662174215 0 0
1643662315726 0 0
1643662457257 0 0
1643662598764 0 0
1643662740289 0 0
1643662881788 0 0
1643663023294 0 0
1643663164787 0 0
1643663306300 0 0
1643663447816 0 0
1643663589353 0 0
1643663730905 0 0
1643663872422 0 0
1643664013915 0 0
1643664155424 0 0
1643664296954 0 0
1643664438470 0 0
1643664581869 0 0
1643664723353 0 0
1643664864854 0 0
1643665006388 0 0
1643665147901 0 0
1643665289413 0 0
1643665430927 0 0
1643665572438 0 0
1643665713956 0 0
1643665855466 0 0
1643665996955 0 0
1643666138459 0 0
1643666279926 0 0
1643666421430 0 0
1643666562924 0 0
1643666704412 0 0
1643666845928 0 0
1643666987419 0 0
1643667128920 0 0
1643667270398 0 0
1643667413390 0 0
1643667554858 0 0
1643667696358 0 0
1643667837867 0 0
1643667979380 0 0
1643668120875 0 0
1643668262377 0 0
1643668403899 0 0
1643668545419 0 0
1643668686953 0 0
1643668828464 0 0
1643668969991 0 0
1643669111512 0 0
1643669253036 0 0
1643669394556 0 0
1643669536093 0 0
1643669677596 0 0
1643669819116 0 0
1643669960605 0 0
1643670102081 0 0
1643670245144 0 0
1643670386458 0 0
1643670527818 0 0
1643670669172 0 0
1643670810532 0 0
1643670951898 0 0
1643671093269 0 0
1643671234651 0 0
1643671376066 0 0
1643671517476 0 0
1643671658865 0 0
1643671800227 0 0
1643671941582 0 0
1643672082922 0 0
1643672224276 0 0
1643672365638 0 0
1643672506994 0 0
1643672648372 0 0
1643672789699 0 0
1643672931044 0 0
1643673073958 0 0
1643673215302 0 0
1643673356658 0 0
1643673497992 0 0
1643673639313 0 0
1643673780662 0 0
1643673921993 0 0
1643674063357 0 0
1643674204721 0 0
1643674346074 0 0
1643674487429 0 0
1643674628783 0 0
1643674770159 0 0
1643674911506 0 0
1643675052890 0 0
1643675194252 0 0
1643675335593 0 0
1643675476945 0 0
1643675618273 0 0
1643675759602 0 0
1643675902500 0 0
1643676043808 0 0
1643676185139 0 0
1643676326459 0 0
1643676467764 0 0
1643676609076 0 0
1643676750352 0 0
1643676891644 0 0
1643677032968 0 0
1643677174271 0 0
1643677315607 0 0
1643677456925 0 0
1643677598245 0 0
1643677739554 0 0
1643677880879 0 0
1643678022185 0 0
1643678163485 0 0
1643678304781 0 0
1643678446092 0 0
1643678587421 0 0
1643678730712 0 0
1643678871965 0 0
1643679013253 0 0
1643679154511 0 0
1643679295753 0 0
1643679437017 0 0
1643679578252 0 0
1643679719501 0 0
1643679860746 0 0
1643680001979 0 0
1643680143245 0 0
1643680284492 0 0
1643680425726 0 0
1643680566966 0 0
1643680708213 0 0
1643680849439 0 0
1643680990660 0 0
1643681131905 0 0
1643681273175 0 0
1643681414452 0 0
1643681557287 0 0
1643681698577 0 0
1643681839902 0 0
1643681981196 0 0
1643682122483 0 0
1643682263753 0 0
1643682405046 0 0
1643682546355 0 0
1643682687659 0 0
1643682828971 0 0
1643682970277 0 0
1643683111561 0 0
1643683252853 0 0
1643683394137 0 0
1643683535456 0 0
1643683676817 0 0
1643683818119 0 0
1643683959415 0 0
1643684100719 0 0
1643684242031 0 0
1643684384908 0 0
1643684526231 0 0
1643684667586 0 0
1643684808918 0 0
1643684950311 0 0
1643685091839 0 0
1643685233385 0 0
1643685374963 0 0
1643685516537 0 0
1643685658084 0 0
1643685799630 0 0
1643685941196 0 0
1643686082734 0 0
1643686224325 0 0
1643686365917 0 0
1643686507508 0 0
1643686649099 0 0
1643686790673 0 0
1643686932255 0 0
1643687073829 0 0
1643687216962 0 0
1643687358550 0 0
1643687500156 0 0
1643687641769 0 0
1643687783356 0 0
1643687924959 0 0
1643688066566 0 0
1643688208176 0 0
1643688349811 0 0
1643688491453 0 0
1643688633093 0 0
1643688774752 0 0
1643688916410 0 0
1643689058060 0 0
1643689199709 0 0
1643689341347 0 0
1643689482941 0 0
1643689624539 0 0
1643689766181 0 0
1643689907806 0 0
1643690050942 0 0
1643690192526 0 0
1643690334165 0 0
1643690475804 0 0
1643690617442 0 0
1643690759097 0 0
1643690900755 0 0
1643691042402 0 0
1643691184038 0 0
1643691325635 0 0
1643691467247 0 0
1643691608878 0 0
1643691750521 0 0
1643691892158 0 0
1643692033796 0 0
1643692175448 0 0
1643692317067 0 0
1643692458725 0 0
1643692600371 0 0
1643692742053 0 0
1643692885236 0 0
1643693026837 0 0
1643693168447 0 0
1643693310044 0 0
1643693451622 0 0
1643693593166 0 0
1643693734740 0 0
1643693876331 0 0
1643694017933 0 0
1643694159564 0 0
1643694301169 0 0
1643694442809 0 0
1643694584403 0 0
1643694725984 0 0
1643694867570 0 0
1643695009147 0 0
1643695150766 0 0
1643695292377 0 0
1643695434010 0 0
1643695575650 0 0
1643695718859 0 0
1643695860464 0 0
1643696002107 0 0
1643696143684 0 0
1643696285248 0 0
1643696426828 0 0
1643696568422 0 0
1643696709991 0 0
1643696851563 0 0
1643696993171 0 0
1643697134803 0 0
1643697276442 0 0
1643697418106 0 0
1643697559755 0 0
1643697701367 0 0
1643697842938 0 0
1643697984520 0 0
1643698126154 0 0
1643698267813 0 0
1643698409463 0 0
1643698553165 0 0
1643698694825 0 0
1643698836438 0 0
1643698978040 0 0
1643699119630 0 0
1643699261238 0 0
1643699402811 0 0
1643699544350 0 0
1643699685920 0 0
1643699827528 0 0
1643699969136 0 0
1643700110747 0 0
1643700252341 0 0
1643700393904 0 0
1643700535481 0 0
1643700677095 0 0
1643700818714 0 0
1643700960331 0 0
1643701101944 0 0
1643701243545 0 0
1643701386739 0 0
1643701528318 0 0
1643701669881 0 0
1643701811440 0 0
1643701953007 0 0
1643702094581 0 0
1643702236123 0 0
1643702377699 0 0
1643702519297 0 0
1643702660915 0 0
1643702802540 0 0
1643702944191 0 0
1643703085791 0 0
1643703227364 0 0
1643703368934 0 0
1643703510537 0 0
1643703652148 0 0
1643703793775 0 0
1643703935394 0 0
1643704077016 0 0
1643704220205 0 0
1643704361783 0 0
1643704503349 0 0
1643704644924 0 0
1643704786481 0 0
1643704928030 0 0
1643705069557 0 0
1643705211145 0 0
1643705352736 0 0
1643705494330 0 0
1643705635909 0 0
1643705777466 0 0
1643705919020 0 0
1643706060643 0 0
1643706202291 0 0
1643706343942 0 0
1643706485587 0 0
1643706627230 0 0
1643706768884 0 0
1643706910496 0 0
1643707053621 0 0
1643707195168 0 0
1643707336758 0 0
1643707478310 0 0
1643707619862 0 0
1643707761483 0 0
1643707903107 0 0
1643708044736 0 0
1643708186380 0 0
1643708328049 0 0
1643708469721 0 0
1643708611363 0 0
1643708752960 0 0
1643708894535 0 0
1643709036147 0 0
1643709177774 0 0
1643709319424 0 0
1643709461050 0 0
1643709602695 0 0
1643709744354 0 0
1643709887507 0 0
1643710029078 0 0
1643710170671 0 0
1643710312290 0 0
1643710453845 0 0
1643710595394 0 0
1643710736993 0 0
1643710878628 0 0
1643711020257 0 0
1643711161860 0 0
1643711303431 0 0
1643711445011 0 0
1643711586664 0 0
1643711728308 0 0
1643711869938 0 0
1643712011559 0 0
1643712153168 0 0
1643712294779 0 0
1643712436387 0 0
1643712577972 0 0
1643712721076 0 0
1643712862638 0 0
1643713004227 0 0
1643713145790 0 0
1643713287353 0 0
1643713428930 0 0
1643713570540 0 0
1643713712152 0 0
1643713853757 0 0
1643713995322 0 0
1643714136869 0 0
1643714278401 0 0
1643714419968 0 0
1643714561569 0 0
1643714703177 0 0
1643714844784 0 0
1643714986389 0 0
1643715127989 0 0
1643715269596 0 0
1643715411150 0 0
1643715554251 0 0
1643715695801 0 0
1643715837343 0 0
1643715978880 0 0
1643716120451 0 0
1643716262038 0 0
1643716403658 0 0
1643716545283 0 0
1643716686911 0 0
1643716828557 0 0
1643716970160 0 0
1643717111725 0 0
1643717253291 0 0
1643717394893 0 0
1643717536504 0 0
1643717678087 0 0
1643717819664 0 0
1643717961275 0 0
1643718102884 0 0
1643718244515 0 0
1643718388275 0 0
1643718529848 0 0
1643718671399 0 0
1643718812958 0 0
1643718954523 0 0
1643719096076 0 0
1643719237639 0 0
1643719379223 0 0
1643719520844 0 0
1643719662476 0 0
1643719804114 0 0
1643719945754 0 0
1643720087345 0 0
1643720228891 0 0
1643720370465 0 0
1643720512095 0 0
1643720653731 0 0
1643720795365 0 0
1643720937007 0 0
1643721078653 0 0
1643721221859 0 0
1643721363503 0 0
1643721505101 0 0
1643721646665 0 0
1643721788254 0 0
1643721929889 0 0
1643722071484 0 0
1643722213035 0 0
1643722354635 0 0
1643722496238 0 0
1643722637856 0 0
1643722779478 0 0
1643722921114 0 0
1643723062688 0 0
1643723204264 0 0
1643723345845 0 0
1643723487438 0 0
1643723629076 0 0
1643723770701 0 0
1643723912323 0 0
1643724055518 0 0
1643724197113 0 0
1643724338678 0 0
1643724480243 0 0
1643724621812 0 0
1643724763384 0 0
1643724904939 0 0
1643725046468 0 0
1643725188040 0 0
1643725329670 0 0
1643725471298 0 0
1643725612924 0 0
1643725754557 0 0
1643725896144 0 0
1643726037699 0 0
1643726179259 0 0
1643726320813 0 0
1643726462360 0 0
1643726603896 0 0
1643726745427 0 0
1643726888495 0 0
1643727030017 0 0
1643727171542 0 0
1643727313072 0 0
1643727454606 0 0
1643727596135 0 0
1643727737645 0 0
1643727879145 0 0
1643728020644 0 0
1643728162162 0 0
1643728303675 0 0
1643728445181 0 0
1643728586681 0 0
1643728728159 0 0
1643728869641 0 0
1643729011126 0 0
1643729152605 0 0
1643729294100 0 0
1643729435582 0 0
1643729577058 0 0
1643729720080 0 0
1643729861537 0 0
1643730002997 0 0
1643730144464 0 0
1643730285945 0 0
1643730427386 0 0
1643730568819 0 0
1643730710233 0 0
1643730851636 0 0
1643730993049 0 0
1643731134492 0 0
1643731275938 0 0
1643731417387 0 0
1643731558840 0 0
1643731700258 0 0
1643731841655 0 0
1643731983037 0 0
1643732124408 0 0
1643732265763 0 0
