1643590630216 0 0
1643590772031 1 0
1643590913578 2 0
1643591054988 3 0
1643591196251 4 0
1643591337535 5 0
1643591478806 6 0
1643591620053 7 0
1643591761318 8 0
1643591902594 9 0
1643592043888 10 0
1643592185193 11 0
1643592326494 12 0
1643592467806 13 0
1643592609100 14 0
1643592750393 15 0
1643592891655 16 0
1643593032961 17 0
1643593174262 18 0
1643593315573 19 0
1643593456901 20 0
1643593599811 21 0
1643593741173 22 0
1643593882509 23 0
1643594023829 24 0
1643594165191 25 0
1643594306549 26 0
1643594447913 27 0
1643594589856 28 0
1643594731849 29 0
1643594873840 30 0
1643595015848 31 0
1643595157868 32 0
1643595299892 33 0
1643595441916 34 0
1643595583930 35 0
1643595725974 36 0
1643595868022 37 0
1643596010060 38 0
1643596152113 39 0
1643596294168 40 0
1643596437846 41 0
1643596579641 42 0
1643596721434 43 0
1643596863233 44 0
1643597005042 45 0
1643597146867 46 0
1643597288680 47 0
1643597430509 48 0
1643597572347 49 0
1643597714174 50 0
1643597856003 51 0
1643597997829 52 0
1643598139670 53 0
1643598281503 54 0
1643598423341 55 0
1643598565186 56 0
1643598707016 57 0
1643598848847 58 0
1643598990708 59 0
1643599132567 60 0
1643599276052 61 0
1643599417926 62 0
1643599559774 63 0
1643599701657 64 0
1643599843558 65 0
1643599985435 66 0
1643600127319 67 0
1643600269218 68 0
1643600411096 69 0
1643600552990 70 0
1643600694878 71 0
1643600836784 72 0
1643600978680 73 0
1643601120577 74 0
1643601262485 75 0
1643601404387 76 0
1643601546286 77 0
1643601688157 78 0
1643601830022 79 0
1643601971888 80 0
1643602115419 81 0
1643602257327 82 0
1643602399215 83 0
1643602541118 84 0
1643602683032 85 0
1643602824925 86 0
1643602966812 87 0
1643603108731 88 0
1643603250652 89 0
1643603392556 90 0
1643603534426 91 0
1643603676268 92 0
1643603818155 93 0
1643603960027 94 0
1643604101842 95 0
1643604243707 96 0
1643604385624 97 0
1643604527527 98 0
1643604669424 99 0
1643604811311 100 0
1643604954792 101 0
1643605096691 102 0
1643605238599 103 0
1643605380516 104 0
1643605522421 105 0
1643605664339 106 0
1643605806216 107 0
1643605948053 108 0
1643606089908 109 0
1643606231778 110 0
1643606373671 111 0
1643606515534 112 0
1643606657416 113 0
1643606799304 114 0
1643606941208 115 0
1643607083106 116 0
1643607225015 117 0
1643607366933 118 0
1643607508870 119 0
1643607650787 120 0
1643607794385 121 0
1643607936296 122 0
1643608078199 123 0
1643608220118 124 0
1643608362053 125 0
1643608503943 126 0
1643608645829 127 0
1643608787742 128 0
1643608929664 129 0
1643609071605 130 0
1643609213571 131 0
1643609355534 132 0
1643609497504 133 0
1643609639478 134 0
1643609781421 135 0
1643609923374 136 0
1643610065328 137 0
1643610207260 138 0
1643610349236 139 0
1643610491235 140 0
1643610634797 141 0
1643610777076 142 0
1643610919275 143 0
1643611061484 144 0
1643611203677 145 0
1643611345854 146 0
1643611488013 147 0
1643611630177 148 0
1643611772350 149 0
1643611914497 150 0
1643612056670 151 0
1643612198883 152 0
1643612341069 153 0
1643612483262 154 0
1643612625444 155 0
1643612767608 156 0
1643612909762 157 0
1643613051908 158 0
1643613194071 159 0
1643613336267 160 0
1643613480033 161 0
1643613622223 162 0
1643613764398 163 0
1643613906568 164 0
1643614048724 165 0
1643614190859 166 0
1643614332965 167 0
1643614475121 168 0
1643614617245 169 0
1643614759381 170 0
1643614901502 171 0
1643615043664 172 0
1643615185848 173 0
1643615328044 174 0
1643615470223 175 0
1643615612375 176 0
1643615754490 177 0
1643615896628 178 0
1643616038767 179 0
1643616180947 180 0
1643616324805 181 0
1643616466989 182 0
1643616609174 183 0
1643616751365 184 0
1643616893552 185 0
1643617035715 186 0
1643617177846 187 0
1643617319960 188 0
1643617462136 189 0
1643617604290 190 0
1643617746430 191 0
1643617888535 192 0
1643618030675 193 0
1643618172847 194 0
1643618315011 195 0
1643618457187 196 0
1643618599318 197 0
1643618741434 198 0
1643618883587 199 0
1643619025768 200 0
1643619169508 201 0
1643619311681 202 0
1643619453884 203 0
1643619596049 204 0
1643619738232 205 0
1643619880404 206 0
1643620022534 207 0
1643620164644 208 0
1643620306752 209 0
1643620448860 210 0
1643620590946 211 0
1643620733069 212 0
1643620875235 213 0
1643621017393 214 0
1643621159558 215 0
1643621301725 216 0
1643621443853 217 0
1643621585991 218 0
1643621728094 219 0
1643621870230 220 0
1643622013990 221 0
1643622156141 222 0
1643622298306 223 0
1643622440487 224 0
1643622582622 225 0
1643622724728 226 0
1643622866850 227 0
1643623009007 228 0
1643623151128 229 0
1643623293241 230 0
1643623435438 231 0
1643623577627 232 0
1643623719810 233 0
1643623861991 234 0
1643624004157 235 0
1643624146311 236 0
1643624288413 237 0
1643624430496 238 0
1643624572600 239 0
1643624714749 240 0
1643624858645 241 0
1643625000814 242 0
1643625142993 243 0
1643625285154 244 0
1643625427346 245 0
1643625569511 246 0
1643625711615 247 0
1643625853699 248 0
1643625995808 249 0
1643626137922 250 0
1643626280011 251 0
1643626422108 252 0
1643626564261 253 0
1643626706419 254 0
1643626848552 255 0
1643626990700 256 0
1643627132825 257 0
1643627274924 258 0
1643627416978 259 0
1643627559025 260 0
1643627703701 261 0
1643627845850 262 0
1643627987982 263 0
1643628130136 264 0
1643628272325 265 0
1643628414523 266 0
1643628556713 267 0
1643628698844 268 0
1643628840923 269 0
1643628982987 270 0
1643629125083 271 0
1643629267153 272 0
1643629409182 273 0
1643629551216 274 0
1643629693351 275 0
1643629835473 276 0
1643629977569 277 0
1643630119701 278 0
1643630261844 279 0
1643630403993 280 0
1643630547670 281 0
1643630689733 282 0
1643630831796 283 0
1643630973913 284 0
1643631116180 285 0
1643631258093 286 0
1643631400031 287 0
1643631541977 288 0
1643631683939 289 0
1643631825904 290 0
1643631967874 291 0
1643632109804 292 0
1643632251666 293 0
1643632393533 294 0
1643632535407 295 0
1643632677256 296 0
1643632819065 297 0
1643632960939 298 0
1643633102878 299 0
1643633244791 300 0
1643633388252 301 0
1643633530362 302 0
1643633672505 303 0
1643633814580 304 0
1643633956639 305 0
1643634098714 306 0
1643634240856 307 0
1643634382992 308 0
1643634525134 309 0
1643634667287 310 0
1643634809428 311 0
1643634951570 312 0
1643635093724 313 0
1643635235886 314 0
1643635377989 315 0
1643635520083 316 0
1643635662167 317 0
1643635804324 318 0
1643635946414 319 0
1643636088471 320 0
1643636232175 321 0
1643636374322 322 0
1643636516503 323 0
1643636658675 324 0
1643636800837 325 0
1643636942993 326 0
1643637085114 327 0
1643637227204 328 0
1643637369302 329 0
1643637511455 330 0
1643637653640 331 0
1643637795803 332 0
1643637938010 333 0
1643638080218 334 0
1643638222419 335 0
1643638364609 336 0
1643638506770 337 0
1643638648883 338 0
1643638790999 339 0
1643638933156 340 0
1643639076867 341 0
1643639218721 342 0
1643639360602 343 0
1643639502535 344 0
1643639644470 345 0
1643639786386 346 0
1643639928309 347 0
1643640070236 348 0
1643640212100 349 0
1643640353954 350 0
1643640495770 351 0
1643640637592 352 0
1643640779421 353 0
1643640921230 354 0
1643641063028 355 0
1643641204797 356 0
1643641346567 357 0
1643641488333 358 0
1643641630112 359 0
1643641771882 360 0
1643641915423 361 0
1643642057142 362 0
1643642198864 363 0
1643642340608 364 0
1643642482350 365 0
1643642624081 366 0
1643642765820 367 0
1643642907541 368 0
1643643049276 369 0
1643643190991 370 0
1643643332708 371 0
1643643474440 372 0
1643643616169 373 0
1643643757901 374 0
1643643899628 375 0
1643644041338 376 0
1643644183053 377 0
1643644324757 378 0
1643644466469 379 0
1643644608178 380 0
1643644751427 381 0
1643644893086 382 0
1643645034775 383 0
1643645176476 384 0
1643645318184 385 0
1643645459874 386 0
1643645601580 387 0
1643645743283 388 0
1643645884968 389 0
1643646026653 390 0
1643646168337 391 0
1643646310034 392 0
1643646451719 393 0
1643646593416 394 0
1643646735110 395 0
1643646876794 396 0
1643647018482 397 0
1643647160181 398 0
1643647301897 399 0
1643647443587 400 0
1643647586828 401 0
1643647728373 402 0
1643647869937 403 0
1643648011502 404 0
1643648153085 405 0
1643648294658 406 0
1643648436235 407 0
1643648577801 408 0
1643648719400 409 0
1643648860994 410 0
1643649002631 411 0
1643649144250 412 0
1643649285858 413 0
1643649427465 414 0
1643649569062 415 0
1643649710663 416 0
1643649852248 417 0
1643649993812 418 0
1643650135386 419 0
1643650276928 420 0
1643650420060 421 0
1643650561611 422 0
1643650703185 423 0
1643650844760 424 0
1643650986337 425 0
1643651127907 426 0
1643651269482 427 0
1643651411072 428 0
1643651552649 429 0
1643651694221 430 0
1643651836121 431 0
1643651977756 432 0
1643652119372 433 0
1643652260968 434 0
1643652402584 435 0
1643652544195 436 0
1643652686071 437 0
1643652827548 438 0
1643652969014 439 0
1643653110460 440 0
1643653253499 441 0
1643653395000 442 0
1643653536537 443 0
1643653678085 444 0
1643653819636 445 0
1643653961166 446 0
1643654102723 447 0
1643654244288 448 0
1643654385837 449 0
1643654527392 450 0
1643654668951 451 0
1643654810509 452 0
1643654952066 453 0
1643655093634 454 0
1643655235171 455 0
1643655376723 456 0
1643655518268 457 0
1643655659805 458 0
1643655801326 459 0
1643655942837 460 0
1643656085925 461 0
1643656227439 462 0
1643656368971 463 0
1643656510518 464 0
1643656652097 465 0
1643656793634 466 0
1643656935178 467 0
1643657076697 468 0
1643657218223 469 0
1643657359758 470 0
1643657501273 471 0
1643657642778 472 0
1643657784289 473 0
1643657925835 474 0
1643658067356 475 0
1643658208891 476 0
1643658350410 477 0
1643658491930 478 0
1643658633458 479 0
1643658774974 480 0
1643658918045 481 0
1643659059508 482 0
1643659201014 483 0
1643659342509 484 0
1643659484009 485 0
1643659625519 486 0
1643659767044 487 0
1643659908566 488 0
1643660050058 489 0
1643660191572 490 0
1643660333061 491 0
1643660474558 492 0
1643660616072 493 0
1643660757586 494 0
1643660899087 495 0
1643661040585 496 0
1643661182100 497 0
1643661323603 498 0
1643661465137 499 0
1643661606667 500 0
1643661749724 501 0
1643661891201 502 0
1643662032712 503 0
1643662174215 504 0
1643662315726 505 0
1643662457257 506 0
1643662598756 507 0
1643662740287 508 0
1643662881788 509 0
1643663023294 510 0
1643663164787 511 0
1643663306298 512 0
1643663447816 513 0
1643663589353 514 0
1643663730905 515 0
1643663872420 516 0
1643664013915 517 0
1643664155422 518 0
1643664296946 519 0
1643664438461 520 0
1643664581869 521 0
1643664723345 522 0
1643664864854 523 0
1643665006388 524 0
1643665147901 525 0
1643665289413 526 0
1643665430927 527 0
1643665572438 528 0
1643665713956 529 0
1643665855466 530 0
1643665996955 531 0
1643666138457 532 0
1643666279926 533 0
1643666421430 534 0
1643666562924 535 0
1643666704404 536 0
1643666845920 537 0
1643666987419 538 0
1643667128918 539 0
1643667270390 540 0
1643667413390 541 0
1643667554850 542 0
1643667696358 543 0
1643667837867 544 0
1643667979380 545 0
1643668120875 546 0
1643668262377 547 0
1643668403899 548 0
1643668545419 549 0
1643668686953 550 0
1643668828464 551 0
1643668969991 552 0
1643669111510 553 0
1643669253028 554 0
1643669394556 555 0
1643669536093 556 0
1643669677596 557 0
1643669819108 558 0
1643669960605 559 0
1643670102079 560 0
1643670245144 561 0
1643670386458 562 0
1643670527818 563 0
1643670669170 564 0
1643670810530 565 0
1643670951898 566 0
1643671093269 567 0
1643671234651 568 0
1643671376066 569 0
1643671517476 570 0
1643671658860 571 0
1643671800227 572 0
1643671941582 573 0
1643672082922 574 0
1643672224276 575 0
1643672365638 576 0
1643672506994 577 0
1643672648364 578 0
1643672789691 579 0
1643672931042 580 0
1643673073958 581 0
1643673215302 582 0
1643673356658 583 0
1643673497992 584 0
1643673639313 585 0
1643673780660 586 0
1643673921991 587 0
1643674063355 588 0
1643674204719 589 0
1643674346066 590 0
1643674487429 591 0
1643674628783 592 0
1643674770157 593 0
1643674911504 594 0
1643675052888 595 0
1643675194252 596 0
1643675335593 597 0
1643675476943 598 0
1643675618265 599 0
1643675759600 600 0
1643675902500 601 0
1643676043808 602 0
1643676185137 603 0
1643676326459 604 0
1643676467762 605 0
1643676609074 606 0
1643676750352 607 0
1643676891644 608 0
1643677032960 609 0
1643677174271 610 0
1643677315607 611 0
1643677456917 612 0
1643677598245 613 0
1643677739552 614 0
1643677880879 615 0
1643678022185 616 0
1643678163485 617 0
1643678304773 618 0
1643678446092 619 0
1643678587421 620 0
1643678730704 621 0
1643678871965 622 0
1643679013253 623 0
1643679154509 624 0
1643679295753 625 0
1643679437015 626 0
1643679578252 627 0
1643679719501 628 0
1643679860744 629 0
1643680001971 630 0
1643680143245 631 0
1643680284484 632 0
1643680425724 633 0
1643680566966 634 0
1643680708205 635 0
1643680849431 636 0
1643680990652 637 0
1643681131905 638 0
1643681273175 639 0
1643681414452 640 0
1643681557285 641 0
1643681698575 642 0
1643681839894 643 0
1643681981188 644 0
1643682122483 645 0
1643682263745 646 0
1643682405046 647 0
1643682546355 648 0
1643682687659 649 0
1643682828971 650 0
1643682970275 651 0
1643683111561 652 0
1643683252851 653 0
1643683394129 654 0
1643683535456 655 0
1643683676815 656 0
1643683818117 657 0
1643683959415 658 0
1643684100719 659 0
1643684242031 660 0
1643684384906 661 0
1643684526223 662 0
1643684667586 663 0
1643684808918 664 0
1643684950311 665 0
1643685091831 666 0
1643685233385 667 0
1643685374963 668 0
1643685516535 669 0
1643685658084 670 0
1643685799630 671 0
1643685941188 672 0
1643686082734 673 0
1643686224325 674 0
1643686365915 675 0
1643686507506 676 0
1643686649099 677 0
1643686790673 678 0
1643686932253 679 0
1643687073828 680 0
1643687216960 681 0
1643687358550 682 0
1643687500154 683 0
1643687641769 684 0
1643687783356 685 0
1643687924959 686 0
1643688066566 687 0
1643688208176 688 0
1643688349811 689 0
1643688491445 690 0
1643688633091 691 0
1643688774752 692 0
1643688916410 693 0
1643689058060 694 0
1643689199701 695 0
1643689341345 696 0
1643689482941 697 0
1643689624539 698 0
1643689766181 699 0
1643689907806 700 0
1643690050942 701 0
1643690192526 702 0
1643690334163 703 0
1643690475804 704 0
1643690617442 705 0
1643690759095 706 0
1643690900755 707 0
1643691042402 708 0
1643691184036 709 0
1643691325635 710 0
1643691467247 711 0
1643691608878 712 0
1643691750521 713 0
1643691892158 714 0
1643692033796 715 0
1643692175440 716 0
1643692317067 717 0
1643692458725 718 0
1643692600371 719 0
1643692742051 720 0
1643692885236 721 0
1643693026837 722 0
1643693168447 723 0
1643693310044 724 0
1643693451622 725 0
1643693593166 726 0
1643693734738 727 0
1643693876331 728 0
1643694017933 729 0
1643694159556 730 0
1643694301169 731 0
1643694442807 732 0
1643694584403 733 0
1643694725984 734 0
1643694867562 735 0
1643695009147 736 0
1643695150766 737 0
1643695292377 738 0
1643695434008 739 0
1643695575642 740 0
1643695718859 741 0
1643695860464 742 0
1643696002105 743 0
1643696143677 744 0
1643696285248 745 0
1643696426820 746 0
1643696568422 747 0
1643696709991 748 0
1643696851555 749 0
1643696993169 750 0
1643697134795 751 0
1643697276442 752 0
1643697418106 753 0
1643697559755 754 0
1643697701365 755 0
1643697842938 756 0
1643697984520 757 0
1643698126146 758 0
1643698267803 759 0
1643698409461 760 0
1643698553165 761 0
1643698694823 762 0
1643698836438 763 0
1643698978040 764 0
1643699119628 765 0
1643699261236 766 0
1643699402810 767 0
1643699544350 768 0
1643699685920 769 0
1643699827520 770 0
1643699969136 771 0
1643700110747 772 0
1643700252341 773 0
1643700393904 774 0
1643700535481 775 0
1643700677095 776 0
1643700818706 777 0
1643700960323 778 0
1643701101936 779 0
1643701243545 780 0
1643701386739 781 0
1643701528316 782 0
1643701669881 783 0
1643701811432 784 0
1643701953007 785 0
1643702094573 786 0
1643702236123 787 0
1643702377696 788 0
1643702519289 789 0
1643702660915 790 0
1643702802540 791 0
1643702944191 792 0
1643703085791 793 0
1643703227362 794 0
1643703368932 795 0
1643703510537 796 0
1643703652148 797 0
1643703793775 798 0
1643703935394 799 0
1643704077008 800 0
1643704220197 801 0
1643704361783 802 0
1643704503349 803 0
1643704644924 804 0
1643704786481 805 0
1643704928030 806 0
1643705069557 807 0
1643705211137 808 0
1643705352728 809 0
1643705494330 810 0
1643705635901 811 0
1643705777466 812 0
1643705919020 813 0
1643706060643 814 0
1643706202291 815 0
1643706343942 816 0
1643706485579 817 0
1643706627230 818 0
1643706768884 819 0
1643706910488 820 0
1643707053613 821 0
1643707195168 822 0
1643707336750 823 0
1643707478308 824 0
1643707619862 825 0
1643707761483 826 0
1643707903107 827 0
1643708044734 828 0
1643708186372 829 0
1643708328041 830 0
1643708469721 831 0
1643708611363 832 0
1643708752960 833 0
1643708894535 834 0
1643709036147 835 0
1643709177774 836 0
1643709319422 837 0
1643709461050 838 0
1643709602687 839 0
1643709744354 840 0
1643709887505 841 0
1643710029078 842 0
1643710170671 843 0
1643710312288 844 0
1643710453843 845 0
1643710595394 846 0
1643710736993 847 0
1643710878628 848 0
1643711020249 849 0
1643711161860 850 0
1643711303431 851 0
1643711445011 852 0
1643711586664 853 0
1643711728308 854 0
1643711869938 855 0
1643712011559 856 0
1643712153168 857 0
1643712294771 858 0
1643712436387 859 0
1643712577972 860 0
1643712721076 861 0
1643712862636 862 0
1643713004227 863 0
1643713145790 864 0
1643713287345 865 0
1643713428930 866 0
1643713570540 867 0
1643713712152 868 0
1643713853755 869 0
1643713995322 870 0
1643714136869 871 0
1643714278401 872 0
1643714419960 873 0
1643714561569 874 0
1643714703177 875 0
1643714844784 876 0
1643714986389 877 0
1643715127989 878 0
1643715269588 879 0
1643715411150 880 0
1643715554243 881 0
1643715695793 882 0
1643715837343 883 0
1643715978880 884 0
1643716120451 885 0
1643716262036 886 0
1643716403658 887 0
1643716545275 888 0
1643716686911 889 0
1643716828557 890 0
1643716970160 891 0
1643717111717 892 0
1643717253291 893 0
1643717394885 894 0
1643717536502 895 0
1643717678087 896 0
1643717819664 897 0
1643717961267 898 0
1643718102884 899 0
1643718244515 900 0
1643718388275 901 0
1643718529846 902 0
1643718671397 903 0
1643718812958 904 0
1643718954523 905 0
1643719096074 906 0
1643719237639 907 0
1643719379223 908 0
1643719520836 909 0
1643719662474 910 0
1643719804114 911 0
1643719945746 912 0
1643720087345 913 0
1643720228891 914 0
1643720370457 915 0
1643720512093 916 0
1643720653723 917 0
1643720795357 918 0
1643720936999 919 0
1643721078653 920 0
1643721221851 921 0
1643721363503 922 0
1643721505101 923 0
1643721646665 924 0
1643721788254 925 0
1643721929889 926 0
1643722071482 927 0
1643722213035 928 0
1643722354635 929 0
1643722496238 930 0
1643722637856 931 0
1643722779478 932 0
1643722921106 933 0
1643723062688 934 0
1643723204264 935 0
1643723345845 936 0
1643723487438 937 0
1643723629074 938 0
1643723770701 939 0
1643723912323 940 0
1643724055517 941 0
1643724197105 942 0
1643724338677 943 0
1643724480243 944 0
1643724621811 945 0
1643724763384 946 0
1643724904937 947 0
1643725046468 948 0
1643725188040 949 0
1643725329661 950 0
1643725471290 951 0
1643725612924 952 0
1643725754557 953 0
1643725896144 954 0
1643726037699 955 0
1643726179259 956 0
1643726320813 957 0
1643726462360 958 0
1643726603896 959 0
1643726745427 960 0
1643726888495 961 0
1643727030017 962 0
1643727171542 963 0
1643727313072 964 0
1643727454606 965 0
1643727596135 966 0
1643727737645 967 0
1643727879145 968 0
1643728020644 969 0
1643728162160 970 0
1643728303675 971 0
1643728445181 972 0
1643728586681 973 0
1643728728159 974 0
1643728869641 975 0
1643729011124 976 0
1643729152605 977 0
1643729294100 978 0
1643729435580 979 0
1643729577058 980 0
1643729720080 981 0
1643729861535 982 0
1643730002997 983 0
1643730144464 984 0
1643730285937 985 0
1643730427386 986 0
1643730568819 987 0
1643730710231 988 0
1643730851636 989 0
1643730993049 990 0
1643731134484 991 0
1643731275936 992 0
1643731417387 993 0
1643731558838 994 0
1643731700258 995 0
1643731841655 996 0
1643731983035 997 0
1643732124408 998 0
1643732265755 999 0
