1643590630226 12.284223556518555 0
1643590772041 6.476200342178345 0
1643590913583 2.9072468876838684 0
1643591054996 2.5370845794677734 0
1643591196253 5.254926443099976 0
1643591337535 3.822233557701111 0
1643591478808 4.279800176620483 0
1643591620063 3.184088706970215 0
1643591761326 3.7444931268692017 0
1643591902602 4.054676532745361 0
1643592043896 4.67537522315979 0
1643592185207 2.487764835357666 0
1643592326502 4.420517921447754 0
1643592467808 2.2580845952033997 0
1643592609108 2.390202581882477 0
1643592750395 1.629935085773468 0
1643592891665 2.821276545524597 0
1643593032970 2.2380883991718292 0
1643593174270 2.408135712146759 0
1643593315575 2.242538571357727 0
1643593456912 3.5847877264022827 0
1643593599821 2.169162154197693 0
1643593741181 6.030438661575317 0
1643593882517 2.7285643815994263 0
1643594023831 3.7676910161972046 0
1643594165199 2.605696141719818 0
1643594306557 3.7859795093536377 0
1643594447913 1.3498405814170837 0
1643594589864 5.006766080856323 0
1643594731857 3.426231265068054 0
1643594873855 3.3901835680007935 0
1643595015850 2.921282708644867 0
1643595157873 2.845574140548706 0
1643595299902 1.9495907500386238 0
1643595441918 3.2787413597106934 0
1643595583938 3.654603362083435 0
1643595725984 2.0299569368362427 0
1643595868030 4.805162787437439 0
1643596010068 3.2714555263519287 0
1643596152121 3.7568421363830566 0
1643596294176 2.501616597175598 0
1643596437856 4.476836919784546 0
1643596579651 2.2893292903900146 0
1643596721442 1.8212361335754395 0
1643596863243 1.8924494981765747 0
1643597005050 2.22534841299057 0
1643597146875 2.725472092628479 0
1643597288680 4.491384029388428 0
1643597430511 2.281620740890503 0
1643597572357 2.6995328664779663 0
1643597714182 1.831228494644165 0
1643597856013 2.166370987892151 0
1643597997831 1.666719526052475 0
1643598139672 1.2639662027359009 0
1643598281511 1.8057422041893005 0
1643598423349 2.1973170042037964 0
1643598565194 1.232644647359848 0
1643598707024 4.070931911468506 0
1643598848855 1.7412496209144592 0
1643598990716 2.41438627243042 0
1643599132577 1.3892809748649597 0
1643599276062 2.207412898540497 0
1643599417926 2.025736391544342 0
1643599559782 1.4883942753076553 0
1643599701659 1.6962476074695587 0
1643599843568 1.5747611224651337 0
1643599985437 1.9731819033622742 0
1643600127327 2.2059803009033203 0
1643600269226 1.4584645330905914 0
1643600411106 1.7728254795074463 0
1643600552992 1.4737417101860046 0
1643600694888 1.6971067190170288 0
1643600836792 4.48251211643219 0
1643600978688 1.2925651967525482 0
1643601120585 1.8712957501411438 0
1643601262493 1.4494410157203674 0
1643601404397 2.1324954628944397 0
1643601546294 1.2311791479587555 0
1643601688165 1.7568488717079163 0
1643601830030 1.6767799854278564 0
1643601971896 2.0042381286621094 0
1643602115431 1.371591955423355 0
1643602257327 1.8267833590507507 0
1643602399223 1.9954577088356018 0
1643602541127 2.3245168924331665 0
1643602683034 1.60824453830719 0
1643602824927 1.2096578180789948 0
1643602966823 2.220055013895035 0
1643603108739 1.8832212090492249 0
1643603250660 1.4337965548038483 0
1643603392564 2.11720472574234 0
1643603534434 1.2602610290050507 0
1643603676276 1.5281276106834412 0
1643603818157 2.2887848019599915 0
1643603960037 1.5612318515777588 0
1643604101850 2.6217563152313232 0
1643604243715 1.1863761246204376 0
1643604385632 1.4603148102760315 0
1643604527535 2.1898735761642456 0
1643604669426 1.738054633140564 0
1643604811319 2.2333847284317017 0
1643604954802 1.5189403295516968 0
1643605096699 1.6855564713478088 0
1643605238607 1.436143010854721 0
1643605380524 1.8184789419174194 0
1643605522429 1.3035756349563599 0
1643605664349 2.085693597793579 0
1643605806224 1.7226640582084656 0
1643605948061 3.4052982330322266 0
1643606089910 1.7611525058746338 0
1643606231789 1.865649163722992 0
1643606373679 1.8167375922203064 0
1643606515544 1.6009455919265747 0
1643606657424 1.315762996673584 0
1643606799312 1.5850155353546143 0
1643606941210 1.4222086668014526 0
1643607083114 1.037332147359848 0
1643607225023 1.9359126836061478 0
1643607366941 2.4693843126296997 0
1643607508872 1.6731598377227783 0
1643607650797 1.0874924659729004 0
1643607794395 1.5040146708488464 0
1643607936304 1.6813580393791199 0
1643608078209 1.2483084797859192 0
1643608220126 1.1258623600006104 0
1643608362055 1.230471432209015 0
1643608503951 1.1002635061740875 0
1643608645831 1.4198477566242218 0
1643608787750 2.0283185243606567 0
1643608929672 2.2793930768966675 0
1643609071613 1.7971981763839722 0
1643609213579 2.0258973836898804 0
1643609355536 2.041900098323822 0
1643609497512 1.8240337371826172 0
1643609639480 1.8810617327690125 0
1643609781429 1.8519345223903656 0
1643609923382 1.374210923910141 0
1643610065330 1.4432244002819061 0
1643610207270 0.9902914315462112 0
1643610349244 1.7925994396209717 0
1643610491243 1.7706009149551392 0
1643610634807 1.8976770639419556 0
1643610777078 1.4111069440841675 0
1643610919285 2.173623561859131 0
1643611061494 1.1302063465118408 0
1643611203685 1.995904803276062 0
1643611345862 2.0316091179847717 0
1643611488023 1.4203377664089203 0
1643611630185 1.909379482269287 0
1643611772358 1.508439302444458 0
1643611914505 1.334836483001709 0
1643612056680 1.6124653220176697 0
1643612198891 1.7122380137443542 0
1643612341072 1.7885818481445312 0
1643612483270 1.7455168962478638 0
1643612625446 1.1265658140182495 0
1643612767619 1.0934946537017822 0
1643612909764 1.4182483553886414 0
1643613051908 1.534106731414795 0
1643613194073 1.2913333177566528 0
1643613336275 0.9945372343063354 0
1643613480049 1.1446423530578613 0
1643613622231 1.5074389576911926 0
1643613764408 1.5036232471466064 0
1643613906576 1.069495677947998 0
1643614048736 1.434811145067215 0
1643614190867 1.2655244171619415 0
1643614332973 1.8562660813331604 0
1643614475123 1.415270060300827 0
1643614617253 0.8602769374847412 0
1643614759389 1.1494472324848175 0
1643614901510 0.923990324139595 0
1643615043672 1.2815616726875305 0
1643615185858 1.3697732090950012 0
1643615328054 1.3642394989728928 0
1643615470225 1.6756901741027832 0
1643615612377 1.5216618776321411 0
1643615754500 1.2903338074684143 0
1643615896636 1.1022436618804932 0
1643616038775 1.4406715035438538 0
1643616180947 1.6580843925476074 0
1643616324815 1.2127837240695953 0
1643616466999 1.2375479936599731 0
1643616609184 1.0855696201324463 0
1643616751373 1.3135491013526917 0
1643616893562 1.0029476433992386 0
1643617035720 1.3203434646129608 0
1643617177848 1.928485095500946 0
1643617319968 1.3174596726894379 0
1643617462144 1.1554785370826721 0
1643617604298 1.688256561756134 0
1643617746438 1.2520180344581604 0
1643617888545 1.2023299634456635 0
1643618030683 1.2717718333005905 0
1643618172849 1.0737977027893066 0
1643618315019 1.4100402295589447 0
1643618457195 1.4758670926094055 0
1643618599320 1.9236547350883484 0
1643618741442 1.7887717485427856 0
1643618883595 1.1932167708873749 0
1643619025776 2.0119077563285828 0
1643619169518 1.6520324349403381 0
1643619311689 1.3100370168685913 0
1643619453892 1.186880111694336 0
1643619596057 1.150018036365509 0
1643619738240 1.3681690692901611 0
1643619880412 1.797328308224678 0
1643620022542 1.1310243010520935 0
1643620164652 1.169376015663147 0
1643620306754 1.247307538986206 0
1643620448868 1.6644440293312073 0
1643620590954 1.1596200168132782 0
1643620733071 1.8972170948982239 0
1643620875237 1.9512126445770264 0
1643621017401 1.2790639400482178 0
1643621159569 1.1604981422424316 0
1643621301735 1.2020798325538635 0
1643621443861 1.5356265008449554 0
1643621585999 1.4858406484127045 0
1643621728102 1.0860832631587982 0
1643621870238 0.9512647390365601 0
1643622014001 1.255008190870285 0
1643622156149 1.87151038646698 0
1643622298317 1.0752788186073303 0
1643622440497 1.15416020154953 0
1643622582630 1.0876693725585938 0
1643622724736 1.4611192345619202 0
1643622866855 0.9819554090499878 0
1643623009015 1.3090347051620483 0
1643623151136 1.3280733823776245 0
1643623293246 0.9864358305931091 0
1643623435446 1.6080129742622375 0
1643623577635 1.0710778534412384 0
1643623719810 1.137354701757431 0
1643623861999 1.874558925628662 0
1643624004159 1.1521713882684708 0
1643624146319 1.031479001045227 0
1643624288421 1.4831556975841522 0
1643624430498 1.157635658979416 0
1643624572610 0.97835373878479 0
1643624714757 1.2903210818767548 0
1643624858655 1.2742367386817932 0
1643625000824 1.218509465456009 0
1643625143001 1.291094183921814 0
1643625285162 1.1170851588249207 0
1643625427348 0.9937088489532471 0
1643625569514 1.2249013483524323 0
1643625711623 1.4032071232795715 0
1643625853707 1.132886528968811 0
1643625995810 1.067636400461197 0
1643626137931 0.9241587668657303 0
1643626280019 1.3313009440898895 0
1643626422116 1.0998222082853317 0
1643626564269 1.9240319728851318 0
1643626706427 1.2783745229244232 0
1643626848560 1.1720811426639557 0
1643626990708 1.8116995096206665 0
1643627132827 1.2890838980674744 0
1643627274932 1.391108751296997 0
1643627416986 0.9046559631824493 0
1643627559027 1.1855706572532654 0
1643627703709 1.1819173991680145 0
1643627845858 0.8034328520298004 0
1643627987984 1.9260538220405579 0
1643628130138 1.1908042132854462 0
1643628272333 1.1352565288543701 0
1643628414525 1.705334633588791 0
1643628556721 1.3428128063678741 0
1643628698846 1.277493566274643 0
1643628840925 1.3594042658805847 0
1643628982992 0.9014850556850433 0
1643629125091 1.028302550315857 0
1643629267161 1.0632111430168152 0
1643629409184 0.9323706924915314 0
1643629551224 1.1246354579925537 0
1643629693359 1.0129479765892029 0
1643629835475 1.2439303994178772 0
1643629977571 1.3902201056480408 0
1643630119709 0.8729651570320129 0
1643630261852 1.573822259902954 0
1643630404001 0.8990508615970612 0
1643630547680 1.4334262609481812 0
1643630689743 0.85490283370018 0
1643630831804 0.8445245325565338 0
1643630973915 1.2489003539085388 0
1643631116182 0.9949520230293274 0
1643631258104 1.3721494376659393 0
1643631400039 1.2860952019691467 0
1643631541985 1.5340899229049683 0
1643631683947 0.9471808075904846 0
1643631825914 0.9938201010227203 0
1643631967882 1.019650638103485 0
1643632109812 0.7389989644289017 0
1643632251671 2.5048710107803345 0
1643632393541 1.0473840236663818 0
1643632535417 0.792365163564682 0
1643632677264 1.3055522739887238 0
1643632819067 0.7974562644958496 0
1643632960947 1.6912578344345093 0
1643633102886 0.9530506283044815 0
1643633244799 1.0488202273845673 0
1643633388262 1.977060079574585 0
1643633530364 1.5226214528083801 0
1643633672513 0.8618158549070358 0
1643633814588 1.5480058789253235 0
1643633956647 1.1536369323730469 0
1643634098724 1.2965728640556335 0
1643634240864 1.0916906595230103 0
1643634382997 1.7157439887523651 0
1643634525142 1.3114985227584839 0
1643634667295 1.1585265398025513 0
1643634809436 1.3320591449737549 0
1643634951572 1.3570863008499146 0
1643635093732 1.3984906077384949 0
1643635235888 1.0842376351356506 0
1643635377999 1.125465989112854 0
1643635520091 1.238758072257042 0
1643635662177 1.8265358209609985 0
1643635804326 1.218363881111145 0
1643635946424 1.028120994567871 0
1643636088480 1.0422346144914627 0
1643636232182 0.9445702433586121 0
1643636374332 1.199849009513855 0
1643636516511 1.5487761497497559 0
1643636658683 1.1666904985904694 0
1643636800845 1.8011721968650818 0
1643636943003 1.400553822517395 0
1643637085122 1.2303719520568848 0
1643637227214 1.4804243445396423 0
1643637369312 1.481248289346695 0
1643637511463 0.7893805503845215 0
1643637653648 0.7976328134536743 0
1643637795811 1.2174189686775208 0
1643637938012 0.7557912915945053 0
1643638080228 1.6783782243728638 0
1643638222421 1.0597939789295197 0
1643638364611 1.5139861702919006 0
1643638506778 1.6006479263305664 0
1643638648891 1.2036032378673553 0
1643638791001 0.9799220263957977 0
1643638933158 1.5453059077262878 0
1643639076877 1.742006242275238 0
1643639218723 1.2493000030517578 0
1643639360610 1.7147521674633026 0
1643639502537 1.3476308584213257 0
1643639644472 1.3733764290809631 0
1643639786394 1.541234314441681 0
1643639928320 1.406814694404602 0
1643640070244 1.0913326740264893 0
1643640212110 1.2951945066452026 0
1643640353956 1.0998484939336777 0
1643640495772 1.2798200249671936 0
1643640637594 1.2803890109062195 0
1643640779429 1.2994504570960999 0
1643640921238 1.762296974658966 0
1643641063038 1.6598097085952759 0
1643641204805 1.0229260325431824 0
1643641346575 1.0429970920085907 0
1643641488341 1.6240838468074799 0
1643641630120 0.8590074777603149 0
1643641771892 1.1910214126110077 0
1643641915431 0.6962650418281555 0
1643642057150 1.0251987278461456 0
1643642198872 0.833781972527504 0
1643642340610 0.9831883162260056 0
1643642482360 1.5418322086334229 0
1643642624091 0.9057477712631226 0
1643642765828 1.083062469959259 0
1643642907551 1.2154930531978607 0
1643643049284 1.0693859159946442 0
1643643191001 1.0468695610761642 0
1643643332718 0.84523805975914 0
1643643474442 1.1890024542808533 0
1643643616177 1.6224961876869202 0
1643643757909 1.4943678081035614 0
1643643899630 0.9687466621398926 0
1643644041348 1.1890345811843872 0
1643644183061 1.2272273898124695 0
1643644324767 1.2140015363693237 0
1643644466477 1.1367512941360474 0
1643644608186 1.1655988097190857 0
1643644751437 1.3900704681873322 0
1643644893096 1.070882797241211 0
1643645034785 1.198457807302475 0
1643645176484 0.9832375049591064 0
1643645318192 0.808971107006073 0
1643645459884 1.119253247976303 0
1643645601588 1.052721083164215 0
1643645743293 1.5255740880966187 0
1643645884970 0.8363754451274872 0
1643646026653 1.108110785484314 0
1643646168339 1.6375208497047424 0
1643646310034 1.5381398797035217 0
1643646451727 1.122205138206482 0
1643646593424 1.0194625556468964 0
1643646735110 0.8957790732383728 0
1643646876802 0.9361629486083984 0
1643647018492 1.813756287097931 0
1643647160189 0.9451345801353455 0
1643647301905 0.792906641960144 0
1643647443597 1.3165075778961182 0
1643647586838 0.9659206867218018 0
1643647728375 0.8697571009397507 0
1643647869939 1.4071804285049438 0
1643648011504 0.7609420269727707 0
1643648153093 1.2007868885993958 0
1643648294666 1.3262978196144104 0
1643648436235 1.2933985590934753 0
1643648577811 0.6374473571777344 0
1643648719402 1.1579375118017197 0
1643648861002 1.6049147248268127 0
1643649002639 1.2306497693061829 0
1643649144258 1.0774053931236267 0
1643649285866 0.9896727949380875 0
1643649427473 1.180730402469635 0
1643649569070 1.4184011220932007 0
1643649710665 1.2853763699531555 0
1643649852256 0.7287782728672028 0
1643649993820 0.8268345892429352 0
1643650135394 1.4572014808654785 0
1643650276938 1.269119679927826 0
1643650420070 0.8783613443374634 0
1643650561621 1.281671941280365 0
1643650703196 1.1074274182319641 0
1643650844768 0.996983677148819 0
1643650986345 1.4132511913776398 0
1643651127917 1.2000638395547867 0
1643651269492 0.9482567608356476 0
1643651411082 1.2503946423530579 0
1643651552657 1.371105819940567 0
1643651694231 0.842135027050972 0
1643651836129 0.7754774987697601 0
1643651977764 1.3281523883342743 0
1643652119380 0.962628960609436 0
1643652260976 1.002666711807251 0
1643652402586 1.1635043621063232 0
1643652544207 1.0051119923591614 0
1643652686081 1.4771913886070251 0
1643652827558 0.8780436217784882 0
1643652969016 1.1657474637031555 0
1643653110468 1.5030133426189423 0
1643653253509 1.1324935257434845 0
1643653395008 1.0851572155952454 0
1643653536539 1.1340529024600983 0
1643653678093 1.2921136617660522 0
1643653819644 0.8951684534549713 0
1643653961168 1.635897159576416 0
1643654102725 0.9186519384384155 0
1643654244290 0.8586505353450775 0
1643654385845 1.1571436524391174 0
1643654527400 1.0863512754440308 0
1643654668959 0.8383815586566925 0
1643654810517 1.341885194182396 0
1643654952074 1.678818941116333 0
1643655093644 0.8967500329017639 0
1643655235179 0.9100030660629272 0
1643655376733 0.9528214037418365 0
1643655518278 0.8406386226415634 0
1643655659807 0.8970602005720139 0
1643655801334 1.158796787261963 0
1643655942845 1.0370935499668121 0
1643656085935 1.0937784761190414 0
1643656227439 1.3684729933738708 0
1643656368979 1.1276181936264038 0
1643656510526 1.038484275341034 0
1643656652105 1.4558764100074768 0
1643656793642 0.9539772570133209 0
1643656935178 1.236437350511551 0
1643657076705 1.0001640319824219 0
1643657218231 1.1708426475524902 0
1643657359768 1.2719070315361023 0
1643657501281 1.0183917880058289 0
1643657642786 0.8038068115711212 0
1643657784299 1.2460901141166687 0
1643657925843 1.322615385055542 0
1643658067364 0.879607692360878 0
1643658208901 1.049983561038971 0
1643658350418 1.2929107248783112 0
1643658491938 1.4726310968399048 0
1643658633460 0.909563273191452 0
1643658774982 0.9295891374349594 0
1643658918053 1.0965518355369568 0
1643659059516 1.1228414326906204 0
1643659201016 1.5091109871864319 0
1643659342519 0.8598556071519852 0
1643659484017 1.5245147496461868 0
1643659625529 0.6551244556903839 0
1643659767055 1.1700760424137115 0
1643659908568 1.016996294260025 0
1643660050066 0.8402684926986694 0
1643660191582 1.1058152318000793 0
1643660333071 1.3930449783802032 0
1643660474566 1.2198784351348877 0
1643660616080 1.1562456786632538 0
1643660757596 0.9995582699775696 0
1643660899095 0.8665730953216553 0
1643661040593 1.3144365847110748 0
1643661182108 1.0882409512996674 0
1643661323611 1.5988852083683014 0
1643661465145 0.983337014913559 0
1643661606675 1.258304238319397 0
1643661749734 1.0904349088668823 0
1643661891211 1.2813947200775146 0
1643662032722 1.0323666334152222 0
1643662174225 1.079214483499527 0
1643662315736 1.0365899205207825 0
1643662457267 1.0284713804721832 0
1643662598766 1.0733284950256348 0
1643662740289 1.2669574916362762 0
1643662881796 1.2027432024478912 0
1643663023302 0.8133448660373688 0
1643663164795 1.0829217433929443 0
1643663306300 0.7992499768733978 0
1643663447824 1.2714559435844421 0
1643663589361 1.1645012497901917 0
1643663730913 1.1077186167240143 0
1643663872422 1.0728050470352173 0
1643664013923 0.9849325120449066 0
1643664155424 0.8900783956050873 0
1643664296954 0.8430278301239014 0
1643664438471 1.2261377573013306 0
1643664581879 0.8466530740261078 0
1643664723355 0.8145886808633804 0
1643664864862 1.5353906154632568 0
1643665006396 1.002695381641388 0
1643665147911 0.7016661316156387 0
1643665289421 0.8576616942882538 0
1643665430935 1.0749251544475555 0
1643665572446 1.0531613230705261 0
1643665713966 0.8135931044816971 0
1643665855474 0.9698139876127243 0
1643665996963 1.0662050247192383 0
1643666138459 1.8549765348434448 0
1643666279934 0.9567229747772217 0
1643666421438 0.9450680315494537 0
1643666562924 1.1669493317604065 0
1643666704412 1.5795283317565918 0
1643666845930 0.8975412547588348 0
1643666987429 1.2078644931316376 0
1643667128920 1.2111594080924988 0
1643667270398 1.0835313200950623 0
1643667413400 0.9516639113426208 0
1643667554858 0.643138125538826 0
1643667696366 1.0567548274993896 0
1643667837876 0.8792567253112793 0
1643667979388 1.4723953008651733 0
1643668120883 0.8432196229696274 0
1643668262385 0.826463870704174 0
1643668403907 1.2639220654964447 0
1643668545427 0.6300437152385712 0
1643668686958 1.580794095993042 0
1643668828472 1.1200281381607056 0
1643668969999 1.115451157093048 0
1643669111512 1.0974938124418259 0
1643669253038 0.949960321187973 0
1643669394564 0.9791558086872101 0
1643669536101 1.1043117344379425 0
1643669677604 1.1869355738162994 0
1643669819116 0.7287245318293571 0
1643669960613 1.0708684027194977 0
1643670102081 0.6292348206043243 0
1643670245152 0.9707005172967911 0
1643670386466 0.7854876220226288 0
1643670527826 0.834717333316803 0
1643670669172 1.293883889913559 0
1643670810532 1.0384175181388855 0
1643670951906 1.1260521113872528 0
1643671093277 0.8867556750774384 0
1643671234659 0.9024158120155334 0
1643671376074 0.9181949496269226 0
1643671517481 0.7091834843158722 0
1643671658865 1.6036666929721832 0
1643671800235 1.0809780359268188 0
1643671941590 1.3505819439888 0
1643672082930 0.8821820616722107 0
1643672224284 0.9577613770961761 0
1643672365648 1.2148834466934204 0
1643672507002 0.8802586644887924 0
1643672648374 0.9153044819831848 0
1643672789701 1.342028021812439 0
1643672931044 1.1815679371356964 0
1643673073968 1.1931750774383545 0
1643673215312 0.6572112739086151 0
1643673356666 0.9594994634389877 0
1643673498000 0.9930974245071411 0
1643673639323 0.8825901001691818 0
1643673780662 0.9927583932876587 0
1643673921996 1.0944022834300995 0
1643674063357 1.2575706541538239 0
1643674204721 1.613960087299347 0
1643674346076 1.082586407661438 0
1643674487439 1.1189331859350204 0
1643674628791 0.8205410838127136 0
1643674770159 1.3607222139835358 0
1643674911506 1.0034008920192719 0
1643675052890 0.9502928107976913 0
1643675194252 1.0356343686580658 0
1643675335601 0.8660480976104736 0
1643675476945 0.8868542909622192 0
1643675618273 1.3276071548461914 0
1643675759602 1.1337217688560486 0
1643675902508 1.2498542368412018 0
1643676043818 0.7765617966651917 0
1643676185139 1.0085354149341583 0
1643676326467 1.2557768523693085 0
1643676467764 1.345047950744629 0
1643676609076 1.2310998141765594 0
1643676750360 0.9378428012132645 0
1643676891652 1.1229864358901978 0
1643677032968 1.1391468942165375 0
1643677174279 1.3034594655036926 0
1643677315607 0.973017007112503 0
1643677456925 0.8730639517307281 0
1643677598253 1.0980886816978455 0
1643677739554 1.1473163664340973 0
1643677880887 0.9272152781486511 0
1643678022193 1.0260884165763855 0
1643678163493 0.8526316285133362 0
1643678304783 1.2719749808311462 0
1643678446100 0.840839296579361 0
1643678587429 1.2030135691165924 0
1643678730714 1.445881962776184 0
1643678871973 1.1002433896064758 0
1643679013261 0.8386642783880234 0
1643679154511 1.340488851070404 0
1643679295761 1.078584909439087 0
1643679437017 1.1381875276565552 0
1643679578260 1.2852885127067566 0
1643679719509 1.325082004070282 0
1643679860746 0.7703996002674103 0
1643680001981 1.0161051452159882 0
1643680143253 1.343395322561264 0
1643680284492 1.1112500131130219 0
1643680425726 0.7838684767484665 0
1643680566974 1.0741058439016342 0
1643680708213 0.6002482175827026 0
1643680849445 0.9201838970184326 0
1643680990662 1.283490151166916 0
1643681131913 1.093824863433838 0
1643681273183 1.2575258016586304 0
1643681414460 0.8098252266645432 0
1643681557287 0.9970086216926575 0
1643681698577 0.782861515879631 0
1643681839904 0.8322047591209412 0
1643681981198 0.7895565927028656 0
1643682122491 1.0900614261627197 0
1643682263753 1.0658010244369507 0
1643682405054 0.9045808762311935 0
1643682546363 1.7273563742637634 0
1643682687669 0.8598670065402985 0
1643682828981 1.0788769721984863 0
1643682970283 0.8412018120288849 0
1643683111561 0.6729724407196045 0
1643683252853 1.0804650783538818 0
1643683394137 0.9422806799411774 0
1643683535464 1.53158438205719 0
1643683676817 0.6893082857131958 0
1643683818119 1.0633734464645386 0
1643683959423 1.01422318816185 0
1643684100727 1.975049912929535 0
1643684242039 0.8966421186923981 0
1643684384908 0.6760154962539673 0
1643684526233 0.7706707790493965 0
1643684667586 1.108411431312561 0
1643684808926 0.9147527813911438 0
1643684950319 0.8272364884614944 0
1643685091839 1.288847029209137 0
1643685233393 0.8413076400756836 0
1643685374966 1.75106680393219 0
1643685516537 1.2497078776359558 0
1643685658092 0.9612603336572647 0
1643685799638 0.766324982047081 0
1643685941196 0.7752093970775604 0
1643686082744 0.931531272828579 0
1643686224333 1.049664318561554 0
1643686365917 0.9085738509893417 0
1643686507508 1.150020807981491 0
1643686649107 0.8336141258478165 0
1643686790681 1.0406132936477661 0
1643686932255 1.090907484292984 0
1643687073835 1.2017736434936523 0
1643687216962 1.0876550674438477 0
1643687358558 1.505534827709198 0
1643687500156 1.1591956615447998 0
1643687641777 1.1345086097717285 0
1643687783364 0.8361188247799873 0
1643687924968 0.8952077627182007 0
1643688066574 0.9916121661663055 0
1643688208176 1.2927963137626648 0
1643688349819 1.3030094653367996 0
1643688491453 1.4473145008087158 0
1643688633093 0.5103151947259903 0
1643688774762 1.0298055112361908 0
1643688916420 1.0165740847587585 0
1643689058068 0.985946923494339 0
1643689199711 0.9779977053403854 0
1643689341347 1.4281605035066605 0
1643689482949 0.695180743932724 0
1643689624547 1.0278213918209076 0
1643689766189 1.285231962800026 0
1643689907814 1.1113894879817963 0
1643690050952 1.176051840186119 0
1643690192536 0.7509499788284302 0
1643690334165 0.6920822262763977 0
1643690475812 1.0611228942871094 0
1643690617450 0.8692861497402191 0
1643690759097 1.7650201320648193 0
1643690900763 1.0351130664348602 0
1643691042410 1.2638076841831207 0
1643691184038 0.9293159544467926 0
1643691325643 0.7321711778640747 0
1643691467255 0.8813659101724625 0
1643691608888 0.8572719991207123 0
1643691750529 0.9746156558394432 0
1643691892166 0.8008289039134979 0
1643692033804 1.087426245212555 0
1643692175450 0.9913137555122375 0
1643692317075 0.9303093999624252 0
1643692458733 0.6994597166776657 0
1643692600381 0.6898462921380997 0
1643692742053 0.9736268222332001 0
1643692885246 0.9502159357070923 0
1643693026845 0.8078191727399826 0
1643693168458 1.0235362946987152 0
1643693310044 0.8713432848453522 0
1643693451630 0.8849201500415802 0
1643693593174 1.29205222427845 0
1643693734740 1.1371625363826752 0
1643693876339 0.8598091006278992 0
1643694017941 1.1038212776184082 0
1643694159564 1.262098640203476 0
1643694301177 1.1210516691207886 0
1643694442809 1.0962796211242676 0
1643694584403 0.7472156882286072 0
1643694725992 0.9599337875843048 0
1643694867572 0.6593929529190063 0
1643695009155 1.1163607239723206 0
1643695150774 0.9344544410705566 0
1643695292385 1.4510220289230347 0
1643695434010 0.4880553036928177 0
1643695575650 0.7264416515827179 0
1643695718867 1.1880507469177246 0
1643695860474 1.1161269545555115 0
1643696002107 1.497595489025116 0
1643696143684 1.48997300863266 0
1643696285248 0.7745275497436523 0
1643696426828 0.9902774393558502 0
1643696568432 0.7686183154582977 0
1643696710001 1.3521240055561066 0
1643696851565 0.8838588297367096 0
1643696993177 0.8233507573604584 0
1643697134803 0.9246332198381424 0
1643697276450 0.865535169839859 0
1643697418114 0.813273012638092 0
1643697559763 0.6532221361994743 0
1643697701367 0.6927729845046997 0
1643697842946 1.3563551902770996 0
1643697984528 1.0928837060928345 0
1643698126156 1.2777543663978577 0
1643698267815 1.0962312072515488 0
1643698409463 0.8210236579179764 0
1643698553175 0.9024678468704224 0
1643698694831 1.1104912757873535 0
1643698836446 1.1133386492729187 0
1643698978048 0.8744337260723114 0
1643699119636 0.9611799269914627 0
1643699261238 1.2571979761123657 0
1643699402815 1.4785435497760773 0
1643699544358 1.1711333990097046 0
1643699685928 0.789431981742382 0
1643699827528 0.9474999308586121 0
1643699969144 0.9844151139259338 0
1643700110755 1.1641996204853058 0
1643700252349 0.5909891277551651 0
1643700393912 0.8193831443786621 0
1643700535491 0.8461253494024277 0
1643700677103 0.970319539308548 0
1643700818714 1.0416788309812546 0
1643700960331 1.0284906029701233 0
1643701101944 0.7484981715679169 0
1643701243553 0.9638582468032837 0
1643701386749 1.1664138436317444 0
1643701528318 0.9819428473711014 0
1643701669886 1.4017716646194458 0
1643701811440 1.0810141265392303 0
1643701953015 1.1854762434959412 0
1643702094581 0.865764319896698 0
1643702236131 1.0823219120502472 0
1643702377699 1.0377382338047028 0
1643702519297 0.8825492262840271 0
1643702660925 1.0534540712833405 0
1643702802550 1.1030415445566177 0
1643702944199 0.7795950472354889 0
1643703085799 0.9444958195090294 0
1643703227364 0.8802681863307953 0
1643703368934 0.9939225912094116 0
1643703510545 0.6503134965896606 0
1643703652156 0.9055237770080566 0
1643703793783 0.8195471912622452 0
1643703935402 1.4005503058433533 0
1643704077016 0.6615517288446426 0
1643704220207 0.8830626010894775 0
1643704361793 0.7363114506006241 0
1643704503357 1.009053111076355 0
1643704644938 0.9870593398809433 0
1643704786489 0.8440787494182587 0
1643704928030 0.926563024520874 0
1643705069565 0.9027756452560425 0
1643705211145 0.7880862355232239 0
1643705352736 1.1845557391643524 0
1643705494338 0.8971605598926544 0
1643705635911 1.035746991634369 0
1643705777474 0.7597480565309525 0
1643705919028 0.950302317738533 0
1643706060651 0.8117474168539047 0
1643706202299 0.8897115588188171 0
1643706343950 0.8949983716011047 0
1643706485587 0.9949894994497299 0
1643706627238 1.1919620037078857 0
1643706768892 0.8338251411914825 0
1643706910498 0.7640086859464645 0
1643707053623 0.9274013191461563 0
1643707195178 1.36068856716156 0
1643707336758 1.0456874370574951 0
1643707478310 0.8924643844366074 0
1643707619870 0.9300055056810379 0
1643707761493 1.23016956448555 0
1643707903117 0.9090244919061661 0
1643708044736 1.1341011375188828 0
1643708186380 1.1203681230545044 0
1643708328049 0.9801529496908188 0
1643708469721 1.1293449848890305 0
1643708611372 0.961647242307663 0
1643708752968 1.4870993196964264 0
1643708894543 0.8340535014867783 0
1643709036157 1.1438648253679276 0
1643709177784 1.057445764541626 0
1643709319424 1.0292495787143707 0
1643709461058 1.2306607961654663 0
1643709602697 1.3649803847074509 0
1643709744362 1.2478901147842407 0
1643709887507 0.961407259106636 0
1643710029086 1.1526152193546295 0
1643710170679 1.0092926621437073 0
1643710312290 0.9975495040416718 0
1643710453845 0.660416379570961 0
1643710595402 0.9077912271022797 0
1643710737001 1.2872035503387451 0
1643710878628 1.1431753635406494 0
1643711020259 0.8101816475391388 0
1643711161868 0.8393149375915527 0
1643711303439 1.0381764769554138 0
1643711445019 1.26958829164505 0
1643711586672 0.8585841059684753 0
1643711728318 0.8449189960956573 0
1643711869946 1.1698983311653137 0
1643712011567 1.4248939454555511 0
1643712153176 0.7685807943344116 0
1643712294779 0.7560575306415558 0
1643712436395 0.9916455298662186 0
1643712577980 0.660923421382904 0
1643712721084 1.053836613893509 0
1643712862638 0.9516434222459793 0
1643713004235 0.6931979060173035 0
1643713145799 0.8966405689716339 0
1643713287353 0.7651903033256531 0
1643713428938 0.8062683939933777 0
1643713570548 0.926629975438118 0
1643713712160 0.9698029160499573 0
1643713853757 1.038166269659996 0
1643713995330 0.9576237797737122 0
1643714136879 1.1123924851417542 0
1643714278409 1.0278471112251282 0
1643714419970 0.699225626885891 0
1643714561577 0.8035824298858643 0
1643714703185 0.9954224824905396 0
1643714844792 1.1742742657661438 0
1643714986397 1.0077110528945923 0
1643715127997 0.9030538499355316 0
1643715269596 0.6934249103069305 0
1643715411160 0.9126685261726379 0
1643715554253 1.1171450316905975 0
1643715695803 0.7835004925727844 0
1643715837351 1.1154809892177582 0
1643715978890 0.8669637739658356 0
1643716120459 0.9169663786888123 0
1643716262038 1.156427413225174 0
1643716403668 1.2168673276901245 0
1643716545285 1.0289300382137299 0
1643716686919 0.997288852930069 0
1643716828565 0.8906474411487579 0
1643716970168 1.1759551167488098 0
1643717111725 1.3076433837413788 0
1643717253299 1.3171215653419495 0
1643717394895 0.9303255379199982 0
1643717536504 0.7544957399368286 0
1643717678095 0.9026258289813995 0
1643717819672 0.9419340491294861 0
1643717961277 1.0750972628593445 0
1643718102892 1.3764605820178986 0
1643718244528 0.984481617808342 0
1643718388285 0.8416823893785477 0
1643718529848 1.1217621713876724 0
1643718671399 0.8718237280845642 0
1643718812966 0.921124741435051 0
1643718954531 0.7770200669765472 0
1643719096076 0.8331267237663269 0
1643719237647 1.4030839204788208 0
1643719379231 0.7523273229598999 0
1643719520846 0.8193463236093521 0
1643719662476 1.05109041929245 0
1643719804122 0.8471489548683167 0
1643719945754 1.1169105172157288 0
1643720087353 0.926878422498703 0
1643720228899 0.8476096093654633 0
1643720370465 0.6572685390710831 0
1643720512095 0.779941663146019 0
1643720653731 0.8009150847792625 0
1643720795365 1.0099687725305557 0
1643720937007 0.6626920104026794 0
1643721078661 1.2708114236593246 0
1643721221861 0.6972114592790604 0
1643721363511 0.9699118584394455 0
1643721505114 0.6865675002336502 0
1643721646673 1.3016577661037445 0
1643721788262 0.9205836951732635 0
1643721929899 0.7696621716022491 0
1643722071484 0.910660594701767 0
1643722213043 1.029441311955452 0
1643722354643 0.9285559058189392 0
1643722496246 1.0426782220602036 0
1643722637864 0.9261185824871063 0
1643722779478 0.8371409177780151 0
1643722921116 0.7463810741901398 0
1643723062696 0.8346846103668213 0
1643723204272 1.0429040044546127 0
1643723345853 1.314808189868927 0
1643723487446 1.490163341164589 0
1643723629076 0.7886907160282135 0
1643723770709 0.8564972281455994 0
1643723912331 1.0013670325279236 0
1643724055525 0.8157117962837219 0
1643724197115 0.9635725021362305 0
1643724338683 1.0110145807266235 0
1643724480251 1.5810930132865906 0
1643724621819 1.3641526997089386 0
1643724763392 0.7530203312635422 0
1643724904939 0.9098904430866241 0
1643725046476 0.8134314268827438 0
1643725188048 0.9045240879058838 0
1643725329674 0.8525451421737671 0
1643725471300 0.9190780520439148 0
1643725612932 1.0065083503723145 0
1643725754565 0.9513537883758545 0
1643725896154 0.9690850377082825 0
1643726037707 1.0255337953567505 0
1643726179267 0.9500122666358948 0
1643726320821 1.0717217922210693 0
1643726462368 0.6795015335083008 0
1643726603904 0.7594355493783951 0
1643726745435 0.6944538950920105 0
1643726888505 1.0061706006526947 0
1643727030025 1.0535338521003723 0
1643727171550 0.7016114890575409 0
1643727313082 1.3121200203895569 0
1643727454615 0.7604791224002838 0
1643727596143 0.8224278688430786 0
1643727737653 1.0459605753421783 0
1643727879153 1.1903692781925201 0
1643728020652 0.9525353610515594 0
1643728162162 0.6971590518951416 0
1643728303683 1.1091343015432358 0
1643728445189 1.3650567531585693 0
1643728586689 1.1110623478889465 0
1643728728167 1.1417297422885895 0
1643728869649 0.9533040672540665 0
1643729011126 1.462619423866272 0
1643729152613 1.0682378709316254 0
1643729294108 0.5980379581451416 0
1643729435582 1.1648348271846771 0
1643729577066 0.79867023229599 0
1643729720090 1.0781143605709076 0
1643729861537 0.6754491627216339 0
1643730003005 0.685232937335968 0
1643730144472 0.8663212656974792 0
1643730285945 1.0132276117801666 0
1643730427394 0.7315458953380585 0
1643730568827 0.8622990995645523 0
1643730710233 0.6718808710575104 0
1643730851644 0.7422631829977036 0
1643730993057 0.812134712934494 0
1643731134497 0.7508700489997864 0
1643731275938 0.7358788102865219 0
1643731417395 0.723832294344902 0
1643731558840 0.9323219358921051 0
1643731700266 0.6983183920383453 0
1643731841663 0.7218303084373474 0
1643731983037 0.9715988636016846 0
1643732124417 1.0210587233304977 0
1643732265763 1.0221331715583801 0
