1643590630226 5.431574821472168 0
1643590772041 4.610471248626709 0
1643590913583 0.7064595818519592 0
1643591054996 0.6783199310302734 0
1643591196262 2.865633010864258 0
1643591337545 1.988744854927063 0
1643591478816 1.0534169673919678 0
1643591620071 1.5945427417755127 0
1643591761326 2.293196439743042 0
1643591902602 2.1053214073181152 0
1643592043906 2.3270771503448486 0
1643592185207 1.203048825263977 0
1643592326502 2.2771060466766357 0
1643592467816 0.5957141518592834 0
1643592609108 0.9977826476097107 0
1643592750403 0.9327738881111145 0
1643592891665 1.6326791048049927 0
1643593032970 0.4657966196537018 0
1643593174270 0.9404781460762024 0
1643593315583 1.2194774150848389 0
1643593456912 1.3800607919692993 0
1643593599821 0.5449453592300415 0
1643593741181 3.917792797088623 0
1643593882517 1.7230803966522217 0
1643594023839 2.0467140674591064 0
1643594165199 0.8507203459739685 0
1643594306557 2.4784419536590576 0
1643594447923 0.49743884801864624 0
1643594589864 2.9979445934295654 0
1643594731857 1.9942492246627808 0
1643594873858 0.7718995809555054 0
1643595015858 0.7377893328666687 0
1643595157880 1.161116123199463 0
1643595299902 0.11206228286027908 0
1643595441926 0.6645774841308594 0
1643595583938 1.798731803894043 0
1643595725992 0.40895044803619385 0
1643595868030 4.082503795623779 0
1643596010068 1.0857651233673096 0
1643596152121 2.683398962020874 0
1643596294176 1.1571228504180908 0
1643596437864 3.250807523727417 0
1643596579651 0.6359004974365234 0
1643596721445 0.6403687000274658 0
1643596863243 0.8998342752456665 0
1643597005050 0.6429474949836731 0
1643597146875 1.7831515073776245 0
1643597288690 3.448629379272461 0
1643597430519 0.8915301561355591 0
1643597572357 1.3811304569244385 0
1643597714192 0.8376387357711792 0
1643597856013 1.073499083518982 0
1643597997839 0.42043861746788025 0
1643598139680 0.26356709003448486 0
1643598281511 0.7099329829216003 0
1643598423349 1.1357976198196411 0
1643598565194 0.3272247016429901 0
1643598707024 2.563023805618286 0
1643598848855 0.4797888398170471 0
1643598990718 1.2393497228622437 0
1643599132577 0.3656269907951355 0
1643599276062 0.8270644545555115 0
1643599417934 0.34516793489456177 0
1643599559782 0.20218493044376373 0
1643599701667 0.3637374937534332 0
1643599843568 0.4622637927532196 0
1643599985445 0.6147879958152771 0
1643600127337 0.9147493839263916 0
1643600269226 0.3443284332752228 0
1643600411114 0.544644832611084 0
1643600553000 0.5701121091842651 0
1643600694888 0.4665156602859497 0
1643600836795 2.7665843963623047 0
1643600978688 0.38397786021232605 0
1643601120585 0.8434110283851624 0
1643601262493 0.5374429821968079 0
1643601404397 0.9135501980781555 0
1643601546304 0.18011704087257385 0
1643601688165 0.5406234860420227 0
1643601830030 0.28545594215393066 0
1643601971896 0.9378496408462524 0
1643602115432 0.34115150570869446 0
1643602257337 1.0260578393936157 0
1643602399223 0.9081048369407654 0
1643602541127 1.355742335319519 0
1643602683042 0.5841424465179443 0
1643602824935 0.3134167492389679 0
1643602966831 0.23364296555519104 0
1643603108749 1.140109896659851 0
1643603250660 0.3626932203769684 0
1643603392564 0.2901536822319031 0
1643603534444 0.13094457983970642 0
1643603676276 0.48370808362960815 0
1643603818165 0.3558740019798279 0
1643603960037 0.6449344754219055 0
1643604101860 1.4309473037719727 0
1643604243715 0.19406959414482117 0
1643604385635 0.5271070599555969 0
1643604527535 0.8822821378707886 0
1643604669434 0.6673488616943359 0
1643604811319 0.9717365503311157 0
1643604954810 0.4745219945907593 0
1643605096699 0.6420236229896545 0
1643605238607 0.3305792510509491 0
1643605380524 1.0248900651931763 0
1643605522431 0.4424213767051697 0
1643605664357 1.1416001319885254 0
1643605806224 0.712857186794281 0
1643605948061 2.398064374923706 0
1643606089918 0.604729175567627 0
1643606231789 0.5362747311592102 0
1643606373679 0.5338621735572815 0
1643606515552 0.7428394556045532 0
1643606657424 0.38535892963409424 0
1643606799314 0.5972341299057007 0
1643606941220 0.32670342922210693 0
1643607083114 0.26588860154151917 0
1643607225023 0.12554557621479034 0
1643607366941 1.169244408607483 0
1643607508880 0.9375606775283813 0
1643607650797 0.42556923627853394 0
1643607794395 0.467903196811676 0
1643607936304 0.8254410028457642 0
1643608078209 0.4303244948387146 0
1643608220126 0.314120352268219 0
1643608362063 0.462577760219574 0
1643608503951 0.194254070520401 0
1643608645839 0.4853147566318512 0
1643608787750 0.7792052030563354 0
1643608929672 0.5378917455673218 0
1643609071613 0.7769218683242798 0
1643609213579 0.5418472290039062 0
1643609355544 0.699537456035614 0
1643609497512 0.7052267789840698 0
1643609639488 0.9633386135101318 0
1643609781429 0.4086868464946747 0
1643609923382 0.44620171189308167 0
1643610065338 0.259894460439682 0
1643610207270 0.1493947058916092 0
1643610349254 0.8398935794830322 0
1643610491243 0.7556570768356323 0
1643610634809 0.5852148532867432 0
1643610777086 0.360068678855896 0
1643610919293 1.1436347961425781 0
1643611061502 0.31411951780319214 0
1643611203685 0.6003305912017822 0
1643611345862 0.944322407245636 0
1643611488023 0.4770652949810028 0
1643611630185 0.7863372564315796 0
1643611772358 0.6212310791015625 0
1643611914505 0.4107511043548584 0
1643612056680 0.512313187122345 0
1643612198891 0.5377125144004822 0
1643612341080 0.5550965070724487 0
1643612483270 0.5544997453689575 0
1643612625454 0.2818096876144409 0
1643612767622 0.447685182094574 0
1643612909772 0.5914215445518494 0
1643613051916 0.4822348356246948 0
1643613194081 0.27497267723083496 0
1643613336275 0.26562297344207764 0
1643613480049 0.23757100105285645 0
1643613622233 0.5018389821052551 0
1643613764408 0.6450135707855225 0
1643613906576 0.43306833505630493 0
1643614048737 0.44994398951530457 0
1643614190867 0.3863508999347687 0
1643614332973 0.9652940034866333 0
1643614475131 0.4585231840610504 0
1643614617253 0.2827427387237549 0
1643614759389 0.25994375348091125 0
1643614901510 0.12130875885486603 0
1643615043672 0.34049737453460693 0
1643615185858 0.4953584671020508 0
1643615328054 0.2158980816602707 0
1643615470235 0.6248136758804321 0
1643615612385 0.5794381499290466 0
1643615754500 0.3426915407180786 0
1643615896639 0.3235740065574646 0
1643616038775 0.5594717860221863 0
1643616180955 0.6208326816558838 0
1643616324815 0.4795936048030853 0
1643616467007 0.3748025894165039 0
1643616609184 0.27910614013671875 0
1643616751373 0.7305091023445129 0
1643616893570 0.12157662212848663 0
1643617035720 0.3920113742351532 0
1643617177856 0.822675883769989 0
1643617319968 0.16408345103263855 0
1643617462144 0.44965237379074097 0
1643617604298 0.9796743988990784 0
1643617746438 0.3190402388572693 0
1643617888545 0.4799257218837738 0
1643618030683 0.1646013706922531 0
1643618172857 0.2858768701553345 0
1643618315019 0.2686825692653656 0
1643618457205 0.6085748076438904 0
1643618599328 0.8020159602165222 0
1643618741442 0.782207727432251 0
1643618883595 0.41530415415763855 0
1643619025776 0.9131717085838318 0
1643619169518 0.6826305389404297 0
1643619311689 0.597461462020874 0
1643619453892 0.4165257215499878 0
1643619596057 0.3443751335144043 0
1643619738240 0.4477338194847107 0
1643619880414 0.22431476414203644 0
1643620022542 0.6102662086486816 0
1643620164655 0.3676137328147888 0
1643620306762 0.5164395570755005 0
1643620448868 0.4621616005897522 0
1643620590964 0.23124536871910095 0
1643620733079 0.5919020771980286 0
1643620875245 0.9470038414001465 0
1643621017401 0.5565882325172424 0
1643621159577 0.38963478803634644 0
1643621301735 0.30931246280670166 0
1643621443861 0.44935521483421326 0
1643621585999 0.33256158232688904 0
1643621728102 0.21891722083091736 0
1643621870238 0.47438663244247437 0
1643622014001 0.33147677779197693 0
1643622156149 1.046814203262329 0
1643622298325 0.244645893573761 0
1643622440505 0.33475542068481445 0
1643622582630 0.41716355085372925 0
1643622724736 0.6698327660560608 0
1643622866855 0.35783684253692627 0
1643623009015 0.6167104244232178 0
1643623151136 0.2684497833251953 0
1643623293246 0.2296069860458374 0
1643623435448 0.794609546661377 0
1643623577635 0.3355294167995453 0
1643623719818 0.29324719309806824 0
1643623861999 1.0524424314498901 0
1643624004167 0.21419657766819 0
1643624146321 0.30209624767303467 0
1643624288421 0.39313313364982605 0
1643624430506 0.3331710398197174 0
1643624572610 0.16335445642471313 0
1643624714757 0.3467995226383209 0
1643624858655 0.5916256308555603 0
1643625000824 0.41936978697776794 0
1643625143011 0.3673170208930969 0
1643625285162 0.3620308041572571 0
1643625427356 0.21812701225280762 0
1643625569522 0.3928578197956085 0
1643625711623 0.4313815236091614 0
1643625853707 0.1609547734260559 0
1643625995818 0.29590460658073425 0
1643626137931 0.18630512058734894 0
1643626280019 0.42813047766685486 0
1643626422116 0.22440515458583832 0
1643626564271 0.7567552328109741 0
1643626706427 0.26101967692375183 0
1643626848560 0.32348141074180603 0
1643626990708 0.9529182314872742 0
1643627132835 0.40065544843673706 0
1643627274932 0.7358599305152893 0
1643627416986 0.39243146777153015 0
1643627559035 0.25690847635269165 0
1643627703711 0.3663935959339142 0
1643627845858 0.2680363953113556 0
1643627987992 0.8826583027839661 0
1643628130146 0.4623320996761322 0
1643628272333 0.34263384342193604 0
1643628414533 0.238066166639328 0
1643628556723 0.26099124550819397 0
1643628698854 0.24184224009513855 0
1643628840934 0.52741938829422 0
1643628982992 0.3224181830883026 0
1643629125091 0.2783224582672119 0
1643629267161 0.4603591561317444 0
1643629409192 0.23618784546852112 0
1643629551224 0.4077259302139282 0
1643629693359 0.2825896739959717 0
1643629835483 0.42712175846099854 0
1643629977579 0.5078588724136353 0
1643630119709 0.2988954782485962 0
1643630261852 0.36402928829193115 0
1643630404011 0.17296764254570007 0
1643630547688 0.481899619102478 0
1643630689751 0.23845645785331726 0
1643630831804 0.21689119935035706 0
1643630973923 0.5014991164207458 0
1643631116190 0.44145190715789795 0
1643631258104 0.3313457667827606 0
1643631400039 0.34658169746398926 0
1643631541985 0.5330584049224854 0
1643631683947 0.27742958068847656 0
1643631825914 0.39379027485847473 0
1643631967882 0.3425898551940918 0
1643632109812 0.15620680153369904 0
1643632251671 1.4091383218765259 0
1643632393541 0.4709968566894531 0
1643632535417 0.18660607933998108 0
1643632677264 0.34457388520240784 0
1643632819075 0.23494136333465576 0
1643632960957 0.5085463523864746 0
1643633102886 0.1953200250864029 0
1643633244799 0.24504336714744568 0
1643633388262 1.253483533859253 0
1643633530374 0.5640940070152283 0
1643633672513 0.23256079852581024 0
1643633814588 0.8318060636520386 0
1643633956647 0.21116918325424194 0
1643634098732 0.49976104497909546 0
1643634240864 0.252540647983551 0
1643634383007 0.2923843562602997 0
1643634525142 0.7960811853408813 0
1643634667297 0.3472874164581299 0
1643634809438 0.4236036539077759 0
1643634951580 0.6305122375488281 0
1643635093732 0.6220587491989136 0
1643635235896 0.35607653856277466 0
1643635378007 0.3493083119392395 0
1643635520091 0.23341713845729828 0
1643635662185 0.5413453578948975 0
1643635804334 0.6259489059448242 0
1643635946424 0.1784522533416748 0
1643636088481 0.149302139878273 0
1643636232182 0.31320393085479736 0
1643636374340 0.30997759103775024 0
1643636516511 0.5486108064651489 0
1643636658683 0.43317660689353943 0
1643636800845 0.9717210531234741 0
1643636943003 0.652509868144989 0
1643637085122 0.5152543783187866 0
1643637227222 0.6211982369422913 0
1643637369312 0.3084229528903961 0
1643637511463 0.28602665662765503 0
1643637653648 0.17635059356689453 0
1643637795811 0.5179219841957092 0
1643637938020 0.17642752826213837 0
1643638080228 0.9707179069519043 0
1643638222431 0.2856288254261017 0
1643638364619 0.7979747653007507 0
1643638506788 1.051602840423584 0
1643638648891 0.4366842210292816 0
1643638791009 0.18033161759376526 0
1643638933166 0.6629094481468201 0
1643639076877 0.8362553119659424 0
1643639218731 0.41242456436157227 0
1643639360620 0.3165685832500458 0
1643639502545 0.34122931957244873 0
1643639644483 0.5958736538887024 0
1643639786396 0.3046049475669861 0
1643639928320 0.34297680854797363 0
1643640070244 0.4089925289154053 0
1643640212110 0.3022705912590027 0
1643640353964 0.16018866002559662 0
1643640495780 0.5710352063179016 0
1643640637604 0.4513462781906128 0
1643640779431 0.2434367537498474 0
1643640921238 0.6255525946617126 0
1643641063038 0.5760501623153687 0
1643641204815 0.19703680276870728 0
1643641346575 0.3075723350048065 0
1643641488341 0.48515257239341736 0
1643641630120 0.3040696382522583 0
1643641771892 0.27798113226890564 0
1643641915433 0.2498989701271057 0
1643642057150 0.29085573554039 0
1643642198872 0.23471088707447052 0
1643642340618 0.15528462827205658 0
1643642482360 0.5477105379104614 0
1643642624091 0.18324816226959229 0
1643642765828 0.580897867679596 0
1643642907551 0.38554254174232483 0
1643643049284 0.2454223334789276 0
1643643191001 0.249362513422966 0
1643643332718 0.26703569293022156 0
1643643474450 0.5048940181732178 0
1643643616177 0.8611407279968262 0
1643643757909 0.47168585658073425 0
1643643899638 0.20053398609161377 0
1643644041348 0.3225451707839966 0
1643644183061 0.25807565450668335 0
1643644324767 0.45361047983169556 0
1643644466487 0.4250878095626831 0
1643644608186 0.387342631816864 0
1643644751437 0.19603219628334045 0
1643644893096 0.25142019987106323 0
1643645034785 0.3109488785266876 0
1643645176484 0.196394681930542 0
1643645318195 0.20612603425979614 0
1643645459892 0.23623356223106384 0
1643645601590 0.3953540325164795 0
1643645743293 0.7374796867370605 0
1643645884978 0.12428006529808044 0
1643646026663 0.22331762313842773 0
1643646168347 1.034719467163086 0
1643646310044 0.44216078519821167 0
1643646451727 0.3402840495109558 0
1643646593424 0.41422024369239807 0
1643646735118 0.30549007654190063 0
1643646876802 0.2541012763977051 0
1643647018492 0.8121630549430847 0
1643647160199 0.22927147150039673 0
1643647301905 0.32291871309280396 0
1643647443600 0.5478425025939941 0
1643647586846 0.2714044451713562 0
1643647728383 0.22284828126430511 0
1643647869947 0.5749496221542358 0
1643648011512 0.16151003539562225 0
1643648153093 0.2369968295097351 0
1643648294666 0.24255555868148804 0
1643648436243 0.35933202505111694 0
1643648577811 0.15751206874847412 0
1643648719410 0.16601614654064178 0
1643648861002 0.4448942542076111 0
1643649002639 0.4055826663970947 0
1643649144258 0.36238259077072144 0
1643649285866 0.17400242388248444 0
1643649427473 0.39866405725479126 0
1643649569070 0.4023510217666626 0
1643649710673 0.38056451082229614 0
1643649852258 0.22470560669898987 0
1643649993830 0.25573793053627014 0
1643650135394 0.5493308901786804 0
1643650276938 0.3158196806907654 0
1643650420078 0.2502339482307434 0
1643650561629 0.17350322008132935 0
1643650703196 0.32725095748901367 0
1643650844768 0.2148396074771881 0
1643650986345 0.49579575657844543 0
1643651127917 0.10409034788608551 0
1643651269492 0.20504233241081238 0
1643651411082 0.27817320823669434 0
1643651552657 0.34795549511909485 0
1643651694231 0.1541677862405777 0
1643651836129 0.26223137974739075 0
1643651977764 0.3907988965511322 0
1643652119380 0.15681588649749756 0
1643652260986 0.417510986328125 0
1643652402594 0.5617567896842957 0
1643652544212 0.30833637714385986 0
1643652686081 0.7581221461296082 0
1643652827558 0.1858530342578888 0
1643652969024 0.3901413679122925 0
1643653110468 0.45888587832450867 0
1643653253517 0.25726762413978577 0
1643653395018 0.3095356822013855 0
1643653536547 0.2332949936389923 0
1643653678093 0.586737871170044 0
1643653819644 0.1440505087375641 0
1643653961176 0.963097095489502 0
1643654102733 0.23194295167922974 0
1643654244298 0.26747927069664 0
1643654385845 0.4316985607147217 0
1643654527400 0.4358469843864441 0
1643654668959 0.32088902592658997 0
1643654810517 0.23717842996120453 0
1643654952084 0.5601012706756592 0
1643655093644 0.1885448694229126 0
1643655235189 0.14701926708221436 0
1643655376733 0.39010879397392273 0
1643655518278 0.17638824880123138 0
1643655659815 0.17486439645290375 0
1643655801336 0.4958757162094116 0
1643655942845 0.22746309638023376 0
1643656085935 0.19126616418361664 0
1643656227449 0.6152241826057434 0
1643656368979 0.4602651596069336 0
1643656510526 0.422704815864563 0
1643656652107 0.3654072880744934 0
1643656793652 0.42943593859672546 0
1643656935186 0.33454445004463196 0
1643657076705 0.2856917381286621 0
1643657218231 0.3932872414588928 0
1643657359768 0.3000297546386719 0
1643657501281 0.16263532638549805 0
1643657642786 0.3517046868801117 0
1643657784299 0.40613001585006714 0
1643657925843 0.49110525846481323 0
1643658067374 0.12818796932697296 0
1643658208901 0.40219956636428833 0
1643658350418 0.21561351418495178 0
1643658491938 0.584128201007843 0
1643658633468 0.22279861569404602 0
1643658774982 0.15785710513591766 0
1643658918055 0.3096800446510315 0
1643659059516 0.11833973228931427 0
1643659201024 0.5140054821968079 0
1643659342519 0.15070988237857819 0
1643659484017 0.21303029358386993 0
1643659625537 0.3232714831829071 0
1643659767058 0.2869551479816437 0
1643659908576 0.3383590281009674 0
1643660050076 0.1551436185836792 0
1643660191582 0.43778330087661743 0
1643660333079 0.2257031500339508 0
1643660474566 0.5299919843673706 0
1643660616080 0.2387274205684662 0
1643660757596 0.39478057622909546 0
1643660899095 0.17515385150909424 0
1643661040593 0.45526906847953796 0
1643661182108 0.48667994141578674 0
1643661323611 0.35325589776039124 0
1643661465145 0.25439903140068054 0
1643661606678 0.16704285144805908 0
1643661749736 0.3241708278656006 0
1643661891211 0.639931857585907 0
1643662032722 0.40251052379608154 0
1643662174225 0.47690585255622864 0
1643662315736 0.4329437017440796 0
1643662457267 0.3200565278530121 0
1643662598774 0.2719602584838867 0
1643662740297 0.46923574805259705 0
1643662881796 0.3577496111392975 0
1643663023302 0.3108426630496979 0
1643663164795 0.2866728901863098 0
1643663306308 0.3195553719997406 0
1643663447824 0.6564538478851318 0
1643663589361 0.517538845539093 0
1643663730913 0.3722449839115143 0
1643663872430 0.3306879997253418 0
1643664013923 0.2242010533809662 0
1643664155432 0.15478989481925964 0
1643664296954 0.2715568542480469 0
1643664438471 0.39091747999191284 0
1643664581879 0.16144654154777527 0
1643664723355 0.23061098158359528 0
1643664864862 0.7752028107643127 0
1643665006396 0.1383446455001831 0
1643665147911 0.22956164181232452 0
1643665289421 0.27270635962486267 0
1643665430935 0.3813813626766205 0
1643665572446 0.1749131679534912 0
1643665713966 0.24324513971805573 0
1643665855474 0.22423820197582245 0
1643665996963 0.35616040229797363 0
1643666138467 0.3281468152999878 0
1643666279934 0.16753119230270386 0
1643666421438 0.23605039715766907 0
1643666562932 0.257637619972229 0
1643666704412 0.3248988389968872 0
1643666845930 0.26322677731513977 0
1643666987429 0.4647047817707062 0
1643667128928 0.3277600407600403 0
1643667270408 0.28232091665267944 0
1643667413400 0.31651991605758667 0
1643667554858 0.1495787650346756 0
1643667696366 0.28244107961654663 0
1643667837879 0.2507084012031555 0
1643667979388 0.6160140037536621 0
1643668120883 0.17728208005428314 0
1643668262385 0.11340492218732834 0
1643668403907 0.3080095946788788 0
1643668545427 0.18868759274482727 0
1643668686958 1.0182238817214966 0
1643668828474 0.34717756509780884 0
1643668969999 0.18134278059005737 0
1643669111520 0.16321568191051483 0
1643669253038 0.2946201264858246 0
1643669394564 0.3002818524837494 0
1643669536104 0.23576030135154724 0
1643669677604 0.407025545835495 0
1643669819116 0.12114428728818893 0
1643669960613 0.3830319344997406 0
1643670102089 0.08776524662971497 0
1643670245154 0.24785621464252472 0
1643670386466 0.24896588921546936 0
1643670527826 0.24072331190109253 0
1643670669180 0.3798336088657379 0
1643670810540 0.20181125402450562 0
1643670951908 0.2744772136211395 0
1643671093277 0.16318979859352112 0
1643671234659 0.20228052139282227 0
1643671376074 0.41956889629364014 0
1643671517481 0.2018822729587555 0
1643671658875 0.28057053685188293 0
1643671800235 0.21361196041107178 0
1643671941590 0.5878177881240845 0
1643672082930 0.13883435726165771 0
1643672224284 0.2809300720691681 0
1643672365648 0.47214770317077637 0
1643672507002 0.16581086814403534 0
1643672648382 0.31012725830078125 0
1643672789709 0.7544219493865967 0
1643672931052 0.23833957314491272 0
1643673073968 0.36396193504333496 0
1643673215312 0.10603317618370056 0
1643673356666 0.2170550674200058 0
1643673498000 0.3445538878440857 0
1643673639323 0.20470349490642548 0
1643673780670 0.3615296483039856 0
1643673922001 0.1518220603466034 0
1643674063365 0.32253918051719666 0
1643674204729 0.5538435578346252 0
1643674346076 0.44106435775756836 0
1643674487439 0.19298778474330902 0
1643674628791 0.10617655515670776 0
1643674770167 0.20426204800605774 0
1643674911514 0.21208080649375916 0
1643675052898 0.22273050248622894 0
1643675194262 0.21196934580802917 0
1643675335601 0.13339799642562866 0
1643675476953 0.18986350297927856 0
1643675618283 0.15046894550323486 0
1643675759610 0.48943716287612915 0
1643675902510 0.48115554451942444 0
1643676043818 0.1451939344406128 0
1643676185147 0.3129884898662567 0
1643676326467 0.2731221616268158 0
1643676467772 0.42340385913848877 0
1643676609085 0.4705873429775238 0
1643676750360 0.15742065012454987 0
1643676891654 0.4691246747970581 0
1643677032978 0.832591712474823 0
1643677174279 0.5549120903015137 0
1643677315615 0.244935542345047 0
1643677456935 0.22741064429283142 0
1643677598253 0.341876745223999 0
1643677739562 0.17926958203315735 0
1643677880887 0.19209569692611694 0
1643678022193 0.3588043451309204 0
1643678163493 0.22336667776107788 0
1643678304783 0.21976536512374878 0
1643678446100 0.29075750708580017 0
1643678587431 0.2320181429386139 0
1643678730722 0.5648570656776428 0
1643678871973 0.18459272384643555 0
1643679013261 0.2471691220998764 0
1643679154519 0.5855452418327332 0
1643679295761 0.3038541078567505 0
1643679437025 0.2986918091773987 0
1643679578260 0.4782307744026184 0
1643679719509 0.582664430141449 0
1643679860754 0.23299649357795715 0
1643680001981 0.21938249468803406 0
1643680143253 0.35663720965385437 0
1643680284492 0.2375687062740326 0
1643680425734 0.116877481341362 0
1643680566974 0.2417914718389511 0
1643680708223 0.2009105086326599 0
1643680849448 0.41038328409194946 0
1643680990670 0.45821115374565125 0
1643681131913 0.23305785655975342 0
1643681273183 0.35278183221817017 0
1643681414460 0.21547608077526093 0
1643681557297 0.2624903917312622 0
1643681698586 0.1552172154188156 0
1643681839904 0.17459243535995483 0
1643681981198 0.13104507327079773 0
1643682122491 0.38865751028060913 0
1643682263753 0.42340075969696045 0
1643682405054 0.19270645081996918 0
1643682546365 0.501961886882782 0
1643682687669 0.16090407967567444 0
1643682828981 0.1410905122756958 0
1643682970283 0.22222086787223816 0
1643683111571 0.15034866333007812 0
1643683252861 0.327181339263916 0
1643683394147 0.29991212487220764 0
1643683535464 0.47401511669158936 0
1643683676827 0.1543508768081665 0
1643683818127 0.1960451602935791 0
1643683959423 0.1735154092311859 0
1643684100727 1.2993322610855103 0
1643684242039 0.2624033987522125 0
1643684384918 0.19574671983718872 0
1643684526233 0.10774672776460648 0
1643684667596 0.33172470331192017 0
1643684808926 0.4682615399360657 0
1643684950319 0.1744215041399002 0
1643685091839 0.6170738339424133 0
1643685233393 0.253057062625885 0
1643685374974 0.6417663097381592 0
1643685516547 0.22733908891677856 0
1643685658092 0.24535156786441803 0
1643685799638 0.13983254134655 0
1643685941196 0.26604554057121277 0
1643686082744 0.11325850337743759 0
1643686224333 0.11966770887374878 0
1643686365925 0.20118437707424164 0
1643686507516 0.23301586508750916 0
1643686649107 0.19772781431674957 0
1643686790681 0.19349277019500732 0
1643686932263 0.256848007440567 0
1643687073835 0.4023705720901489 0
1643687216972 0.26698464155197144 0
1643687358558 0.14076465368270874 0
1643687500164 0.41766357421875 0
1643687641777 0.27406585216522217 0
1643687783364 0.1226888969540596 0
1643687924971 0.2607334852218628 0
1643688066576 0.25158050656318665 0
1643688208186 0.41110163927078247 0
1643688349819 0.23247821629047394 0
1643688491453 0.5975143909454346 0
1643688633101 0.22092215716838837 0
1643688774762 0.2308153212070465 0
1643688916420 0.43772828578948975 0
1643689058068 0.28472504019737244 0
1643689199711 0.15374062955379486 0
1643689341355 0.16255147755146027 0
1643689482949 0.17080160975456238 0
1643689624547 0.32428666949272156 0
1643689766189 0.13384510576725006 0
1643689907814 0.34061309695243835 0
1643690050955 0.24595080316066742 0
1643690192536 0.17383939027786255 0
1643690334175 0.1887301802635193 0
1643690475812 0.21892231702804565 0
1643690617450 0.16302499175071716 0
1643690759105 0.5527034997940063 0
1643690900763 0.1545468270778656 0
1643691042410 0.26273229718208313 0
1643691184046 0.29170486330986023 0
1643691325643 0.11955994367599487 0
1643691467255 0.12841738760471344 0
1643691608888 0.2352903187274933 0
1643691750529 0.10852917283773422 0
1643691892166 0.21473321318626404 0
1643692033804 0.22797250747680664 0
1643692175458 0.3422842025756836 0
1643692317075 0.2464418262243271 0
1643692458733 0.14095710217952728 0
1643692600381 0.12716807425022125 0
1643692742061 0.2460409700870514 0
1643692885246 0.2830847501754761 0
1643693026845 0.23621766269207 0
1643693168458 0.4584391415119171 0
1643693310054 0.18268969655036926 0
1643693451630 0.2337729036808014 0
1643693593174 0.1807696372270584 0
1643693734748 0.2228916585445404 0
1643693876339 0.3852623701095581 0
1643694017941 0.43849754333496094 0
1643694159574 0.44021323323249817 0
1643694301177 0.28987443447113037 0
1643694442817 0.2792011499404907 0
1643694584411 0.13683867454528809 0
1643694725992 0.258146196603775 0
1643694867572 0.20991545915603638 0
1643695009155 0.22499734163284302 0
1643695150774 0.4422306418418884 0
1643695292385 0.4362527132034302 0
1643695434018 0.15094442665576935 0
1643695575650 0.1614595353603363 0
1643695718870 0.282523512840271 0
1643695860474 0.3078119158744812 0
1643696002115 0.179379403591156 0
1643696143694 0.9545022249221802 0
1643696285258 0.26313328742980957 0
1643696426828 0.23427918553352356 0
1643696568432 0.3035180866718292 0
1643696710001 0.25666001439094543 0
1643696851565 0.2391684353351593 0
1643696993180 0.17923441529273987 0
1643697134813 0.21015144884586334 0
1643697276450 0.4163103997707367 0
1643697418116 0.3140224516391754 0
1643697559763 0.10949026793241501 0
1643697701375 0.12370318174362183 0
1643697842946 0.5815852880477905 0
1643697984528 0.43574678897857666 0
1643698126156 0.33705902099609375 0
1643698267823 0.12677811086177826 0
1643698409471 0.14137686789035797 0
1643698553175 0.2042883038520813 0
1643698694834 0.18877887725830078 0
1643698836446 0.26631009578704834 0
1643698978048 0.2611170709133148 0
1643699119639 0.19957847893238068 0
1643699261246 0.6550014615058899 0
1643699402820 0.42070987820625305 0
1643699544361 0.38435888290405273 0
1643699685928 0.0993574783205986 0
1643699827538 0.37783920764923096 0
1643699969144 0.3746333122253418 0
1643700110755 0.32392027974128723 0
1643700252349 0.21974800527095795 0
1643700393912 0.15713274478912354 0
1643700535491 0.2305155247449875 0
1643700677103 0.2648099958896637 0
1643700818714 0.14375893771648407 0
1643700960341 0.31859439611434937 0
1643701101944 0.38227319717407227 0
1643701243553 0.22126895189285278 0
1643701386749 0.4805166721343994 0
1643701528326 0.2262250930070877 0
1643701669886 0.19154393672943115 0
1643701811450 0.383041650056839 0
1643701953015 0.6365214586257935 0
1643702094581 0.3375014066696167 0
1643702236131 0.14872094988822937 0
1643702377707 0.26435771584510803 0
1643702519307 0.28034186363220215 0
1643702660925 0.26776739954948425 0
1643702802550 0.14203400909900665 0
1643702944199 0.18828293681144714 0
1643703085799 0.11857893317937851 0
1643703227372 0.17279967665672302 0
1643703368942 0.2946622371673584 0
1643703510545 0.18050026893615723 0
1643703652158 0.17497038841247559 0
1643703793783 0.07750703394412994 0
1643703935402 0.5909872651100159 0
1643704077026 0.10647799074649811 0
1643704220215 0.25904470682144165 0
1643704361793 0.2201012521982193 0
1643704503357 0.3509623408317566 0
1643704644938 0.17070160806179047 0
1643704786489 0.3003111779689789 0
1643704928038 0.24615508317947388 0
1643705069565 0.29520994424819946 0
1643705211145 0.1580083966255188 0
1643705352736 0.3480948507785797 0
1643705494338 0.25230851769447327 0
1643705635911 0.15916359424591064 0
1643705777474 0.16093172132968903 0
1643705919028 0.21965952217578888 0
1643706060651 0.14703468978405 0
1643706202299 0.16478383541107178 0
1643706343950 0.26994866132736206 0
1643706485597 0.22285984456539154 0
1643706627238 0.2710069417953491 0
1643706768892 0.19171062111854553 0
1643706910498 0.19671647250652313 0
1643707053631 0.184325709939003 0
1643707195178 0.6630532741546631 0
1643707336758 0.41978567838668823 0
1643707478319 0.24045871198177338 0
1643707619870 0.1749439388513565 0
1643707761493 0.46399369835853577 0
1643707903117 0.1420910507440567 0
1643708044744 0.18833933770656586 0
1643708186380 0.2781587243080139 0
1643708328059 0.15594838559627533 0
1643708469731 0.2127392739057541 0
1643708611372 0.30725619196891785 0
1643708752968 0.29981377720832825 0
1643708894543 0.14578507840633392 0
1643709036157 0.17229802906513214 0
1643709177784 0.10713815689086914 0
1643709319432 0.23515841364860535 0
1643709461058 0.18536996841430664 0
1643709602705 0.154361292719841 0
1643709744362 0.5053378343582153 0
1643709887517 0.13705892860889435 0
1643710029086 0.40319857001304626 0
1643710170679 0.2636123299598694 0
1643710312300 0.20295044779777527 0
1643710453853 0.16097374260425568 0
1643710595402 0.2851921021938324 0
1643710737001 0.5719624757766724 0
1643710878636 0.3933873176574707 0
1643711020259 0.3120003938674927 0
1643711161868 0.19537311792373657 0
1643711303439 0.3912506699562073 0
1643711445019 0.5174177289009094 0
1643711586674 0.30960994958877563 0
1643711728318 0.25336936116218567 0
1643711869948 0.22608309984207153 0
1643712011567 0.37948116660118103 0
1643712153176 0.17060375213623047 0
1643712294779 0.18878129124641418 0
1643712436395 0.23844964802265167 0
1643712577980 0.1350160837173462 0
1643712721086 0.4370400607585907 0
1643712862646 0.223831906914711 0
1643713004235 0.1940675675868988 0
1643713145799 0.19839826226234436 0
1643713287363 0.2912464141845703 0
1643713428940 0.08645445108413696 0
1643713570548 0.1264105588197708 0
1643713712160 0.20819979906082153 0
1643713853765 0.16792647540569305 0
1643713995330 0.30662697553634644 0
1643714136879 0.5548223257064819 0
1643714278411 0.20256274938583374 0
1643714419970 0.07752849906682968 0
1643714561577 0.2919400930404663 0
1643714703187 0.1319294571876526 0
1643714844792 0.36086505651474 0
1643714986397 0.24473530054092407 0
1643715127997 0.33394184708595276 0
1643715269596 0.10051742196083069 0
1643715411160 0.3322739005088806 0
1643715554261 0.28933069109916687 0
1643715695811 0.19722509384155273 0
1643715837351 0.41685792803764343 0
1643715978890 0.2662934362888336 0
1643716120461 0.3562090992927551 0
1643716262046 0.4690534174442291 0
1643716403668 0.3950873017311096 0
1643716545293 0.42416974902153015 0
1643716686919 0.23734024167060852 0
1643716828565 0.23401162028312683 0
1643716970171 0.2667333483695984 0
1643717111735 0.24269899725914001 0
1643717253299 0.5997477769851685 0
1643717394903 0.3388940989971161 0
1643717536512 0.20427125692367554 0
1643717678095 0.1667720377445221 0
1643717819672 0.23227161169052124 0
1643717961277 0.3527216911315918 0
1643718102892 0.21195414662361145 0
1643718244528 0.16056059300899506 0
1643718388285 0.22055836021900177 0
1643718529858 0.23421145975589752 0
1643718671409 0.17412227392196655 0
1643718812966 0.24215368926525116 0
1643718954531 0.21999600529670715 0
1643719096086 0.2093137502670288 0
1643719237647 0.5021823644638062 0
1643719379231 0.23263728618621826 0
1643719520854 0.14054836332798004 0
1643719662485 0.1416710615158081 0
1643719804122 0.3066975474357605 0
1643719945764 0.3736404776573181 0
1643720087353 0.2917303740978241 0
1643720228899 0.2615189850330353 0
1643720370475 0.1566748172044754 0
1643720512103 0.13519231975078583 0
1643720653731 0.09379025548696518 0
1643720795365 0.14713646471500397 0
1643720937017 0.16906985640525818 0
1643721078661 0.17392383515834808 0
1643721221869 0.13450594246387482 0
1643721363511 0.1811843365430832 0
1643721505117 0.1801462322473526 0
1643721646673 0.4894860088825226 0
1643721788262 0.2390904724597931 0
1643721929899 0.2619255483150482 0
1643722071492 0.19559213519096375 0
1643722213043 0.13444866240024567 0
1643722354643 0.16260772943496704 0
1643722496246 0.08570121228694916 0
1643722637864 0.2524019777774811 0
1643722779488 0.13019460439682007 0
1643722921124 0.15435978770256042 0
1643723062698 0.3522684872150421 0
1643723204274 0.10682295262813568 0
1643723345853 0.617404580116272 0
1643723487446 0.21187080442905426 0
1643723629084 0.23984608054161072 0
1643723770709 0.1649208664894104 0
1643723912331 0.285797119140625 0
1643724055525 0.16203725337982178 0
1643724197115 0.4019862413406372 0
1643724338683 0.35514765977859497 0
1643724480251 0.5648393034934998 0
1643724621819 0.4262632429599762 0
1643724763392 0.16081027686595917 0
1643724904947 0.25715675950050354 0
1643725046479 0.18365143239498138 0
1643725188048 0.20342475175857544 0
1643725329679 0.15677326917648315 0
1643725471300 0.16052907705307007 0
1643725612932 0.31764549016952515 0
1643725754565 0.3933711051940918 0
1643725896154 0.29986482858657837 0
1643726037707 0.19494599103927612 0
1643726179267 0.30834078788757324 0
1643726320821 0.3040372133255005 0
1643726462368 0.15246230363845825 0
1643726603904 0.13728536665439606 0
1643726745435 0.273730605840683 0
1643726888505 0.3060177266597748 0
1643727030025 0.3811573386192322 0
1643727171550 0.18539085984230042 0
1643727313082 0.2858350872993469 0
1643727454615 0.2865789532661438 0
1643727596143 0.20574313402175903 0
1643727737653 0.2706015408039093 0
1643727879153 0.26284661889076233 0
1643728020652 0.2739259898662567 0
1643728162170 0.24257096648216248 0
1643728303683 0.12302522361278534 0
1643728445189 0.19930565357208252 0
1643728586691 0.4939505457878113 0
1643728728167 0.2847122251987457 0
1643728869649 0.1334092766046524 0
1643729011134 0.3635152578353882 0
1643729152613 0.3297238051891327 0
1643729294108 0.11922156810760498 0
1643729435590 0.3791438043117523 0
1643729577066 0.2128576636314392 0
1643729720090 0.4295414388179779 0
1643729861545 0.2617863416671753 0
1643730003005 0.14402568340301514 0
1643730144472 0.28527456521987915 0
1643730285945 0.27508822083473206 0
1643730427394 0.1950828731060028 0
1643730568827 0.2267075926065445 0
1643730710241 0.1469033658504486 0
1643730851644 0.14904455840587616 0
1643730993057 0.13964596390724182 0
1643731134497 0.25554221868515015 0
1643731275946 0.184321328997612 0
1643731417395 0.1294548362493515 0
1643731558848 0.12079456448554993 0
1643731700266 0.11242130398750305 0
1643731841663 0.1895771622657776 0
1643731983045 0.18424057960510254 0
1643732124417 0.21864430606365204 0
1643732265773 0.318034827709198 0
