1643590630223 6.607588529586792 0
1643590772039 1.0272305011749268 0
1643590913583 1.3463526964187622 0
1643591054996 1.4289282858371735 0
1643591196253 1.6018087267875671 0
1643591337535 0.5548274591565132 0
1643591478808 1.0824219435453415 0
1643591620063 1.4959582537412643 0
1643591761326 1.7158281803131104 0
1643591902602 1.4085118770599365 0
1643592043896 0.43568311631679535 0
1643592185207 0.17098065838217735 0
1643592326502 0.5379053056240082 0
1643592467808 0.808413565158844 0
1643592609108 1.112192079424858 0
1643592750395 1.3819673657417297 0
1643592891663 1.5646502375602722 0
1643593032961 1.2271113693714142 0
1643593174270 1.1801522970199585 0
1643593315575 1.6463727951049805 0
1643593456912 1.4821494668722153 0
1643593599821 0.83858722448349 0
1643593741173 0.868759959936142 0
1643593882509 1.0797500312328339 0
1643594023831 0.5019228309392929 0
1643594165199 0.3464924991130829 0
1643594306557 1.2077670618891716 0
1643594447913 0.7345402538776398 0
1643594589864 0.4261920154094696 0
1643594731857 1.587273359298706 0
1643594873855 0.48023511469364166 0
1643595015850 1.350259244441986 0
1643595157873 1.46854829788208 0
1643595299900 1.1917864084243774 0
1643595441918 0.259515430778265 0
1643595583938 1.4316747188568115 0
1643595725984 0.7848766446113586 0
1643595868030 1.2438341081142426 0
1643596010068 1.8729325532913208 0
1643596152121 0.6289593130350113 0
1643596294176 1.1001798212528229 0
1643596437856 0.8724586367607117 0
1643596579651 1.083261400461197 0
1643596721441 1.5208204984664917 0
1643596863243 1.3206124901771545 0
1643597005050 0.9586262106895447 0
1643597146875 1.1205876469612122 0
1643597288680 0.8258180022239685 0
1643597430511 1.0876342952251434 0
1643597572357 1.4756524562835693 0
1643597714182 1.0216229110956192 0
1643597856013 0.8593656420707703 0
1643597997831 0.6496661901473999 0
1643598139672 0.7550772130489349 0
1643598281503 1.057382494211197 0
1643598423349 1.535395309329033 0
1643598565186 0.6281446516513824 0
1643598707024 1.4432379007339478 0
1643598848855 0.9762424230575562 0
1643598990708 1.5260694026947021 0
1643599132577 0.8693526536226273 0
1643599276062 0.8826724588871002 0
1643599417926 1.5707542896270752 0
1643599559782 0.9175793826580048 0
1643599701659 0.6045724451541901 0
1643599843568 0.5970486700534821 0
1643599985437 0.5820410996675491 0
1643600127327 0.842313140630722 0
1643600269218 0.9128153622150421 0
1643600411106 1.216917261481285 0
1643600552992 0.5601745396852493 0
1643600694886 1.1255896985530853 0
1643600836791 1.6093299686908722 0
1643600978688 1.2015078663825989 0
1643601120585 0.7261059582233429 0
1643601262493 1.4772880673408508 0
1643601404395 1.3717022240161896 0
1643601546294 1.0816691219806671 0
1643601688165 1.5796970427036285 0
1643601830030 1.3892992734909058 0
1643601971896 0.5986418724060059 0
1643602115430 1.2013602405786514 0
1643602257327 1.4745270311832428 0
1643602399215 0.8009084165096283 0
1643602541118 0.7689773291349411 0
1643602683034 0.70519158244133 0
1643602824927 1.0533608794212341 0
1643602966823 0.7056265771389008 0
1643603108739 0.9151771068572998 0
1643603250660 0.9803089499473572 0
1643603392564 0.8403958976268768 0
1643603534434 1.2917776107788086 0
1643603676276 1.8427423238754272 0
1643603818157 0.4822972044348717 0
1643603960037 2.7774922847747803 0
1643604101850 2.044127970933914 0
1643604243715 0.8328777253627777 0
1643604385630 0.5509405881166458 0
1643604527527 1.8570399284362793 0
1643604669426 0.9397649168968201 0
1643604811319 1.3661887049674988 0
1643604954802 1.8339808583259583 0
1643605096699 1.3848196268081665 0
1643605238607 1.726186752319336 0
1643605380524 1.2955103516578674 0
1643605522421 0.9396427869796753 0
1643605664349 0.8797779679298401 0
1643605806224 1.074471801519394 0
1643605948053 0.8821172118186951 0
1643606089910 1.0045553147792816 0
1643606231786 2.1625043749809265 0
1643606373679 0.8922898471355438 0
1643606515544 0.9070697128772736 0
1643606657424 1.198270857334137 0
1643606799312 1.0626090168952942 0
1643606941210 1.2243715822696686 0
1643607083114 1.1810816824436188 0
1643607225023 0.7940182089805603 0
1643607366941 0.974229097366333 0
1643607508872 1.2382870614528656 0
1643607650797 1.018677294254303 0
1643607794393 0.8404118120670319 0
1643607936304 1.1271669268608093 0
1643608078209 0.7383789420127869 0
1643608220126 0.603123128414154 0
1643608362055 0.9958538711071014 0
1643608503951 1.8745295405387878 0
1643608645831 1.2387398481369019 0
1643608787750 1.4798930883407593 0
1643608929672 0.9406700134277344 0
1643609071613 1.3742845058441162 0
1643609213579 1.0656466484069824 0
1643609355536 0.919346272945404 0
1643609497512 1.2774410843849182 0
1643609639480 1.130279302597046 0
1643609781429 1.1851423382759094 0
1643609923382 0.7666514217853546 0
1643610065330 1.235607534646988 0
1643610207270 1.2203733325004578 0
1643610349244 1.5673360228538513 0
1643610491243 1.220662534236908 0
1643610634799 1.522738665342331 0
1643610777078 1.353394865989685 0
1643610919285 0.5373223945498466 0
1643611061494 1.0547266602516174 0
1643611203677 1.380240023136139 0
1643611345862 2.078310012817383 0
1643611488021 1.154660940170288 0
1643611630185 1.297002226114273 0
1643611772350 1.1358742415904999 0
1643611914505 1.6474118828773499 0
1643612056680 1.6092318892478943 0
1643612198891 0.8881669640541077 0
1643612341072 1.0564932227134705 0
1643612483262 1.458281397819519 0
1643612625446 1.1416796445846558 0
1643612767618 1.3220228552818298 0
1643612909764 0.7506558001041412 0
1643613051908 1.413031280040741 0
1643613194073 0.9352030754089355 0
1643613336275 0.854263961315155 0
1643613480049 0.9267115294933319 0
1643613622223 0.9264888614416122 0
1643613764408 1.0967997610569 0
1643613906576 1.139677345752716 0
1643614048734 1.3985044360160828 0
1643614190859 1.6697243452072144 0
1643614332973 1.0238307416439056 0
1643614475123 1.5435823202133179 0
1643614617245 1.3834551572799683 0
1643614759389 1.8366525769233704 0
1643614901502 0.7335224449634552 0
1643615043664 0.617366760969162 0
1643615185858 1.082010179758072 0
1643615328054 1.6139128804206848 0
1643615470225 1.0014180094003677 0
1643615612377 1.7924689054489136 0
1643615754500 1.4553146064281464 0
1643615896628 0.7442942559719086 0
1643616038775 1.2151032090187073 0
1643616180947 1.7681530714035034 0
1643616324815 0.6262404471635818 0
1643616466999 1.8854466676712036 0
1643616609184 0.7824364304542542 0
1643616751373 1.4210505485534668 0
1643616893562 0.9463834166526794 0
1643617035720 0.899873673915863 0
1643617177848 0.9538478553295135 0
1643617319968 1.2836425602436066 0
1643617462144 1.1343225836753845 0
1643617604298 2.021456718444824 0
1643617746438 1.4990125894546509 0
1643617888543 1.3709598183631897 0
1643618030683 1.2708864212036133 0
1643618172849 1.3890054821968079 0
1643618315019 1.262078434228897 0
1643618457195 0.7972032129764557 0
1643618599320 1.092827558517456 0
1643618741442 1.6496554017066956 0
1643618883587 1.5970425009727478 0
1643619025768 1.650590419769287 0
1643619169516 1.1335106790065765 0
1643619311689 2.053630530834198 0
1643619453884 1.1157854497432709 0
1643619596057 1.4231668710708618 0
1643619738240 0.9947305917739868 0
1643619880404 2.091643512248993 0
1643620022542 1.6328248381614685 0
1643620164644 1.62233567237854 0
1643620306754 0.9832312762737274 0
1643620448868 0.9771359264850616 0
1643620590954 1.6527701318264008 0
1643620733071 1.3471966087818146 0
1643620875237 1.6354895234107971 0
1643621017401 1.6511248350143433 0
1643621159569 0.991691917181015 0
1643621301735 0.4348623603582382 0
1643621443861 1.7200136184692383 0
1643621585991 1.3189632892608643 0
1643621728102 1.1564809083938599 0
1643621870238 1.223647579550743 0
1643622014001 0.9807750582695007 0
1643622156149 0.9386173784732819 0
1643622298317 1.3228615522384644 0
1643622440497 1.3461854457855225 0
1643622582630 1.0688722729682922 0
1643622724736 1.6089705228805542 0
1643622866855 1.0014626681804657 0
1643623009015 1.6019445061683655 0
1643623151136 0.973296731710434 0
1643623293246 1.7088568210601807 0
1643623435446 1.0933268666267395 0
1643623577635 2.0342480540275574 0
1643623719810 1.722916066646576 0
1643623861999 1.9492269158363342 0
1643624004159 1.218849629163742 0
1643624146311 1.0213619470596313 0
1643624288413 2.0476933121681213 0
1643624430498 1.591278612613678 0
1643624572610 1.3260918259620667 0
1643624714749 1.7748687267303467 0
1643624858655 1.3888927698135376 0
1643625000824 1.554372251033783 0
1643625143001 1.8282923102378845 0
1643625285162 1.2928646206855774 0
1643625427348 1.2300318479537964 0
1643625569514 1.870151937007904 0
1643625711623 1.3567524552345276 0
1643625853707 1.2420057654380798 0
1643625995810 1.63583105802536 0
1643626137931 0.9694759100675583 0
1643626280011 1.9108032584190369 0
1643626422116 0.8113231956958771 0
1643626564261 1.4225845038890839 0
1643626706419 1.778116226196289 0
1643626848560 1.1579210758209229 0
1643626990700 1.0933796167373657 0
1643627132827 1.1868603229522705 0
1643627274924 1.3346428871154785 0
1643627416986 0.9514544457197189 0
1643627559027 1.6429667472839355 0
1643627703701 1.2681998312473297 0
1643627845858 1.4880539178848267 0
1643627987984 1.8142550587654114 0
1643628130138 1.8080987930297852 0
1643628272333 1.8572931289672852 0
1643628414525 1.1766894459724426 0
1643628556713 1.4995166659355164 0
1643628698846 1.5971492528915405 0
1643628840925 1.93098783493042 0
1643628982992 2.252966523170471 0
1643629125091 1.0801283419132233 0
1643629267153 0.9332174956798553 0
1643629409184 1.2389639019966125 0
1643629551224 0.9877727925777435 0
1643629693359 1.1402070224285126 0
1643629835475 1.1442276239395142 0
1643629977571 2.1522353887557983 0
1643630119709 1.0968553721904755 0
1643630261852 1.9321117401123047 0
1643630404001 1.2790467143058777 0
1643630547680 0.8695793449878693 0
1643630689743 1.9611337184906006 0
1643630831804 1.446953922510147 0
1643630973915 0.8411625027656555 0
1643631116182 1.0495823621749878 0
1643631258102 1.5759382843971252 0
1643631400039 1.0581786036491394 0
1643631541977 1.7988714575767517 0
1643631683947 1.0258253514766693 0
1643631825914 1.6117035150527954 0
1643631967882 1.456969439983368 0
1643632109804 0.7785530686378479 0
1643632251671 2.0786136388778687 0
1643632393533 1.3654396533966064 0
1643632535417 1.2023955881595612 0
1643632677264 1.2840260863304138 0
1643632819067 0.9074576497077942 0
1643632960947 1.3490645289421082 0
1643633102886 1.2872950732707977 0
1643633244799 0.9061841666698456 0
1643633388262 1.1418260335922241 0
1643633530364 1.0367169380187988 0
1643633672505 1.5940847396850586 0
1643633814588 2.096749007701874 0
1643633956639 2.016156792640686 0
1643634098724 0.972485363483429 0
1643634240864 0.6373345255851746 0
1643634382997 1.5255112648010254 0
1643634525142 0.9416598081588745 0
1643634667287 1.2816719710826874 0
1643634809428 1.0076866447925568 0
1643634951572 0.9795940518379211 0
1643635093732 1.013552039861679 0
1643635235888 0.8561587035655975 0
1643635377999 0.6369817554950714 0
1643635520091 1.5103197693824768 0
1643635662177 1.1997033655643463 0
1643635804326 1.199783444404602 0
1643635946422 1.8284907639026642 0
1643636088471 1.0515031516551971 0
1643636232180 1.6005595326423645 0
1643636374332 1.3687684535980225 0
1643636516511 1.6861002445220947 0
1643636658683 1.426501750946045 0
1643636800837 1.324069857597351 0
1643636943003 1.7136942744255066 0
1643637085122 1.2011010944843292 0
1643637227214 1.6798316836357117 0
1643637369310 1.6482068300247192 0
1643637511463 1.2729434967041016 0
1643637653648 1.6617483496665955 0
1643637795811 1.085226833820343 0
1643637938012 1.1423119604587555 0
1643638080228 1.3396746516227722 0
1643638222421 0.9534987509250641 0
1643638364611 1.6965882182121277 0
1643638506778 1.4984419643878937 0
1643638648891 1.6593459248542786 0
1643638791001 1.456979513168335 0
1643638933158 1.1971389949321747 0
1643639076875 1.400164008140564 0
1643639218723 0.8445128202438354 0
1643639360610 0.9888309687376022 0
1643639502537 1.893765926361084 0
1643639644472 1.1721845269203186 0
1643639786394 1.7631978392601013 0
1643639928320 1.3965418934822083 0
1643640070244 1.4803425669670105 0
1643640212110 0.9252762198448181 0
1643640353956 1.852685809135437 0
1643640495772 1.597641408443451 0
1643640637594 1.2586273550987244 0
1643640779421 1.0617843568325043 0
1643640921238 1.1805617809295654 0
1643641063038 1.489306926727295 0
1643641204805 1.4225410223007202 0
1643641346575 1.5944556593894958 0
1643641488341 1.2852184176445007 0
1643641630120 1.5061563849449158 0
1643641771892 1.5659158825874329 0
1643641915423 1.6451889872550964 0
1643642057150 1.2242644131183624 0
1643642198872 1.2277158796787262 0
1643642340610 1.4042245745658875 0
1643642482358 1.350671112537384 0
1643642624091 0.8316788971424103 0
1643642765820 1.5262309908866882 0
1643642907551 1.4078616499900818 0
1643643049284 1.0316062271595001 0
1643643191001 1.1529590487480164 0
1643643332718 1.5332595705986023 0
1643643474442 0.9353040307760239 0
1643643616177 1.3703815340995789 0
1643643757909 2.0491791367530823 0
1643643899630 1.2899956107139587 0
1643644041348 1.6594796776771545 0
1643644183061 1.194838523864746 0
1643644324767 1.435716599225998 0
1643644466477 1.3284305930137634 0
1643644608178 0.9694907963275909 0
1643644751435 1.4850797057151794 0
1643644893096 1.7288275957107544 0
1643645034785 1.4662228226661682 0
1643645176484 1.3284006118774414 0
1643645318190 1.2813071608543396 0
1643645459884 1.4039642810821533 0
1643645601580 1.6619884967803955 0
1643645743291 1.06912961602211 0
1643645884970 1.1432903409004211 0
1643646026653 1.141001582145691 0
1643646168339 1.5861399173736572 0
1643646310034 1.963888943195343 0
1643646451727 1.5027601718902588 0
1643646593424 1.0851007401943207 0
1643646735110 1.9095101356506348 0
1643646876802 1.633118212223053 0
1643647018492 1.184436321258545 0
1643647160189 1.1226607859134674 0
1643647301905 1.7375466227531433 0
1643647443596 1.671203374862671 0
1643647586838 1.0128034353256226 0
1643647728375 2.0277820825576782 0
1643647869939 1.8292967677116394 0
1643648011504 1.9998353719711304 0
1643648153093 1.650254726409912 0
1643648294658 1.368650496006012 0
1643648436235 1.481255829334259 0
1643648577809 1.2060705423355103 0
1643648719402 1.994713306427002 0
1643648861002 1.3258885145187378 0
1643649002631 1.7928125262260437 0
1643649144250 1.338535189628601 0
1643649285866 0.7105673551559448 0
1643649427473 1.1347477734088898 0
1643649569070 1.3513453006744385 0
1643649710665 1.9170863032341003 0
1643649852248 1.7523874938488007 0
1643649993820 1.0981049537658691 0
1643650135394 1.0244044065475464 0
1643650276938 1.074629694223404 0
1643650420070 1.0420735776424408 0
1643650561621 1.3720126748085022 0
1643650703196 1.4159069657325745 0
1643650844768 1.8044297993183136 0
1643650986345 1.6750556230545044 0
1643651127915 1.3752944469451904 0
1643651269492 0.5555320531129837 0
1643651411082 1.5200501084327698 0
1643651552657 0.8110029399394989 0
1643651694231 1.229869395494461 0
1643651836129 1.2953162789344788 0
1643651977756 1.7302134037017822 0
1643652119372 1.2518231272697449 0
1643652260976 0.8719063103199005 0
1643652402586 1.2814169526100159 0
1643652544204 1.071788102388382 0
1643652686081 1.07937091588974 0
1643652827558 1.8324680626392365 0
1643652969016 1.4784101843833923 0
1643653110468 1.7708874940872192 0
1643653253509 0.7889316976070404 0
1643653395008 1.915008783340454 0
1643653536539 0.7822177708148956 0
1643653678093 1.652597576379776 0
1643653819644 1.4909477233886719 0
1643653961168 1.5724886655807495 0
1643654102725 1.1830673217773438 0
1643654244290 0.9562246203422546 0
1643654385845 1.696742296218872 0
1643654527392 1.4980061054229736 0
1643654668951 1.4411951899528503 0
1643654810509 1.7395294904708862 0
1643654952074 1.7134684026241302 0
1643655093644 1.559683382511139 0
1643655235179 1.2307990789413452 0
1643655376733 1.463615357875824 0
1643655518278 1.682238757610321 0
1643655659807 1.9903872609138489 0
1643655801326 2.44986355304718 0
1643655942845 1.5373506247997284 0
1643656085935 1.633490264415741 0
1643656227439 1.861426293849945 0
1643656368979 1.5507114827632904 0
1643656510526 1.177081286907196 0
1643656652097 1.1306982338428497 0
1643656793642 0.7587336003780365 0
1643656935178 1.5814638137817383 0
1643657076705 1.7782776355743408 0
1643657218223 1.121976763010025 0
1643657359766 1.4746409058570862 0
1643657501281 1.836879312992096 0
1643657642778 1.5045692324638367 0
1643657784299 1.3189526200294495 0
1643657925843 1.1146934628486633 0
1643658067364 1.9577063918113708 0
1643658208899 1.0514668226242065 0
1643658350410 1.8684690594673157 0
1643658491938 0.9076253473758698 0
1643658633460 0.9137232601642609 0
1643658774982 1.3531961143016815 0
1643658918045 0.777609646320343 0
1643659059516 2.420881927013397 0
1643659201016 1.096370905637741 0
1643659342519 1.5022225975990295 0
1643659484017 1.5679621696472168 0
1643659625529 0.8089274764060974 0
1643659767054 1.0681719183921814 0
1643659908568 1.2252787053585052 0
1643660050066 2.189917206764221 0
1643660191580 1.1451470851898193 0
1643660333071 1.6045325994491577 0
1643660474566 1.099956750869751 0
1643660616080 1.5474804937839508 0
1643660757588 1.2531808912754059 0
1643660899087 0.9625952839851379 0
1643661040593 1.4118312001228333 0
1643661182100 1.5676165223121643 0
1643661323611 1.350874662399292 0
1643661465145 1.1905753016471863 0
1643661606673 1.6428346037864685 0
1643661749726 1.0459665656089783 0
1643661891211 1.4214357733726501 0
1643662032722 1.4867844581604004 0
1643662174223 0.816521406173706 0
1643662315736 2.002435564994812 0
1643662457267 1.3749504685401917 0
1643662598766 0.8616014719009399 0
1643662740289 0.7402399182319641 0
1643662881796 1.446782410144806 0
1643663023302 1.2807804346084595 0
1643663164795 1.666691243648529 0
1643663306300 1.4828867316246033 0
1643663447816 1.3763960599899292 0
1643663589361 1.760308563709259 0
1643663730913 1.4387465119361877 0
1643663872422 2.039178729057312 0
1643664013923 1.1788782179355621 0
1643664155424 1.2849382907152176 0
1643664296954 1.52323979139328 0
1643664438471 1.93370920419693 0
1643664581879 0.87819604575634 0
1643664723355 1.5733592510223389 0
1643664864862 2.0281373262405396 0
1643665006388 1.1728844940662384 0
1643665147909 0.9662196338176727 0
1643665289421 1.7790570855140686 0
1643665430935 1.4697962701320648 0
1643665572446 1.4001958966255188 0
1643665713966 0.9831737577915192 0
1643665855466 1.0109647810459137 0
1643665996955 1.1470733880996704 0
1643666138459 0.9287033975124359 0
1643666279934 1.0345771312713623 0
1643666421430 1.6593168675899506 0
1643666562924 1.0091930329799652 0
1643666704412 1.640166699886322 0
1643666845930 1.230878472328186 0
1643666987429 1.8863916397094727 0
1643667128920 0.8118186891078949 0
1643667270398 1.2624728083610535 0
1643667413400 1.6272174715995789 0
1643667554858 1.297626554965973 0
1643667696366 1.1468114852905273 0
1643667837867 1.0601436495780945 0
1643667979388 1.5685381591320038 0
1643668120875 0.5883212834596634 0
1643668262377 1.1560927033424377 0
1643668403899 1.9393393993377686 0
1643668545419 1.576393961906433 0
1643668686958 1.5858063697814941 0
1643668828464 0.8399629592895508 0
1643668969999 0.7649632692337036 0
1643669111512 1.5216782093048096 0
1643669253038 1.139340341091156 0
1643669394564 1.1601564288139343 0
1643669536093 1.2635467052459717 0
1643669677604 0.9973582774400711 0
1643669819116 0.8773214221000671 0
1643669960605 1.6290999054908752 0
1643670102081 1.5794526934623718 0
1643670245144 1.7107122540473938 0
1643670386466 1.5295807123184204 0
1643670527826 1.6475129425525665 0
1643670669172 1.8720835447311401 0
1643670810532 0.7856675982475281 0
1643670951898 1.9035161137580872 0
1643671093277 1.3966299295425415 0
1643671234659 2.529601216316223 0
1643671376074 1.4365963339805603 0
1643671517481 1.913440227508545 0
1643671658865 2.297890543937683 0
1643671800235 1.197657585144043 0
1643671941590 1.0462063252925873 0
1643672082922 1.665278673171997 0
1643672224284 1.338171124458313 0
1643672365646 1.335184097290039 0
1643672507002 1.0380621254444122 0
1643672648374 1.0528163313865662 0
1643672789701 2.177982270717621 0
1643672931044 0.8931410610675812 0
1643673073968 1.9197012186050415 0
1643673215312 1.3506254851818085 0
1643673356666 1.513534128665924 0
1643673498000 1.262181580066681 0
1643673639323 0.9330431967973709 0
1643673780662 1.8655434250831604 0
1643673921996 0.8283413946628571 0
1643674063357 0.8551440536975861 0
1643674204721 1.6404803395271301 0
1643674346076 1.2549142837524414 0
1643674487439 1.796946108341217 0
1643674628791 1.3859785199165344 0
1643674770159 1.2951544225215912 0
1643674911506 1.635568916797638 0
1643675052890 2.2536377906799316 0
1643675194252 1.1532662510871887 0
1643675335593 1.6919592022895813 0
1643675476945 1.9748243689537048 0
1643675618273 1.1047845780849457 0
1643675759602 1.7476000785827637 0
1643675902500 1.3750450909137726 0
1643676043816 0.9493259787559509 0
1643676185139 1.8120123147964478 0
1643676326467 0.9068071842193604 0
1643676467764 1.0405602753162384 0
1643676609076 1.521599292755127 0
1643676750352 1.4403003454208374 0
1643676891644 1.5860267281532288 0
1643677032968 1.5411335825920105 0
1643677174271 0.9305007755756378 0
1643677315607 1.4924429655075073 0
1643677456925 1.4378425478935242 0
1643677598253 0.9870591461658478 0
1643677739554 1.3480128645896912 0
1643677880887 1.104561448097229 0
1643678022193 1.1738275289535522 0
1643678163493 2.0009137988090515 0
1643678304783 1.4683161973953247 0
1643678446100 1.0705689787864685 0
1643678587421 1.304489254951477 0
1643678730714 2.3553091287612915 0
1643678871965 1.8281952142715454 0
1643679013253 1.4117478132247925 0
1643679154511 1.2561525106430054 0
1643679295761 1.4093409776687622 0
1643679437017 1.4214556217193604 0
1643679578252 1.4332495331764221 0
1643679719509 1.3017636239528656 0
1643679860746 0.608716294169426 0
1643680001981 1.6861880421638489 0
1643680143245 1.730233371257782 0
1643680284492 1.9395095109939575 0
1643680425726 1.4354552030563354 0
1643680566974 1.2329703569412231 0
1643680708213 1.183949500322342 0
1643680849444 0.9781191051006317 0
1643680990662 1.2702261209487915 0
1643681131913 1.3079410195350647 0
1643681273183 1.543948233127594 0
1643681414460 1.4028765559196472 0
1643681557287 1.1433890461921692 0
1643681698577 1.829308271408081 0
1643681839904 1.1572932600975037 0
1643681981198 1.4440815448760986 0
1643682122483 1.8413870930671692 0
1643682263753 1.3576145768165588 0
1643682405054 1.3315753936767578 0
1643682546355 1.062932401895523 0
1643682687669 1.2591449618339539 0
1643682828981 1.1692881882190704 0
1643682970278 1.5177707374095917 0
1643683111561 0.8495568335056305 0
1643683252853 1.6707496047019958 0
1643683394137 1.6541023254394531 0
1643683535456 1.5711122751235962 0
1643683676817 0.8723370432853699 0
1643683818119 1.2415704131126404 0
1643683959423 1.5751386284828186 0
1643684100719 2.1496188640594482 0
1643684242039 1.2283594012260437 0
1643684384908 1.9274299144744873 0
1643684526233 1.8128848671913147 0
1643684667586 1.109462171792984 0
1643684808926 1.567956268787384 0
1643684950319 1.892024576663971 0
1643685091839 2.165396213531494 0
1643685233385 1.4746041297912598 0
1643685374966 0.999215617775917 0
1643685516537 1.3670259714126587 0
1643685658084 1.494672954082489 0
1643685799630 1.8601616621017456 0
1643685941196 0.9829270243644714 0
1643686082744 0.8859569430351257 0
1643686224325 1.6251592636108398 0
1643686365917 1.4884091317653656 0
1643686507508 1.4573139548301697 0
1643686649107 1.2883934378623962 0
1643686790673 0.9453109800815582 0
1643686932255 1.5725234150886536 0
1643687073830 1.1836642622947693 0
1643687216962 0.8717570304870605 0
1643687358558 1.36699640750885 0
1643687500156 1.400313377380371 0
1643687641777 1.6083380579948425 0
1643687783364 1.1465518772602081 0
1643687924959 1.8573035597801208 0
1643688066566 1.455441176891327 0
1643688208176 1.1839973032474518 0
1643688349811 0.8088050186634064 0
1643688491453 1.595141589641571 0
1643688633093 1.7084552645683289 0
1643688774760 1.4999264478683472 0
1643688916418 1.1608528792858124 0
1643689058060 1.2984414100646973 0
1643689199711 1.1852638721466064 0
1643689341347 1.7417068481445312 0
1643689482949 1.0603213161230087 0
1643689624547 1.3820096254348755 0
1643689766189 0.9426408112049103 0
1643689907806 1.8269274234771729 0
1643690050950 1.717483639717102 0
1643690192536 1.0851252377033234 0
1643690334165 1.209463119506836 0
1643690475812 1.3643584847450256 0
1643690617450 2.131731867790222 0
1643690759097 1.6096981167793274 0
1643690900763 1.6870688796043396 0
1643691042410 1.4703757762908936 0
1643691184038 1.2416258752346039 0
1643691325643 1.717448353767395 0
1643691467255 1.550788164138794 0
1643691608888 1.6409051716327667 0
1643691750529 1.8803160190582275 0
1643691892158 2.020804286003113 0
1643692033804 1.4027025997638702 0
1643692175450 0.9917111396789551 0
1643692317075 1.1426187455654144 0
1643692458733 1.0329140722751617 0
1643692600381 1.1153186559677124 0
1643692742053 1.572409749031067 0
1643692885246 1.6272599697113037 0
1643693026845 1.777999222278595 0
1643693168458 1.630850076675415 0
1643693310044 1.4652528762817383 0
1643693451630 1.5819018483161926 0
1643693593174 1.167850136756897 0
1643693734740 1.3201068937778473 0
1643693876339 1.0498601794242859 0
1643694017933 1.5757745802402496 0
1643694159564 1.2451262176036835 0
1643694301177 1.7165581583976746 0
1643694442809 1.691549003124237 0
1643694584403 1.5228979587554932 0
1643694725992 0.8386742472648621 0
1643694867572 0.7565723955631256 0
1643695009155 1.3850253820419312 0
1643695150774 1.2707094252109528 0
1643695292385 1.9940325021743774 0
1643695434010 1.4638342261314392 0
1643695575650 1.2619835138320923 0
1643695718859 1.3787886202335358 0
1643695860474 1.684185802936554 0
1643696002107 1.267345517873764 0
1643696143684 1.2428019046783447 0
1643696285248 1.5906402468681335 0
1643696426828 0.9560114443302155 0
1643696568430 1.7152620553970337 0
1643696710001 1.1043888628482819 0
1643696851565 1.6770241856575012 0
1643696993176 1.0635818541049957 0
1643697134803 1.3061972260475159 0
1643697276450 1.0975147187709808 0
1643697418106 1.8125260472297668 0
1643697559763 1.6934404969215393 0
1643697701367 1.6515427827835083 0
1643697842946 1.332006573677063 0
1643697984520 1.2383486032485962 0
1643698126156 2.102743446826935 0
1643698267815 1.600900113582611 0
1643698409463 0.5969987958669662 0
1643698553175 1.2072322964668274 0
1643698694829 1.52593332529068 0
1643698836446 0.9472783505916595 0
1643698978048 1.0237106680870056 0
1643699119634 1.5898385047912598 0
1643699261238 1.2772484421730042 0
1643699402815 1.6843458116054535 0
1643699544350 0.9628373980522156 0
1643699685928 1.0289817154407501 0
1643699827528 1.7907204031944275 0
1643699969144 0.5315731763839722 0
1643700110747 1.5041844844818115 0
1643700252341 1.6581133604049683 0
1643700393912 1.8221110105514526 0
1643700535491 1.9806163907051086 0
1643700677103 1.524731457233429 0
1643700818714 1.2886818647384644 0
1643700960331 1.2673218846321106 0
1643701101944 1.2686660885810852 0
1643701243553 1.8109248280525208 0
1643701386749 1.7447625398635864 0
1643701528318 1.156185895204544 0
1643701669886 1.9050198197364807 0
1643701811440 0.7896742820739746 0
1643701953015 1.211118072271347 0
1643702094581 1.2066463828086853 0
1643702236131 1.532191514968872 0
1643702377699 1.557628870010376 0
1643702519297 1.498654067516327 0
1643702660925 2.105493187904358 0
1643702802550 1.1760761141777039 0
1643702944199 1.1705609261989594 0
1643703085799 1.8933272957801819 0
1643703227364 1.2793012261390686 0
1643703368934 1.5158811807632446 0
1643703510545 1.4521981477737427 0
1643703652148 1.1695000529289246 0
1643703793775 1.0310408771038055 0
1643703935402 1.6898990869522095 0
1643704077016 1.2592405080795288 0
1643704220207 1.7250272035598755 0
1643704361791 1.7163385152816772 0
1643704503349 1.2499491572380066 0
1643704644937 1.4106112122535706 0
1643704786489 1.6978815793991089 0
1643704928030 0.9435449987649918 0
1643705069565 1.2580063939094543 0
1643705211145 1.3140016794204712 0
1643705352736 1.6404531002044678 0
1643705494338 1.3736200332641602 0
1643705635911 1.6110752820968628 0
1643705777474 1.2325378060340881 0
1643705919028 1.649825096130371 0
1643706060651 1.5492368340492249 0
1643706202299 1.3290349543094635 0
1643706343950 0.9207265675067902 0
1643706485587 1.4205626845359802 0
1643706627230 1.0188901126384735 0
1643706768884 1.2375896573066711 0
1643706910498 1.306211531162262 0
1643707053623 1.01205375790596 0
1643707195176 1.2451688647270203 0
1643707336758 1.7191548347473145 0
1643707478310 1.599863588809967 0
1643707619870 1.74097341299057 0
1643707761493 1.109311044216156 0
1643707903117 1.3131212294101715 0
1643708044736 1.6097950339317322 0
1643708186380 1.6724191904067993 0
1643708328049 1.37396639585495 0
1643708469721 1.6215644180774689 0
1643708611372 1.707043468952179 0
1643708752968 1.9528118968009949 0
1643708894543 1.6477999687194824 0
1643709036157 1.8057271838188171 0
1643709177782 1.6745432615280151 0
1643709319424 1.5578224658966064 0
1643709461058 1.886400580406189 0
1643709602697 1.3202539086341858 0
1643709744362 1.1648566126823425 0
1643709887507 1.480427861213684 0
1643710029086 1.1724612712860107 0
1643710170679 1.4737510085105896 0
1643710312290 1.7368611693382263 0
1643710453845 1.9315396547317505 0
1643710595402 1.4667872786521912 0
1643710737001 0.9934360086917877 0
1643710878628 1.3848156332969666 0
1643711020259 1.6308872699737549 0
1643711161868 1.7963868975639343 0
1643711303439 1.8533560037612915 0
1643711445019 1.2960633635520935 0
1643711586672 0.5406957864761353 0
1643711728318 1.2610343098640442 0
1643711869938 2.018418252468109 0
1643712011559 2.0140702724456787 0
1643712153176 1.2150642573833466 0
1643712294779 1.224355787038803 0
1643712436395 2.120017647743225 0
1643712577980 1.41716867685318 0
1643712721076 1.634239912033081 0
1643712862638 1.9812427163124084 0
1643713004235 1.2918795347213745 0
1643713145790 1.1402639746665955 0
1643713287353 1.1362566351890564 0
1643713428930 1.2415924072265625 0
1643713570540 1.6599324941635132 0
1643713712160 1.3014287948608398 0
1643713853757 1.424869567155838 0
1643713995330 1.654396653175354 0
1643714136879 1.603412389755249 0
1643714278401 1.7021939754486084 0
1643714419970 1.3162657022476196 0
1643714561577 2.180921196937561 0
1643714703177 1.2766812443733215 0
1643714844792 1.207937777042389 0
1643714986397 1.528491497039795 0
1643715127997 1.4566222429275513 0
1643715269596 0.9940927028656006 0
1643715411160 1.007108062505722 0
1643715554253 1.3502262234687805 0
1643715695803 1.7546966671943665 0
1643715837351 1.4323391914367676 0
1643715978888 1.080448865890503 0
1643716120451 1.5995820760726929 0
1643716262038 1.9377381801605225 0
1643716403666 1.427968442440033 0
1643716545285 1.492055594921112 0
1643716686919 1.3027105033397675 0
1643716828557 1.52510267496109 0
1643716970160 2.4900113344192505 0
1643717111725 1.5610686540603638 0
1643717253299 0.8360813558101654 0
1643717394895 1.0979406088590622 0
1643717536504 0.9138058423995972 0
1643717678095 1.600100040435791 0
1643717819672 1.4183834791183472 0
1643717961277 1.211388349533081 0
1643718102892 1.4831882119178772 0
1643718244526 0.9784064888954163 0
1643718388283 1.6106392741203308 0
1643718529848 1.631987452507019 0
1643718671399 1.0635113716125488 0
1643718812966 2.054965317249298 0
1643718954531 1.006233274936676 0
1643719096076 1.247983455657959 0
1643719237639 1.310389518737793 0
1643719379231 1.2455719113349915 0
1643719520846 1.7143575549125671 0
1643719662476 2.178942918777466 0
1643719804122 1.4719855785369873 0
1643719945754 1.2224520444869995 0
1643720087353 1.4944995045661926 0
1643720228891 1.266751378774643 0
1643720370465 1.2650902271270752 0
1643720512095 1.5122856497764587 0
1643720653731 1.6828055381774902 0
1643720795365 1.5200252532958984 0
1643720937007 1.648068904876709 0
1643721078661 2.3298444151878357 0
1643721221861 1.590025544166565 0
1643721363511 1.5977192521095276 0
1643721505113 1.9675893783569336 0
1643721646673 1.537875771522522 0
1643721788254 1.1976868510246277 0
1643721929898 1.207925945520401 0
1643722071484 1.450677752494812 0
1643722213043 1.8490199446678162 0
1643722354643 1.435935616493225 0
1643722496238 1.4239404201507568 0
1643722637864 1.1446682810783386 0
1643722779478 1.5248849391937256 0
1643722921116 1.7935733795166016 0
1643723062688 1.6694795489311218 0
1643723204264 1.8159228563308716 0
1643723345845 1.2032954394817352 0
1643723487446 1.5282294154167175 0
1643723629076 1.3791930079460144 0
1643723770701 1.3156741261482239 0
1643723912331 1.8491494059562683 0
1643724055523 1.5850470066070557 0
1643724197115 2.26565682888031 0
1643724338683 2.054365634918213 0
1643724480251 1.9766217470169067 0
1643724621812 1.5924752950668335 0
1643724763392 1.1909828186035156 0
1643724904939 2.4186832904815674 0
1643725046468 1.5007303953170776 0
1643725188040 1.9339901208877563 0
1643725329674 1.0165951550006866 0
1643725471300 1.7961673736572266 0
1643725612932 1.5909512639045715 0
1643725754565 1.5609074234962463 0
1643725896154 1.4583213329315186 0
1643726037707 1.3688222169876099 0
1643726179267 1.5911104083061218 0
1643726320813 1.3673459887504578 0
1643726462368 2.2297021746635437 0
1643726603904 1.0643575191497803 0
1643726745435 1.0426486730575562 0
1643726888503 2.1243762969970703 0
1643727030017 1.7375615239143372 0
1643727171550 1.230402022600174 0
1643727313080 1.239090621471405 0
1643727454606 1.1110809743404388 0
1643727596135 1.9372612237930298 0
1643727737653 1.4329004287719727 0
1643727879145 1.3682056069374084 0
1643728020652 1.7242708206176758 0
1643728162162 1.4286114573478699 0
1643728303683 1.5485839247703552 0
1643728445189 1.4231688380241394 0
1643728586681 1.619560956954956 0
1643728728167 1.5596852004528046 0
1643728869649 2.053429067134857 0
1643729011126 1.8764460682868958 0
1643729152613 1.6603403091430664 0
1643729294108 1.6628976464271545 0
1643729435582 1.8119316697120667 0
1643729577066 1.4349324107170105 0
1643729720090 1.7667967081069946 0
1643729861537 1.7296629548072815 0
1643730003005 0.8357561230659485 0
1643730144472 1.475085198879242 0
1643730285945 2.2570493817329407 0
1643730427394 1.8001377582550049 0
1643730568827 2.0702351331710815 0
1643730710233 2.2430042028427124 0
1643730851644 1.3176974058151245 0
1643730993057 1.650762915611267 0
1643731134497 1.4175668358802795 0
1643731275938 1.277353048324585 0
1643731417395 1.930402159690857 0
1643731558840 1.3556925654411316 0
1643731700258 1.1112182140350342 0
1643731841655 1.5903769135475159 0
1643731983037 1.3883976936340332 0
1643732124417 1.9032278656959534 0
1643732265763 1.8039613962173462 0
