1643590630226 6.852648735046387 0
1643590772041 1.8657290935516357 0
1643590913583 2.200787305831909 0
1643591054996 1.8587646484375 0
1643591196261 2.3892934322357178 0
1643591337535 1.8334887027740479 0
1643591478816 3.2263832092285156 0
1643591620063 1.5895459651947021 0
1643591761326 1.4512966871261597 0
1643591902602 1.949355125427246 0
1643592043896 2.3482980728149414 0
1643592185207 1.284716010093689 0
1643592326502 2.143411874771118 0
1643592467816 1.6623704433441162 0
1643592609108 1.3924199342727661 0
1643592750403 0.6971611976623535 0
1643592891665 1.1885974407196045 0
1643593032970 1.7722917795181274 0
1643593174270 1.4676575660705566 0
1643593315583 1.0230611562728882 0
1643593456912 2.2047269344329834 0
1643593599821 1.6242167949676514 0
1643593741181 2.1126458644866943 0
1643593882517 1.0054839849472046 0
1643594023839 1.7209769487380981 0
1643594165199 1.7549757957458496 0
1643594306557 1.30753755569458 0
1643594447913 0.8524017333984375 0
1643594589864 2.008821487426758 0
1643594731857 1.4319820404052734 0
1643594873858 2.618283987045288 0
1643595015858 2.1834933757781982 0
1643595157878 1.6844580173492432 0
1643595299902 1.8375284671783447 0
1643595441926 2.614163875579834 0
1643595583938 1.855871558189392 0
1643595725984 1.6210064888000488 0
1643595868030 0.7226589918136597 0
1643596010068 2.185690402984619 0
1643596152121 1.0734431743621826 0
1643596294176 1.3444937467575073 0
1643596437856 1.226029396057129 0
1643596579651 1.6534287929534912 0
1643596721444 1.1808674335479736 0
1643596863243 0.9926152229309082 0
1643597005050 1.582400918006897 0
1643597146875 0.9423205852508545 0
1643597288680 1.0427546501159668 0
1643597430519 1.3900905847549438 0
1643597572357 1.3184024095535278 0
1643597714182 0.9935897588729858 0
1643597856013 1.092871904373169 0
1643597997839 1.2462809085845947 0
1643598139672 1.000399112701416 0
1643598281511 1.0958092212677002 0
1643598423349 1.0615193843841553 0
1643598565194 0.9054199457168579 0
1643598707024 1.5079081058502197 0
1643598848855 1.261460781097412 0
1643598990716 1.1750365495681763 0
1643599132577 1.0236539840698242 0
1643599276062 1.3803484439849854 0
1643599417934 1.6805684566497803 0
1643599559782 1.2862093448638916 0
1643599701659 1.3325101137161255 0
1643599843568 1.112497329711914 0
1643599985445 1.358393907546997 0
1643600127327 1.2912309169769287 0
1643600269226 1.1141360998153687 0
1643600411106 1.2281806468963623 0
1643600552992 0.9036296010017395 0
1643600694888 1.230591058731079 0
1643600836794 1.7159277200698853 0
1643600978688 0.9085873365402222 0
1643601120585 1.0278847217559814 0
1643601262493 0.9119980335235596 0
1643601404397 1.2189452648162842 0
1643601546294 1.0510621070861816 0
1643601688165 1.2162253856658936 0
1643601830030 1.3913240432739258 0
1643601971896 1.066388487815857 0
1643602115432 1.0304404497146606 0
1643602257327 0.800725519657135 0
1643602399223 1.0873528718948364 0
1643602541127 0.9687745571136475 0
1643602683042 1.0241020917892456 0
1643602824927 0.8962410688400269 0
1643602966823 1.9864120483398438 0
1643603108739 0.7431113123893738 0
1643603250660 1.0711033344268799 0
1643603392564 1.827051043510437 0
1643603534434 1.1293164491653442 0
1643603676276 1.044419527053833 0
1643603818165 1.9329107999801636 0
1643603960037 0.9162973761558533 0
1643604101850 1.1908090114593506 0
1643604243715 0.9923065304756165 0
1643604385633 0.9332077503204346 0
1643604527535 1.307591438293457 0
1643604669426 1.070705771446228 0
1643604811319 1.261648178100586 0
1643604954802 1.0444183349609375 0
1643605096699 1.0435328483581543 0
1643605238607 1.105563759803772 0
1643605380524 0.7935888767242432 0
1643605522431 0.8611542582511902 0
1643605664349 0.9440934658050537 0
1643605806224 1.0098068714141846 0
1643605948061 1.0072338581085205 0
1643606089918 1.1564233303070068 0
1643606231789 1.3293744325637817 0
1643606373679 1.282875418663025 0
1643606515544 0.8581061363220215 0
1643606657424 0.9304040670394897 0
1643606799314 0.9877814054489136 0
1643606941218 1.0955052375793457 0
1643607083114 0.7714435458183289 0
1643607225023 1.8103671073913574 0
1643607366941 1.3001399040222168 0
1643607508872 0.735599160194397 0
1643607650797 0.6619232296943665 0
1643607794395 1.0361114740371704 0
1643607936304 0.8559170365333557 0
1643608078209 0.8179839849472046 0
1643608220126 0.8117420077323914 0
1643608362063 0.7678936719894409 0
1643608503951 0.9060094356536865 0
1643608645831 0.9345329999923706 0
1643608787750 1.2491133213043213 0
1643608929672 1.7415013313293457 0
1643609071613 1.0202763080596924 0
1643609213579 1.4840501546859741 0
1643609355536 1.342362642288208 0
1643609497512 1.1188069581985474 0
1643609639480 0.9177231192588806 0
1643609781429 1.443247675895691 0
1643609923382 0.9280092120170593 0
1643610065338 1.1833299398422241 0
1643610207270 0.840896725654602 0
1643610349244 0.9527058601379395 0
1643610491243 1.0149438381195068 0
1643610634809 1.3124622106552124 0
1643610777086 1.0510382652282715 0
1643610919285 1.0299887657165527 0
1643611061494 0.8160868287086487 0
1643611203685 1.3955742120742798 0
1643611345862 1.0872867107391357 0
1643611488023 0.9432724714279175 0
1643611630185 1.1230422258377075 0
1643611772358 0.8872082233428955 0
1643611914505 0.9240853786468506 0
1643612056680 1.1001521348953247 0
1643612198891 1.174525499343872 0
1643612341080 1.2334853410720825 0
1643612483270 1.1910171508789062 0
1643612625454 0.8447561264038086 0
1643612767621 0.6458094716072083 0
1643612909772 0.826826810836792 0
1643613051916 1.0518718957901 0
1643613194073 1.0163606405258179 0
1643613336275 0.7289142608642578 0
1643613480049 0.9070713520050049 0
1643613622231 1.0055999755859375 0
1643613764408 0.858609676361084 0
1643613906576 0.6364273428916931 0
1643614048737 0.9848671555519104 0
1643614190867 0.8791735172271729 0
1643614332973 0.8909720778465271 0
1643614475123 0.9567468762397766 0
1643614617253 0.5775341987609863 0
1643614759389 0.8895034790039062 0
1643614901510 0.802681565284729 0
1643615043672 0.9410642981529236 0
1643615185858 0.8744147419929504 0
1643615328054 1.148341417312622 0
1643615470233 1.050876498222351 0
1643615612385 0.9422237277030945 0
1643615754500 0.9476422667503357 0
1643615896637 0.7786696553230286 0
1643616038775 0.8811997175216675 0
1643616180955 1.0372517108917236 0
1643616324815 0.73319011926651 0
1643616466999 0.8627454042434692 0
1643616609184 0.8064634799957275 0
1643616751373 0.5830399990081787 0
1643616893562 0.881371021270752 0
1643617035720 0.9283320903778076 0
1643617177856 1.105809211730957 0
1643617319968 1.1533762216567993 0
1643617462144 0.7058261632919312 0
1643617604298 0.7085821628570557 0
1643617746438 0.9329777956008911 0
1643617888545 0.7224042415618896 0
1643618030683 1.1071704626083374 0
1643618172857 0.7879208326339722 0
1643618315019 1.141357660293579 0
1643618457195 0.8672922849655151 0
1643618599328 1.1216387748718262 0
1643618741442 1.0065640211105347 0
1643618883595 0.7779126167297363 0
1643619025776 1.098736047744751 0
1643619169518 0.9694018959999084 0
1643619311689 0.7125755548477173 0
1643619453892 0.7703543901443481 0
1643619596057 0.8056429028511047 0
1643619738240 0.9204352498054504 0
1643619880414 1.5730135440826416 0
1643620022542 0.5207580924034119 0
1643620164652 0.8017622828483582 0
1643620306762 0.7308679819107056 0
1643620448868 1.202282428741455 0
1643620590954 0.9283746480941772 0
1643620733079 1.3053150177001953 0
1643620875237 1.0042088031768799 0
1643621017401 0.7224757075309753 0
1643621159569 0.7708633542060852 0
1643621301735 0.8927673697471619 0
1643621443861 1.0862712860107422 0
1643621585999 1.1532790660858154 0
1643621728102 0.8671660423278809 0
1643621870238 0.4768781065940857 0
1643622014001 0.9235314130783081 0
1643622156149 0.8246961832046509 0
1643622298317 0.8306329250335693 0
1643622440497 0.8194047808647156 0
1643622582630 0.6705058217048645 0
1643622724736 0.7912864685058594 0
1643622866855 0.6241185665130615 0
1643623009015 0.6923242807388306 0
1643623151136 1.0596235990524292 0
1643623293246 0.7568288445472717 0
1643623435448 0.8134034276008606 0
1643623577635 0.7355484366416931 0
1643623719818 0.8441075086593628 0
1643623861999 0.822116494178772 0
1643624004159 0.9379748106002808 0
1643624146321 0.7293827533721924 0
1643624288421 1.0900225639343262 0
1643624430498 0.8244646191596985 0
1643624572610 0.8149992823600769 0
1643624714757 0.9435215592384338 0
1643624858655 0.6826111078262329 0
1643625000824 0.799139678478241 0
1643625143001 0.923777163028717 0
1643625285162 0.7550543546676636 0
1643625427348 0.7755818367004395 0
1643625569522 0.8320435285568237 0
1643625711623 0.9718255996704102 0
1643625853707 0.9719317555427551 0
1643625995818 0.7717317938804626 0
1643626137931 0.7378536462783813 0
1643626280019 0.9031704664230347 0
1643626422116 0.8754170536994934 0
1643626564271 1.1672767400741577 0
1643626706427 1.0173548460006714 0
1643626848560 0.8485997319221497 0
1643626990708 0.8587812781333923 0
1643627132835 0.8884284496307373 0
1643627274932 0.6552488207817078 0
1643627416986 0.5122244954109192 0
1643627559035 0.9286621809005737 0
1643627703711 0.8155238032341003 0
1643627845858 0.5353964567184448 0
1643627987992 1.0433955192565918 0
1643628130146 0.728472113609314 0
1643628272333 0.7926226854324341 0
1643628414533 1.467268466949463 0
1643628556723 1.0818215608596802 0
1643628698854 1.0356513261795044 0
1643628840925 0.8319848775863647 0
1643628982992 0.5790668725967407 0
1643629125091 0.749980092048645 0
1643629267161 0.6028519868850708 0
1643629409184 0.6961828470230103 0
1643629551224 0.7169095277786255 0
1643629693359 0.7303583025932312 0
1643629835483 0.8168086409568787 0
1643629977579 0.8823612332344055 0
1643630119709 0.5740696787834167 0
1643630261852 1.209792971611023 0
1643630404001 0.7260832190513611 0
1643630547680 0.9515266418457031 0
1643630689743 0.6164463758468628 0
1643630831804 0.6276333332061768 0
1643630973915 0.747401237487793 0
1643631116182 0.5535001158714294 0
1643631258104 1.0408036708831787 0
1643631400039 0.9395135045051575 0
1643631541985 1.001031517982483 0
1643631683947 0.6697512269020081 0
1643631825914 0.6000298261642456 0
1643631967882 0.6770607829093933 0
1643632109812 0.5827921628952026 0
1643632251671 1.0957326889038086 0
1643632393541 0.5763871669769287 0
1643632535417 0.6057590842247009 0
1643632677264 0.9609783887863159 0
1643632819075 0.5625149011611938 0
1643632960947 1.1827114820480347 0
1643633102886 0.7577306032180786 0
1643633244799 0.8037768602371216 0
1643633388262 0.723576545715332 0
1643633530372 0.9585274457931519 0
1643633672513 0.6292550563812256 0
1643633814588 0.7161998152732849 0
1643633956647 0.9424677491188049 0
1643634098724 0.7968118190765381 0
1643634240864 0.8391500115394592 0
1643634382997 1.4233596324920654 0
1643634525142 0.5154173374176025 0
1643634667295 0.8112391233444214 0
1643634809436 0.908455491065979 0
1643634951580 0.7265740633010864 0
1643635093732 0.7764318585395813 0
1643635235888 0.728161096572876 0
1643635377999 0.7761576771736145 0
1643635520091 1.0053409337997437 0
1643635662177 1.285190463066101 0
1643635804326 0.5924149751663208 0
1643635946424 0.8496687412261963 0
1643636088481 0.8929324746131897 0
1643636232182 0.6313663125038147 0
1643636374332 0.8898714184761047 0
1643636516511 1.000165343284607 0
1643636658683 0.7335138916969299 0
1643636800845 0.8294511437416077 0
1643636943003 0.748043954372406 0
1643637085122 0.7151175737380981 0
1643637227214 0.8592261075973511 0
1643637369312 1.1728253364562988 0
1643637511463 0.5033538937568665 0
1643637653648 0.6212822198867798 0
1643637795811 0.6994969844818115 0
1643637938012 0.5793637633323669 0
1643638080228 0.7076603174209595 0
1643638222429 0.774165153503418 0
1643638364619 0.7160114049911499 0
1643638506778 0.5490450859069824 0
1643638648891 0.7669190168380737 0
1643638791009 0.7995904088020325 0
1643638933166 0.8823964595794678 0
1643639076877 0.9057509303092957 0
1643639218731 0.8368754386901855 0
1643639360610 1.3981835842132568 0
1643639502545 1.006401538848877 0
1643639644482 0.7775027751922607 0
1643639786396 1.2366293668746948 0
1643639928320 1.0638378858566284 0
1643640070244 0.682340145111084 0
1643640212110 0.9929239153862 0
1643640353964 0.939659833908081 0
1643640495780 0.708784818649292 0
1643640637602 0.8290427327156067 0
1643640779429 1.0560137033462524 0
1643640921238 1.1367443799972534 0
1643641063038 1.0837595462799072 0
1643641204805 0.8258892297744751 0
1643641346575 0.7354247570037842 0
1643641488341 1.1389312744140625 0
1643641630120 0.5549378395080566 0
1643641771892 0.913040280342102 0
1643641915433 0.4463660717010498 0
1643642057150 0.7343429923057556 0
1643642198872 0.5990710854530334 0
1643642340610 0.827903687953949 0
1643642482360 0.9941216707229614 0
1643642624091 0.7224996089935303 0
1643642765828 0.5021646022796631 0
1643642907551 0.8299505114555359 0
1643643049284 0.8239635825157166 0
1643643191001 0.7975070476531982 0
1643643332718 0.5782023668289185 0
1643643474450 0.6841084361076355 0
1643643616177 0.761355459690094 0
1643643757909 1.0226819515228271 0
1643643899638 0.7682126760482788 0
1643644041348 0.8664894104003906 0
1643644183061 0.9691517353057861 0
1643644324767 0.7603910565376282 0
1643644466477 0.7116634845733643 0
1643644608186 0.7782561779022217 0
1643644751437 1.1940382719039917 0
1643644893096 0.8194625973701477 0
1643645034785 0.8875089287757874 0
1643645176484 0.7868428230285645 0
1643645318193 0.6028450727462769 0
1643645459884 0.8830196857452393 0
1643645601590 0.6573670506477356 0
1643645743293 0.7880944013595581 0
1643645884978 0.7120953798294067 0
1643646026653 0.8847931623458862 0
1643646168347 0.6028013825416565 0
1643646310034 1.09597909450531 0
1643646451727 0.7819210886955261 0
1643646593424 0.6052423119544983 0
1643646735118 0.5902889966964722 0
1643646876802 0.6820616722106934 0
1643647018492 1.0015932321548462 0
1643647160189 0.7158631086349487 0
1643647301905 0.4699879288673401 0
1643647443599 0.768665075302124 0
1643647586838 0.6945162415504456 0
1643647728375 0.6469088196754456 0
1643647869947 0.832230806350708 0
1643648011512 0.5994319915771484 0
1643648153093 0.9637900590896606 0
1643648294666 1.0837422609329224 0
1643648436243 0.9340665340423584 0
1643648577811 0.47993528842926025 0
1643648719410 0.9919213652610779 0
1643648861002 1.1600204706192017 0
1643649002639 0.8250671029090881 0
1643649144258 0.7150228023529053 0
1643649285866 0.815670371055603 0
1643649427473 0.7820663452148438 0
1643649569070 1.016050100326538 0
1643649710673 0.9048118591308594 0
1643649852258 0.5040726661682129 0
1643649993820 0.571096658706665 0
1643650135394 0.9078705906867981 0
1643650276938 0.9532999992370605 0
1643650420070 0.62812739610672 0
1643650561621 1.1081687211990356 0
1643650703196 0.7801764607429504 0
1643650844768 0.7821440696716309 0
1643650986345 0.9174554347991943 0
1643651127917 1.0959734916687012 0
1643651269492 0.7432144284248352 0
1643651411082 0.9722214341163635 0
1643651552657 1.0231503248214722 0
1643651694231 0.6879672408103943 0
1643651836129 0.5132461190223694 0
1643651977764 0.9373534917831421 0
1643652119380 0.8058130741119385 0
1643652260976 0.585155725479126 0
1643652402594 0.6017475724220276 0
1643652544210 0.6967756152153015 0
1643652686081 0.719069242477417 0
1643652827558 0.6921905875205994 0
1643652969024 0.775606095790863 0
1643653110468 1.0441274642944336 0
1643653253517 0.8752259016036987 0
1643653395008 0.7756215333938599 0
1643653536539 0.900757908821106 0
1643653678093 0.7053757905960083 0
1643653819644 0.7511179447174072 0
1643653961176 0.6728000640869141 0
1643654102733 0.6867089867591858 0
1643654244298 0.5911712646484375 0
1643654385845 0.7254450917243958 0
1643654527400 0.6505042910575867 0
1643654668959 0.5174925327301025 0
1643654810517 1.1047067642211914 0
1643654952074 1.1187176704406738 0
1643655093644 0.7082051634788513 0
1643655235179 0.7629837989807129 0
1643655376733 0.5627126097679138 0
1643655518278 0.664250373840332 0
1643655659807 0.7221958041191101 0
1643655801336 0.6629210710525513 0
1643655942845 0.8096304535865784 0
1643656085935 0.9025123119354248 0
1643656227439 0.7532488107681274 0
1643656368979 0.6673530340194702 0
1643656510526 0.615779459476471 0
1643656652107 1.0904691219329834 0
1643656793642 0.5245413184165955 0
1643656935186 0.901892900466919 0
1643657076705 0.7144722938537598 0
1643657218231 0.7775554060935974 0
1643657359768 0.9718772768974304 0
1643657501281 0.8557564616203308 0
1643657642786 0.4521021246910095 0
1643657784299 0.8399600982666016 0
1643657925843 0.8315101265907288 0
1643658067364 0.751419723033905 0
1643658208901 0.6477839946746826 0
1643658350418 1.0772972106933594 0
1643658491938 0.8885028958320618 0
1643658633468 0.686764657497406 0
1643658774982 0.7717320322990417 0
1643658918055 0.7868717908859253 0
1643659059516 1.0045017004013062 0
1643659201024 0.995105504989624 0
1643659342519 0.709145724773407 0
1643659484017 1.311484456062317 0
1643659625529 0.3318529725074768 0
1643659767057 0.8831208944320679 0
1643659908568 0.6786372661590576 0
1643660050066 0.6851248741149902 0
1643660191582 0.6680319309234619 0
1643660333071 1.1673418283462524 0
1643660474566 0.6898864507675171 0
1643660616080 0.9175182580947876 0
1643660757596 0.6047776937484741 0
1643660899095 0.691419243812561 0
1643661040593 0.8591675162315369 0
1643661182108 0.6015610098838806 0
1643661323611 1.2456293106079102 0
1643661465145 0.7289379835128784 0
1643661606676 1.091261386871338 0
1643661749734 0.7662640810012817 0
1643661891211 0.6414628624916077 0
1643662032722 0.6298561096191406 0
1643662174225 0.6023086309432983 0
1643662315736 0.6036462187767029 0
1643662457267 0.7084148526191711 0
1643662598766 0.801368236541748 0
1643662740297 0.7977217435836792 0
1643662881796 0.8449935913085938 0
1643663023302 0.5025022029876709 0
1643663164795 0.7962488532066345 0
1643663306308 0.4796946048736572 0
1643663447824 0.6150020956993103 0
1643663589361 0.6469624042510986 0
1643663730913 0.7354736328125 0
1643663872430 0.7421170473098755 0
1643664013923 0.7607314586639404 0
1643664155432 0.7352885007858276 0
1643664296954 0.5714709758758545 0
1643664438471 0.8352202773094177 0
1643664581879 0.6852065324783325 0
1643664723355 0.5839776992797852 0
1643664864862 0.7601878046989441 0
1643665006396 0.8643507361412048 0
1643665147911 0.4721044898033142 0
1643665289421 0.5849553346633911 0
1643665430935 0.6935437917709351 0
1643665572446 0.8782481551170349 0
1643665713966 0.5703479647636414 0
1643665855474 0.7455757856369019 0
1643665996963 0.7100446224212646 0
1643666138467 1.526829719543457 0
1643666279934 0.7891917824745178 0
1643666421438 0.7090176343917847 0
1643666562932 0.9093117117881775 0
1643666704412 1.2546294927597046 0
1643666845930 0.6343144774436951 0
1643666987429 0.7431597113609314 0
1643667128928 0.8833993673324585 0
1643667270398 0.8012104034423828 0
1643667413400 0.6351439952850342 0
1643667554858 0.4935593605041504 0
1643667696366 0.774313747882843 0
1643667837877 0.6285483241081238 0
1643667979388 0.8563812971115112 0
1643668120883 0.6659375429153442 0
1643668262385 0.7130589485168457 0
1643668403907 0.9559124708175659 0
1643668545427 0.4413561224937439 0
1643668686958 0.5625702142715454 0
1643668828474 0.7728505730628967 0
1643668969999 0.9341083765029907 0
1643669111520 0.934278130531311 0
1643669253038 0.6553401947021484 0
1643669394564 0.6788739562034607 0
1643669536103 0.8685514330863953 0
1643669677604 0.7799100279808044 0
1643669819116 0.6075802445411682 0
1643669960613 0.6878364682197571 0
1643670102081 0.5414695739746094 0
1643670245154 0.7228443026542664 0
1643670386466 0.5365217328071594 0
1643670527826 0.5939940214157104 0
1643670669180 0.914050281047821 0
1643670810532 0.8366062641143799 0
1643670951908 0.8515748977661133 0
1643671093277 0.7235658764839172 0
1643671234659 0.7001352906227112 0
1643671376074 0.49862605333328247 0
1643671517481 0.5073012113571167 0
1643671658865 1.3230961561203003 0
1643671800235 0.8673660755157471 0
1643671941590 0.7627641558647156 0
1643672082930 0.743347704410553 0
1643672224284 0.6768313050270081 0
1643672365648 0.742735743522644 0
1643672507002 0.7144477963447571 0
1643672648374 0.6051772236824036 0
1643672789701 0.5876060724258423 0
1643672931052 0.9432283639907837 0
1643673073968 0.8292131423950195 0
1643673215312 0.5511780977249146 0
1643673356666 0.7424443960189819 0
1643673498000 0.6485435366630554 0
1643673639323 0.6778866052627563 0
1643673780670 0.6312287449836731 0
1643673921996 0.9425802230834961 0
1643674063365 0.9350314736366272 0
1643674204729 1.0601165294647217 0
1643674346076 0.6415220499038696 0
1643674487439 0.9259454011917114 0
1643674628791 0.7143645286560059 0
1643674770159 1.156460165977478 0
1643674911514 0.7913200855255127 0
1643675052898 0.7275623083114624 0
1643675194252 0.8236650228500366 0
1643675335601 0.732650101184845 0
1643675476945 0.6969907879829407 0
1643675618273 1.1771382093429565 0
1643675759602 0.6442846059799194 0
1643675902510 0.7686986923217773 0
1643676043818 0.6313678622245789 0
1643676185147 0.6955469250679016 0
1643676326467 0.9826546907424927 0
1643676467772 0.9216440916061401 0
1643676609076 0.7605124711990356 0
1643676750360 0.7804221510887146 0
1643676891652 0.6538617610931396 0
1643677032968 0.3065551817417145 0
1643677174279 0.748547375202179 0
1643677315615 0.728081464767456 0
1643677456925 0.6456533074378967 0
1643677598253 0.7562119364738464 0
1643677739562 0.9680467844009399 0
1643677880887 0.7351195812225342 0
1643678022193 0.6672840714454651 0
1643678163493 0.6292649507522583 0
1643678304783 1.0522096157073975 0
1643678446100 0.5500817894935608 0
1643678587431 0.9709954261779785 0
1643678730714 0.8810248970985413 0
1643678871973 0.9156506657600403 0
1643679013261 0.591495156288147 0
1643679154519 0.7549436092376709 0
1643679295761 0.7747308015823364 0
1643679437025 0.8394957184791565 0
1643679578260 0.8070577383041382 0
1643679719509 0.742417573928833 0
1643679860746 0.5374031066894531 0
1643680001981 0.7967226505279541 0
1643680143253 0.9867581129074097 0
1643680284492 0.8736813068389893 0
1643680425734 0.6669909954071045 0
1643680566974 0.8323143720626831 0
1643680708213 0.3993377089500427 0
1643680849447 0.5098006129264832 0
1643680990662 0.8252789974212646 0
1643681131913 0.8607670068740845 0
1643681273183 0.9047439694404602 0
1643681414460 0.5943491458892822 0
1643681557295 0.7345182299613953 0
1643681698585 0.6276443004608154 0
1643681839904 0.6576123237609863 0
1643681981198 0.6585115194320679 0
1643682122491 0.7014039158821106 0
1643682263753 0.6424002647399902 0
1643682405054 0.7118744254112244 0
1643682546365 1.2253944873809814 0
1643682687669 0.698962926864624 0
1643682828981 0.9377864599227905 0
1643682970283 0.6189809441566467 0
1643683111561 0.5226237773895264 0
1643683252861 0.7532837390899658 0
1643683394137 0.6423685550689697 0
1643683535464 1.0575692653656006 0
1643683676825 0.5349574089050293 0
1643683818127 0.8673282861709595 0
1643683959423 0.8407077789306641 0
1643684100727 0.6757176518440247 0
1643684242039 0.6342387199401855 0
1643684384916 0.48026877641677856 0
1643684526233 0.66292405128479 0
1643684667586 0.7766867280006409 0
1643684808926 0.4464912414550781 0
1643684950319 0.6528149843215942 0
1643685091839 0.6717731952667236 0
1643685233393 0.5882505774497986 0
1643685374966 1.1093004941940308 0
1643685516546 1.0223687887191772 0
1643685658092 0.7159087657928467 0
1643685799638 0.626492440700531 0
1643685941196 0.5091638565063477 0
1643686082744 0.8182727694511414 0
1643686224333 0.9299966096878052 0
1643686365925 0.7073894739151001 0
1643686507508 0.9170049428939819 0
1643686649107 0.6358863115310669 0
1643686790681 0.8471205234527588 0
1643686932263 0.834059476852417 0
1643687073835 0.7994030714035034 0
1643687216970 0.8206704258918762 0
1643687358558 1.3647701740264893 0
1643687500156 0.7415320873260498 0
1643687641777 0.8604427576065063 0
1643687783364 0.7134299278259277 0
1643687924969 0.6344742774963379 0
1643688066574 0.7400316596031189 0
1643688208186 0.8816946744918823 0
1643688349819 1.0705312490463257 0
1643688491453 0.8498001098632812 0
1643688633101 0.28939303755760193 0
1643688774762 0.7989901900291443 0
1643688916420 0.5788457989692688 0
1643689058068 0.7012218832969666 0
1643689199711 0.8242570757865906 0
1643689341347 1.2656090259552002 0
1643689482949 0.5243791341781616 0
1643689624547 0.703534722328186 0
1643689766189 1.1513868570327759 0
1643689907814 0.7707763910293579 0
1643690050953 0.9301010370254517 0
1643690192536 0.5771105885505676 0
1643690334173 0.5033520460128784 0
1643690475812 0.8422005772590637 0
1643690617450 0.706261157989502 0
1643690759105 1.212316632270813 0
1643690900763 0.8805662393569946 0
1643691042410 1.0010753870010376 0
1643691184038 0.6376110911369324 0
1643691325643 0.6126112341880798 0
1643691467255 0.752948522567749 0
1643691608888 0.621981680393219 0
1643691750529 0.866086483001709 0
1643691892166 0.5860956907272339 0
1643692033804 0.8594537377357483 0
1643692175450 0.649029552936554 0
1643692317075 0.6838675737380981 0
1643692458733 0.5585026144981384 0
1643692600381 0.5626782178878784 0
1643692742061 0.7275858521461487 0
1643692885246 0.6671311855316162 0
1643693026845 0.5716015100479126 0
1643693168458 0.5650971531867981 0
1643693310044 0.6886535882949829 0
1643693451630 0.6511472463607788 0
1643693593174 1.1112825870513916 0
1643693734748 0.9142708778381348 0
1643693876339 0.47454673051834106 0
1643694017941 0.6653237342834473 0
1643694159564 0.8218854069709778 0
1643694301177 0.8311772346496582 0
1643694442809 0.8170784711837769 0
1643694584411 0.6103770136833191 0
1643694725992 0.7017875909805298 0
1643694867572 0.44947749376296997 0
1643695009155 0.8913633823394775 0
1643695150774 0.4922237992286682 0
1643695292385 1.0147693157196045 0
1643695434018 0.33711087703704834 0
1643695575650 0.5649821162223816 0
1643695718869 0.9055272340774536 0
1643695860474 0.8083150386810303 0
1643696002107 1.31821608543396 0
1643696143684 0.5354707837104797 0
1643696285248 0.5113942623138428 0
1643696426828 0.7559982538223267 0
1643696568432 0.4651002287864685 0
1643696710001 1.0954639911651611 0
1643696851565 0.6446903944015503 0
1643696993179 0.6441163420677185 0
1643697134803 0.714481770992279 0
1643697276450 0.4492247700691223 0
1643697418116 0.4992505609989166 0
1643697559763 0.5437318682670593 0
1643697701375 0.5690698027610779 0
1643697842946 0.7747699022293091 0
1643697984528 0.6571369171142578 0
1643698126156 0.9406953454017639 0
1643698267815 0.9694530963897705 0
1643698409463 0.6796467900276184 0
1643698553175 0.6981795430183411 0
1643698694832 0.9217123985290527 0
1643698836446 0.8470285534858704 0
1643698978048 0.6133166551589966 0
1643699119637 0.761601448059082 0
1643699261238 0.6021965146064758 0
1643699402815 1.0578336715698242 0
1643699544360 0.7867745161056519 0
1643699685928 0.6900745034217834 0
1643699827528 0.5696607232093811 0
1643699969144 0.609781801700592 0
1643700110755 0.8402793407440186 0
1643700252349 0.37124112248420715 0
1643700393912 0.6622503995895386 0
1643700535491 0.6156098246574402 0
1643700677103 0.7055095434188843 0
1643700818714 0.8979198932647705 0
1643700960331 0.7098962068557739 0
1643701101944 0.3662249743938446 0
1643701243553 0.7425892949104309 0
1643701386749 0.685897171497345 0
1643701528326 0.7557177543640137 0
1643701669886 1.2102277278900146 0
1643701811440 0.6979724764823914 0
1643701953015 0.5489547848701477 0
1643702094581 0.5282629132270813 0
1643702236131 0.9336009621620178 0
1643702377707 0.7733805179595947 0
1643702519297 0.602207362651825 0
1643702660925 0.7856866717338562 0
1643702802550 0.9610075354576111 0
1643702944199 0.5913121104240417 0
1643703085799 0.8259168863296509 0
1643703227372 0.7074685096740723 0
1643703368942 0.6992603540420532 0
1643703510545 0.4698132276535034 0
1643703652156 0.730553388595581 0
1643703793783 0.7420401573181152 0
1643703935402 0.8095630407333374 0
1643704077016 0.5550737380981445 0
1643704220207 0.6240178942680359 0
1643704361793 0.5162101984024048 0
1643704503357 0.6580907702445984 0
1643704644938 0.8163577318191528 0
1643704786489 0.5437675714492798 0
1643704928038 0.6804079413414001 0
1643705069565 0.607565701007843 0
1643705211145 0.6300778388977051 0
1643705352736 0.8364608883857727 0
1643705494338 0.6448520421981812 0
1643705635911 0.8765833973884583 0
1643705777474 0.5988163352012634 0
1643705919028 0.7306427955627441 0
1643706060651 0.6647127270698547 0
1643706202299 0.7249277234077454 0
1643706343950 0.6250497102737427 0
1643706485587 0.7721296548843384 0
1643706627238 0.9209550619125366 0
1643706768892 0.642114520072937 0
1643706910498 0.5672922134399414 0
1643707053623 0.7430756092071533 0
1643707195178 0.697635293006897 0
1643707336758 0.6259017586708069 0
1643707478310 0.652005672454834 0
1643707619870 0.7550615668296814 0
1643707761493 0.7661758661270142 0
1643707903117 0.7669334411621094 0
1643708044744 0.9457617998123169 0
1643708186380 0.8422093987464905 0
1643708328049 0.8242045640945435 0
1643708469721 0.9166057109832764 0
1643708611372 0.6543910503387451 0
1643708752968 1.1872855424880981 0
1643708894543 0.6882684230804443 0
1643709036157 0.9715667963027954 0
1643709177784 0.9503076076507568 0
1643709319432 0.7940911650657654 0
1643709461058 1.0452908277511597 0
1643709602697 1.2106190919876099 0
1643709744362 0.7425522804260254 0
1643709887515 0.8243483304977417 0
1643710029086 0.7494166493415833 0
1643710170679 0.7456803321838379 0
1643710312298 0.7945990562438965 0
1643710453853 0.4994426369667053 0
1643710595402 0.6225991249084473 0
1643710737001 0.7152410745620728 0
1643710878636 0.7497880458831787 0
1643711020259 0.4981812536716461 0
1643711161868 0.6439418196678162 0
1643711303439 0.6469258069992065 0
1643711445019 0.7521705627441406 0
1643711586674 0.5489741563796997 0
1643711728318 0.5915496349334717 0
1643711869946 0.9438152313232422 0
1643712011567 1.0454127788543701 0
1643712153176 0.5979770421981812 0
1643712294779 0.5672762393951416 0
1643712436395 0.7531958818435669 0
1643712577980 0.5259073376655579 0
1643712721086 0.6167965531349182 0
1643712862646 0.7278115153312683 0
1643713004235 0.49913033843040466 0
1643713145799 0.6982423067092896 0
1643713287353 0.47394388914108276 0
1643713428940 0.7198139429092407 0
1643713570548 0.8002194166183472 0
1643713712160 0.7616031169891357 0
1643713853757 0.870239794254303 0
1643713995330 0.6509968042373657 0
1643714136879 0.5575701594352722 0
1643714278411 0.8252843618392944 0
1643714419970 0.6216971278190613 0
1643714561577 0.511642336845398 0
1643714703185 0.863493025302887 0
1643714844792 0.8134092092514038 0
1643714986397 0.7629757523536682 0
1643715127997 0.5691120028495789 0
1643715269596 0.5929074883460999 0
1643715411160 0.5803946256637573 0
1643715554253 0.8278143405914307 0
1643715695803 0.5862753987312317 0
1643715837351 0.6986230611801147 0
1643715978890 0.600670337677002 0
1643716120461 0.5607572793960571 0
1643716262046 0.6873739957809448 0
1643716403668 0.8217800259590149 0
1643716545285 0.6047602891921997 0
1643716686919 0.7599486112594604 0
1643716828565 0.6566358208656311 0
1643716970170 0.9092217683792114 0
1643717111725 1.0649443864822388 0
1643717253299 0.717373788356781 0
1643717394895 0.5914314389228821 0
1643717536512 0.5502244830131531 0
1643717678095 0.7358537912368774 0
1643717819672 0.7096624374389648 0
1643717961277 0.7223755717277527 0
1643718102892 1.164506435394287 0
1643718244528 0.8239210247993469 0
1643718388285 0.6211240291595459 0
1643718529856 0.8875507116317749 0
1643718671407 0.6977014541625977 0
1643718812966 0.6789710521697998 0
1643718954531 0.5570240616798401 0
1643719096084 0.6238129734992981 0
1643719237647 0.9009015560150146 0
1643719379231 0.5196900367736816 0
1643719520846 0.6787979602813721 0
1643719662484 0.9094193577766418 0
1643719804122 0.5404514074325562 0
1643719945754 0.7432700395584106 0
1643720087353 0.6351480484008789 0
1643720228899 0.586090624332428 0
1643720370465 0.5005937218666077 0
1643720512103 0.6447493433952332 0
1643720653731 0.7071248292922974 0
1643720795365 0.8628323078155518 0
1643720937007 0.49362215399742126 0
1643721078661 1.0968875885009766 0
1643721221861 0.5627055168151855 0
1643721363511 0.7887275218963623 0
1643721505116 0.5064212679862976 0
1643721646673 0.8121717572212219 0
1643721788262 0.6814932227134705 0
1643721929899 0.5077366232872009 0
1643722071492 0.7150684595108032 0
1643722213043 0.8949926495552063 0
1643722354643 0.7659481763839722 0
1643722496246 0.9569770097732544 0
1643722637864 0.6737166047096252 0
1643722779478 0.7069463133811951 0
1643722921116 0.5920212864875793 0
1643723062698 0.4824161231517792 0
1643723204274 0.936081051826477 0
1643723345853 0.697403609752655 0
1643723487446 1.2782925367355347 0
1643723629084 0.5488446354866028 0
1643723770709 0.691576361656189 0
1643723912331 0.7155699133872986 0
1643724055525 0.6536745429039001 0
1643724197115 0.5615862607955933 0
1643724338683 0.6558669209480286 0
1643724480251 1.0162537097930908 0
1643724621819 0.9378894567489624 0
1643724763392 0.592210054397583 0
1643724904947 0.6527336835861206 0
1643725046477 0.6297799944877625 0
1643725188048 0.7010993361473083 0
1643725329674 0.6957718729972839 0
1643725471300 0.7585489749908447 0
1643725612932 0.6888628602027893 0
1643725754565 0.5579826831817627 0
1643725896154 0.6692202091217041 0
1643726037707 0.8305878043174744 0
1643726179267 0.6416714787483215 0
1643726320821 0.7676845788955688 0
1643726462368 0.5270392298698425 0
1643726603904 0.622150182723999 0
1643726745435 0.4207232892513275 0
1643726888505 0.7001528739929199 0
1643727030025 0.6723765134811401 0
1643727171550 0.5162206292152405 0
1643727313082 1.02628493309021 0
1643727454615 0.47390016913414 0
1643727596143 0.6166847348213196 0
1643727737653 0.775359034538269 0
1643727879153 0.9275226593017578 0
1643728020652 0.6786093711853027 0
1643728162162 0.4545880854129791 0
1643728303683 0.9861090779304504 0
1643728445189 1.1657510995864868 0
1643728586689 0.6171118021011353 0
1643728728167 0.8570175170898438 0
1643728869649 0.8198947906494141 0
1643729011134 1.0991041660308838 0
1643729152613 0.7385140657424927 0
1643729294108 0.4788163900375366 0
1643729435582 0.7856910228729248 0
1643729577066 0.5858125686645508 0
1643729720090 0.6485729217529297 0
1643729861545 0.4136628210544586 0
1643730003005 0.5412072539329529 0
1643730144472 0.5810467004776001 0
1643730285945 0.7381393909454346 0
1643730427394 0.5364630222320557 0
1643730568827 0.6355915069580078 0
1643730710241 0.5249775052070618 0
1643730851644 0.5932186245918274 0
1643730993057 0.6724887490272522 0
1643731134497 0.49532783031463623 0
1643731275946 0.5515574812889099 0
1643731417395 0.5943774580955505 0
1643731558848 0.8115273714065552 0
1643731700266 0.5858970880508423 0
1643731841663 0.5322531461715698 0
1643731983045 0.787358283996582 0
1643732124417 0.8024144172668457 0
1643732265763 0.7040983438491821 0
