1634107750472 0 0
1634107804660 1 0
1634107858039 2 0
1634107910705 3 0
1634107963344 4 0
1634108015993 5 0
1634108068660 6 0
1634108121320 7 0
1634108173995 8 0
1634108226661 9 0
1634108279327 10 0
1634108331987 11 0
1634108384684 12 0
1634108437385 13 0
1634108490046 14 0
1634108542705 15 0
1634108595365 16 0
1634108648039 17 0
1634108700700 18 0
1634108753362 19 0
1634108806018 20 0
1634108860091 21 0
1634108912748 22 0
1634108965398 23 0
1634109018049 24 0
1634109070698 25 0
1634109123348 26 0
1634109175996 27 0
1634109228644 28 0
1634109281294 29 0
1634109333939 30 0
1634109386585 31 0
1634109439237 32 0
1634109491889 33 0
1634109544544 34 0
1634109597206 35 0
1634109649864 36 0
1634109702525 37 0
1634109755186 38 0
1634109807845 39 0
1634109860511 40 0
1634109914626 41 0
1634109967278 42 0
1634110019920 43 0
1634110072573 44 0
1634110125217 45 0
1634110177863 46 0
1634110230525 47 0
1634110283188 48 0
1634110335846 49 0
1634110388513 50 0
1634110441174 51 0
1634110493837 52 0
1634110546506 53 0
1634110599169 54 0
1634110651834 55 0
1634110704492 56 0
1634110757154 57 0
1634110809814 58 0
1634110862484 59 0
1634110915148 60 0
1634110969196 61 0
1634111021847 62 0
1634111074490 63 0
1634111127132 64 0
1634111179793 65 0
1634111232456 66 0
1634111285123 67 0
1634111337786 68 0
1634111390448 69 0
1634111443115 70 0
1634111495776 71 0
1634111548444 72 0
1634111601125 73 0
1634111653790 74 0
1634111706455 75 0
1634111759111 76 0
1634111811778 77 0
1634111864444 78 0
1634111917125 79 0
1634111969787 80 0
1634112023844 81 0
1634112076521 82 0
1634112129185 83 0
1634112181851 84 0
1634112234517 85 0
1634112287180 86 0
1634112339843 87 0
1634112392503 88 0
1634112445164 89 0
1634112497832 90 0
1634112550494 91 0
1634112603156 92 0
1634112655809 93 0
1634112708470 94 0
1634112761164 95 0
1634112813826 96 0
1634112866487 97 0
1634112919148 98 0
1634112971813 99 0
1634113024475 100 0
1634113078520 101 0
1634113131184 102 0
1634113181681 103 0
1634113231770 104 0
1634113281869 105 0
1634113331966 106 0
1634113382057 107 0
1634113432148 108 0
1634113482219 109 0
1634113532312 110 0
1634113582395 111 0
1634113632474 112 0
1634113682585 113 0
1634113732688 114 0
1634113782783 115 0
1634113832887 116 0
1634113882998 117 0
1634113933609 118 0
1634113986283 119 0
1634114038932 120 0
