1634107750481 0.7584067583084106 0
1634107804669 0.23608259856700897 0
1634107858048 0.1670934408903122 0
1634107910713 0.3383980095386505 0
1634107963352 0.17495517432689667 0
1634108016002 0.18690380454063416 0
1634108068669 0.2095368653535843 0
1634108121329 0.14001910388469696 0
1634108174003 0.18747636675834656 0
1634108226670 0.12263783812522888 0
1634108279336 0.1417548954486847 0
1634108331996 0.12846878170967102 0
1634108384692 0.10051022469997406 0
1634108437394 0.30540895462036133 0
1634108490056 0.0736287385225296 0
1634108542714 0.0705183818936348 0
1634108595376 0.09303824603557587 0
1634108648049 0.08334533125162125 0
1634108700709 0.19532793760299683 0
1634108753371 0.1788889616727829 0
1634108806028 0.0837479829788208 0
1634108860099 0.23561309278011322 0
1634108912756 0.09255530685186386 0
1634108965406 0.09766505658626556 0
1634109018058 0.08567355573177338 0
1634109070707 0.11770260334014893 0
1634109123357 0.10810893774032593 0
1634109176005 0.10963253676891327 0
1634109228653 0.1518886387348175 0
1634109281303 0.14090663194656372 0
1634109333948 0.1343216449022293 0
1634109386594 0.10739397257566452 0
1634109439248 0.16541649401187897 0
1634109491898 0.16950581967830658 0
1634109544553 0.10126552730798721 0
1634109597215 0.1178804412484169 0
1634109649873 0.1466921865940094 0
1634109702535 0.1581074744462967 0
1634109755195 0.08072762936353683 0
1634109807854 0.06280949711799622 0
1634109860520 0.139353409409523 0
1634109914634 0.07416743785142899 0
1634109967287 0.12570330500602722 0
1634110019929 0.2485620379447937 0
1634110072582 0.1451864093542099 0
1634110125226 0.07252182066440582 0
1634110177871 0.1020934209227562 0
1634110230534 0.10573840886354446 0
1634110283197 0.14523378014564514 0
1634110335855 0.07989049702882767 0
1634110388521 0.07252094894647598 0
1634110441182 0.13631241023540497 0
1634110493846 0.07837976515293121 0
1634110546515 0.1299622505903244 0
1634110599178 0.0828353613615036 0
1634110651842 0.09980345517396927 0
1634110704501 0.08627495914697647 0
1634110757162 0.09177210927009583 0
1634110809823 0.0966339111328125 0
1634110862493 0.1029166430234909 0
1634110915157 0.09693306684494019 0
1634110969204 0.10460230708122253 0
1634111021855 0.2053910344839096 0
1634111074499 0.08934172242879868 0
1634111127141 0.13792811334133148 0
1634111179802 0.11759673804044724 0
1634111232465 0.07640807330608368 0
1634111285132 0.09608116745948792 0
1634111337795 0.20762769877910614 0
1634111390457 0.12903784215450287 0
1634111443124 0.08607961982488632 0
1634111495785 0.0902349054813385 0
1634111548453 0.09670724719762802 0
1634111601134 0.07229670137166977 0
1634111653799 0.11587569117546082 0
1634111706463 0.1043006107211113 0
1634111759119 0.07149501889944077 0
1634111811787 0.07384616881608963 0
1634111864453 0.10110858827829361 0
1634111917134 0.14632926881313324 0
1634111969796 0.1887967586517334 0
1634112023859 0.16063182055950165 0
1634112076530 0.08035546541213989 0
1634112129194 0.07333237677812576 0
1634112181860 0.07177507132291794 0
1634112234526 0.09567522257566452 0
1634112287189 0.08057256788015366 0
1634112339851 0.06274281442165375 0
1634112392512 0.12441954016685486 0
1634112445172 0.10049210488796234 0
1634112497841 0.07856356352567673 0
1634112550502 0.10151011496782303 0
1634112603165 0.1351795792579651 0
1634112655818 0.09185221791267395 0
1634112708479 0.15954425930976868 0
1634112761172 0.056842464953660965 0
1634112813835 0.06332588195800781 0
1634112866496 0.15522345900535583 0
1634112919157 0.1075451448559761 0
1634112971822 0.21588009595870972 0
1634113024484 0.08947836607694626 0
1634113078528 0.24759437143802643 0
1634113131193 0.16851304471492767 0
1634113181689 0.07813648134469986 0
1634113231779 0.05782325193285942 0
1634113281877 0.05149398371577263 0
1634113331975 0.06140174716711044 0
1634113382065 0.06187284737825394 0
1634113432157 0.06060260534286499 0
1634113482228 0.07738956809043884 0
1634113532321 0.08665280789136887 0
1634113582404 0.06855368614196777 0
1634113632483 0.11408893764019012 0
1634113682594 0.07404408603906631 0
1634113732696 0.07481508702039719 0
1634113782792 0.12559841573238373 0
1634113832896 0.06767447292804718 0
1634113883007 0.05458209291100502 0
1634113933618 0.10708538442850113 0
1634113986292 0.09154421836137772 0
1634114038941 0.09167231619358063 0
