1634107750485 1.0162065625190735 0
1634107804672 0.14424976706504822 0
1634107858051 0.070436492562294 0
1634107910717 0.16441555321216583 0
1634107963355 0.19254504889249802 0
1634108016006 0.14862019941210747 0
1634108068672 0.0861167386174202 0
1634108121332 0.11571736633777618 0
1634108174006 0.14253176748752594 0
1634108226673 0.3468325659632683 0
1634108279339 0.3675633370876312 0
1634108331999 0.15157486498355865 0
1634108384695 0.2775031477212906 0
1634108437397 0.19329488277435303 0
1634108490060 0.21846654266119003 0
1634108542717 0.2666405066847801 0
1634108595379 0.18419185653328896 0
1634108648052 0.18172164261341095 0
1634108700712 0.1357172392308712 0
1634108753374 0.0922103002667427 0
1634108806031 0.0936608724296093 0
1634108860102 0.11727230250835419 0
1634108912760 0.08495821058750153 0
1634108965410 0.10144085437059402 0
1634109018061 0.13340478017926216 0
1634109070710 0.16957306116819382 0
1634109123360 0.24669938161969185 0
1634109176008 0.15081775560975075 0
1634109228657 0.12571733072400093 0
1634109281306 0.15428562089800835 0
1634109333952 0.22803112119436264 0
1634109386598 0.1658981330692768 0
1634109439251 0.15389656834304333 0
1634109491901 0.2337517123669386 0
1634109544556 0.043250808492302895 0
1634109597219 0.14353423565626144 0
1634109649876 0.2302103042602539 0
1634109702538 0.1653483733534813 0
1634109755198 0.1657373607158661 0
1634109807857 0.32457271218299866 0
1634109860523 0.149228285998106 0
1634109914638 0.26302007399499416 0
1634109967290 0.19847570918500423 0
1634110019932 0.10238595120608807 0
1634110072585 0.13962186966091394 0
1634110125229 0.1500035710632801 0
1634110177875 0.07230916479602456 0
1634110230537 0.0633796714246273 0
1634110283200 0.09631448425352573 0
1634110335859 0.29459166899323463 0
1634110388524 0.26777520775794983 0
1634110441185 0.2880931980907917 0
1634110493850 0.22217429243028164 0
1634110546518 0.13797331973910332 0
1634110599181 0.18104614317417145 0
1634110651845 0.16631730273365974 0
1634110704504 0.23654994368553162 0
1634110757165 0.09978576377034187 0
1634110809827 0.2355794981122017 0
1634110862496 0.10051523707807064 0
1634110915160 0.15165420807898045 0
1634110969208 0.16077420487999916 0
1634111021859 0.22602814808487892 0
1634111074502 0.20724952220916748 0
1634111127144 0.23361755162477493 0
1634111179805 0.19636418670415878 0
1634111232468 0.1679834984242916 0
1634111285136 0.15048298984766006 0
1634111337798 0.16933342441916466 0
1634111390460 0.13101732917129993 0
1634111443127 0.21572892926633358 0
1634111495789 0.13829993829131126 0
1634111548457 0.029788637533783913 0
1634111601138 0.1700670961290598 0
1634111653803 0.037979877553880215 0
1634111706467 0.21340369060635567 0
1634111759122 0.1621206048876047 0
1634111811791 0.15154718607664108 0
1634111864456 0.2734566032886505 0
1634111917137 0.10819594748318195 0
1634111969799 0.2076487047597766 0
1634112023859 0.32385586202144623 0
1634112076533 0.16417747922241688 0
1634112129197 0.22622457519173622 0
1634112181863 0.1924403626471758 0
1634112234530 0.08193691354244947 0
1634112287192 0.08198692928999662 0
1634112339854 0.19093997403979301 0
1634112392516 0.20069024246186018 0
1634112445176 0.26769152097404003 0
1634112497844 0.1380494385957718 0
1634112550505 0.20347105897963047 0
1634112603169 0.14880600199103355 0
1634112655821 0.3113171085715294 0
1634112708482 0.09362572524696589 0
1634112761175 0.13946756720542908 0
1634112813839 0.19492935948073864 0
1634112866499 0.10445461794734001 0
1634112919161 0.20744678797200322 0
1634112971825 0.18167321011424065 0
1634113024488 0.10661276057362556 0
1634113078531 0.21870353072881699 0
1634113131196 0.2138919234275818 0
1634113181693 0.25492721423506737 0
1634113231783 0.25449706614017487 0
1634113281881 0.11933024413883686 0
1634113331978 0.19592108204960823 0
1634113382068 0.2059267945587635 0
1634113432161 0.2412152048200369 0
1634113482231 0.22723814845085144 0
1634113532324 0.2138989232480526 0
1634113582407 0.26608260348439217 0
1634113632486 0.2616455387324095 0
1634113682597 0.11341355973854661 0
1634113732699 0.2298753410577774 0
1634113782795 0.15650878846645355 0
1634113832899 0.23572025448083878 0
1634113883010 0.14121407456696033 0
1634113933622 0.13220992498099804 0
1634113986295 0.11750173754990101 0
1634114038944 0.18693567533046007 0
