1624842838067 0 0
1624842840414 1 0
1624842842011 2 0
1624842846054 3 0
1624842847779 4 0
1624842849475 5 0
1624842850964 6 0
1624842853791 7 0
1624842856914 8 0
1624842860366 9 0
1624842861998 10 0
1624842864976 11 0
1624842866964 12 0
1624842869827 13 0
1624842871774 14 0
1624842874655 15 0
1624842876785 16 0
1624842880346 17 0
1624842883514 18 0
1624842885696 19 0
1624842887188 20 0
1624842889360 21 0
1624842893954 22 0
1624842897610 23 0
1624842900348 24 0
1624842903547 25 0
1624842906798 26 0
1624842910498 27 0
1624842913253 28 0
1624842914892 29 0
1624842916973 30 0
1624842920483 31 0
1624842923151 32 0
1624842926486 33 0
1624842928683 34 0
1624842932548 35 0
1624842938191 36 0
1624842941435 37 0
1624842944663 38 0
1624842947493 39 0
1624842949926 40 0
1624842951211 41 0
1624842953427 42 0
1624842955343 43 0
1624842958770 44 0
1624842960993 45 0
1624842963589 46 0
1624842965410 47 0
1624842967113 48 0
1624842968942 49 0
1624842970345 50 0
1624842972106 51 0
1624842973546 52 0
1624842974830 53 0
1624842976522 54 0
1624842977680 55 0
1624842978844 56 0
1624842980076 57 0
1624842981310 58 0
1624842982848 59 0
1624842983966 60 0
1624842985247 61 0
1624842986828 62 0
1624842988453 63 0
1624842989671 64 0
1624842991135 65 0
1624842993223 66 0
1624842994291 67 0
1624842995890 68 0
1624842997787 69 0
1624842998859 70 0
1624843000770 71 0
1624843002586 72 0
1624843004198 73 0
1624843005541 74 0
1624843008286 75 0
1624843009458 76 0
1624843011553 77 0
1624843013221 78 0
1624843014814 79 0
1624843016671 80 0
1624843018451 81 0
1624843020271 82 0
1624843023603 83 0
1624843025539 84 0
1624843027132 85 0
1624843028950 86 0
1624843030444 87 0
1624843032623 88 0
1624843034257 89 0
1624843035885 90 0
1624843037482 91 0
1624843039620 92 0
1624843041486 93 0
1624843043309 94 0
1624843044713 95 0
1624843046125 96 0
1624843047720 97 0
1624843049039 98 0
1624843052619 99 0
1624843054107 100 0
1624843055086 101 0
1624843056140 102 0
1624843058019 103 0
1624843059793 104 0
1624843061426 105 0
1624843063307 106 0
1624843064695 107 0
1624843066032 108 0
1624843067889 109 0
1624843069091 110 0
1624843070815 111 0
1624843073084 112 0
1624843074295 113 0
1624843076265 114 0
1624843077760 115 0
1624843079249 116 0
1624843080905 117 0
1624843083274 118 0
1624843085590 119 0
1624843087361 120 0
1624843090496 121 0
1624843091850 122 0
1624843094014 123 0
1624843095770 124 0
1624843097921 125 0
1624843100366 126 0
1624843103537 127 0
1624843105157 128 0
1624843107324 129 0
1624843109300 130 0
1624843112764 131 0
1624843115523 132 0
1624843117516 133 0
1624843119120 134 0
1624843120476 135 0
1624843122084 136 0
1624843124663 137 0
1624843126506 138 0
1624843128651 139 0
1624843129855 140 0
1624843130827 141 0
1624843133211 142 0
1624843134522 143 0
1624843136189 144 0
1624843138289 145 0
1624843140895 146 0
1624843142273 147 0
1624843144236 148 0
1624843145736 149 0
1624843146746 150 0
1624843148121 151 0
1624843149892 152 0
1624843151744 153 0
1624843154191 154 0
1624843155869 155 0
1624843158815 156 0
1624843161150 157 0
1624843162692 158 0
1624843164647 159 0
1624843167365 160 0
1624843170131 161 0
1624843179128 162 0
1624843180394 163 0
1624843181595 164 0
1624843182742 165 0
1624843183985 166 0
1624843185008 167 0
1624843186194 168 0
1624843187313 169 0
1624843188404 170 0
1624843189501 171 0
1624843193044 172 0
1624843194064 173 0
1624843195072 174 0
1624843196062 175 0
1624843197097 176 0
1624843198147 177 0
1624843199190 178 0
1624843200255 179 0
1624843201287 180 0
1624843202369 181 0
1624843203582 182 0
1624843204631 183 0
1624843205665 184 0
1624843206691 185 0
1624843207768 186 0
1624843208858 187 0
1624843209935 188 0
1624843211031 189 0
1624843212140 190 0
1624843213294 191 0
1624843214382 192 0
1624843215386 193 0
1624843216449 194 0
1624843217556 195 0
1624843218543 196 0
1624843219521 197 0
1624843220491 198 0
1624843221507 199 0
1624843222510 200 0
1624843223509 201 0
1624843224659 202 0
1624843225685 203 0
1624843226690 204 0
1624843227699 205 0
1624843228704 206 0
1624843229757 207 0
1624843230748 208 0
1624843231745 209 0
1624843232761 210 0
1624843233782 211 0
1624843234912 212 0
1624843235941 213 0
1624843237026 214 0
1624843238194 215 0
1624843239198 216 0
1624843240196 217 0
1624843241218 218 0
1624843242203 219 0
1624843243200 220 0
1624843244192 221 0
1624843245232 222 0
1624843246268 223 0
1624843247306 224 0
1624843248360 225 0
1624843249374 226 0
1624843250439 227 0
1624843251455 228 0
1624843252490 229 0
1624843253512 230 0
1624843254546 231 0
1624843255567 232 0
1624843256564 233 0
1624843257592 234 0
1624843258659 235 0
1624843259679 236 0
1624843260694 237 0
1624843261739 238 0
1624843262754 239 0
1624843263798 240 0
1624843264816 241 0
1624843265849 242 0
1624843266917 243 0
1624843267982 244 0
1624843269093 245 0
1624843270180 246 0
1624843271240 247 0
1624843272310 248 0
1624843273382 249 0
1624843274420 250 0
1624843275478 251 0
1624843276555 252 0
1624843277564 253 0
1624843278605 254 0
1624843279685 255 0
1624843280775 256 0
1624843281836 257 0
1624843282848 258 0
1624843283969 259 0
1624843284970 260 0
1624843286024 261 0
1624843287052 262 0
1624843288085 263 0
1624843289138 264 0
1624843290142 265 0
1624843291188 266 0
1624843292187 267 0
1624843293179 268 0
1624843294193 269 0
1624843295217 270 0
1624843296360 271 0
1624843297352 272 0
1624843298403 273 0
1624843299472 274 0
1624843300520 275 0
1624843301558 276 0
1624843302636 277 0
1624843303696 278 0
1624843304795 279 0
1624843305899 280 0
1624843307046 281 0
1624843308106 282 0
1624843309157 283 0
1624843310247 284 0
1624843311375 285 0
1624843312458 286 0
1624843313540 287 0
1624843314582 288 0
1624843315619 289 0
1624843316657 290 0
1624843317688 291 0
1624843318751 292 0
1624843319793 293 0
1624843320878 294 0
1624843321914 295 0
1624843322944 296 0
1624843324024 297 0
1624843325069 298 0
1624843326085 299 0
1624843327107 300 0
1624843328084 301 0
1624843329100 302 0
1624843330163 303 0
1624843331219 304 0
1624843332292 305 0
1624843333285 306 0
1624843334304 307 0
1624843335354 308 0
1624843336383 309 0
1624843337429 310 0
1624843338501 311 0
1624843339525 312 0
1624843340573 313 0
1624843341617 314 0
1624843342633 315 0
1624843343666 316 0
1624843344841 317 0
1624843345857 318 0
1624843347047 319 0
1624843348086 320 0
1624843349147 321 0
1624843350171 322 0
1624843351237 323 0
1624843352293 324 0
1624843353343 325 0
1624843354399 326 0
1624843355419 327 0
1624843356441 328 0
1624843357512 329 0
1624843358551 330 0
1624843359618 331 0
1624843360646 332 0
1624843361696 333 0
1624843362730 334 0
1624843363794 335 0
1624843364885 336 0
1624843365915 337 0
1624843367021 338 0
1624843368085 339 0
1624843369088 340 0
1624843370087 341 0
1624843371110 342 0
1624843372090 343 0
1624843373073 344 0
1624843374070 345 0
1624843375064 346 0
1624843376107 347 0
1624843377126 348 0
1624843378113 349 0
1624843379124 350 0
1624843380089 351 0
1624843381125 352 0
1624843382158 353 0
1624843383179 354 0
1624843384203 355 0
1624843385216 356 0
1624843386231 357 0
1624843387213 358 0
1624843388234 359 0
1624843389312 360 0
1624843390393 361 0
1624843391474 362 0
1624843392519 363 0
1624843393532 364 0
1624843394523 365 0
1624843395530 366 0
1624843396519 367 0
1624843397482 368 0
1624843398510 369 0
1624843399505 370 0
1624843400545 371 0
1624843401590 372 0
1624843402573 373 0
1624843403537 374 0
1624843404530 375 0
1624843405565 376 0
1624843406613 377 0
1624843407619 378 0
1624843408643 379 0
1624843409624 380 0
1624843410647 381 0
1624843411690 382 0
1624843412744 383 0
1624843413824 384 0
1624843415017 385 0
1624843416108 386 0
1624843417142 387 0
1624843418117 388 0
1624843419132 389 0
1624843420125 390 0
1624843421124 391 0
1624843422073 392 0
1624843423096 393 0
1624843424122 394 0
1624843425136 395 0
1624843426127 396 0
1624843427180 397 0
1624843428263 398 0
1624843429292 399 0
1624843430324 400 0
1624843431335 401 0
1624843432362 402 0
1624843433473 403 0
1624843434509 404 0
1624843435569 405 0
1624843436709 406 0
1624843437780 407 0
1624843438855 408 0
1624843439953 409 0
1624843441016 410 0
1624843442098 411 0
1624843443175 412 0
1624843444206 413 0
1624843445229 414 0
1624843446272 415 0
1624843447346 416 0
1624843448459 417 0
1624843449539 418 0
1624843450617 419 0
1624843451685 420 0
1624843452737 421 0
1624843453792 422 0
1624843454842 423 0
1624843455933 424 0
1624843457000 425 0
1624843458066 426 0
1624843459112 427 0
1624843460146 428 0
1624843461186 429 0
1624843462276 430 0
1624843463371 431 0
1624843464419 432 0
1624843465467 433 0
1624843466501 434 0
1624843467569 435 0
1624843468662 436 0
1624843469728 437 0
1624843470783 438 0
1624843471857 439 0
1624843472882 440 0
1624843473906 441 0
1624843474904 442 0
1624843475916 443 0
1624843476890 444 0
1624843477861 445 0
1624843478856 446 0
1624843479846 447 0
1624843480864 448 0
1624843481847 449 0
1624843482858 450 0
1624843483863 451 0
1624843484898 452 0
1624843485967 453 0
1624843487045 454 0
1624843488094 455 0
1624843489142 456 0
1624843490209 457 0
1624843491229 458 0
1624843492369 459 0
1624843493502 460 0
1624843494624 461 0
1624843495633 462 0
1624843496703 463 0
1624843497711 464 0
1624843498754 465 0
1624843499765 466 0
1624843500801 467 0
1624843501836 468 0
1624843502922 469 0
1624843503975 470 0
1624843505047 471 0
1624843506117 472 0
1624843507100 473 0
1624843508064 474 0
1624843509055 475 0
1624843510025 476 0
1624843511109 477 0
1624843512087 478 0
1624843513045 479 0
1624843514057 480 0
1624843515032 481 0
1624843516087 482 0
1624843517089 483 0
1624843518072 484 0
1624843519133 485 0
1624843520122 486 0
1624843521106 487 0
1624843522070 488 0
1624843523076 489 0
1624843524096 490 0
1624843525099 491 0
1624843526102 492 0
1624843527119 493 0
1624843528108 494 0
1624843529128 495 0
1624843530162 496 0
1624843531186 497 0
1624843532221 498 0
1624843533247 499 0
1624843534315 500 0
1624843535339 501 0
1624843536362 502 0
1624843537374 503 0
1624843538397 504 0
1624843539471 505 0
1624843540499 506 0
1624843541533 507 0
1624843542564 508 0
1624843543603 509 0
1624843544658 510 0
1624843545736 511 0
1624843546841 512 0
1624843547861 513 0
1624843548875 514 0
1624843549896 515 0
1624843550962 516 0
1624843552041 517 0
1624843553064 518 0
1624843554106 519 0
1624843555118 520 0
1624843556199 521 0
1624843557182 522 0
1624843558259 523 0
1624843559306 524 0
1624843560380 525 0
1624843561424 526 0
1624843562432 527 0
1624843563561 528 0
1624843564643 529 0
1624843565802 530 0
1624843566785 531 0
1624843567814 532 0
1624843568823 533 0
1624843569802 534 0
1624843570789 535 0
1624843571851 536 0
1624843572848 537 0
1624843573841 538 0
1624843574849 539 0
1624843575823 540 0
1624843576817 541 0
1624843577801 542 0
1624843578782 543 0
1624843579777 544 0
1624843580783 545 0
1624843581757 546 0
1624843582765 547 0
1624843583760 548 0
1624843584736 549 0
1624843585682 550 0
1624843586669 551 0
1624843587656 552 0
1624843588635 553 0
1624843589831 0 0
1624843590782 1 0
1624843591725 2 0
1624843592751 3 0
1624843593852 4 0
1624843594901 5 0
1624843595984 6 0
1624843596977 7 0
1624843597996 8 0
1624843599010 9 0
1624843599964 10 0
1624843600913 11 0
1624843601878 12 0
1624843602834 13 0
1624843603774 14 0
1624843604746 15 0
1624843605689 16 0
1624843606676 17 0
1624843607646 18 0
1624843608605 19 0
1624843609560 20 0
1624843610510 21 0
1624843611445 22 0
1624843612381 23 0
1624843613349 24 0
1624843614312 25 0
1624843615256 26 0
1624843616208 27 0
1624843617256 28 0
1624843618270 29 0
1624843619311 30 0
1624843620313 31 0
1624843621264 32 0
1624843622214 33 0
1624843623164 34 0
1624843624140 35 0
1624843625096 36 0
1624843626034 37 0
1624843626991 38 0
1624843627988 39 0
1624843628982 40 0
1624843629949 41 0
1624843630909 42 0
1624843631898 43 0
1624843632865 44 0
1624843633807 45 0
1624843634756 46 0
1624843635698 47 0
1624843636654 48 0
1624843637606 49 0
1624843638551 50 0
1624843639485 51 0
1624843640428 52 0
1624843641378 53 0
1624843642324 54 0
1624843643270 55 0
1624843644208 56 0
1624843645161 57 0
1624843646115 58 0
1624843647060 59 0
1624843648010 60 0
1624843648951 61 0
1624843649945 62 0
1624843650916 63 0
1624843651853 64 0
1624843652798 65 0
1624843653735 66 0
1624843654693 67 0
1624843655646 68 0
1624843656590 69 0
1624843657532 70 0
1624843658481 71 0
1624843659439 72 0
1624843660384 73 0
1624843661325 74 0
1624843662286 75 0
1624843663255 76 0
1624843664197 77 0
1624843665152 78 0
1624843666136 79 0
1624843667131 80 0
1624843668107 81 0
1624843669098 82 0
1624843670087 83 0
1624843671075 84 0
1624843672065 85 0
1624843673045 86 0
1624843674013 87 0
1624843675003 88 0
1624843676024 89 0
1624843677019 90 0
1624843678001 91 0
1624843678968 92 0
1624843679979 93 0
1624843680969 94 0
1624843681949 95 0
1624843682896 96 0
1624843683841 97 0
1624843684786 98 0
1624843685724 99 0
1624843686681 100 0
1624843687619 101 0
1624843688593 102 0
1624843689578 103 0
1624843690525 104 0
1624843691469 105 0
1624843692442 106 0
1624843693393 107 0
1624843694326 108 0
1624843695268 109 0
1624843696210 110 0
1624843697156 111 0
1624843698103 112 0
1624843699038 113 0
1624843699976 114 0
1624843700924 115 0
1624843701872 116 0
1624843702853 117 0
1624843703800 118 0
1624843704749 119 0
1624843705693 120 0
1624843706632 121 0
1624843707568 122 0
1624843708507 123 0
1624843709457 124 0
1624843710401 125 0
1624843711342 126 0
1624843712278 127 0
1624843713218 128 0
1624843714154 129 0
1624843715095 130 0
1624843716049 131 0
1624843717010 132 0
1624843717968 133 0
1624843718901 134 0
1624843719851 135 0
1624843720796 136 0
1624843721731 137 0
1624843722664 138 0
1624843723613 139 0
1624843724560 140 0
1624843725506 141 0
1624843726471 142 0
1624843727438 143 0
1624843728468 144 0
1624843729451 145 0
1624843730428 146 0
1624843731401 147 0
1624843732377 148 0
1624843733362 149 0
1624843734318 150 0
1624843735285 151 0
1624843736267 152 0
1624843737246 153 0
1624843738272 154 0
1624843739308 155 0
1624843740309 156 0
1624843741328 157 0
1624843742324 158 0
1624843743329 159 0
1624843744309 160 0
1624843745298 161 0
1624843746295 162 0
1624843747268 163 0
1624843748279 164 0
1624843749245 165 0
1624843750203 166 0
1624843751285 167 0
1624843752239 168 0
1624843753206 169 0
1624843754156 170 0
1624843755113 171 0
1624843756069 172 0
1624843757033 173 0
1624843757984 174 0
1624843758967 175 0
1624843759940 176 0
1624843760922 177 0
1624843761922 178 0
1624843762942 179 0
1624843763983 180 0
1624843764959 181 0
1624843765919 182 0
1624843766874 183 0
1624843767837 184 0
1624843768799 185 0
1624843769753 186 0
1624843770699 187 0
1624843771688 188 0
1624843772682 189 0
1624843773687 190 0
1624843774672 191 0
1624843775702 192 0
1624843776698 193 0
1624843777677 194 0
1624843778637 195 0
1624843779612 196 0
1624843780603 197 0
1624843781617 198 0
1624843782643 199 0
1624843783697 200 0
1624843784760 201 0
1624843785786 202 0
1624843786813 203 0
1624843787800 204 0
1624843788794 205 0
1624843789778 206 0
1624843790785 207 0
1624843791774 208 0
1624843792763 209 0
1624843793747 210 0
1624843794731 211 0
1624843795724 212 0
1624843796737 213 0
1624843797746 214 0
1624843798756 215 0
1624843799801 216 0
1624843800816 217 0
1624843801861 218 0
1624843802919 219 0
1624843803905 220 0
1624843804903 221 0
1624843805911 222 0
1624843806896 223 0
1624843807889 224 0
1624843808876 225 0
1624843809868 226 0
1624843810854 227 0
1624843811850 228 0
1624843812836 229 0
1624843813833 230 0
1624843814824 231 0
1624843815800 232 0
1624843816806 233 0
1624843817795 234 0
1624843818773 235 0
1624843819759 236 0
1624843820758 237 0
1624843821751 238 0
1624843822727 239 0
1624843823711 240 0
1624843824700 241 0
1624843825689 242 0
1624843826654 243 0
1624843827645 244 0
1624843828634 245 0
1624843829623 246 0
1624843830615 247 0
1624843831573 248 0
1624843832531 249 0
1624843833485 250 0
1624843834427 251 0
1624843835395 252 0
1624843836390 253 0
1624843837385 254 0
1624843838373 255 0
1624843839375 256 0
1624843840371 257 0
1624843841355 258 0
1624843842311 259 0
1624843843279 260 0
1624843844251 261 0
1624843845243 262 0
1624843846239 263 0
1624843847222 264 0
1624843848209 265 0
1624843849182 266 0
1624843850161 267 0
1624843851179 268 0
1624843852179 269 0
1624843853177 270 0
1624843854140 271 0
1624843855090 272 0
1624843856037 273 0
1624843856997 274 0
1624843857955 275 0
1624843858916 276 0
1624843859862 277 0
1624843860814 278 0
1624843861768 279 0
1624843862729 280 0
1624843863687 281 0
1624843864639 282 0
1624843865580 283 0
1624843866544 284 0
1624843867500 285 0
1624843868453 286 0
1624843869413 287 0
1624843870370 288 0
1624843871328 289 0
1624843872277 290 0
1624843873230 291 0
1624843874177 292 0
1624843875126 293 0
1624843876088 294 0
1624843877043 295 0
1624843878004 296 0
1624843878960 297 0
1624843879915 298 0
1624843880877 299 0
1624843881831 300 0
1624843882785 301 0
1624843883738 302 0
1624843884695 303 0
1624843885647 304 0
1624843886602 305 0
1624843887608 306 0
1624843888556 307 0
1624843889565 308 0
1624843890563 309 0
1624843891520 310 0
1624843892471 311 0
1624843893426 312 0
1624843894371 313 0
1624843895322 314 0
1624843896283 315 0
1624843897262 316 0
1624843898237 317 0
1624843899231 318 0
1624843900251 319 0
1624843901282 320 0
1624843902314 321 0
1624843903313 322 0
1624843904312 323 0
1624843905316 324 0
1624843906272 325 0
1624843907229 326 0
1624843908186 327 0
1624843909144 328 0
1624843910098 329 0
1624843911049 330 0
1624843912005 331 0
1624843912959 332 0
1624843913916 333 0
1624843914881 334 0
1624843915837 335 0
1624843916794 336 0
1624843917756 337 0
1624843918721 338 0
1624843919676 339 0
1624843920621 340 0
1624843921581 341 0
1624843922537 342 0
1624843923502 343 0
1624843924450 344 0
1624843925401 345 0
1624843926362 346 0
1624843927311 347 0
1624843928262 348 0
1624843929214 349 0
1624843930168 350 0
1624843931139 351 0
1624843932099 352 0
1624843933065 353 0
1624843934027 354 0
1624843935022 355 0
1624843935979 356 0
1624843936943 357 0
1624843937899 358 0
1624843938851 359 0
1624843939810 360 0
1624843940772 361 0
1624843941729 362 0
1624843942685 363 0
1624843943645 364 0
1624843944604 365 0
1624843945566 366 0
1624843946534 367 0
1624843947532 368 0
1624843948531 369 0
1624843949526 370 0
1624843950523 371 0
1624843951513 372 0
1624843952470 373 0
1624843953424 374 0
1624843954376 375 0
1624843955329 376 0
1624843956305 377 0
1624843957295 378 0
1624843958290 379 0
1624843959291 380 0
1624843960286 381 0
1624843961241 382 0
1624843962201 383 0
1624843963158 384 0
1624843964159 385 0
1624843965113 386 0
1624843966077 387 0
1624843967029 388 0
1624843967981 389 0
1624843968943 390 0
1624843969902 391 0
1624843970853 392 0
1624843971799 393 0
1624843972755 394 0
1624843973715 395 0
1624843974676 396 0
1624843975635 397 0
1624843976587 398 0
1624843977545 399 0
1624843978506 400 0
1624843979471 401 0
1624843980440 402 0
1624843981406 403 0
1624843982364 404 0
1624843983326 405 0
1624843984277 406 0
1624843985230 407 0
1624843986184 408 0
1624843987147 409 0
1624843988142 410 0
1624843989136 411 0
1624843990124 412 0
1624843991102 413 0
1624843992087 414 0
1624843993072 415 0
1624843994070 416 0
1624843995064 417 0
1624843996050 418 0
1624843996999 419 0
1624843997962 420 0
1624843998910 421 0
1624843999866 422 0
1624844000817 423 0
1624844001781 424 0
1624844002738 425 0
1624844003699 426 0
1624844004675 427 0
1624844005656 428 0
1624844006610 429 0
1624844007572 430 0
1624844008532 431 0
1624844009491 432 0
1624844010459 433 0
1624844011420 434 0
1624844012383 435 0
1624844013338 436 0
1624844014296 437 0
1624844015256 438 0
1624844016213 439 0
1624844017184 440 0
1624844018150 441 0
1624844019109 442 0
1624844020066 443 0
1624844021023 444 0
1624844021976 445 0
1624844022940 446 0
1624844023911 447 0
1624844024877 448 0
1624844025831 449 0
1624844026782 450 0
1624844027741 451 0
1624844028702 452 0
1624844029663 453 0
1624844030617 454 0
1624844031582 455 0
1624844032540 456 0
1624844033498 457 0
1624844034454 458 0
1624844035413 459 0
1624844036368 460 0
1624844037329 461 0
1624844038290 462 0
1624844039244 463 0
1624844040197 464 0
1624844041156 465 0
1624844042120 466 0
1624844043106 467 0
1624844044157 468 0
1624844045131 469 0
1624844046092 470 0
1624844047109 471 0
1624844048167 472 0
1624844049281 473 0
1624844050500 474 0
1624844051573 475 0
1624844052594 476 0
1624844053591 477 0
1624844054585 478 0
1624844055553 479 0
1624844056561 480 0
1624844057534 481 0
1624844058502 482 0
1624844059464 483 0
1624844060436 484 0
1624844061401 485 0
1624844062357 486 0
1624844063319 487 0
1624844064278 488 0
1624844065258 489 0
1624844066206 490 0
1624844067176 491 0
1624844068195 492 0
1624844069233 493 0
1624844070377 494 0
1624844071519 495 0
1624844072573 496 0
1624844073661 497 0
1624844075467 498 0
1624844076873 499 0
1624844077843 500 0
1624844078804 501 0
1624844079770 502 0
1624844080770 503 0
1624844081727 504 0
1624844082727 505 0
1624844083735 506 0
1624844084734 507 0
1624844085736 508 0
1624844086747 509 0
1624844087750 510 0
1624844088739 511 0
1624844089745 512 0
1624844090751 513 0
1624844091762 514 0
1624844092752 515 0
1624844093776 516 0
1624844094772 517 0
1624844095769 518 0
1624844096828 519 0
1624844097842 520 0
1624844098848 521 0
1624844099873 522 0
1624844100886 523 0
1624844101916 524 0
1624844102910 525 0
1624844103915 526 0
1624844104933 527 0
1624844105924 528 0
1624844106916 529 0
1624844107888 530 0
1624844108860 531 0
1624844109825 532 0
1624844110827 533 0
1624844111847 534 0
1624844112810 535 0
1624844114005 536 0
1624844115017 537 0
1624844116038 538 0
1624844117209 539 0
1624844118354 540 0
1624844119444 541 0
1624844120514 542 0
1624844121606 543 0
1624844122658 544 0
1624844123660 545 0
1624844124647 546 0
1624844125609 547 0
1624844126577 548 0
1624844127558 549 0
1624844128537 550 0
1624844129528 551 0
1624844130516 552 0
1624844131506 553 0
1624844132710 0 0
1624844133669 1 0
1624844134643 2 0
1624844135740 3 0
1624844136759 4 0
1624844137726 5 0
1624844138688 6 0
1624844139724 7 0
1624844140863 8 0
1624844141957 9 0
1624844143048 10 0
1624844144061 11 0
1624844145077 12 0
1624844146124 13 0
1624844147145 14 0
1624844148153 15 0
1624844149130 16 0
1624844150102 17 0
1624844151083 18 0
1624844152064 19 0
1624844153015 20 0
1624844153959 21 0
1624844154941 22 0
1624844156032 23 0
1624844157084 24 0
1624844158134 25 0
1624844159103 26 0
1624844160075 27 0
1624844161093 28 0
1624844162163 29 0
1624844163220 30 0
1624844164263 31 0
1624844165301 32 0
1624844166321 33 0
1624844167319 34 0
1624844168291 35 0
1624844169261 36 0
1624844170217 37 0
1624844171165 38 0
1624844172128 39 0
1624844173095 40 0
1624844174070 41 0
1624844175043 42 0
1624844176004 43 0
1624844176971 44 0
1624844177938 45 0
1624844178902 46 0
1624844179866 47 0
1624844180826 48 0
1624844181793 49 0
1624844182751 50 0
1624844183716 51 0
1624844184719 52 0
1624844185716 53 0
1624844186711 54 0
1624844187680 55 0
1624844188641 56 0
1624844189601 57 0
1624844190566 58 0
1624844191530 59 0
1624844192494 60 0
1624844193454 61 0
1624844194408 62 0
1624844195359 63 0
1624844196318 64 0
1624844197285 65 0
1624844198248 66 0
1624844199219 67 0
1624844200213 68 0
1624844201209 69 0
1624844202199 70 0
1624844203186 71 0
1624844204164 72 0
1624844205153 73 0
1624844206151 74 0
1624844207112 75 0
1624844208063 76 0
1624844209061 77 0
1624844210030 78 0
1624844210989 79 0
1624844211954 80 0
1624844212913 81 0
1624844213868 82 0
1624844214825 83 0
1624844215780 84 0
1624844216741 85 0
1624844217736 86 0
1624844218736 87 0
1624844219738 88 0
1624844220730 89 0
1624844221732 90 0
1624844222743 91 0
1624844223738 92 0
1624844224730 93 0
1624844225738 94 0
1624844226743 95 0
1624844227741 96 0
1624844228726 97 0
1624844229707 98 0
1624844230703 99 0
1624844231711 100 0
1624844232712 101 0
1624844233709 102 0
1624844234707 103 0
1624844235711 104 0
1624844236709 105 0
1624844237710 106 0
1624844238705 107 0
1624844239690 108 0
1624844240675 109 0
1624844241672 110 0
1624844242672 111 0
1624844243730 112 0
1624844244762 113 0
1624844245785 114 0
1624844246789 115 0
1624844247787 116 0
1624844248786 117 0
1624844249797 118 0
1624844250766 119 0
1624844251727 120 0
1624844252716 121 0
1624844253728 122 0
1624844254774 123 0
1624844255808 124 0
1624844256801 125 0
1624844257762 126 0
1624844258733 127 0
1624844259707 128 0
1624844260682 129 0
1624844261763 130 0
1624844262716 131 0
1624844263674 132 0
1624844264634 133 0
1624844265598 134 0
1624844266557 135 0
1624844267521 136 0
1624844268498 137 0
1624844269471 138 0
1624844270458 139 0
1624844271454 140 0
1624844272450 141 0
1624844273440 142 0
1624844274429 143 0
1624844275422 144 0
1624844276424 145 0
1624844277383 146 0
1624844278340 147 0
1624844279301 148 0
1624844280262 149 0
1624844281223 150 0
1624844282183 151 0
1624844283139 152 0
1624844284095 153 0
1624844285053 154 0
1624844286018 155 0
1624844286979 156 0
1624844287935 157 0
1624844288889 158 0
1624844289849 159 0
1624844290808 160 0
1624844291768 161 0
1624844292726 162 0
1624844293680 163 0
1624844294641 164 0
1624844295605 165 0
1624844296570 166 0
1624844297523 167 0
1624844298477 168 0
1624844299428 169 0
1624844300398 170 0
1624844301358 171 0
1624844302325 172 0
1624844303277 173 0
1624844304236 174 0
1624844305191 175 0
1624844306154 176 0
1624844307107 177 0
1624844308065 178 0
1624844309024 179 0
1624844309987 180 0
1624844310937 181 0
1624844311910 182 0
1624844312866 183 0
1624844313838 184 0
1624844314793 185 0
1624844315748 186 0
1624844316702 187 0
1624844317661 188 0
1624844318619 189 0
1624844319571 190 0
1624844320538 191 0
1624844321499 192 0
1624844322453 193 0
1624844323447 194 0
1624844324443 195 0
1624844325436 196 0
1624844326438 197 0
1624844327442 198 0
1624844328440 199 0
1624844329450 200 0
1624844330422 201 0
1624844331384 202 0
1624844332350 203 0
1624844333344 204 0
1624844334374 205 0
1624844335379 206 0
1624844336386 207 0
1624844337371 208 0
1624844338330 209 0
1624844339289 210 0
1624844340264 211 0
1624844341265 212 0
1624844342227 213 0
1624844343194 214 0
1624844344208 215 0
1624844345248 216 0
1624844346287 217 0
1624844347337 218 0
1624844348328 219 0
1624844349313 220 0
1624844350290 221 0
1624844351261 222 0
1624844352228 223 0
1624844353192 224 0
1624844354207 225 0
1624844355227 226 0
1624844356260 227 0
1624844357297 228 0
1624844358277 229 0
1624844359245 230 0
1624844360203 231 0
1624844361167 232 0
1624844362129 233 0
1624844363083 234 0
1624844364041 235 0
1624844365005 236 0
1624844365961 237 0
1624844366924 238 0
1624844367880 239 0
1624844368843 240 0
1624844369818 241 0
1624844370824 242 0
1624844371820 243 0
1624844372805 244 0
1624844373794 245 0
1624844374755 246 0
1624844375720 247 0
1624844376678 248 0
1624844377640 249 0
1624844378592 250 0
1624844379553 251 0
1624844380513 252 0
1624844381461 253 0
1624844382412 254 0
1624844383371 255 0
1624844384333 256 0
1624844385288 257 0
1624844386247 258 0
1624844387208 259 0
1624844388166 260 0
1624844389133 261 0
1624844390096 262 0
1624844391100 263 0
1624844392083 264 0
1624844393066 265 0
1624844394081 266 0
1624844395066 267 0
1624844396050 268 0
1624844397023 269 0
1624844397977 270 0
1624844398938 271 0
1624844399900 272 0
1624844400857 273 0
1624844401816 274 0
1624844402790 275 0
1624844403750 276 0
1624844404710 277 0
1624844405681 278 0
1624844406634 279 0
1624844407592 280 0
1624844408549 281 0
1624844409507 282 0
1624844410460 283 0
1624844411411 284 0
1624844412373 285 0
1624844413353 286 0
1624844414366 287 0
1624844415365 288 0
1624844416359 289 0
1624844417333 290 0
1624844418294 291 0
1624844419256 292 0
1624844420249 293 0
1624844421241 294 0
1624844422205 295 0
1624844423201 296 0
1624844424215 297 0
1624844425218 298 0
1624844426223 299 0
1624844427219 300 0
1624844428227 301 0
1624844429223 302 0
1624844430214 303 0
1624844431196 304 0
1624844432154 305 0
1624844433118 306 0
1624844434085 307 0
1624844435052 308 0
1624844436013 309 0
1624844436979 310 0
1624844437938 311 0
1624844438893 312 0
1624844439864 313 0
1624844440840 314 0
1624844441813 315 0
1624844442779 316 0
1624844443753 317 0
1624844444720 318 0
1624844445696 319 0
1624844446685 320 0
1624844447657 321 0
1624844448625 322 0
1624844449586 323 0
1624844450544 324 0
1624844451510 325 0
1624844452455 326 0
1624844453436 327 0
1624844454432 328 0
1624844455402 329 0
1624844456594 330 0
1624844457562 331 0
1624844458532 332 0
1624844459535 333 0
1624844460540 334 0
1624844461497 335 0
1624844462459 336 0
1624844463435 337 0
1624844464408 338 0
1624844465379 339 0
1624844466355 340 0
1624844467353 341 0
1624844468356 342 0
1624844469380 343 0
1624844470381 344 0
1624844471407 345 0
1624844472400 346 0
1624844473390 347 0
1624844474403 348 0
1624844475430 349 0
1624844476400 350 0
1624844477366 351 0
1624844478343 352 0
1624844479317 353 0
1624844480320 354 0
1624844481318 355 0
1624844482309 356 0
1624844483321 357 0
1624844484332 358 0
1624844485356 359 0
1624844486328 360 0
1624844487314 361 0
1624844488319 362 0
1624844489328 363 0
1624844490327 364 0
1624844491333 365 0
1624844492338 366 0
1624844493353 367 0
1624844494359 368 0
1624844495353 369 0
1624844496324 370 0
1624844497348 371 0
1624844498375 372 0
1624844499415 373 0
1624844500457 374 0
1624844501495 375 0
1624844502498 376 0
1624844503518 377 0
1624844504494 378 0
1624844505464 379 0
1624844506434 380 0
1624844507388 381 0
1624844508347 382 0
1624844509314 383 0
1624844510284 384 0
1624844511240 385 0
1624844512219 386 0
1624844513189 387 0
1624844514211 388 0
1624844515275 389 0
1624844516327 390 0
1624844517352 391 0
1624844518376 392 0
1624844519429 393 0
1624844520439 394 0
1624844521441 395 0
1624844522504 396 0
1624844523585 397 0
1624844524613 398 0
1624844525672 399 0
1624844526715 400 0
1624844527706 401 0
1624844528670 402 0
1624844529648 403 0
1624844530636 404 0
1624844531654 405 0
1624844532648 406 0
1624844533634 407 0
1624844534625 408 0
1624844535633 409 0
1624844536609 410 0
1624844537601 411 0
1624844538613 412 0
1624844539619 413 0
1624844540620 414 0
1624844541613 415 0
1624844542602 416 0
1624844543568 417 0
1624844544532 418 0
1624844545538 419 0
1624844546563 420 0
1624844547569 421 0
1624844548552 422 0
1624844549516 423 0
1624844550513 424 0
1624844551483 425 0
1624844552459 426 0
1624844553435 427 0
1624844554439 428 0
1624844555454 429 0
1624844556429 430 0
1624844557421 431 0
1624844558399 432 0
1624844559392 433 0
1624844560364 434 0
1624844561376 435 0
1624844562386 436 0
1624844563402 437 0
1624844564413 438 0
1624844565409 439 0
1624844566426 440 0
1624844567427 441 0
1624844568430 442 0
1624844569425 443 0
1624844570463 444 0
1624844571497 445 0
1624844572541 446 0
1624844573579 447 0
1624844574608 448 0
1624844575629 449 0
1624844576643 450 0
1624844577626 451 0
1624844578613 452 0
1624844579586 453 0
1624844580553 454 0
1624844581556 455 0
1624844582547 456 0
1624844583547 457 0
1624844584530 458 0
1624844585668 459 0
1624844586646 460 0
1624844587623 461 0
1624844588595 462 0
1624844589561 463 0
1624844590546 464 0
1624844591545 465 0
1624844592538 466 0
1624844593532 467 0
1624844594505 468 0
1624844595464 469 0
1624844596444 470 0
1624844597412 471 0
1624844598376 472 0
1624844599339 473 0
1624844600300 474 0
1624844601275 475 0
1624844602236 476 0
1624844603192 477 0
1624844604157 478 0
1624844605124 479 0
1624844606093 480 0
1624844607059 481 0
1624844608018 482 0
1624844608971 483 0
1624844609931 484 0
1624844610896 485 0
1624844611857 486 0
1624844612823 487 0
1624844613774 488 0
1624844614740 489 0
1624844615707 490 0
1624844616666 491 0
1624844617633 492 0
1624844618596 493 0
1624844619559 494 0
1624844620548 495 0
1624844621539 496 0
1624844622508 497 0
1624844623479 498 0
1624844624475 499 0
1624844625476 500 0
1624844626477 501 0
1624844627464 502 0
1624844628463 503 0
1624844629463 504 0
1624844630448 505 0
1624844631472 506 0
1624844632460 507 0
1624844633440 508 0
1624844634417 509 0
1624844635394 510 0
1624844636358 511 0
1624844637313 512 0
1624844638278 513 0
1624844639241 514 0
1624844640229 515 0
1624844641233 516 0
1624844642203 517 0
1624844643213 518 0
1624844644255 519 0
1624844645283 520 0
1624844646298 521 0
1624844647307 522 0
1624844648321 523 0
1624844649319 524 0
1624844650329 525 0
1624844651331 526 0
1624844652350 527 0
1624844653356 528 0
1624844654362 529 0
1624844655353 530 0
1624844656357 531 0
1624844657358 532 0
1624844658362 533 0
1624844659355 534 0
1624844660348 535 0
1624844661333 536 0
1624844662324 537 0
1624844663331 538 0
1624844664347 539 0
1624844665392 540 0
1624844666425 541 0
1624844667394 542 0
1624844668360 543 0
1624844669346 544 0
1624844670303 545 0
1624844671274 546 0
1624844672254 547 0
1624844673269 548 0
1624844674316 549 0
1624844675340 550 0
1624844676364 551 0
1624844677373 552 0
1624844678396 553 0
1624844679646 0 0
1624844680614 1 0
1624844681572 2 0
1624844682535 3 0
1624844683492 4 0
1624844684469 5 0
1624844685477 6 0
1624844686457 7 0
1624844687414 8 0
1624844688384 9 0
1624844689360 10 0
1624844690317 11 0
1624844691283 12 0
1624844692277 13 0
1624844693242 14 0
1624844694205 15 0
1624844695168 16 0
1624844696143 17 0
1624844697109 18 0
1624844698117 19 0
1624844699111 20 0
1624844700120 21 0
1624844701126 22 0
1624844702097 23 0
1624844703076 24 0
1624844704066 25 0
1624844705098 26 0
1624844706079 27 0
1624844707087 28 0
1624844708104 29 0
1624844709104 30 0
1624844710122 31 0
1624844711148 32 0
1624844712158 33 0
1624844713180 34 0
1624844714141 35 0
1624844715114 36 0
1624844716107 37 0
1624844717100 38 0
1624844718071 39 0
1624844719084 40 0
1624844720068 41 0
1624844721048 42 0
1624844722024 43 0
1624844723053 44 0
1624844724057 45 0
1624844725130 46 0
1624844726204 47 0
1624844727267 48 0
1624844728324 49 0
1624844729311 50 0
1624844730273 51 0
1624844731264 52 0
1624844732228 53 0
1624844733172 54 0
1624844734122 55 0
1624844735097 56 0
1624844736069 57 0
1624844737042 58 0
1624844738034 59 0
1624844739014 60 0
1624844740012 61 0
1624844741101 62 0
1624844742065 63 0
1624844743049 64 0
1624844744041 65 0
1624844745004 66 0
1624844745972 67 0
1624844746942 68 0
1624844747932 69 0
1624844748900 70 0
1624844749864 71 0
1624844750826 72 0
1624844751779 73 0
1624844752746 74 0
1624844753714 75 0
1624844754676 76 0
1624844755664 77 0
1624844756618 78 0
1624844757597 79 0
1624844758568 80 0
1624844759539 81 0
1624844760504 82 0
1624844761476 83 0
1624844762447 84 0
1624844763420 85 0
1624844764386 86 0
1624844765368 87 0
1624844766376 88 0
1624844767356 89 0
1624844768307 90 0
1624844769273 91 0
1624844770271 92 0
1624844771251 93 0
1624844772217 94 0
1624844773184 95 0
1624844774151 96 0
1624844775110 97 0
1624844776067 98 0
1624844777023 99 0
1624844777980 100 0
1624844778946 101 0
1624844779903 102 0
1624844780861 103 0
1624844781818 104 0
1624844782777 105 0
1624844783737 106 0
1624844784701 107 0
1624844785652 108 0
1624844786618 109 0
1624844787615 110 0
1624844788606 111 0
1624844789599 112 0
1624844790589 113 0
1624844791587 114 0
1624844792606 115 0
1624844793626 116 0
1624844794642 117 0
1624844795637 118 0
1624844796614 119 0
1624844797601 120 0
1624844798622 121 0
1624844799583 122 0
1624844800550 123 0
1624844801539 124 0
1624844802529 125 0
1624844803504 126 0
1624844804470 127 0
1624844805438 128 0
1624844806404 129 0
1624844807385 130 0
1624844808343 131 0
1624844809300 132 0
1624844810258 133 0
1624844811255 134 0
1624844812218 135 0
1624844813206 136 0
1624844814214 137 0
1624844815246 138 0
1624844816223 139 0
1624844817192 140 0
1624844818157 141 0
1624844819101 142 0
1624844820057 143 0
1624844821016 144 0
1624844821980 145 0
1624844822937 146 0
1624844823892 147 0
1624844824848 148 0
1624844825809 149 0
1624844826762 150 0
1624844827714 151 0
1624844828724 152 0
1624844829717 153 0
1624844830732 154 0
1624844831766 155 0
1624844832752 156 0
1624844833732 157 0
1624844834722 158 0
1624844835709 159 0
1624844836677 160 0
1624844837636 161 0
1624844838591 162 0
1624844839574 163 0
1624844840615 164 0
1624844841607 165 0
1624844842586 166 0
1624844843608 167 0
1624844844599 168 0
1624844845595 169 0
1624844846598 170 0
1624844847604 171 0
1624844848604 172 0
1624844849613 173 0
1624844850613 174 0
1624844851608 175 0
1624844852603 176 0
1624844853596 177 0
1624844854597 178 0
1624844855586 179 0
1624844856583 180 0
1624844857556 181 0
1624844858519 182 0
1624844859491 183 0
1624844860465 184 0
1624844861430 185 0
1624844862399 186 0
1624844863382 187 0
1624844864379 188 0
1624844865374 189 0
1624844866338 190 0
1624844867312 191 0
1624844868278 192 0
1624844869236 193 0
1624844870196 194 0
1624844871173 195 0
1624844872148 196 0
1624844873147 197 0
1624844874111 198 0
1624844875071 199 0
1624844876042 200 0
1624844877041 201 0
1624844878017 202 0
1624844878969 203 0
1624844879928 204 0
1624844880887 205 0
1624844881839 206 0
1624844882794 207 0
1624844883754 208 0
1624844884718 209 0
1624844885673 210 0
1624844886622 211 0
1624844887582 212 0
1624844888540 213 0
1624844889501 214 0
1624844890451 215 0
1624844891424 216 0
1624844892387 217 0
1624844893358 218 0
1624844894480 219 0
1624844895532 220 0
1624844896614 221 0
1624844897576 222 0
1624844898535 223 0
1624844899504 224 0
1624844900427 225 0
1624844901357 226 0
1624844902277 227 0
1624844903199 228 0
1624844904109 229 0
1624844905036 230 0
1624844905953 231 0
1624844906875 232 0
1624844907817 233 0
1624844908758 234 0
1624844909708 235 0
1624844910659 236 0
1624844911616 237 0
1624844912574 238 0
1624844913528 239 0
1624844914483 240 0
1624844915437 241 0
1624844916384 242 0
1624844917333 243 0
1624844918252 244 0
1624844919177 245 0
1624844920103 246 0
1624844921060 247 0
1624844922027 248 0
1624844922979 249 0
1624844923956 250 0
1624844924909 251 0
1624844925859 252 0
1624844926817 253 0
1624844927746 254 0
1624844928662 255 0
1624844929577 256 0
1624844930489 257 0
1624844931407 258 0
1624844932328 259 0
1624844933242 260 0
1624844934153 261 0
1624844935072 262 0
1624844935993 263 0
1624844936917 264 0
1624844937865 265 0
1624844938817 266 0
1624844939766 267 0
1624844940718 268 0
1624844941658 269 0
1624844942571 270 0
1624844943479 271 0
1624844944396 272 0
1624844945314 273 0
1624844946236 274 0
1624844947156 275 0
1624844948072 276 0
1624844948987 277 0
1624844949919 278 0
1624844950835 279 0
1624844951747 280 0
1624844952680 281 0
1624844953628 282 0
1624844954574 283 0
1624844955506 284 0
1624844956425 285 0
1624844957345 286 0
1624844958256 287 0
1624844959185 288 0
1624844960104 289 0
1624844961015 290 0
1624844961974 291 0
1624844962893 292 0
1624844963807 293 0
1624844964725 294 0
1624844965648 295 0
1624844966566 296 0
1624844967480 297 0
1624844968395 298 0
1624844969305 299 0
1624844970222 300 0
1624844971139 301 0
1624844972046 302 0
1624844972967 303 0
1624844973880 304 0
1624844974791 305 0
1624844975714 306 0
1624844976625 307 0
1624844977548 308 0
1624844978464 309 0
1624844979373 310 0
1624844980299 311 0
1624844981220 312 0
1624844982139 313 0
1624844983115 314 0
1624844984109 315 0
1624844985098 316 0
1624844986088 317 0
1624844987049 318 0
1624844988077 319 0
1624844989068 320 0
1624844990058 321 0
1624844991046 322 0
1624844992041 323 0
1624844992997 324 0
1624844993913 325 0
1624844994836 326 0
1624844995788 327 0
1624844996759 328 0
1624844997734 329 0
1624844998714 330 0
1624844999676 331 0
1624845000629 332 0
1624845001597 333 0
1624845002542 334 0
1624845003497 335 0
1624845004490 336 0
1624845005458 337 0
1624845006410 338 0
1624845007327 339 0
1624845008248 340 0
1624845009181 341 0
1624845010121 342 0
1624845011075 343 0
1624845012029 344 0
1624845012945 345 0
1624845013883 346 0
1624845014838 347 0
1624845015771 348 0
1624845016689 349 0
1624845017628 350 0
1624845018569 351 0
1624845019538 352 0
1624845020491 353 0
1624845021467 354 0
1624845022441 355 0
1624845023424 356 0
1624845024356 357 0
1624845025308 358 0
1624845026283 359 0
1624845027246 360 0
1624845028170 361 0
1624845029151 362 0
1624845030122 363 0
1624845031077 364 0
1624845032001 365 0
1624845032916 366 0
1624845033851 367 0
1624845034828 368 0
1624845035760 369 0
1624845036680 370 0
1624845037607 371 0
1624845038525 372 0
1624845039450 373 0
1624845040378 374 0
1624845041319 375 0
1624845042271 376 0
1624845043232 377 0
1624845044152 378 0
1624845045126 379 0
1624845046055 380 0
1624845046984 381 0
1624845047940 382 0
1624845048947 383 0
1624845049919 384 0
1624845050877 385 0
1624845051859 386 0
1624845052801 387 0
1624845053733 388 0
1624845054667 389 0
1624845055610 390 0
1624845056534 391 0
1624845057474 392 0
1624845058420 393 0
1624845059399 394 0
1624845060334 395 0
1624845061321 396 0
1624845062264 397 0
1624845063184 398 0
1624845064090 399 0
1624845065002 400 0
1624845065916 401 0
1624845066833 402 0
1624845067745 403 0
1624845068668 404 0
1624845069683 405 0
1624845070660 406 0
1624845071631 407 0
1624845072616 408 0
1624845073580 409 0
1624845074567 410 0
1624845075509 411 0
1624845076456 412 0
1624845077400 413 0
1624845078371 414 0
1624845079311 415 0
1624845080235 416 0
1624845081166 417 0
1624845082114 418 0
1624845083062 419 0
1624845084021 420 0
1624845084971 421 0
1624845085922 422 0
1624845086874 423 0
1624845087854 424 0
1624845088850 425 0
1624845089815 426 0
1624845090764 427 0
1624845091712 428 0
1624845092656 429 0
1624845093610 430 0
1624845094555 431 0
1624845095499 432 0
1624845096443 433 0
1624845097383 434 0
1624845098342 435 0
1624845099320 436 0
1624845100300 437 0
1624845101294 438 0
1624845102273 439 0
1624845103253 440 0
1624845104199 441 0
1624845105145 442 0
1624845106097 443 0
1624845107059 444 0
1624845108041 445 0
1624845109016 446 0
1624845109963 447 0
1624845110913 448 0
1624845111863 449 0
1624845112822 450 0
1624845113782 451 0
1624845114729 452 0
1624845115685 453 0
1624845116615 454 0
1624845117550 455 0
1624845118510 456 0
1624845119546 457 0
1624845120714 458 0
1624845121812 459 0
1624845122911 460 0
1624845123986 461 0
1624845125075 462 0
1624845126176 463 0
1624845127264 464 0
1624845128339 465 0
1624845129389 466 0
1624845130421 467 0
1624845131445 468 0
1624845132600 469 0
1624845133916 470 0
1624845134987 471 0
1624845136007 472 0
1624845137011 473 0
1624845138036 474 0
1624845139009 475 0
1624845139991 476 0
1624845140950 477 0
1624845141923 478 0
1624845142878 479 0
1624845143846 480 0
1624845144809 481 0
1624845145820 482 0
1624845146775 483 0
1624845147743 484 0
1624845148741 485 0
1624845149738 486 0
1624845150721 487 0
1624845151670 488 0
1624845152634 489 0
1624845153582 490 0
1624845154536 491 0
1624845155491 492 0
1624845156427 493 0
1624845157357 494 0
1624845158283 495 0
1624845159227 496 0
1624845160153 497 0
1624845161086 498 0
1624845162010 499 0
1624845162952 500 0
1624845163890 501 0
1624845164826 502 0
1624845165754 503 0
1624845166676 504 0
1624845167617 505 0
1624845168580 506 0
1624845169533 507 0
1624845170522 508 0
1624845171477 509 0
1624845172409 510 0
1624845173338 511 0
1624845174258 512 0
1624845175184 513 0
1624845176110 514 0
1624845177038 515 0
1624845178007 516 0
1624845178963 517 0
1624845179908 518 0
1624845180867 519 0
1624845181836 520 0
1624845182771 521 0
1624845183695 522 0
1624845184615 523 0
1624845185541 524 0
1624845186468 525 0
1624845187397 526 0
1624845188325 527 0
1624845189249 528 0
1624845190167 529 0
1624845191097 530 0
1624845192024 531 0
1624845192946 532 0
1624845193868 533 0
1624845194794 534 0
1624845195726 535 0
1624845196642 536 0
1624845197564 537 0
1624845198491 538 0
1624845199410 539 0
1624845200351 540 0
1624845201320 541 0
1624845202275 542 0
1624845203242 543 0
1624845204205 544 0
1624845205156 545 0
1624845206117 546 0
1624845207078 547 0
1624845208034 548 0
1624845208975 549 0
1624845209900 550 0
1624845210819 551 0
1624845211742 552 0
1624845212669 553 0
1624845214142 0 0
1624845215074 1 0
1624845215994 2 0
1624845216925 3 0
1624845217881 4 0
1624845218842 5 0
1624845219809 6 0
1624845220774 7 0
1624845221716 8 0
1624845222687 9 0
1624845223674 10 0
1624845224639 11 0
1624845225612 12 0
1624845226674 13 0
1624845227708 14 0
1624845228681 15 0
1624845229653 16 0
1624845230605 17 0
1624845231541 18 0
1624845232484 19 0
1624845233458 20 0
1624845234436 21 0
1624845235386 22 0
1624845236354 23 0
1624845237305 24 0
1624845238247 25 0
1624845239171 26 0
1624845240096 27 0
1624845241063 28 0
1624845242016 29 0
1624845242985 30 0
1624845243917 31 0
1624845244897 32 0
1624845245850 33 0
1624845246809 34 0
1624845247739 35 0
1624845248681 36 0
1624845249625 37 0
1624845250588 38 0
1624845251548 39 0
1624845252514 40 0
1624845253481 41 0
1624845254456 42 0
1624845255402 43 0
1624845256342 44 0
1624845257308 45 0
1624845258306 46 0
1624845259262 47 0
1624845260200 48 0
1624845261129 49 0
1624845262056 50 0
1624845262987 51 0
1624845263919 52 0
1624845264852 53 0
1624845265783 54 0
1624845266709 55 0
1624845267652 56 0
1624845268598 57 0
1624845269525 58 0
1624845270451 59 0
1624845271391 60 0
1624845272332 61 0
1624845273266 62 0
1624845274199 63 0
1624845275170 64 0
1624845276129 65 0
1624845277079 66 0
1624845278047 67 0
1624845279001 68 0
1624845279933 69 0
1624845280858 70 0
1624845281790 71 0
1624845282711 72 0
1624845283633 73 0
1624845284557 74 0
1624845285480 75 0
1624845286407 76 0
1624845287337 77 0
1624845288260 78 0
1624845289182 79 0
1624845290105 80 0
1624845291028 81 0
1624845291945 82 0
1624845292868 83 0
1624845293814 84 0
1624845294741 85 0
1624845295664 86 0
1624845296570 87 0
1624845297494 88 0
1624845298419 89 0
1624845299342 90 0
1624845300268 91 0
1624845301198 92 0
1624845302131 93 0
1624845303057 94 0
1624845303972 95 0
1624845304905 96 0
1624845305868 97 0
1624845306812 98 0
1624845307739 99 0
1624845308697 100 0
1624845309657 101 0
1624845310617 102 0
1624845311585 103 0
1624845312545 104 0
1624845313523 105 0
1624845314541 106 0
1624845315536 107 0
1624845316493 108 0
1624845317456 109 0
1624845318419 110 0
1624845319387 111 0
1624845320360 112 0
1624845321326 113 0
1624845322297 114 0
1624845323251 115 0
1624845324205 116 0
1624845325166 117 0
1624845326130 118 0
1624845327094 119 0
1624845328060 120 0
1624845329020 121 0
1624845329973 122 0
1624845330941 123 0
1624845331918 124 0
1624845332900 125 0
1624845333872 126 0
1624845334831 127 0
1624845335806 128 0
1624845336803 129 0
1624845337764 130 0
1624845338735 131 0
1624845339771 132 0
1624845340754 133 0
1624845341737 134 0
1624845342717 135 0
1624845343717 136 0
1624845344752 137 0
1624845345796 138 0
1624845346790 139 0
1624845347787 140 0
1624845348756 141 0
1624845349753 142 0
1624845350747 143 0
1624845351730 144 0
1624845352733 145 0
1624845353717 146 0
1624845354715 147 0
1624845355675 148 0
1624845356695 149 0
1624845357690 150 0
1624845358681 151 0
1624845359674 152 0
1624845360633 153 0
1624845361578 154 0
1624845362534 155 0
1624845363525 156 0
1624845364523 157 0
1624845365558 158 0
1624845366514 159 0
1624845367483 160 0
1624845368498 161 0
1624845369496 162 0
1624845370491 163 0
1624845371436 164 0
1624845372396 165 0
1624845373349 166 0
1624845374302 167 0
1624845375263 168 0
1624845376239 169 0
1624845377199 170 0
1624845378153 171 0
1624845379098 172 0
1624845380051 173 0
1624845381160 174 0
1624845382093 175 0
1624845383043 176 0
1624845383992 177 0
1624845384962 178 0
1624845385892 179 0
1624845386873 180 0
1624845387877 181 0
1624845388876 182 0
1624845389881 183 0
1624845390902 184 0
1624845392159 185 0
1624845393163 186 0
1624845394150 187 0
1624845395109 188 0
1624845396071 189 0
1624845397041 190 0
1624845397994 191 0
1624845399003 192 0
1624845399959 193 0
1624845400911 194 0
1624845401874 195 0
1624845402824 196 0
1624845403797 197 0
1624845404785 198 0
1624845405764 199 0
1624845406748 200 0
1624845407741 201 0
1624845408737 202 0
1624845409726 203 0
1624845410713 204 0
1624845411686 205 0
1624845412682 206 0
1624845413690 207 0
1624845414692 208 0
1624845415681 209 0
1624845416647 210 0
1624845417612 211 0
1624845418571 212 0
1624845419542 213 0
1624845420501 214 0
1624845421459 215 0
1624845422427 216 0
1624845423373 217 0
1624845424338 218 0
1624845425323 219 0
1624845426305 220 0
1624845427256 221 0
1624845428217 222 0
1624845429173 223 0
1624845430127 224 0
1624845431085 225 0
1624845432046 226 0
1624845433012 227 0
1624845433965 228 0
1624845434922 229 0
1624845435888 230 0
1624845436848 231 0
1624845437793 232 0
1624845438739 233 0
1624845439690 234 0
1624845440641 235 0
1624845441592 236 0
1624845442544 237 0
1624845443490 238 0
1624845444443 239 0
1624845445404 240 0
1624845446378 241 0
1624845447311 242 0
1624845448257 243 0
1624845449207 244 0
1624845450167 245 0
1624845451116 246 0
1624845452080 247 0
1624845453024 248 0
1624845454004 249 0
1624845454963 250 0
1624845455920 251 0
1624845456870 252 0
1624845457817 253 0
1624845458763 254 0
1624845459720 255 0
1624845460669 256 0
1624845461620 257 0
1624845462573 258 0
1624845463519 259 0
1624845464476 260 0
1624845465438 261 0
1624845466412 262 0
1624845467389 263 0
1624845468385 264 0
1624845469377 265 0
1624845470369 266 0
1624845471351 267 0
1624845472327 268 0
1624845473328 269 0
1624845474320 270 0
1624845475315 271 0
1624845476309 272 0
1624845477292 273 0
1624845478293 274 0
1624845479291 275 0
1624845480295 276 0
1624845481275 277 0
1624845482279 278 0
1624845483284 279 0
1624845484298 280 0
1624845485296 281 0
1624845486276 282 0
1624845487537 283 0
1624845488528 284 0
1624845489525 285 0
1624845490527 286 0
1624845491506 287 0
1624845492497 288 0
1624845493495 289 0
1624845494487 290 0
1624845495483 291 0
1624845496467 292 0
1624845497465 293 0
1624845498471 294 0
1624845499463 295 0
1624845500442 296 0
1624845501434 297 0
1624845502444 298 0
1624845503452 299 0
1624845504458 300 0
1624845505452 301 0
1624845506445 302 0
1624845507456 303 0
1624845508461 304 0
1624845509451 305 0
1624845510445 306 0
1624845511448 307 0
1624845512449 308 0
1624845513440 309 0
1624845514427 310 0
1624845515386 311 0
1624845516393 312 0
1624845517349 313 0
1624845518338 314 0
1624845519285 315 0
1624845520229 316 0
1624845521151 317 0
1624845522144 318 0
1624845523145 319 0
1624845524164 320 0
1624845525143 321 0
1624845526105 322 0
1624845527085 323 0
1624845528097 324 0
1624845529062 325 0
1624845530011 326 0
1624845530966 327 0
1624845531909 328 0
1624845532872 329 0
1624845533843 330 0
1624845534828 331 0
1624845535802 332 0
1624845536816 333 0
1624845537829 334 0
1624845538805 335 0
1624845539783 336 0
1624845540776 337 0
1624845541777 338 0
1624845542768 339 0
1624845543749 340 0
1624845544698 341 0
1624845545667 342 0
1624845546617 343 0
1624845547564 344 0
1624845548506 345 0
1624845549462 346 0
1624845550408 347 0
1624845551367 348 0
1624845552305 349 0
1624845553260 350 0
1624845554218 351 0
1624845555169 352 0
1624845556114 353 0
1624845557066 354 0
1624845558017 355 0
1624845558974 356 0
1624845559921 357 0
1624845560882 358 0
1624845561820 359 0
1624845562784 360 0
1624845563770 361 0
1624845564747 362 0
1624845565773 363 0
1624845566741 364 0
1624845567708 365 0
1624845568654 366 0
1624845569615 367 0
1624845570569 368 0
1624845571519 369 0
1624845572471 370 0
1624845573429 371 0
1624845574381 372 0
1624845575336 373 0
1624845576281 374 0
1624845577245 375 0
1624845578192 376 0
1624845579159 377 0
1624845580118 378 0
1624845581062 379 0
1624845582021 380 0
1624845582980 381 0
1624845583955 382 0
1624845584917 383 0
1624845585884 384 0
1624845586890 385 0
1624845587909 386 0
1624845588898 387 0
1624845589892 388 0
1624845590869 389 0
1624845591831 390 0
1624845592800 391 0
1624845593761 392 0
1624845594738 393 0
1624845595675 394 0
1624845596633 395 0
1624845597609 396 0
1624845598583 397 0
1624845599541 398 0
1624845600485 399 0
1624845601416 400 0
1624845602357 401 0
1624845603286 402 0
1624845604207 403 0
1624845605132 404 0
1624845606059 405 0
1624845606996 406 0
1624845607934 407 0
1624845608859 408 0
1624845609779 409 0
1624845610706 410 0
1624845611639 411 0
1624845612565 412 0
1624845613504 413 0
1624845614444 414 0
1624845615384 415 0
1624845616332 416 0
1624845617262 417 0
1624845618183 418 0
1624845619109 419 0
1624845620044 420 0
1624845620975 421 0
1624845621895 422 0
1624845622853 423 0
1624845623773 424 0
1624845624713 425 0
1624845625675 426 0
1624845626643 427 0
1624845627636 428 0
1624845628645 429 0
1624845629616 430 0
1624845630614 431 0
1624845631596 432 0
1624845632568 433 0
1624845633523 434 0
1624845634474 435 0
1624845635429 436 0
1624845636382 437 0
1624845637341 438 0
1624845638297 439 0
1624845639262 440 0
1624845640211 441 0
1624845641167 442 0
1624845642108 443 0
1624845643060 444 0
1624845644036 445 0
1624845645012 446 0
1624845645969 447 0
1624845646921 448 0
1624845647874 449 0
1624845648833 450 0
1624845649802 451 0
1624845650773 452 0
1624845651722 453 0
1624845652676 454 0
1624845653633 455 0
1624845654628 456 0
1624845655770 457 0
1624845656845 458 0
1624845657896 459 0
1624845658933 460 0
1624845659947 461 0
1624845660928 462 0
1624845661860 463 0
1624845662785 464 0
1624845663716 465 0
1624845664642 466 0
1624845665566 467 0
1624845666493 468 0
1624845667415 469 0
1624845668345 470 0
1624845669278 471 0
1624845670218 472 0
1624845671143 473 0
1624845672061 474 0
1624845672990 475 0
1624845673919 476 0
1624845674857 477 0
1624845675802 478 0
1624845676728 479 0
1624845677664 480 0
1624845678605 481 0
1624845679538 482 0
1624845680487 483 0
1624845681459 484 0
1624845682433 485 0
1624845683434 486 0
1624845684382 487 0
1624845685338 488 0
1624845686292 489 0
1624845687259 490 0
1624845688267 491 0
1624845689286 492 0
1624845690289 493 0
1624845691293 494 0
1624845692278 495 0
1624845693232 496 0
1624845694180 497 0
1624845695138 498 0
1624845696092 499 0
1624845697048 500 0
1624845697996 501 0
1624845698965 502 0
1624845699924 503 0
1624845700932 504 0
1624845701886 505 0
1624845702840 506 0
1624845703820 507 0
1624845704774 508 0
1624845705729 509 0
1624845706673 510 0
1624845707621 511 0
1624845708581 512 0
1624845709560 513 0
1624845710510 514 0
1624845711460 515 0
1624845712423 516 0
1624845713389 517 0
1624845714342 518 0
1624845715288 519 0
1624845716244 520 0
1624845717203 521 0
1624845718163 522 0
1624845719113 523 0
1624845720065 524 0
1624845721022 525 0
1624845721982 526 0
1624845722941 527 0
1624845723885 528 0
1624845724833 529 0
1624845725782 530 0
1624845726740 531 0
1624845727680 532 0
1624845728636 533 0
1624845729588 534 0
1624845730534 535 0
1624845731491 536 0
1624845732442 537 0
1624845733394 538 0
1624845734350 539 0
1624845735304 540 0
1624845736260 541 0
1624845737216 542 0
1624845738171 543 0
1624845739117 544 0
1624845740075 545 0
1624845741027 546 0
1624845741985 547 0
1624845742945 548 0
1624845743890 549 0
1624845744843 550 0
1624845745795 551 0
1624845746750 552 0
1624845747702 553 0
1624845748888 0 0
1624845749845 1 0
1624845750794 2 0
1624845751745 3 0
1624845752693 4 0
1624845753652 5 0
1624845754610 6 0
1624845755567 7 0
1624845756526 8 0
1624845757514 9 0
1624845758512 10 0
1624845759511 11 0
1624845760503 12 0
1624845761480 13 0
1624845762463 14 0
1624845763456 15 0
1624845764454 16 0
1624845765448 17 0
1624845766450 18 0
1624845767416 19 0
1624845768374 20 0
1624845769338 21 0
1624845770296 22 0
1624845771252 23 0
1624845772209 24 0
1624845773159 25 0
1624845774119 26 0
1624845775086 27 0
1624845776039 28 0
1624845776997 29 0
1624845777936 30 0
1624845778887 31 0
1624845779845 32 0
1624845780802 33 0
1624845781759 34 0
1624845782703 35 0
1624845783657 36 0
1624845784610 37 0
1624845785560 38 0
1624845786513 39 0
1624845787496 40 0
1624845788497 41 0
1624845789459 42 0
1624845790413 43 0
1624845791368 44 0
1624845792311 45 0
1624845793267 46 0
1624845794222 47 0
1624845795187 48 0
1624845796144 49 0
1624845797103 50 0
1624845798121 51 0
1624845799074 52 0
1624845800031 53 0
1624845800984 54 0
1624845801933 55 0
1624845802914 56 0
1624845803953 57 0
1624845804948 58 0
1624845805904 59 0
1624845806861 60 0
1624845807809 61 0
1624845808773 62 0
1624845809732 63 0
1624845810679 64 0
1624845811656 65 0
1624845812623 66 0
1624845813575 67 0
1624845814535 68 0
1624845815492 69 0
1624845816449 70 0
1624845817391 71 0
1624845818331 72 0
1624845819282 73 0
1624845820233 74 0
1624845821184 75 0
1624845822139 76 0
1624845823079 77 0
1624845824044 78 0
1624845824999 79 0
1624845825947 80 0
1624845826893 81 0
1624845827844 82 0
1624845828818 83 0
1624845829776 84 0
1624845830720 85 0
1624845831683 86 0
1624845832642 87 0
1624845833592 88 0
1624845834553 89 0
1624845835517 90 0
1624845836499 91 0
1624845837473 92 0
1624845838459 93 0
1624845839452 94 0
1624845840450 95 0
1624845841439 96 0
1624845842423 97 0
1624845843399 98 0
1624845844357 99 0
1624845845316 100 0
1624845846257 101 0
1624845847221 102 0
1624845848179 103 0
1624845849142 104 0
1624845850090 105 0
1624845851043 106 0
1624845851993 107 0
1624845852938 108 0
1624845853887 109 0
1624845854847 110 0
1624845855845 111 0
1624845856835 112 0
1624845857832 113 0
1624845858823 114 0
1624845859823 115 0
1624845860811 116 0
1624845861779 117 0
1624845862724 118 0
1624845863679 119 0
1624845864635 120 0
1624845865582 121 0
1624845866538 122 0
1624845867488 123 0
1624845868469 124 0
1624845869462 125 0
1624845870420 126 0
1624845871382 127 0
1624845872327 128 0
1624845873279 129 0
1624845874231 130 0
1624845875195 131 0
1624845876147 132 0
1624845877119 133 0
1624845878078 134 0
1624845879073 135 0
1624845880064 136 0
1624845881050 137 0
1624845882028 138 0
1624845883018 139 0
1624845884013 140 0
1624845885002 141 0
1624845885973 142 0
1624845886925 143 0
1624845887878 144 0
1624845888865 145 0
1624845889853 146 0
1624845890848 147 0
1624845891843 148 0
1624845892824 149 0
1624845893816 150 0
1624845894820 151 0
1624845895828 152 0
1624845896811 153 0
1624845897807 154 0
1624845898787 155 0
1624845899771 156 0
1624845900787 157 0
1624845901792 158 0
1624845902777 159 0
1624845903750 160 0
1624845904756 161 0
1624845905725 162 0
1624845906678 163 0
1624845907627 164 0
1624845908572 165 0
1624845909520 166 0
1624845910471 167 0
1624845911423 168 0
1624845912371 169 0
1624845913335 170 0
1624845914283 171 0
1624845915229 172 0
1624845916183 173 0
1624845917137 174 0
1624845918085 175 0
1624845919031 176 0
1624845919986 177 0
1624845920940 178 0
1624845921892 179 0
1624845922844 180 0
1624845923788 181 0
1624845924731 182 0
1624845925680 183 0
1624845926623 184 0
1624845927577 185 0
1624845928521 186 0
1624845929470 187 0
1624845930408 188 0
1624845931348 189 0
1624845932289 190 0
1624845933232 191 0
1624845934176 192 0
1624845935124 193 0
1624845936093 194 0
1624845937032 195 0
1624845937989 196 0
1624845938928 197 0
1624845939943 198 0
1624845940982 199 0
1624845942033 200 0
1624845943040 201 0
1624845944091 202 0
1624845945109 203 0
1624845946128 204 0
1624845947125 205 0
1624845948124 206 0
1624845949115 207 0
1624845950112 208 0
1624845951118 209 0
1624845952128 210 0
1624845953122 211 0
1624845954147 212 0
1624845955160 213 0
1624845956174 214 0
1624845957197 215 0
1624845958202 216 0
1624845959221 217 0
1624845960239 218 0
1624845961245 219 0
1624845962249 220 0
1624845963237 221 0
1624845964231 222 0
1624845965233 223 0
1624845966251 224 0
1624845967264 225 0
1624845968278 226 0
1624845969280 227 0
1624845970290 228 0
1624845971326 229 0
1624845972370 230 0
1624845973405 231 0
1624845974449 232 0
1624845975451 233 0
1624845976452 234 0
1624845977474 235 0
1624845978472 236 0
1624845979469 237 0
1624845980523 238 0
1624845981534 239 0
1624845982550 240 0
1624845983568 241 0
1624845984570 242 0
1624845985559 243 0
1624845986566 244 0
1624845987587 245 0
1624845988591 246 0
1624845989606 247 0
1624845990596 248 0
1624845991614 249 0
1624845992627 250 0
1624845993633 251 0
1624845994642 252 0
1624845995638 253 0
1624845996653 254 0
1624845997655 255 0
1624845998665 256 0
1624845999653 257 0
1624846000657 258 0
1624846001672 259 0
1624846002681 260 0
1624846003699 261 0
1624846004694 262 0
1624846005697 263 0
1624846006712 264 0
1624846007733 265 0
1624846008742 266 0
1624846009758 267 0
1624846010744 268 0
1624846011749 269 0
1624846012752 270 0
1624846013762 271 0
1624846014765 272 0
1624846015749 273 0
1624846016749 274 0
1624846017769 275 0
1624846018777 276 0
1624846019783 277 0
1624846020781 278 0
1624846021774 279 0
1624846022775 280 0
1624846023778 281 0
1624846024791 282 0
1624846025801 283 0
1624846026798 284 0
1624846027804 285 0
1624846028802 286 0
1624846029816 287 0
1624846030836 288 0
1624846031844 289 0
1624846032864 290 0
1624846033868 291 0
1624846034866 292 0
1624846035883 293 0
1624846036881 294 0
1624846037850 295 0
1624846038804 296 0
1624846039762 297 0
1624846040732 298 0
1624846041700 299 0
1624846042668 300 0
1624846043628 301 0
1624846044577 302 0
1624846045537 303 0
1624846046539 304 0
1624846047509 305 0
1624846048473 306 0
1624846049431 307 0
1624846050396 308 0
1624846051396 309 0
1624846052390 310 0
1624846053380 311 0
1624846054340 312 0
1624846055310 313 0
1624846056297 314 0
1624846057336 315 0
1624846058348 316 0
1624846059333 317 0
1624846060302 318 0
1624846061351 319 0
1624846062322 320 0
1624846063269 321 0
1624846064212 322 0
1624846065149 323 0
1624846066089 324 0
1624846067018 325 0
1624846067989 326 0
1624846068956 327 0
1624846069927 328 0
1624846070893 329 0
1624846071874 330 0
1624846072867 331 0
1624846073815 332 0
1624846074776 333 0
1624846075725 334 0
1624846076679 335 0
1624846077677 336 0
1624846078634 337 0
1624846079629 338 0
1624846080639 339 0
1624846081607 340 0
1624846082594 341 0
1624846083630 342 0
1624846084679 343 0
1624846085665 344 0
1624846086693 345 0
1624846087684 346 0
1624846088642 347 0
1624846089590 348 0
1624846090592 349 0
1624846091599 350 0
1624846092561 351 0
1624846093496 352 0
1624846094442 353 0
1624846095439 354 0
1624846096449 355 0
1624846097456 356 0
1624846098414 357 0
1624846099382 358 0
1624846100343 359 0
1624846101320 360 0
1624846102276 361 0
1624846103308 362 0
1624846104314 363 0
1624846105291 364 0
1624846106263 365 0
1624846107233 366 0
1624846108223 367 0
1624846109227 368 0
1624846110246 369 0
1624846111267 370 0
1624846112273 371 0
1624846113245 372 0
1624846114199 373 0
1624846115159 374 0
1624846116169 375 0
1624846117140 376 0
1624846118090 377 0
1624846119035 378 0
1624846120036 379 0
1624846121059 380 0
1624846122021 381 0
1624846123005 382 0
1624846123983 383 0
1624846124968 384 0
1624846125938 385 0
1624846126916 386 0
1624846127896 387 0
1624846128854 388 0
1624846129804 389 0
1624846130728 390 0
1624846131674 391 0
1624846132646 392 0
1624846133682 393 0
1624846134687 394 0
1624846135666 395 0
1624846136655 396 0
1624846137641 397 0
1624846138609 398 0
1624846139593 399 0
1624846140567 400 0
1624846141506 401 0
1624846142443 402 0
1624846143380 403 0
1624846144325 404 0
1624846145261 405 0
1624846146189 406 0
1624846147124 407 0
1624846148058 408 0
1624846148986 409 0
1624846149938 410 0
1624846150934 411 0
1624846151901 412 0
1624846152853 413 0
1624846153827 414 0
1624846154803 415 0
1624846155782 416 0
1624846156749 417 0
1624846157675 418 0
1624846158593 419 0
1624846159540 420 0
1624846160478 421 0
1624846161415 422 0
1624846162370 423 0
1624846163317 424 0
1624846164254 425 0
1624846165194 426 0
1624846166173 427 0
1624846167157 428 0
1624846168125 429 0
1624846169096 430 0
1624846170060 431 0
1624846171071 432 0
1624846172049 433 0
1624846173022 434 0
1624846174001 435 0
1624846175014 436 0
1624846176002 437 0
1624846176966 438 0
1624846177949 439 0
1624846178917 440 0
1624846179844 441 0
1624846180785 442 0
1624846181738 443 0
1624846182706 444 0
1624846183668 445 0
1624846184613 446 0
1624846185558 447 0
1624846186529 448 0
1624846187492 449 0
1624846188466 450 0
1624846189460 451 0
1624846190430 452 0
1624846191413 453 0
1624846192392 454 0
1624846193350 455 0
1624846194291 456 0
1624846195228 457 0
1624846196180 458 0
1624846197125 459 0
1624846198087 460 0
1624846199019 461 0
1624846199983 462 0
1624846200925 463 0
1624846201894 464 0
1624846202857 465 0
1624846203814 466 0
1624846204751 467 0
1624846205696 468 0
1624846206633 469 0
1624846207592 470 0
1624846208551 471 0
1624846209526 472 0
1624846210480 473 0
1624846211417 474 0
1624846212389 475 0
1624846213365 476 0
1624846214309 477 0
1624846215238 478 0
1624846216176 479 0
1624846217113 480 0
1624846218049 481 0
1624846219030 482 0
1624846220002 483 0
1624846220993 484 0
1624846221966 485 0
1624846222919 486 0
1624846223871 487 0
1624846224851 488 0
1624846225820 489 0
1624846226767 490 0
1624846227749 491 0
1624846228702 492 0
1624846229637 493 0
1624846230583 494 0
1624846231582 495 0
1624846232539 496 0
1624846233477 497 0
1624846234433 498 0
1624846235419 499 0
1624846236375 500 0
1624846237307 501 0
1624846238257 502 0
1624846239203 503 0
1624846240163 504 0
1624846241107 505 0
1624846242041 506 0
1624846242993 507 0
1624846243927 508 0
1624846244886 509 0
1624846245883 510 0
1624846246870 511 0
1624846247831 512 0
1624846248804 513 0
1624846249759 514 0
1624846250718 515 0
1624846251649 516 0
1624846252586 517 0
1624846253565 518 0
1624846254514 519 0
1624846255494 520 0
1624846256421 521 0
1624846257379 522 0
1624846258362 523 0
1624846259314 524 0
1624846260256 525 0
1624846261201 526 0
1624846262133 527 0
1624846263056 528 0
1624846263987 529 0
1624846264913 530 0
1624846265838 531 0
1624846266795 532 0
1624846267755 533 0
1624846268699 534 0
1624846269649 535 0
1624846270587 536 0
1624846271544 537 0
1624846272481 538 0
1624846273411 539 0
1624846274346 540 0
1624846275276 541 0
1624846276215 542 0
1624846277143 543 0
1624846278079 544 0
1624846279011 545 0
1624846279949 546 0
1624846280888 547 0
1624846281856 548 0
1624846282806 549 0
1624846283742 550 0
1624846284687 551 0
1624846285645 552 0
1624846286610 553 0
1624846287846 0 0
1624846288779 1 0
1624846289720 2 0
1624846290685 3 0
1624846291655 4 0
1624846292606 5 0
1624846293552 6 0
1624846294480 7 0
1624846295478 8 0
1624846296449 9 0
1624846297409 10 0
1624846298363 11 0
1624846299309 12 0
1624846300261 13 0
1624846301257 14 0
1624846302273 15 0
1624846303298 16 0
1624846304290 17 0
1624846305305 18 0
1624846306328 19 0
1624846307331 20 0
1624846308332 21 0
1624846309305 22 0
1624846310277 23 0
1624846311237 24 0
1624846312189 25 0
1624846313152 26 0
1624846314122 27 0
1624846315103 28 0
1624846316055 29 0
1624846317009 30 0
1624846317971 31 0
1624846318951 32 0
1624846319961 33 0
1624846320963 34 0
1624846321973 35 0
1624846323073 36 0
1624846324051 37 0
1624846325011 38 0
1624846325991 39 0
1624846326958 40 0
1624846327950 41 0
1624846328978 42 0
1624846329957 43 0
1624846330915 44 0
1624846331886 45 0
1624846332875 46 0
1624846333872 47 0
1624846334878 48 0
1624846335897 49 0
1624846336920 50 0
1624846337956 51 0
1624846338992 52 0
1624846340017 53 0
1624846341040 54 0
1624846342036 55 0
1624846343000 56 0
1624846343976 57 0
1624846344975 58 0
1624846345976 59 0
1624846346984 60 0
1624846347986 61 0
1624846349020 62 0
1624846350031 63 0
1624846351046 64 0
1624846352039 65 0
1624846353044 66 0
1624846354005 67 0
1624846354967 68 0
1624846355969 69 0
1624846356953 70 0
1624846357947 71 0
1624846358957 72 0
1624846360001 73 0
1624846361015 74 0
1624846362023 75 0
1624846363044 76 0
1624846364062 77 0
1624846365065 78 0
1624846366065 79 0
1624846367029 80 0
1624846367988 81 0
1624846368962 82 0
1624846369940 83 0
1624846370912 84 0
1624846371883 85 0
1624846372890 86 0
1624846373883 87 0
1624846374924 88 0
1624846375923 89 0
1624846376894 90 0
1624846377838 91 0
1624846378774 92 0
1624846379713 93 0
1624846380669 94 0
1624846381595 95 0
1624846382530 96 0
1624846383467 97 0
1624846384411 98 0
1624846385395 99 0
1624846386368 100 0
1624846387356 101 0
1624846388351 102 0
1624846389327 103 0
1624846390340 104 0
1624846391286 105 0
1624846392232 106 0
1624846393183 107 0
1624846394143 108 0
1624846395112 109 0
1624846396068 110 0
1624846397034 111 0
1624846397997 112 0
1624846398975 113 0
1624846399940 114 0
1624846400907 115 0
1624846401879 116 0
1624846402833 117 0
1624846403802 118 0
1624846404765 119 0
1624846405726 120 0
1624846406699 121 0
1624846407664 122 0
1624846408645 123 0
1624846409605 124 0
1624846410576 125 0
1624846411529 126 0
1624846412478 127 0
1624846413481 128 0
1624846414456 129 0
1624846415421 130 0
1624846416389 131 0
1624846417360 132 0
1624846418331 133 0
1624846419301 134 0
1624846420257 135 0
1624846421213 136 0
1624846422205 137 0
1624846423220 138 0
1624846424205 139 0
1624846425190 140 0
1624846426215 141 0
1624846427210 142 0
1624846428168 143 0
1624846429115 144 0
1624846430066 145 0
1624846431018 146 0
1624846431999 147 0
1624846432997 148 0
1624846433991 149 0
1624846434934 150 0
1624846435858 151 0
1624846436890 152 0
1624846437876 153 0
1624846438809 154 0
1624846439744 155 0
1624846440688 156 0
1624846441639 157 0
1624846442594 158 0
1624846443544 159 0
1624846444529 160 0
1624846445491 161 0
1624846446467 162 0
1624846447414 163 0
1624846448350 164 0
1624846449287 165 0
1624846450234 166 0
1624846451179 167 0
1624846452121 168 0
1624846453063 169 0
1624846454006 170 0
1624846454945 171 0
1624846455890 172 0
1624846456839 173 0
1624846457780 174 0
1624846458725 175 0
1624846459669 176 0
1624846460610 177 0
1624846461588 178 0
1624846462621 179 0
1624846463651 180 0
1624846464646 181 0
1624846465668 182 0
1624846466686 183 0
1624846467712 184 0
1624846468699 185 0
1624846469713 186 0
1624846470733 187 0
1624846471737 188 0
1624846472731 189 0
1624846473762 190 0
1624846474785 191 0
1624846475800 192 0
1624846476794 193 0
1624846477807 194 0
1624846478831 195 0
1624846479846 196 0
1624846480842 197 0
1624846481851 198 0
1624846482863 199 0
1624846483883 200 0
1624846484896 201 0
1624846485916 202 0
1624846486878 203 0
1624846487806 204 0
1624846488749 205 0
1624846489687 206 0
1624846490663 207 0
1624846491632 208 0
1624846492548 209 0
1624846493487 210 0
1624846494438 211 0
1624846495387 212 0
1624846496338 213 0
1624846497293 214 0
1624846498271 215 0
1624846499243 216 0
1624846500213 217 0
1624846501146 218 0
1624846502091 219 0
1624846503036 220 0
1624846503990 221 0
1624846504965 222 0
1624846505935 223 0
1624846506877 224 0
1624846507812 225 0
1624846508763 226 0
1624846509703 227 0
1624846510633 228 0
1624846511565 229 0
1624846512511 230 0
1624846513476 231 0
1624846514401 232 0
1624846515344 233 0
1624846516308 234 0
1624846517245 235 0
1624846518190 236 0
1624846519134 237 0
1624846520076 238 0
1624846521005 239 0
1624846521967 240 0
1624846522999 241 0
1624846523979 242 0
1624846524946 243 0
1624846525901 244 0
1624846526885 245 0
1624846527850 246 0
1624846528843 247 0
1624846529798 248 0
1624846530771 249 0
1624846531688 250 0
1624846532620 251 0
1624846533540 252 0
1624846534468 253 0
1624846535392 254 0
1624846536321 255 0
1624846537248 256 0
1624846538178 257 0
1624846539100 258 0
1624846540029 259 0
1624846541007 260 0
1624846541967 261 0
1624846542924 262 0
1624846543887 263 0
1624846544850 264 0
1624846545809 265 0
1624846546777 266 0
1624846547740 267 0
1624846548687 268 0
1624846549653 269 0
1624846550610 270 0
1624846551573 271 0
1624846552523 272 0
1624846553478 273 0
1624846554443 274 0
1624846555406 275 0
1624846556333 276 0
1624846557258 277 0
1624846558186 278 0
1624846559112 279 0
1624846560042 280 0
1624846560985 281 0
1624846561976 282 0
1624846562900 283 0
1624846563828 284 0
1624846564755 285 0
1624846565678 286 0
1624846566606 287 0
1624846567536 288 0
1624846568465 289 0
1624846569401 290 0
1624846570362 291 0
1624846571323 292 0
1624846572241 293 0
1624846573171 294 0
1624846574098 295 0
1624846575020 296 0
1624846575952 297 0
1624846576879 298 0
1624846577799 299 0
1624846578720 300 0
1624846579643 301 0
1624846580571 302 0
1624846581498 303 0
1624846582428 304 0
1624846583356 305 0
1624846584286 306 0
1624846585209 307 0
1624846586126 308 0
1624846587044 309 0
1624846588019 310 0
1624846588990 311 0
1624846589976 312 0
1624846590986 313 0
1624846591975 314 0
1624846592954 315 0
1624846593944 316 0
1624846594938 317 0
1624846595921 318 0
1624846596891 319 0
1624846597883 320 0
1624846598878 321 0
1624846599873 322 0
1624846600942 323 0
1624846601945 324 0
1624846602938 325 0
1624846603929 326 0
1624846604915 327 0
1624846605926 328 0
1624846606933 329 0
1624846607933 330 0
1624846608919 331 0
1624846609919 332 0
1624846610917 333 0
1624846611915 334 0
1624846612896 335 0
1624846613884 336 0
1624846614880 337 0
1624846615875 338 0
1624846616864 339 0
1624846617837 340 0
1624846618829 341 0
1624846619834 342 0
1624846620820 343 0
1624846621800 344 0
1624846622781 345 0
1624846623786 346 0
1624846624780 347 0
1624846625757 348 0
1624846626748 349 0
1624846627753 350 0
1624846628720 351 0
1624846629668 352 0
1624846630634 353 0
1624846631591 354 0
1624846632547 355 0
1624846633508 356 0
1624846634431 357 0
1624846635381 358 0
1624846636339 359 0
1624846637307 360 0
1624846638267 361 0
1624846639228 362 0
1624846640185 363 0
1624846641141 364 0
1624846642109 365 0
1624846643064 366 0
1624846644012 367 0
1624846644966 368 0
1624846645918 369 0
1624846646885 370 0
1624846647834 371 0
1624846648785 372 0
1624846649711 373 0
1624846650640 374 0
1624846651571 375 0
1624846652492 376 0
1624846653417 377 0
1624846654328 378 0
1624846655257 379 0
1624846656177 380 0
1624846657108 381 0
1624846658036 382 0
1624846658958 383 0
1624846659880 384 0
1624846660814 385 0
1624846661743 386 0
1624846662658 387 0
1624846663575 388 0
1624846664504 389 0
1624846665426 390 0
1624846666348 391 0
1624846667272 392 0
1624846668199 393 0
1624846669131 394 0
1624846670050 395 0
1624846670972 396 0
1624846671894 397 0
1624846672812 398 0
1624846673730 399 0
1624846674652 400 0
1624846675582 401 0
1624846676490 402 0
1624846677418 403 0
1624846678335 404 0
1624846679255 405 0
1624846680177 406 0
1624846681097 407 0
1624846682018 408 0
1624846682938 409 0
1624846683857 410 0
1624846684835 411 0
1624846685770 412 0
1624846686693 413 0
1624846687614 414 0
1624846688535 415 0
1624846689455 416 0
1624846690377 417 0
1624846691297 418 0
1624846692225 419 0
1624846693157 420 0
1624846694086 421 0
1624846695008 422 0
1624846695936 423 0
1624846696862 424 0
1624846697790 425 0
1624846698715 426 0
1624846699636 427 0
1624846700557 428 0
1624846701474 429 0
1624846702396 430 0
1624846703317 431 0
1624846704235 432 0
1624846705151 433 0
1624846706080 434 0
1624846707004 435 0
1624846707918 436 0
1624846708834 437 0
1624846709755 438 0
1624846710676 439 0
1624846711620 440 0
1624846712581 441 0
1624846713537 442 0
1624846714496 443 0
1624846715451 444 0
1624846716412 445 0
1624846717362 446 0
1624846718312 447 0
1624846719266 448 0
1624846720225 449 0
1624846721163 450 0
1624846722080 451 0
1624846723002 452 0
1624846723919 453 0
1624846724830 454 0
1624846725755 455 0
1624846726676 456 0
1624846727593 457 0
1624846728506 458 0
1624846729438 459 0
1624846730363 460 0
1624846731279 461 0
1624846732202 462 0
1624846733120 463 0
1624846734045 464 0
1624846734976 465 0
1624846735901 466 0
1624846736825 467 0
1624846737750 468 0
1624846738685 469 0
1624846739646 470 0
1624846740612 471 0
1624846741586 472 0
1624846742542 473 0
1624846743492 474 0
1624846744443 475 0
1624846745411 476 0
1624846746368 477 0
1624846747292 478 0
1624846748219 479 0
1624846749141 480 0
1624846750061 481 0
1624846750987 482 0
1624846751915 483 0
1624846752855 484 0
1624846753813 485 0
1624846754796 486 0
1624846755811 487 0
1624846756819 488 0
1624846757823 489 0
1624846758836 490 0
1624846759834 491 0
1624846760807 492 0
1624846761808 493 0
1624846762848 494 0
1624846763846 495 0
1624846764838 496 0
1624846765810 497 0
1624846766798 498 0
1624846767798 499 0
1624846768807 500 0
1624846769800 501 0
1624846770776 502 0
1624846771762 503 0
1624846772773 504 0
1624846773774 505 0
1624846774753 506 0
1624846775747 507 0
1624846776744 508 0
1624846777726 509 0
1624846778719 510 0
1624846779720 511 0
1624846780715 512 0
1624846781709 513 0
1624846782686 514 0
1624846783675 515 0
1624846784667 516 0
1624846785656 517 0
1624846786652 518 0
1624846787645 519 0
1624846788641 520 0
1624846789633 521 0
1624846790626 522 0
1624846791608 523 0
1624846792606 524 0
1624846793604 525 0
1624846794590 526 0
1624846795587 527 0
1624846796573 528 0
1624846797555 529 0
1624846798539 530 0
1624846799546 531 0
1624846800539 532 0
1624846801530 533 0
1624846802514 534 0
1624846803509 535 0
1624846804496 536 0
1624846805469 537 0
1624846806440 538 0
1624846807429 539 0
1624846808424 540 0
1624846809419 541 0
1624846810389 542 0
1624846811341 543 0
1624846812287 544 0
1624846813239 545 0
1624846814188 546 0
1624846815141 547 0
1624846816133 548 0
1624846817081 549 0
1624846818037 550 0
1624846819026 551 0
1624846820012 552 0
1624846821006 553 0
1624846822227 0 0
1624846823227 1 0
1624846824217 2 0
1624846825174 3 0
1624846826123 4 0
1624846827106 5 0
1624846828121 6 0
1624846829122 7 0
1624846830125 8 0
1624846831168 9 0
1624846832140 10 0
1624846833117 11 0
1624846834087 12 0
1624846835060 13 0
1624846836019 14 0
1624846836998 15 0
1624846837970 16 0
1624846838955 17 0
1624846839951 18 0
1624846840931 19 0
1624846841931 20 0
1624846842896 21 0
1624846843862 22 0
1624846844825 23 0
1624846845802 24 0
1624846846766 25 0
1624846847727 26 0
1624846848700 27 0
1624846849676 28 0
1624846850644 29 0
1624846851603 30 0
1624846852582 31 0
1624846853548 32 0
1624846854525 33 0
1624846855480 34 0
1624846856460 35 0
1624846857484 36 0
1624846858482 37 0
1624846859468 38 0
1624846860457 39 0
1624846861470 40 0
1624846862480 41 0
1624846863487 42 0
1624846864501 43 0
1624846865523 44 0
1624846866530 45 0
1624846867535 46 0
1624846868550 47 0
1624846869592 48 0
1624846870642 49 0
1624846871668 50 0
1624846872688 51 0
1624846873742 52 0
1624846874788 53 0
1624846875821 54 0
1624846876821 55 0
1624846877826 56 0
1624846878837 57 0
1624846879852 58 0
1624846880878 59 0
1624846881884 60 0
1624846882884 61 0
1624846883892 62 0
1624846884897 63 0
1624846885919 64 0
1624846886918 65 0
1624846887939 66 0
1624846888948 67 0
1624846889954 68 0
1624846890953 69 0
1624846891977 70 0
1624846892986 71 0
1624846893991 72 0
1624846894991 73 0
1624846895979 74 0
1624846896992 75 0
1624846898005 76 0
1624846899001 77 0
1624846900004 78 0
1624846901016 79 0
1624846902008 80 0
1624846903024 81 0
1624846904043 82 0
1624846905033 83 0
1624846906005 84 0
1624846906963 85 0
1624846907929 86 0
1624846908893 87 0
1624846909850 88 0
1624846910814 89 0
1624846911794 90 0
1624846912760 91 0
1624846913727 92 0
1624846914690 93 0
1624846915651 94 0
1624846916622 95 0
1624846917580 96 0
1624846918533 97 0
1624846919504 98 0
1624846920476 99 0
1624846921450 100 0
1624846922418 101 0
1624846923386 102 0
1624846924358 103 0
1624846925324 104 0
1624846926293 105 0
1624846927262 106 0
1624846928233 107 0
1624846929203 108 0
1624846930158 109 0
1624846931121 110 0
1624846932091 111 0
1624846933059 112 0
1624846934026 113 0
1624846935005 114 0
1624846935985 115 0
1624846936957 116 0
1624846937918 117 0
1624846938906 118 0
1624846939912 119 0
1624846940931 120 0
1624846941923 121 0
1624846942926 122 0
1624846943918 123 0
1624846944925 124 0
1624846945927 125 0
1624846946927 126 0
1624846947914 127 0
1624846948921 128 0
1624846949915 129 0
1624846950891 130 0
1624846951858 131 0
1624846952827 132 0
1624846953815 133 0
1624846954780 134 0
1624846955792 135 0
1624846956778 136 0
1624846957774 137 0
1624846958733 138 0
1624846959718 139 0
1624846960690 140 0
1624846961655 141 0
1624846962665 142 0
1624846963663 143 0
1624846964670 144 0
1624846965655 145 0
1624846966659 146 0
1624846967660 147 0
1624846968646 148 0
1624846969643 149 0
1624846970645 150 0
1624846971647 151 0
1624846972635 152 0
1624846973640 153 0
1624846974641 154 0
1624846975637 155 0
1624846976625 156 0
1624846977634 157 0
1624846978637 158 0
1624846979671 159 0
1624846980646 160 0
1624846981647 161 0
1624846982654 162 0
1624846983629 163 0
1624846984601 164 0
1624846985570 165 0
1624846986555 166 0
1624846987554 167 0
1624846988543 168 0
1624846989532 169 0
1624846990540 170 0
1624846991550 171 0
1624846992515 172 0
1624846993489 173 0
1624846994456 174 0
1624846995421 175 0
1624846996396 176 0
1624846997362 177 0
1624846998340 178 0
1624846999324 179 0
1624847000303 180 0
1624847001319 181 0
1624847002328 182 0
1624847003332 183 0
1624847004320 184 0
1624847005315 185 0
1624847006324 186 0
1624847007295 187 0
1624847008269 188 0
1624847009236 189 0
1624847010206 190 0
1624847011182 191 0
1624847012146 192 0
1624847013129 193 0
1624847014103 194 0
1624847015070 195 0
1624847016046 196 0
1624847017019 197 0
1624847017993 198 0
1624847018963 199 0
1624847019939 200 0
1624847020906 201 0
1624847021872 202 0
1624847022837 203 0
1624847023812 204 0
1624847024768 205 0
1624847025731 206 0
1624847026703 207 0
1624847027667 208 0
1624847028625 209 0
1624847029591 210 0
1624847030557 211 0
1624847031535 212 0
1624847032501 213 0
1624847033460 214 0
1624847034424 215 0
1624847035400 216 0
1624847036370 217 0
1624847037344 218 0
1624847038319 219 0
1624847039283 220 0
1624847040256 221 0
1624847041239 222 0
1624847042204 223 0
1624847043168 224 0
1624847044129 225 0
1624847045105 226 0
1624847046073 227 0
1624847047034 228 0
1624847048001 229 0
1624847048991 230 0
1624847049957 231 0
1624847050921 232 0
1624847051889 233 0
1624847052858 234 0
1624847053825 235 0
1624847054799 236 0
1624847055769 237 0
1624847056750 238 0
1624847057767 239 0
1624847058780 240 0
1624847059779 241 0
1624847060752 242 0
1624847061719 243 0
1624847062684 244 0
1624847063668 245 0
1624847064672 246 0
1624847065668 247 0
1624847066701 248 0
1624847067712 249 0
1624847068708 250 0
1624847069745 251 0
1624847070782 252 0
1624847071749 253 0
1624847072734 254 0
1624847073737 255 0
1624847074740 256 0
1624847075730 257 0
1624847076679 258 0
1624847077646 259 0
1624847078609 260 0
1624847079564 261 0
1624847080536 262 0
1624847081528 263 0
1624847082514 264 0
1624847083486 265 0
1624847084460 266 0
1624847085412 267 0
1624847086362 268 0
1624847087312 269 0
1624847088293 270 0
1624847089245 271 0
1624847090202 272 0
1624847091158 273 0
1624847092110 274 0
1624847093052 275 0
1624847094003 276 0
1624847094961 277 0
1624847095930 278 0
1624847096894 279 0
1624847097857 280 0
1624847098813 281 0
1624847099773 282 0
1624847100731 283 0
1624847101673 284 0
1624847102628 285 0
1624847103575 286 0
1624847104536 287 0
1624847105471 288 0
1624847106416 289 0
1624847107362 290 0
1624847108311 291 0
1624847109268 292 0
1624847110251 293 0
1624847111197 294 0
1624847112137 295 0
1624847113097 296 0
1624847114066 297 0
1624847115030 298 0
1624847115985 299 0
1624847116938 300 0
1624847117892 301 0
1624847118858 302 0
1624847119824 303 0
1624847120775 304 0
1624847121725 305 0
1624847122678 306 0
1624847123629 307 0
1624847124575 308 0
1624847125517 309 0
1624847126469 310 0
1624847127422 311 0
1624847128373 312 0
1624847129325 313 0
1624847130286 314 0
1624847131239 315 0
1624847132186 316 0
1624847133138 317 0
1624847134091 318 0
1624847135043 319 0
1624847135988 320 0
1624847136941 321 0
1624847137893 322 0
1624847138846 323 0
1624847139793 324 0
1624847140737 325 0
1624847141681 326 0
1624847142631 327 0
1624847143588 328 0
1624847144558 329 0
1624847145506 330 0
1624847146456 331 0
1624847147401 332 0
1624847148362 333 0
1624847149320 334 0
1624847150273 335 0
1624847151266 336 0
1624847152223 337 0
1624847153175 338 0
1624847154168 339 0
1624847155147 340 0
1624847156141 341 0
1624847157132 342 0
1624847158101 343 0
1624847159052 344 0
1624847160014 345 0
1624847160962 346 0
1624847161907 347 0
1624847162853 348 0
1624847163812 349 0
1624847164767 350 0
1624847165715 351 0
1624847166662 352 0
1624847167612 353 0
1624847168565 354 0
1624847169521 355 0
1624847170493 356 0
1624847171485 357 0
1624847172465 358 0
1624847173419 359 0
1624847174381 360 0
1624847175351 361 0
1624847176310 362 0
1624847177260 363 0
1624847178208 364 0
1624847179165 365 0
1624847180112 366 0
1624847181066 367 0
1624847182023 368 0
1624847182991 369 0
1624847183952 370 0
1624847184907 371 0
1624847185905 372 0
1624847186921 373 0
1624847187913 374 0
1624847188883 375 0
1624847189842 376 0
1624847190794 377 0
1624847191741 378 0
1624847192686 379 0
1624847193639 380 0
1624847194588 381 0
1624847195535 382 0
1624847196495 383 0
1624847197448 384 0
1624847198420 385 0
1624847199420 386 0
1624847200419 387 0
1624847201420 388 0
1624847202418 389 0
1624847203418 390 0
1624847204432 391 0
1624847205426 392 0
1624847206420 393 0
1624847207376 394 0
1624847208329 395 0
1624847209286 396 0
1624847210247 397 0
1624847211201 398 0
1624847212156 399 0
1624847213105 400 0
1624847214052 401 0
1624847215005 402 0
1624847215955 403 0
1624847216904 404 0
1624847217854 405 0
1624847218812 406 0
1624847219767 407 0
1624847220706 408 0
1624847221659 409 0
1624847222611 410 0
1624847223565 411 0
1624847224519 412 0
1624847225480 413 0
1624847226436 414 0
1624847227400 415 0
1624847228341 416 0
1624847229288 417 0
1624847230246 418 0
1624847231208 419 0
1624847232201 420 0
1624847233194 421 0
1624847234189 422 0
1624847235162 423 0
1624847236159 424 0
1624847237147 425 0
1624847238146 426 0
1624847239122 427 0
1624847240114 428 0
1624847241072 429 0
1624847242032 430 0
1624847242979 431 0
1624847243932 432 0
1624847244888 433 0
1624847245842 434 0
1624847246788 435 0
1624847247732 436 0
1624847248688 437 0
1624847249631 438 0
1624847250588 439 0
1624847251536 440 0
1624847252493 441 0
1624847253447 442 0
1624847254408 443 0
1624847255398 444 0
1624847256369 445 0
1624847257310 446 0
1624847258263 447 0
1624847259213 448 0
1624847260162 449 0
1624847261101 450 0
1624847262056 451 0
1624847263014 452 0
1624847263972 453 0
1624847264945 454 0
1624847265897 455 0
1624847266856 456 0
1624847267801 457 0
1624847268754 458 0
1624847269737 459 0
1624847270693 460 0
1624847271639 461 0
1624847272579 462 0
1624847273532 463 0
1624847274504 464 0
1624847275466 465 0
1624847276416 466 0
1624847277370 467 0
1624847278322 468 0
1624847279262 469 0
1624847280222 470 0
1624847281176 471 0
1624847282122 472 0
1624847283065 473 0
1624847284010 474 0
1624847284962 475 0
1624847285915 476 0
1624847286865 477 0
1624847287846 478 0
1624847288827 479 0
1624847289825 480 0
1624847290829 481 0
1624847291823 482 0
1624847292815 483 0
1624847293799 484 0
1624847294777 485 0
1624847295768 486 0
1624847296764 487 0
1624847297756 488 0
1624847298736 489 0
1624847299713 490 0
1624847300705 491 0
1624847301674 492 0
1624847302668 493 0
1624847303668 494 0
1624847304646 495 0
1624847305643 496 0
1624847306635 497 0
1624847307611 498 0
1624847308584 499 0
1624847309569 500 0
1624847310561 501 0
1624847311562 502 0
1624847312565 503 0
1624847313567 504 0
1624847314558 505 0
1624847315536 506 0
1624847316499 507 0
1624847317439 508 0
1624847318384 509 0
1624847319325 510 0
1624847320266 511 0
1624847321206 512 0
1624847322143 513 0
1624847323087 514 0
1624847324030 515 0
1624847324966 516 0
1624847325905 517 0
1624847326850 518 0
1624847327791 519 0
1624847328744 520 0
1624847329719 521 0
1624847330692 522 0
1624847331677 523 0
1624847332632 524 0
1624847333569 525 0
1624847334504 526 0
1624847335446 527 0
1624847336386 528 0
1624847337353 529 0
1624847338336 530 0
1624847339309 531 0
1624847340291 532 0
1624847341258 533 0
1624847342231 534 0
1624847343201 535 0
1624847344174 536 0
1624847345159 537 0
1624847346131 538 0
1624847347107 539 0
1624847348071 540 0
1624847349057 541 0
1624847350034 542 0
1624847351007 543 0
1624847351979 544 0
1624847352951 545 0
1624847353916 546 0
1624847354891 547 0
1624847355856 548 0
1624847356843 549 0
1624847357817 550 0
1624847358788 551 0
1624847359763 552 0
1624847360729 553 0
1624847361932 0 0
1624847362900 1 0
1624847363864 2 0
1624847364833 3 0
1624847365771 4 0
1624847366814 5 0
1624847367764 6 0
1624847368706 7 0
1624847369645 8 0
1624847370582 9 0
1624847371523 10 0
1624847372462 11 0
1624847373401 12 0
1624847374346 13 0
1624847375292 14 0
1624847376238 15 0
1624847377178 16 0
1624847378115 17 0
1624847379058 18 0
1624847379992 19 0
1624847380957 20 0
1624847381899 21 0
1624847382855 22 0
1624847383794 23 0
1624847384738 24 0
1624847385690 25 0
1624847386635 26 0
1624847387572 27 0
1624847388508 28 0
1624847389449 29 0
1624847390389 30 0
1624847391326 31 0
1624847392260 32 0
1624847393199 33 0
1624847394139 34 0
1624847395079 35 0
1624847396017 36 0
1624847396961 37 0
1624847397907 38 0
1624847398848 39 0
1624847399792 40 0
1624847400736 41 0
1624847401682 42 0
1624847402629 43 0
1624847403575 44 0
1624847404521 45 0
1624847405456 46 0
1624847406394 47 0
1624847407333 48 0
1624847408279 49 0
1624847409221 50 0
1624847410167 51 0
1624847411102 52 0
1624847412046 53 0
1624847412980 54 0
1624847413930 55 0
1624847414875 56 0
1624847415839 57 0
1624847416797 58 0
1624847417744 59 0
1624847418690 60 0
1624847419619 61 0
1624847420555 62 0
1624847421493 63 0
1624847422428 64 0
1624847423364 65 0
1624847424299 66 0
1624847425235 67 0
1624847426173 68 0
1624847427123 69 0
1624847428063 70 0
1624847429005 71 0
1624847429948 72 0
1624847430896 73 0
1624847431844 74 0
1624847432787 75 0
1624847433723 76 0
1624847434665 77 0
1624847435615 78 0
1624847436587 79 0
1624847437573 80 0
1624847438542 81 0
1624847439509 82 0
1624847440480 83 0
1624847441448 84 0
1624847442423 85 0
1624847443385 86 0
1624847444324 87 0
1624847445271 88 0
1624847446220 89 0
1624847447165 90 0
1624847448101 91 0
1624847449057 92 0
1624847450036 93 0
1624847451004 94 0
1624847451969 95 0
1624847452944 96 0
1624847453920 97 0
1624847454892 98 0
1624847455864 99 0
1624847456836 100 0
1624847457815 101 0
1624847458793 102 0
1624847459769 103 0
1624847460746 104 0
1624847461717 105 0
1624847462679 106 0
1624847463652 107 0
1624847464623 108 0
1624847465586 109 0
1624847466539 110 0
1624847467476 111 0
1624847468422 112 0
1624847469368 113 0
1624847470329 114 0
1624847471290 115 0
1624847472249 116 0
1624847473212 117 0
1624847474161 118 0
1624847475106 119 0
1624847476054 120 0
1624847477004 121 0
1624847477953 122 0
1624847478924 123 0
1624847479864 124 0
1624847480799 125 0
1624847481734 126 0
1624847482669 127 0
1624847483609 128 0
1624847484553 129 0
1624847485486 130 0
1624847486419 131 0
1624847487371 132 0
1624847488382 133 0
1624847489363 134 0
1624847490367 135 0
1624847491370 136 0
1624847492336 137 0
1624847493302 138 0
1624847494281 139 0
1624847495255 140 0
1624847496224 141 0
1624847497193 142 0
1624847498163 143 0
1624847499130 144 0
1624847500103 145 0
1624847501071 146 0
1624847502046 147 0
1624847503024 148 0
1624847503995 149 0
1624847504946 150 0
1624847505885 151 0
1624847506825 152 0
1624847507779 153 0
1624847508755 154 0
1624847509710 155 0
1624847510656 156 0
1624847511591 157 0
1624847512536 158 0
1624847513470 159 0
1624847514413 160 0
1624847515378 161 0
1624847516348 162 0
1624847517322 163 0
1624847518285 164 0
1624847519253 165 0
1624847520225 166 0
1624847521192 167 0
1624847522165 168 0
1624847523132 169 0
1624847524095 170 0
1624847525068 171 0
1624847526039 172 0
1624847527021 173 0
1624847527987 174 0
1624847528951 175 0
1624847529923 176 0
1624847530885 177 0
1624847531855 178 0
1624847532813 179 0
1624847533780 180 0
1624847534756 181 0
1624847535729 182 0
1624847536706 183 0
1624847537691 184 0
1624847538664 185 0
1624847539628 186 0
1624847540592 187 0
1624847541568 188 0
1624847542537 189 0
1624847543513 190 0
1624847544482 191 0
1624847545462 192 0
1624847546418 193 0
1624847547382 194 0
1624847548373 195 0
1624847549333 196 0
1624847550279 197 0
1624847551210 198 0
1624847552144 199 0
1624847553075 200 0
1624847554015 201 0
1624847554958 202 0
1624847555927 203 0
1624847556894 204 0
1624847557866 205 0
1624847558834 206 0
1624847559804 207 0
1624847560783 208 0
1624847561750 209 0
1624847562722 210 0
1624847563686 211 0
1624847564654 212 0
1624847565612 213 0
1624847566582 214 0
1624847567542 215 0
1624847568497 216 0
1624847569463 217 0
1624847570433 218 0
1624847571400 219 0
1624847572370 220 0
1624847573343 221 0
1624847574327 222 0
1624847575301 223 0
1624847576282 224 0
1624847577249 225 0
1624847578228 226 0
1624847579191 227 0
1624847580164 228 0
1624847581129 229 0
1624847582101 230 0
1624847583069 231 0
1624847584047 232 0
1624847585021 233 0
1624847585964 234 0
1624847586911 235 0
1624847587926 236 0
1624847589025 237 0
1624847590180 238 0
1624847591258 239 0
1624847592316 240 0
1624847593327 241 0
1624847594309 242 0
1624847595311 243 0
1624847596325 244 0
1624847597334 245 0
1624847598350 246 0
1624847599312 247 0
1624847600291 248 0
1624847601287 249 0
1624847602235 250 0
1624847603210 251 0
1624847604186 252 0
1624847605163 253 0
1624847606120 254 0
1624847607061 255 0
1624847608004 256 0
1624847608980 257 0
1624847609959 258 0
1624847610949 259 0
1624847611946 260 0
1624847612948 261 0
1624847613922 262 0
1624847614878 263 0
1624847615840 264 0
1624847616809 265 0
1624847617757 266 0
1624847618716 267 0
1624847619683 268 0
1624847620644 269 0
1624847621613 270 0
1624847622585 271 0
1624847623552 272 0
1624847624549 273 0
1624847625508 274 0
1624847626491 275 0
1624847627532 276 0
1624847628546 277 0
1624847629592 278 0
1624847630590 279 0
1624847631576 280 0
1624847632588 281 0
1624847633553 282 0
1624847634516 283 0
1624847635474 284 0
1624847636459 285 0
1624847637435 286 0
1624847638439 287 0
1624847639419 288 0
1624847640396 289 0
1624847641366 290 0
1624847642333 291 0
1624847643296 292 0
1624847644254 293 0
1624847645224 294 0
1624847646190 295 0
1624847647163 296 0
1624847648134 297 0
1624847649118 298 0
1624847650094 299 0
1624847651062 300 0
1624847652033 301 0
1624847652996 302 0
1624847653969 303 0
1624847654939 304 0
1624847655896 305 0
1624847656873 306 0
1624847657850 307 0
1624847658866 308 0
1624847659869 309 0
1624847660869 310 0
1624847661888 311 0
1624847662908 312 0
1624847663921 313 0
1624847664940 314 0
1624847665940 315 0
1624847666952 316 0
1624847667955 317 0
1624847668986 318 0
1624847670014 319 0
1624847671039 320 0
1624847672081 321 0
1624847673108 322 0
1624847674123 323 0
1624847675129 324 0
1624847676108 325 0
1624847677128 326 0
1624847678124 327 0
1624847679157 328 0
1624847680163 329 0
1624847681194 330 0
1624847682236 331 0
1624847683589 332 0
1624847684720 333 0
1624847685699 334 0
1624847686659 335 0
1624847687640 336 0
1624847688594 337 0
1624847689549 338 0
1624847690519 339 0
1624847691459 340 0
1624847692435 341 0
1624847693399 342 0
1624847694360 343 0
1624847695318 344 0
1624847696284 345 0
1624847697261 346 0
1624847698235 347 0
1624847699190 348 0
1624847700145 349 0
1624847701118 350 0
1624847702070 351 0
1624847702991 352 0
1624847703924 353 0
1624847704893 354 0
1624847705839 355 0
1624847706765 356 0
1624847707711 357 0
1624847708637 358 0
1624847709552 359 0
1624847710468 360 0
1624847711394 361 0
1624847712315 362 0
1624847713242 363 0
1624847714169 364 0
1624847715095 365 0
1624847716015 366 0
1624847716948 367 0
1624847717899 368 0
1624847718861 369 0
1624847719824 370 0
1624847720784 371 0
1624847721724 372 0
1624847722651 373 0
1624847723579 374 0
1624847724493 375 0
1624847725422 376 0
1624847726344 377 0
1624847727286 378 0
1624847728214 379 0
1624847729138 380 0
1624847730064 381 0
1624847730983 382 0
1624847731898 383 0
1624847732821 384 0
1624847733745 385 0
1624847734664 386 0
1624847735586 387 0
1624847736515 388 0
1624847737439 389 0
1624847738366 390 0
1624847739275 391 0
1624847740197 392 0
1624847741111 393 0
1624847742026 394 0
1624847742947 395 0
1624847743866 396 0
1624847744804 397 0
1624847745733 398 0
1624847746664 399 0
1624847747596 400 0
1624847748515 401 0
1624847749440 402 0
1624847750366 403 0
1624847751300 404 0
1624847752228 405 0
1624847753152 406 0
1624847754083 407 0
1624847755014 408 0
1624847755941 409 0
1624847756872 410 0
1624847757801 411 0
1624847758722 412 0
1624847759643 413 0
1624847760584 414 0
1624847761502 415 0
1624847762425 416 0
1624847763350 417 0
1624847764272 418 0
1624847765201 419 0
1624847766135 420 0
1624847767221 421 0
1624847768203 422 0
1624847769204 423 0
1624847770165 424 0
1624847771126 425 0
1624847772121 426 0
1624847773102 427 0
1624847774032 428 0
1624847774993 429 0
1624847775987 430 0
1624847777001 431 0
1624847778006 432 0
1624847779017 433 0
1624847780017 434 0
1624847781057 435 0
1624847782070 436 0
1624847783069 437 0
1624847784126 438 0
1624847785111 439 0
1624847786092 440 0
1624847787068 441 0
1624847788061 442 0
1624847789027 443 0
1624847790002 444 0
1624847790979 445 0
1624847791932 446 0
1624847792944 447 0
1624847793976 448 0
1624847795001 449 0
1624847795984 450 0
1624847796950 451 0
1624847797920 452 0
1624847798864 453 0
1624847799794 454 0
1624847800730 455 0
1624847801687 456 0
1624847802611 457 0
1624847803541 458 0
1624847804481 459 0
1624847805436 460 0
1624847806373 461 0
1624847807292 462 0
1624847808223 463 0
1624847809145 464 0
1624847810093 465 0
1624847811129 466 0
1624847812162 467 0
1624847813183 468 0
1624847814192 469 0
1624847815202 470 0
1624847816155 471 0
1624847817086 472 0
1624847818013 473 0
