1633591260730 0 0
1633591325394 0 0
1633591389098 0 0
1633591452159 0 0
1633591515205 0 0
1633591578239 0 0
1633591641262 0 0
1633591704287 0 0
1633591767308 0 0
1633591830343 0 0
1633591893358 0 0
1633591957258 0 0
1633592020284 0 0
1633592083304 0 0
1633592146320 0 0
1633592209333 0 0
1633592272356 0 0
1633592335370 0 0
1633592398386 0 0
1633592461398 0 0
1633592524422 0 0
1633592588342 0 0
1633592651365 0 0
1633592714384 0 0
1633592777402 0 0
1633592840421 0 0
1633592903437 0 0
1633592966456 0 0
1633593029467 0 0
1633593092489 0 0
1633593155499 0 0
1633593219470 0 0
1633593282492 0 0
1633593345519 0 0
1633593408545 0 0
1633593471563 0 0
1633593534588 0 0
1633593597606 0 0
1633593660623 0 0
1633593723643 0 0
1633593786664 0 0
1633593850592 0 0
1633593913611 0 0
1633593976625 0 0
1633594039641 0 0
1633594102665 0 0
1633594165692 0 0
1633594228719 0 0
1633594291732 0 0
1633594354743 0 0
1633594417759 0 0
1633594481697 0 0
1633594544716 0 0
1633594607733 0 0
1633594670757 0 0
1633594733770 0 0
1633594796784 0 0
1633594859799 0 0
1633594922810 0 0
1633594985824 0 0
1633595048836 0 0
1633595112770 0 0
1633595175787 0 0
1633595239423 0 0
1633595303389 0 0
1633595367378 0 0
1633595432067 0 0
1633595496448 0 0
1633595560817 0 0
1633595624320 0 0
1633595688351 0 0
1633595753078 0 0
1633595816095 0 0
1633595879103 0 0
1633595942119 0 0
1633596005139 0 0
1633596068159 0 0
1633596131174 0 0
1633596194192 0 0
1633596257206 0 0
1633596320218 0 0
1633596384150 0 0
1633596447159 0 0
1633596510166 0 0
1633596573172 0 0
1633596636178 0 0
1633596699188 0 0
1633596762199 0 0
1633596825207 0 0
1633596888219 0 0
1633596951231 0 0
1633597015161 0 0
1633597078183 0 0
1633597141189 0 0
1633597204193 0 0
1633597267192 0 0
1633597330198 0 0
1633597393207 0 0
1633597456223 0 0
1633597519231 0 0
1633597582240 0 0
1633597646244 0 0
1633597709257 0 0
1633597772272 0 0
1633597835277 0 0
1633597898289 0 0
1633597961302 0 0
1633598024314 0 0
1633598087329 0 0
1633598150356 0 0
1633598213373 0 0
1633598277322 0 0
1633598340342 0 0
1633598403355 0 0
1633598466373 0 0
1633598529385 0 0
1633598592401 0 0
1633598655412 0 0
1633598718422 0 0
1633598781443 0 0
1633598844467 0 0
1633598908416 0 0
1633598971436 0 0
1633599034454 0 0
1633599097477 0 0
1633599160497 0 0
1633599223516 0 0
1633599286535 0 0
1633599349559 0 0
1633599412586 0 0
1633599475620 0 0
1633599539577 0 0
1633599602612 0 0
1633599665625 0 0
1633599728637 0 0
1633599791650 0 0
1633599854671 0 0
1633599917681 0 0
1633599980695 0 0
1633600043714 0 0
1633600106732 0 0
1633600170686 0 0
1633600233697 0 0
1633600296707 0 0
1633600359726 0 0
1633600422744 0 0
1633600485772 0 0
1633600548790 0 0
1633600611804 0 0
1633600674820 0 0
1633600737838 0 0
1633600801781 0 0
1633600864785 0 0
1633600927791 0 0
1633600990804 0 0
1633601053825 0 0
1633601116851 0 0
1633601179876 0 0
1633601242895 0 0
1633601305914 0 0
1633601368935 0 0
1633601432882 0 0
1633601495902 0 0
1633601558918 0 0
1633601621939 0 0
1633601684959 0 0
1633601747982 0 0
1633601811003 0 0
1633601874027 0 0
1633601937047 0 0
1633602000065 0 0
1633602064094 0 0
1633602127112 0 0
1633602190126 0 0
1633602253138 0 0
1633602316144 0 0
1633602379156 0 0
1633602442170 0 0
1633602505189 0 0
1633602568209 0 0
1633602631225 0 0
1633602695171 0 0
1633602758180 0 0
1633602821192 0 0
1633602884212 0 0
1633602947227 0 0
1633603010246 0 0
1633603073264 0 0
1633603136285 0 0
1633603199297 0 0
1633603262314 0 0
1633603326259 0 0
1633603389268 0 0
1633603452282 0 0
1633603515305 0 0
1633603578323 0 0
1633603641350 0 0
1633603704371 0 0
1633603767392 0 0
1633603830410 0 0
1633603893425 0 0
1633603957376 0 0
1633604020384 0 0
1633604083399 0 0
1633604146417 0 0
1633604209437 0 0
1633604272455 0 0
1633604335475 0 0
1633604398490 0 0
1633604461502 0 0
1633604524519 0 0
1633604588564 0 0
1633604651572 0 0
1633604714580 0 0
1633604777592 0 0
1633604840597 0 0
1633604903611 0 0
1633604966629 0 0
1633605029648 0 0
1633605092658 0 0
1633605155674 0 0
1633605219627 0 0
1633605282635 0 0
1633605345644 0 0
1633605408659 0 0
1633605471673 0 0
1633605534688 0 0
1633605597702 0 0
1633605660716 0 0
1633605723729 0 0
1633605786742 0 0
1633605850697 0 0
1633605913714 0 0
1633605976728 0 0
1633606039741 0 0
1633606102761 0 0
1633606165780 0 0
1633606228796 0 0
1633606291816 0 0
1633606354836 0 0
1633606417852 0 0
1633606481794 0 0
1633606544805 0 0
1633606607813 0 0
1633606670828 0 0
1633606733840 0 0
1633606796855 0 0
1633606859876 0 0
1633606922895 0 0
1633606985916 0 0
1633607048933 0 0
1633607112882 0 0
1633607175898 0 0
1633607238919 0 0
1633607301937 0 0
1633607364962 0 0
1633607427983 0 0
1633607490995 0 0
1633607554014 0 0
1633607617034 0 0
1633607680048 0 0
1633607744095 0 0
1633607807113 0 0
1633607870125 0 0
1633607933145 0 0
1633607996174 0 0
1633608059197 0 0
1633608122215 0 0
1633608185228 0 0
1633608248246 0 0
1633608311259 0 0
1633608375198 0 0
1633608438221 0 0
1633608501239 0 0
1633608564262 0 0
1633608627284 0 0
1633608690305 0 0
1633608753330 0 0
1633608816350 0 0
1633608879373 0 0
1633608942388 0 0
1633609006353 0 0
1633609069378 0 0
1633609132392 0 0
1633609195413 0 0
1633609258434 0 0
1633609321459 0 0
1633609384482 0 0
1633609447506 0 0
1633609510524 0 0
1633609573541 0 0
1633609637496 0 0
1633609700517 0 0
1633609763531 0 0
1633609826548 0 0
1633609889564 0 0
1633609952580 0 0
1633610015599 0 0
1633610078619 0 0
1633610141638 0 0
1633610204657 0 0
1633610268601 0 0
1633610331626 0 0
1633610394640 0 0
1633610457663 0 0
1633610520684 0 0
1633610583702 0 0
1633610646720 0 0
1633610709739 0 0
1633610772752 0 0
1633610835775 0 0
1633610899720 0 0
1633610962739 0 0
1633611025763 0 0
1633611088842 0 0
1633611151854 0 0
1633611214872 0 0
1633611277891 0 0
1633611340911 0 0
1633611403928 0 0
1633611466942 0 0
1633611530888 0 0
1633611593904 0 0
1633611656922 0 0
1633611719937 0 0
1633611782951 0 0
1633611845967 0 0
1633611908987 0 0
1633611972002 0 0
1633612035018 0 0
1633612098036 0 0
1633612161974 0 0
1633612224990 0 0
1633612288000 0 0
1633612351017 0 0
1633612414035 0 0
1633612477044 0 0
1633612540062 0 0
1633612603077 0 0
1633612666090 0 0
1633612729104 0 0
1633612793052 0 0
1633612856071 0 0
1633612919090 0 0
1633612982106 0 0
1633613045118 0 0
1633613108137 0 0
1633613171154 0 0
1633613234172 0 0
1633613297188 0 0
1633613360207 0 0
1633613424154 0 0
1633613487172 0 0
1633613550187 0 0
1633613613207 0 0
1633613676222 0 0
1633613739244 0 0
1633613802268 0 0
1633613865281 0 0
1633613928290 0 0
1633613991305 0 0
1633614055244 0 0
1633614118270 0 0
1633614181286 0 0
1633614244302 0 0
1633614307320 0 0
1633614370342 0 0
1633614433365 0 0
1633614496384 0 0
1633614559401 0 0
1633614622423 0 0
1633614686369 0 0
1633614749395 0 0
1633614812419 0 0
1633614875446 0 0
1633614938475 0 0
1633615001498 0 0
1633615064528 0 0
1633615127549 0 0
1633615190572 0 0
1633615253599 0 0
1633615317724 0 0
1633615380747 0 0
1633615443766 0 0
1633615506788 0 0
1633615569806 0 0
1633615632823 0 0
1633615695843 0 0
1633615758860 0 0
1633615821882 0 0
1633615884901 0 0
1633615948851 0 0
1633616011872 0 0
1633616074884 0 0
1633616137911 0 0
1633616200932 0 0
1633616263951 0 0
1633616326975 0 0
1633616389998 0 0
1633616453016 0 0
1633616516039 0 0
1633616579991 0 0
1633616643015 0 0
1633616706043 0 0
1633616769070 0 0
1633616832092 0 0
1633616895109 0 0
1633616958126 0 0
1633617021149 0 0
1633617084161 0 0
1633617147191 0 0
1633617211143 0 0
1633617274169 0 0
1633617337189 0 0
1633617400215 0 0
1633617463234 0 0
1633617526260 0 0
1633617589284 0 0
1633617652300 0 0
1633617715328 0 0
1633617778345 0 0
1633617842290 0 0
1633617905310 0 0
1633617968332 0 0
1633618031346 0 0
1633618094364 0 0
1633618157378 0 0
1633618220396 0 0
1633618283411 0 0
1633618346428 0 0
1633618409443 0 0
1633618473386 0 0
1633618536408 0 0
1633618599428 0 0
1633618662442 0 0
1633618725460 0 0
1633618788478 0 0
1633618851494 0 0
1633618914509 0 0
1633618977525 0 0
1633619040540 0 0
1633619104478 0 0
1633619167495 0 0
1633619230508 0 0
1633619293531 0 0
1633619356552 0 0
1633619419574 0 0
1633619482594 0 0
1633619545615 0 0
1633619608640 0 0
1633619671661 0 0
1633619735594 0 0
1633619798621 0 0
1633619861637 0 0
1633619924660 0 0
1633619987681 0 0
1633620050702 0 0
1633620113727 0 0
1633620176903 0 0
1633620239923 0 0
1633620302950 0 0
1633620366896 0 0
1633620429915 0 0
1633620492933 0 0
1633620555946 0 0
1633620618964 0 0
1633620681987 0 0
1633620744999 0 0
1633620808016 0 0
1633620871033 0 0
1633620934052 0 0
1633620997976 0 0
1633621060989 0 0
1633621123997 0 0
1633621187009 0 0
1633621250024 0 0
1633621313035 0 0
1633621376054 0 0
1633621439072 0 0
1633621502084 0 0
1633621565096 0 0
1633621629047 0 0
1633621692067 0 0
1633621755090 0 0
1633621818112 0 0
1633621881135 0 0
1633621944162 0 0
1633622007184 0 0
1633622070209 0 0
1633622133234 0 0
1633622196247 0 0
1633622260191 0 0
1633622323216 0 0
1633622386237 0 0
1633622449259 0 0
1633622512287 0 0
1633622575306 0 0
1633622638321 0 0
1633622701343 0 0
1633622764365 0 0
1633622827388 0 0
1633622891342 0 0
1633622954364 0 0
1633623017379 0 0
1633623080395 0 0
1633623143416 0 0
1633623206426 0 0
1633623269446 0 0
1633623332472 0 0
1633623395492 0 0
1633623458516 0 0
1633623522448 0 0
1633623585471 0 0
1633623648489 0 0
1633623711510 0 0
1633623774529 0 0
1633623837548 0 0
1633623900573 0 0
1633623963598 0 0
1633624026624 0 0
1633624089635 0 0
1633624153577 0 0
1633624216598 0 0
1633624279622 0 0
1633624342637 0 0
1633624405660 0 0
1633624468681 0 0
1633624531708 0 0
1633624594728 0 0
1633624657740 0 0
1633624720763 0 0
1633624784705 0 0
1633624847729 0 0
1633624910751 0 0
1633624973774 0 0
1633625036793 0 0
1633625099821 0 0
1633625162845 0 0
1633625225870 0 0
1633625288896 0 0
1633625351909 0 0
1633625415862 0 0
1633625479044 0 0
1633625542074 0 0
1633625605095 0 0
1633625668107 0 0
1633625731127 0 0
1633625794143 0 0
1633625857164 0 0
1633625920190 0 0
1633625983205 0 0
1633626047152 0 0
1633626110171 0 0
1633626173188 0 0
1633626236202 0 0
1633626299223 0 0
1633626362232 0 0
1633626425245 0 0
1633626488266 0 0
1633626551283 0 0
1633626614299 0 0
1633626678250 0 0
1633626741273 0 0
1633626804295 0 0
1633626867310 0 0
1633626930326 0 0
1633626993344 0 0
1633627056351 0 0
1633627119362 0 0
1633627182373 0 0
1633627245387 0 0
1633627309329 0 0
1633627372340 0 0
1633627435352 0 0
1633627498367 0 0
1633627561382 0 0
1633627624392 0 0
1633627687410 0 0
1633627750429 0 0
1633627813444 0 0
1633627876470 0 0
1633627940413 0 0
1633628003431 0 0
1633628066441 0 0
1633628129459 0 0
1633628192475 0 0
1633628255489 0 0
1633628318498 0 0
1633628381509 0 0
1633628444517 0 0
1633628507526 0 0
1633628571466 0 0
1633628634477 0 0
1633628697486 0 0
1633628760495 0 0
1633628823503 0 0
1633628886510 0 0
1633628949524 0 0
1633629012535 0 0
1633629075545 0 0
1633629138547 0 0
1633629202479 0 0
1633629265488 0 0
1633629328504 0 0
1633629391513 0 0
1633629454524 0 0
1633629517528 0 0
1633629580539 0 0
1633629643545 0 0
1633629706556 0 0
1633629769564 0 0
1633629833500 0 0
1633629896510 0 0
1633629959521 0 0
1633630022532 0 0
1633630085541 0 0
1633630148554 0 0
1633630211565 0 0
1633630274570 0 0
1633630337582 0 0
1633630400599 0 0
1633630464536 0 0
1633630527547 0 0
1633630590557 0 0
1633630653556 0 0
1633630716565 0 0
1633630779573 0 0
1633630842579 0 0
1633630905590 0 0
1633630968602 0 0
1633631031616 0 0
1633631095547 0 0
1633631158560 0 0
1633631221572 0 0
1633631284581 0 0
1633631347590 0 0
1633631410600 0 0
1633631473610 0 0
1633631536624 0 0
1633631599633 0 0
1633631662638 0 0
1633631726579 0 0
1633631789595 0 0
1633631852605 0 0
1633631915619 0 0
1633631978630 0 0
1633632041641 0 0
1633632104857 0 0
1633632167872 0 0
1633632230885 0 0
1633632293905 0 0
1633632357845 0 0
1633632420871 0 0
1633632483885 0 0
1633632546893 0 0
1633632609905 0 0
1633632672919 0 0
1633632735930 0 0
1633632798942 0 0
1633632861954 0 0
1633632924968 0 0
1633632988921 0 0
1633633051929 0 0
1633633114947 0 0
1633633177957 0 0
1633633240970 0 0
1633633303985 0 0
1633633366999 0 0
1633633430016 0 0
1633633493110 0 0
1633633556126 0 0
1633633620074 0 0
1633633683094 0 0
1633633746120 0 0
1633633809137 0 0
1633633872153 0 0
1633633935169 0 0
1633633998184 0 0
1633634061200 0 0
1633634124223 0 0
1633634187236 0 0
1633634251181 0 0
1633634314208 0 0
1633634377225 0 0
1633634440249 0 0
1633634503265 0 0
1633634566282 0 0
1633634629304 0 0
1633634692328 0 0
1633634755347 0 0
1633634818365 0 0
1633634882306 0 0
1633634945326 0 0
1633635008341 0 0
1633635071352 0 0
1633635134364 0 0
1633635197376 0 0
1633635260387 0 0
1633635323401 0 0
1633635386414 0 0
1633635449430 0 0
1633635513372 0 0
1633635576383 0 0
1633635639401 0 0
1633635702414 0 0
1633635765427 0 0
1633635828444 0 0
1633635891458 0 0
1633635954472 0 0
1633636017492 0 0
1633636080512 0 0
1633636144455 0 0
1633636207468 0 0
1633636270487 0 0
1633636333506 0 0
1633636396521 0 0
1633636459533 0 0
1633636522557 0 0
1633636585580 0 0
1633636648600 0 0
1633636711619 0 0
1633636775563 0 0
1633636838579 0 0
1633636901599 0 0
1633636964616 0 0
1633637027638 0 0
1633637090653 0 0
1633637153676 0 0
1633637216692 0 0
1633637279712 0 0
1633637342738 0 0
1633637406675 0 0
1633637469694 0 0
1633637532711 0 0
1633637595726 0 0
1633637658744 0 0
1633637721763 0 0
1633637784780 0 0
1633637847792 0 0
1633637910799 0 0
1633637973813 0 0
1633638037757 0 0
1633638100775 0 0
1633638163786 0 0
1633638226793 0 0
1633638289809 0 0
1633638352866 0 0
1633638415878 0 0
1633638478889 0 0
1633638541899 0 0
1633638604908 0 0
1633638668850 0 0
1633638731859 0 0
1633638794872 0 0
1633638857886 0 0
1633638920903 0 0
1633638983916 0 0
1633639046927 0 0
1633639109940 0 0
1633639172955 0 0
1633639235966 0 0
1633639299908 0 0
1633639363189 0 0
1633639426202 0 0
1633639489213 0 0
1633639552226 0 0
1633639615232 0 0
1633639678239 0 0
1633639741245 0 0
1633639804255 0 0
1633639867265 0 0
1633639931196 0 0
1633639994210 0 0
1633640057224 0 0
1633640120236 0 0
1633640183251 0 0
1633640246273 0 0
1633640309288 0 0
1633640372304 0 0
1633640435320 0 0
1633640498331 0 0
1633640562272 0 0
1633640625280 0 0
1633640688292 0 0
1633640751314 0 0
1633640814336 0 0
1633640877352 0 0
1633640940349 0 0
1633641003295 0 0
1633641066236 0 0
1633641129173 0 0
1633641193041 0 0
1633641255973 0 0
1633641318915 0 0
1633641381843 0 0
1633641444775 0 0
1633641507710 0 0
1633641570641 0 0
1633641633577 0 0
1633641696515 0 0
1633641759446 0 0
1633641823305 0 0
1633641886241 0 0
1633641949183 0 0
1633642012121 0 0
1633642075055 0 0
1633642137992 0 0
1633642200931 0 0
1633642263869 0 0
1633642326806 0 0
1633642389741 0 0
1633642453603 0 0
1633642516539 0 0
1633642579475 0 0
1633642642410 0 0
1633642705348 0 0
1633642768288 0 0
1633642831222 0 0
1633642894152 0 0
1633642957084 0 0
1633643020015 0 0
1633643083870 0 0
1633643146805 0 0
1633643209734 0 0
1633643272668 0 0
1633643335605 0 0
1633643398538 0 0
1633643461473 0 0
1633643524399 0 0
1633643587332 0 0
1633643650266 0 0
1633643714131 0 0
1633643777065 0 0
1633643839997 0 0
1633643902929 0 0
1633643965858 0 0
1633644028797 0 0
1633644091730 0 0
1633644154663 0 0
1633644217600 0 0
1633644280535 0 0
1633644344396 0 0
1633644407341 0 0
1633644470273 0 0
1633644533206 0 0
1633644596144 0 0
1633644659076 0 0
1633644722018 0 0
1633644784952 0 0
1633644847880 0 0
1633644910812 0 0
1633644974662 0 0
1633645037599 0 0
1633645100531 0 0
1633645163467 0 0
1633645226397 0 0
1633645289333 0 0
1633645352266 0 0
1633645415197 0 0
1633645478129 0 0
1633645541064 0 0
1633645604917 0 0
1633645667864 0 0
1633645730816 0 0
1633645793760 0 0
1633645856690 0 0
1633645919619 0 0
1633645982552 0 0
1633646045478 0 0
1633646108409 0 0
1633646171342 0 0
1633646235195 0 0
1633646298124 0 0
1633646361059 0 0
1633646423984 0 0
1633646486915 0 0
1633646549849 0 0
1633646612779 0 0
1633646675715 0 0
1633646738650 0 0
1633646801593 0 0
1633646865453 0 0
1633646928391 0 0
1633646991325 0 0
1633647054256 0 0
1633647117183 0 0
1633647180116 0 0
1633647243045 0 0
1633647305977 0 0
1633647368918 0 0
1633647431848 0 0
1633647495707 0 0
1633647558637 0 0
1633647621565 0 0
1633647684491 0 0
1633647747419 0 0
1633647810352 0 0
1633647873279 0 0
1633647936206 0 0
1633647999135 0 0
1633648062063 0 0
1633648126317 0 0
1633648189248 0 0
1633648252176 0 0
1633648315106 0 0
1633648378031 0 0
1633648440958 0 0
1633648503890 0 0
1633648566817 0 0
1633648629741 0 0
1633648692669 0 0
1633648756515 0 0
1633648819451 0 0
1633648882376 0 0
1633648945306 0 0
1633649008233 0 0
1633649071161 0 0
1633649134098 0 0
1633649197034 0 0
1633649259971 0 0
1633649322902 0 0
1633649386761 0 0
1633649449697 0 0
1633649512628 0 0
1633649575562 0 0
1633649638497 0 0
1633649701431 0 0
1633649764360 0 0
1633649827292 0 0
1633649890226 0 0
1633649953155 0 0
1633650017012 0 0
1633650079944 0 0
1633650142872 0 0
1633650205806 0 0
1633650268731 0 0
1633650331658 0 0
1633650394585 0 0
1633650457505 0 0
1633650520447 0 0
1633650583379 0 0
1633650647242 0 0
1633650710186 0 0
1633650773119 0 0
1633650836049 0 0
1633650898985 0 0
1633650961918 0 0
1633651024846 0 0
1633651087774 0 0
1633651150707 0 0
1633651213639 0 0
1633651277491 0 0
1633651340425 0 0
1633651403355 0 0
1633651466288 0 0
1633651529214 0 0
1633651592141 0 0
1633651655068 0 0
1633651717995 0 0
1633651780923 0 0
1633651843845 0 0
1633651907691 0 0
1633651970619 0 0
1633652033547 0 0
1633652096481 0 0
1633652159408 0 0
1633652222337 0 0
1633652285268 0 0
1633652348201 0 0
1633652411133 0 0
1633652474062 0 0
1633652537921 0 0
1633652600853 0 0
1633652663780 0 0
1633652726718 0 0
1633652789648 0 0
1633652852576 0 0
1633652915508 0 0
1633652978438 0 0
1633653041366 0 0
1633653104304 0 0
1633653168160 0 0
1633653231093 0 0
1633653294018 0 0
1633653356950 0 0
1633653419885 0 0
1633653482816 0 0
1633653545747 0 0
1633653608684 0 0
1633653671619 0 0
1633653734555 0 0
1633653798413 0 0
1633653861352 0 0
1633653924288 0 0
1633653987229 0 0
1633654050166 0 0
1633654113101 0 0
1633654176040 0 0
1633654238978 0 0
1633654301911 0 0
