1633591260728 0 0
1633591325392 1 0
1633591389095 2 0
1633591452157 3 0
1633591515203 4 0
1633591578237 5 0
1633591641260 6 0
1633591704285 7 0
1633591767306 8 0
1633591830341 9 0
1633591893356 10 0
1633591957256 11 0
1633592020282 12 0
1633592083302 13 0
1633592146318 14 0
1633592209330 15 0
1633592272354 16 0
1633592335368 17 0
1633592398384 18 0
1633592461396 19 0
1633592524420 20 0
1633592588340 21 0
1633592651365 22 0
1633592714381 23 0
1633592777401 24 0
1633592840419 25 0
1633592903435 26 0
1633592966454 27 0
1633593029465 28 0
1633593092487 29 0
1633593155497 30 0
1633593219468 31 0
1633593282490 32 0
1633593345518 33 0
1633593408543 34 0
1633593471561 35 0
1633593534586 36 0
1633593597603 37 0
1633593660621 38 0
1633593723641 39 0
1633593786662 40 0
1633593850591 41 0
1633593913609 42 0
1633593976623 43 0
1633594039639 44 0
1633594102663 45 0
1633594165690 46 0
1633594228718 47 0
1633594291730 48 0
1633594354741 49 0
1633594417757 50 0
1633594481695 51 0
1633594544714 52 0
1633594607731 53 0
1633594670755 54 0
1633594733769 55 0
1633594796782 56 0
1633594859797 57 0
1633594922808 58 0
1633594985822 59 0
1633595048834 60 0
1633595112768 61 0
1633595175785 62 0
1633595239421 63 0
1633595303386 64 0
1633595367376 65 0
1633595432065 66 0
1633595496446 67 0
1633595560815 68 0
1633595624318 69 0
1633595688349 70 0
1633595753076 71 0
1633595816093 72 0
1633595879101 73 0
1633595942117 74 0
1633596005137 75 0
1633596068157 76 0
1633596131172 77 0
1633596194191 78 0
1633596257204 79 0
1633596320216 80 0
1633596384149 81 0
1633596447157 82 0
1633596510165 83 0
1633596573170 84 0
1633596636176 85 0
1633596699186 86 0
1633596762197 87 0
1633596825205 88 0
1633596888217 89 0
1633596951229 90 0
1633597015159 91 0
1633597078181 92 0
1633597141187 93 0
1633597204191 94 0
1633597267190 95 0
1633597330196 96 0
1633597393205 97 0
1633597456221 98 0
1633597519229 99 0
1633597582238 100 0
1633597646242 101 0
1633597709256 102 0
1633597772270 103 0
1633597835275 104 0
1633597898287 105 0
1633597961300 106 0
1633598024312 107 0
1633598087327 108 0
1633598150354 109 0
1633598213371 110 0
1633598277320 111 0
1633598340340 112 0
1633598403353 113 0
1633598466371 114 0
1633598529383 115 0
1633598592399 116 0
1633598655410 117 0
1633598718420 118 0
1633598781441 119 0
1633598844465 120 0
1633598908414 121 0
1633598971434 122 0
1633599034452 123 0
1633599097475 124 0
1633599160495 125 0
1633599223515 126 0
1633599286533 127 0
1633599349557 128 0
1633599412584 129 0
1633599475618 130 0
1633599539575 131 0
1633599602610 132 0
1633599665623 133 0
1633599728636 134 0
1633599791648 135 0
1633599854669 136 0
1633599917679 137 0
1633599980693 138 0
1633600043712 139 0
1633600106730 140 0
1633600170684 141 0
1633600233695 142 0
1633600296705 143 0
1633600359724 144 0
1633600422742 145 0
1633600485770 146 0
1633600548789 147 0
1633600611802 148 0
1633600674818 149 0
1633600737836 150 0
1633600801779 151 0
1633600864782 152 0
1633600927789 153 0
1633600990802 154 0
1633601053823 155 0
1633601116849 156 0
1633601179873 157 0
1633601242893 158 0
1633601305912 159 0
1633601368933 160 0
1633601432880 161 0
1633601495900 162 0
1633601558917 163 0
1633601621937 164 0
1633601684957 165 0
1633601747980 166 0
1633601811001 167 0
1633601874025 168 0
1633601937045 169 0
1633602000063 170 0
1633602064092 171 0
1633602127110 172 0
1633602190124 173 0
1633602253136 174 0
1633602316142 175 0
1633602379154 176 0
1633602442168 177 0
1633602505187 178 0
1633602568207 179 0
1633602631223 180 0
1633602695169 181 0
1633602758179 182 0
1633602821190 183 0
1633602884210 184 0
1633602947225 185 0
1633603010244 186 0
1633603073262 187 0
1633603136284 188 0
1633603199295 189 0
1633603262313 190 0
1633603326257 191 0
1633603389266 192 0
1633603452281 193 0
1633603515303 194 0
1633603578321 195 0
1633603641348 196 0
1633603704369 197 0
1633603767390 198 0
1633603830408 199 0
1633603893423 200 0
1633603957375 201 0
1633604020383 202 0
1633604083397 203 0
1633604146415 204 0
1633604209435 205 0
1633604272453 206 0
1633604335473 207 0
1633604398488 208 0
1633604461500 209 0
1633604524517 210 0
1633604588562 211 0
1633604651570 212 0
1633604714578 213 0
1633604777590 214 0
1633604840595 215 0
1633604903609 216 0
1633604966627 217 0
1633605029646 218 0
1633605092656 219 0
1633605155672 220 0
1633605219625 221 0
1633605282634 222 0
1633605345643 223 0
1633605408657 224 0
1633605471671 225 0
1633605534687 226 0
1633605597700 227 0
1633605660715 228 0
1633605723728 229 0
1633605786741 230 0
1633605850695 231 0
1633605913712 232 0
1633605976727 233 0
1633606039739 234 0
1633606102759 235 0
1633606165778 236 0
1633606228794 237 0
1633606291814 238 0
1633606354834 239 0
1633606417850 240 0
1633606481792 241 0
1633606544803 242 0
1633606607811 243 0
1633606670826 244 0
1633606733838 245 0
1633606796853 246 0
1633606859874 247 0
1633606922893 248 0
1633606985915 249 0
1633607048931 250 0
1633607112880 251 0
1633607175896 252 0
1633607238917 253 0
1633607301935 254 0
1633607364960 255 0
1633607427982 256 0
1633607490993 257 0
1633607554012 258 0
1633607617032 259 0
1633607680046 260 0
1633607744094 261 0
1633607807111 262 0
1633607870124 263 0
1633607933143 264 0
1633607996172 265 0
1633608059195 266 0
1633608122213 267 0
1633608185226 268 0
1633608248244 269 0
1633608311258 270 0
1633608375196 271 0
1633608438219 272 0
1633608501237 273 0
1633608564260 274 0
1633608627282 275 0
1633608690304 276 0
1633608753329 277 0
1633608816348 278 0
1633608879371 279 0
1633608942386 280 0
1633609006351 281 0
1633609069377 282 0
1633609132390 283 0
1633609195411 284 0
1633609258432 285 0
1633609321457 286 0
1633609384480 287 0
1633609447504 288 0
1633609510522 289 0
1633609573539 290 0
1633609637494 291 0
1633609700515 292 0
1633609763528 293 0
1633609826546 294 0
1633609889562 295 0
1633609952578 296 0
1633610015597 297 0
1633610078617 298 0
1633610141636 299 0
1633610204655 300 0
1633610268600 301 0
1633610331624 302 0
1633610394639 303 0
1633610457661 304 0
1633610520682 305 0
1633610583700 306 0
1633610646718 307 0
1633610709737 308 0
1633610772750 309 0
1633610835772 310 0
1633610899718 311 0
1633610962737 312 0
1633611025761 313 0
1633611088840 314 0
1633611151852 315 0
1633611214870 316 0
1633611277889 317 0
1633611340909 318 0
1633611403926 319 0
1633611466941 320 0
1633611530886 321 0
1633611593903 322 0
1633611656920 323 0
1633611719935 324 0
1633611782949 325 0
1633611845965 326 0
1633611908985 327 0
1633611972000 328 0
1633612035016 329 0
1633612098034 330 0
1633612161972 331 0
1633612224988 332 0
1633612287999 333 0
1633612351016 334 0
1633612414034 335 0
1633612477042 336 0
1633612540060 337 0
1633612603076 338 0
1633612666088 339 0
1633612729102 340 0
1633612793051 341 0
1633612856070 342 0
1633612919088 343 0
1633612982104 344 0
1633613045116 345 0
1633613108135 346 0
1633613171152 347 0
1633613234170 348 0
1633613297186 349 0
1633613360205 350 0
1633613424152 351 0
1633613487170 352 0
1633613550185 353 0
1633613613205 354 0
1633613676220 355 0
1633613739242 356 0
1633613802266 357 0
1633613865279 358 0
1633613928288 359 0
1633613991303 360 0
1633614055242 361 0
1633614118269 362 0
1633614181284 363 0
1633614244300 364 0
1633614307318 365 0
1633614370340 366 0
1633614433363 367 0
1633614496383 368 0
1633614559399 369 0
1633614622421 370 0
1633614686367 371 0
1633614749393 372 0
1633614812417 373 0
1633614875444 374 0
1633614938474 375 0
1633615001496 376 0
1633615064526 377 0
1633615127547 378 0
1633615190571 379 0
1633615253597 380 0
1633615317722 381 0
1633615380745 382 0
1633615443764 383 0
1633615506786 384 0
1633615569804 385 0
1633615632821 386 0
1633615695841 387 0
1633615758858 388 0
1633615821880 389 0
1633615884899 390 0
1633615948849 391 0
1633616011870 392 0
1633616074883 393 0
1633616137909 394 0
1633616200930 395 0
1633616263950 396 0
1633616326973 397 0
1633616389996 398 0
1633616453015 399 0
1633616516037 400 0
1633616579990 401 0
1633616643013 402 0
1633616706042 403 0
1633616769068 404 0
1633616832090 405 0
1633616895107 406 0
1633616958124 407 0
1633617021147 408 0
1633617084159 409 0
1633617147189 410 0
1633617211141 411 0
1633617274167 412 0
1633617337187 413 0
1633617400213 414 0
1633617463232 415 0
1633617526258 416 0
1633617589282 417 0
1633617652298 418 0
1633617715326 419 0
1633617778343 420 0
1633617842288 421 0
1633617905309 422 0
1633617968330 423 0
1633618031344 424 0
1633618094362 425 0
1633618157376 426 0
1633618220394 427 0
1633618283409 428 0
1633618346426 429 0
1633618409441 430 0
1633618473384 431 0
1633618536406 432 0
1633618599427 433 0
1633618662440 434 0
1633618725458 435 0
1633618788476 436 0
1633618851492 437 0
1633618914507 438 0
1633618977523 439 0
1633619040538 440 0
1633619104476 441 0
1633619167493 442 0
1633619230507 443 0
1633619293529 444 0
1633619356550 445 0
1633619419572 446 0
1633619482592 447 0
1633619545613 448 0
1633619608639 449 0
1633619671659 450 0
1633619735592 451 0
1633619798619 452 0
1633619861635 453 0
1633619924658 454 0
1633619987679 455 0
1633620050700 456 0
1633620113725 457 0
1633620176901 458 0
1633620239922 459 0
1633620302948 460 0
1633620366894 461 0
1633620429913 462 0
1633620492931 463 0
1633620555944 464 0
1633620618962 465 0
1633620681985 466 0
1633620744997 467 0
1633620808014 468 0
1633620871031 469 0
1633620934050 470 0
1633620997974 471 0
1633621060987 472 0
1633621123996 473 0
1633621187007 474 0
1633621250023 475 0
1633621313033 476 0
1633621376052 477 0
1633621439070 478 0
1633621502082 479 0
1633621565094 480 0
1633621629045 481 0
1633621692065 482 0
1633621755088 483 0
1633621818110 484 0
1633621881133 485 0
1633621944160 486 0
1633622007182 487 0
1633622070207 488 0
1633622133231 489 0
1633622196245 490 0
1633622260189 491 0
1633622323214 492 0
1633622386235 493 0
1633622449257 494 0
1633622512285 495 0
1633622575304 496 0
1633622638320 497 0
1633622701341 498 0
1633622764363 499 0
1633622827386 500 0
1633622891340 501 0
1633622954362 502 0
1633623017377 503 0
1633623080393 504 0
1633623143414 505 0
1633623206424 506 0
1633623269444 507 0
1633623332470 508 0
1633623395490 509 0
1633623458515 510 0
1633623522446 511 0
1633623585469 512 0
1633623648487 513 0
1633623711508 514 0
1633623774528 515 0
1633623837546 516 0
1633623900571 517 0
1633623963596 518 0
1633624026622 519 0
1633624089633 520 0
1633624153575 521 0
1633624216596 522 0
1633624279620 523 0
1633624342635 524 0
1633624405658 525 0
1633624468679 526 0
1633624531706 527 0
1633624594726 528 0
1633624657740 529 0
1633624720761 530 0
1633624784703 531 0
1633624847727 532 0
1633624910750 533 0
1633624973772 534 0
1633625036791 535 0
1633625099819 536 0
1633625162843 537 0
1633625225868 538 0
1633625288894 539 0
1633625351907 540 0
1633625415860 541 0
1633625479042 542 0
1633625542072 543 0
1633625605093 544 0
1633625668106 545 0
1633625731125 546 0
1633625794141 547 0
1633625857163 548 0
1633625920188 549 0
1633625983203 550 0
1633626047150 551 0
1633626110170 552 0
1633626173186 553 0
1633626236200 554 0
1633626299221 555 0
1633626362230 556 0
1633626425243 557 0
1633626488264 558 0
1633626551281 559 0
1633626614298 560 0
1633626678248 561 0
1633626741271 562 0
1633626804293 563 0
1633626867308 564 0
1633626930324 565 0
1633626993342 566 0
1633627056350 567 0
1633627119360 568 0
1633627182371 569 0
1633627245384 570 0
1633627309327 571 0
1633627372338 572 0
1633627435349 573 0
1633627498364 574 0
1633627561381 575 0
1633627624390 576 0
1633627687408 577 0
1633627750427 578 0
1633627813441 579 0
1633627876468 580 0
1633627940411 581 0
1633628003429 582 0
1633628066439 583 0
1633628129457 584 0
1633628192473 585 0
1633628255488 586 0
1633628318496 587 0
1633628381507 588 0
1633628444516 589 0
1633628507524 590 0
1633628571464 591 0
1633628634475 592 0
1633628697484 593 0
1633628760493 594 0
1633628823501 595 0
1633628886508 596 0
1633628949522 597 0
1633629012534 598 0
1633629075543 599 0
1633629138546 600 0
1633629202478 601 0
1633629265486 602 0
1633629328502 603 0
1633629391511 604 0
1633629454522 605 0
1633629517526 606 0
1633629580537 607 0
1633629643543 608 0
1633629706554 609 0
1633629769562 610 0
1633629833498 611 0
1633629896508 612 0
1633629959519 613 0
1633630022530 614 0
1633630085539 615 0
1633630148552 616 0
1633630211563 617 0
1633630274568 618 0
1633630337580 619 0
1633630400597 620 0
1633630464534 621 0
1633630527545 622 0
1633630590555 623 0
1633630653554 624 0
1633630716563 625 0
1633630779571 626 0
1633630842577 627 0
1633630905588 628 0
1633630968600 629 0
1633631031614 630 0
1633631095546 631 0
1633631158558 632 0
1633631221570 633 0
1633631284579 634 0
1633631347589 635 0
1633631410598 636 0
1633631473608 637 0
1633631536622 638 0
1633631599631 639 0
1633631662636 640 0
1633631726578 641 0
1633631789593 642 0
1633631852603 643 0
1633631915617 644 0
1633631978629 645 0
1633632041639 646 0
1633632104855 647 0
1633632167870 648 0
1633632230883 649 0
1633632293903 650 0
1633632357843 651 0
1633632420869 652 0
1633632483883 653 0
1633632546892 654 0
1633632609903 655 0
1633632672917 656 0
1633632735928 657 0
1633632798940 658 0
1633632861952 659 0
1633632924966 660 0
1633632988919 661 0
1633633051927 662 0
1633633114945 663 0
1633633177955 664 0
1633633240968 665 0
1633633303983 666 0
1633633366997 667 0
1633633430014 668 0
1633633493108 669 0
1633633556124 670 0
1633633620072 671 0
1633633683092 672 0
1633633746118 673 0
1633633809135 674 0
1633633872151 675 0
1633633935167 676 0
1633633998183 677 0
1633634061198 678 0
1633634124221 679 0
1633634187234 680 0
1633634251179 681 0
1633634314206 682 0
1633634377223 683 0
1633634440247 684 0
1633634503263 685 0
1633634566280 686 0
1633634629302 687 0
1633634692326 688 0
1633634755345 689 0
1633634818363 690 0
1633634882305 691 0
1633634945324 692 0
1633635008339 693 0
1633635071350 694 0
1633635134362 695 0
1633635197374 696 0
1633635260385 697 0
1633635323399 698 0
1633635386412 699 0
1633635449428 700 0
1633635513370 701 0
1633635576381 702 0
1633635639399 703 0
1633635702412 704 0
1633635765425 705 0
1633635828442 706 0
1633635891456 707 0
1633635954470 708 0
1633636017491 709 0
1633636080508 710 0
1633636144453 711 0
1633636207466 712 0
1633636270485 713 0
1633636333504 714 0
1633636396519 715 0
1633636459531 716 0
1633636522555 717 0
1633636585578 718 0
1633636648598 719 0
1633636711617 720 0
1633636775562 721 0
1633636838577 722 0
1633636901597 723 0
1633636964614 724 0
1633637027636 725 0
1633637090651 726 0
1633637153674 727 0
1633637216690 728 0
1633637279710 729 0
1633637342736 730 0
1633637406674 731 0
1633637469692 732 0
1633637532709 733 0
1633637595724 734 0
1633637658742 735 0
1633637721761 736 0
1633637784778 737 0
1633637847790 738 0
1633637910797 739 0
1633637973811 740 0
1633638037755 741 0
1633638100773 742 0
1633638163784 743 0
1633638226791 744 0
1633638289808 745 0
1633638352864 746 0
1633638415876 747 0
1633638478887 748 0
1633638541898 749 0
1633638604906 750 0
1633638668849 751 0
1633638731857 752 0
1633638794871 753 0
1633638857884 754 0
1633638920901 755 0
1633638983914 756 0
1633639046925 757 0
1633639109938 758 0
1633639172953 759 0
1633639235964 760 0
1633639299906 761 0
1633639363187 762 0
1633639426200 763 0
1633639489211 764 0
1633639552224 765 0
1633639615230 766 0
1633639678237 767 0
1633639741243 768 0
1633639804253 769 0
1633639867264 770 0
1633639931194 771 0
1633639994208 772 0
1633640057222 773 0
1633640120234 774 0
1633640183249 775 0
1633640246271 776 0
1633640309286 777 0
1633640372302 778 0
1633640435318 779 0
1633640498329 780 0
1633640562270 781 0
1633640625278 782 0
1633640688290 783 0
1633640751312 784 0
1633640814334 785 0
1633640877350 786 0
1633640940347 787 0
1633641003293 788 0
1633641066234 789 0
1633641129171 790 0
1633641193039 791 0
1633641255971 792 0
1633641318913 793 0
1633641381841 794 0
1633641444773 795 0
1633641507708 796 0
1633641570639 797 0
1633641633575 798 0
1633641696513 799 0
1633641759445 800 0
1633641823303 801 0
1633641886239 802 0
1633641949180 803 0
1633642012119 804 0
1633642075053 805 0
1633642137990 806 0
1633642200929 807 0
1633642263867 808 0
1633642326804 809 0
1633642389738 810 0
1633642453601 811 0
1633642516538 812 0
1633642579474 813 0
1633642642408 814 0
1633642705346 815 0
1633642768286 816 0
1633642831220 817 0
1633642894150 818 0
1633642957082 819 0
1633643020013 820 0
1633643083868 821 0
1633643146803 822 0
1633643209732 823 0
1633643272666 824 0
1633643335603 825 0
1633643398536 826 0
1633643461472 827 0
1633643524397 828 0
1633643587330 829 0
1633643650264 830 0
1633643714129 831 0
1633643777063 832 0
1633643839995 833 0
1633643902927 834 0
1633643965856 835 0
1633644028796 836 0
1633644091728 837 0
1633644154661 838 0
1633644217598 839 0
1633644280534 840 0
1633644344394 841 0
1633644407339 842 0
1633644470271 843 0
1633644533204 844 0
1633644596142 845 0
1633644659075 846 0
1633644722016 847 0
1633644784950 848 0
1633644847878 849 0
1633644910810 850 0
1633644974660 851 0
1633645037597 852 0
1633645100530 853 0
1633645163465 854 0
1633645226396 855 0
1633645289332 856 0
1633645352264 857 0
1633645415195 858 0
1633645478127 859 0
1633645541062 860 0
1633645604915 861 0
1633645667862 862 0
1633645730814 863 0
1633645793758 864 0
1633645856688 865 0
1633645919617 866 0
1633645982550 867 0
1633646045476 868 0
1633646108408 869 0
1633646171340 870 0
1633646235193 871 0
1633646298122 872 0
1633646361058 873 0
1633646423982 874 0
1633646486913 875 0
1633646549848 876 0
1633646612777 877 0
1633646675713 878 0
1633646738648 879 0
1633646801591 880 0
1633646865451 881 0
1633646928389 882 0
1633646991324 883 0
1633647054254 884 0
1633647117182 885 0
1633647180114 886 0
1633647243043 887 0
1633647305975 888 0
1633647368916 889 0
1633647431846 890 0
1633647495705 891 0
1633647558635 892 0
1633647621563 893 0
1633647684489 894 0
1633647747417 895 0
1633647810350 896 0
1633647873277 897 0
1633647936204 898 0
1633647999134 899 0
1633648062061 900 0
1633648126315 901 0
1633648189246 902 0
1633648252173 903 0
1633648315104 904 0
1633648378029 905 0
1633648440956 906 0
1633648503888 907 0
1633648566816 908 0
1633648629739 909 0
1633648692667 910 0
1633648756514 911 0
1633648819449 912 0
1633648882374 913 0
1633648945304 914 0
1633649008232 915 0
1633649071159 916 0
1633649134096 917 0
1633649197032 918 0
1633649259969 919 0
1633649322900 920 0
1633649386759 921 0
1633649449696 922 0
1633649512626 923 0
1633649575559 924 0
1633649638496 925 0
1633649701429 926 0
1633649764358 927 0
1633649827290 928 0
1633649890224 929 0
1633649953153 930 0
1633650017010 931 0
1633650079942 932 0
1633650142870 933 0
1633650205804 934 0
1633650268730 935 0
1633650331656 936 0
1633650394583 937 0
1633650457505 938 0
1633650520445 939 0
1633650583377 940 0
1633650647241 941 0
1633650710184 942 0
1633650773118 943 0
1633650836047 944 0
1633650898984 945 0
1633650961916 946 0
1633651024844 947 0
1633651087772 948 0
1633651150705 949 0
1633651213638 950 0
1633651277489 951 0
1633651340423 952 0
1633651403353 953 0
1633651466286 954 0
1633651529212 955 0
1633651592139 956 0
1633651655066 957 0
1633651717993 958 0
1633651780921 959 0
1633651843843 960 0
1633651907690 961 0
1633651970617 962 0
1633652033545 963 0
1633652096480 964 0
1633652159406 965 0
1633652222336 966 0
1633652285266 967 0
1633652348199 968 0
1633652411132 969 0
1633652474060 970 0
1633652537919 971 0
1633652600851 972 0
1633652663778 973 0
1633652726716 974 0
1633652789646 975 0
1633652852574 976 0
1633652915506 977 0
1633652978436 978 0
1633653041364 979 0
1633653104302 980 0
1633653168158 981 0
1633653231091 982 0
1633653294016 983 0
1633653356949 984 0
1633653419884 985 0
1633653482814 986 0
1633653545745 987 0
1633653608682 988 0
1633653671617 989 0
1633653734553 990 0
1633653798411 991 0
1633653861350 992 0
1633653924286 993 0
1633653987228 994 0
1633654050164 995 0
1633654113099 996 0
1633654176038 997 0
1633654238976 998 0
1633654301909 999 0
