1633591260733 1.9207512140274048 0
1633591325396 0.6948975324630737 0
1633591389101 0.46890324354171753 0
1633591452162 0.7603176832199097 0
1633591515208 0.5667620897293091 0
1633591578242 0.5560461580753326 0
1633591641265 0.44142431020736694 0
1633591704290 0.34754686057567596 0
1633591767311 0.649181991815567 0
1633591830346 0.5078457593917847 0
1633591893361 0.408697172999382 0
1633591957261 0.4388660490512848 0
1633592020287 0.45293161273002625 0
1633592083307 0.46774496138095856 0
1633592146322 0.38429296016693115 0
1633592209335 0.6144527196884155 0
1633592272359 0.49460573494434357 0
1633592335372 0.6363027542829514 0
1633592398389 0.36192384362220764 0
1633592461401 0.6953303813934326 0
1633592524426 0.5123608261346817 0
1633592588345 0.5671402812004089 0
1633592651368 0.7523300647735596 0
1633592714386 1.0525279343128204 0
1633592777405 0.4582180082798004 0
1633592840424 0.7460404932498932 0
1633592903440 0.561960980296135 0
1633592966459 0.7806237041950226 0
1633593029470 0.30735460110008717 0
1633593092492 0.7235182523727417 0
1633593155502 0.4427254647016525 0
1633593219473 0.7370753884315491 0
1633593282496 0.7196254730224609 0
1633593345522 0.2831333875656128 0
1633593408548 0.4762781113386154 0
1633593471566 0.737505316734314 0
1633593534590 0.6701645702123642 0
1633593597609 0.523186445236206 0
1633593660626 0.41551852226257324 0
1633593723646 0.8086285144090652 0
1633593786667 0.782614529132843 0
1633593850595 0.5882354974746704 0
1633593913614 0.9478624537587166 0
1633593976628 0.6256818473339081 0
1633594039644 0.8746343553066254 0
1633594102668 0.5567513704299927 0
1633594165695 0.5653314888477325 0
1633594228722 0.5475583374500275 0
1633594291735 0.5952330380678177 0
1633594354746 0.5019729435443878 0
1633594417762 0.5484974384307861 0
1633594481700 0.3258322924375534 0
1633594544719 0.44095279276371 0
1633594607736 0.5629936456680298 0
1633594670760 0.7441498935222626 0
1633594733773 0.9225340485572815 0
1633594796787 1.3618291318416595 0
1633594859802 0.4988226592540741 0
1633594922813 0.7448699176311493 0
1633594985827 0.5307893753051758 0
1633595048839 0.6447308361530304 0
1633595112772 0.5297268629074097 0
1633595175790 0.12996415048837662 0
1633595239426 0.5435652434825897 0
1633595303392 0.8717477917671204 0
1633595367381 0.44690702110528946 0
1633595432070 0.5516060590744019 0
1633595496451 0.8530738949775696 0
1633595560820 0.73581213504076 0
1633595624323 0.723084032535553 0
1633595688354 0.6662618666887283 0
1633595753081 0.8051004111766815 0
1633595816098 0.42851171270012856 0
1633595879106 0.5447371900081635 0
1633595942122 0.5226891040802002 0
1633596005142 0.4529695510864258 0
1633596068161 0.9338375926017761 0
1633596131176 0.577479898929596 0
1633596194195 0.8280394673347473 0
1633596257209 0.4720265865325928 0
1633596320221 1.083711490035057 0
1633596384153 0.39693376421928406 0
1633596447162 3.2426271438598633 0
1633596510169 0.3870948255062103 0
1633596573175 0.8830531239509583 0
1633596636181 0.6312552690505981 0
1633596699191 1.1504725217819214 0
1633596762202 0.6177819967269897 0
1633596825210 0.587203323841095 0
1633596888222 0.7579956352710724 0
1633596951234 1.2191392183303833 0
1633597015164 0.571387529373169 0
1633597078186 0.5667138695716858 0
1633597141192 0.6899035722017288 0
1633597204196 0.5405506789684296 0
1633597267195 0.6459741741418839 0
1633597330201 0.7841918468475342 0
1633597393209 0.43444274365901947 0
1633597456226 0.6617265343666077 0
1633597519234 0.34824663400650024 0
1633597582243 0.5488444864749908 0
1633597646247 0.5933446735143661 0
1633597709260 0.595607578754425 0
1633597772275 0.5549752563238144 0
1633597835280 0.9476814270019531 0
1633597898292 0.920536994934082 0
1633597961304 0.5758840590715408 0
1633598024317 0.6166508048772812 0
1633598087332 0.6588797271251678 0
1633598150359 0.7979990541934967 0
1633598213376 0.6633175611495972 0
1633598277325 0.6706587374210358 0
1633598340345 0.6706269383430481 0
1633598403358 0.4663928896188736 0
1633598466376 0.7455652952194214 0
1633598529388 0.9268935918807983 0
1633598592404 0.8136262595653534 0
1633598655415 0.2867288887500763 0
1633598718425 0.7025027871131897 0
1633598781446 0.5404904186725616 0
1633598844470 0.6476289927959442 0
1633598908419 0.6250977218151093 0
1633598971439 0.4931139349937439 0
1633599034457 0.35140982270240784 0
1633599097480 0.8177160918712616 0
1633599160500 0.2924104630947113 0
1633599223519 0.7196225523948669 0
1633599286538 0.5598876476287842 0
1633599349562 0.4871587008237839 0
1633599412589 0.9109185039997101 0
1633599475623 0.5168875455856323 0
1633599539580 0.8497856557369232 0
1633599602615 1.0619030594825745 0
1633599665628 0.5285349190235138 0
1633599728640 0.4785851240158081 0
1633599791653 0.5050103515386581 0
1633599854674 0.831922709941864 0
1633599917684 0.9058742523193359 0
1633599980698 0.6097605228424072 0
1633600043717 0.7861432731151581 0
1633600106735 0.7525927722454071 0
1633600170689 0.77975083142519 0
1633600233700 0.5569086074829102 0
1633600296710 1.217060774564743 0
1633600359729 0.5551967024803162 0
1633600422747 0.3890286833047867 0
1633600485775 0.43562376499176025 0
1633600548793 0.41793402656912804 0
1633600611806 0.7354095578193665 0
1633600674823 0.5837838649749756 0
1633600737841 0.5534897446632385 0
1633600801784 0.6517691314220428 0
1633600864788 0.7287783026695251 0
1633600927794 0.4652535617351532 0
1633600990807 1.173026368021965 0
1633601053828 0.40668848901987076 0
1633601116854 0.5633120834827423 0
1633601179879 0.8290369212627411 0
1633601242898 0.510344609618187 0
1633601305917 0.6891271471977234 0
1633601368938 0.8830780982971191 0
1633601432885 0.5025147050619125 0
1633601495905 0.6936775147914886 0
1633601558922 0.7864640951156616 0
1633601621942 0.5721089541912079 0
1633601684962 0.41080813109874725 0
1633601747985 0.7871454060077667 0
1633601811006 0.6369490623474121 0
1633601874030 0.6938700973987579 0
1633601937050 1.1235399842262268 0
1633602000068 0.8147767186164856 0
1633602064097 0.7146425843238831 0
1633602127115 0.9680142998695374 0
1633602190129 0.4150654226541519 0
1633602253141 0.7824888825416565 0
1633602316147 0.578064501285553 0
1633602379159 0.8317447006702423 0
1633602442173 0.61358243227005 0
1633602505192 0.9507149159908295 0
1633602568212 0.5245198160409927 0
1633602631228 0.6708554327487946 0
1633602695174 1.0261163115501404 0
1633602758183 0.7548739314079285 0
1633602821195 1.0581328868865967 0
1633602884215 0.7080083787441254 0
1633602947230 0.5056930780410767 0
1633603010249 0.7768719494342804 0
1633603073267 0.4451492056250572 0
1633603136288 0.9091019034385681 0
1633603199300 1.103891134262085 0
1633603262317 0.5371423065662384 0
1633603326262 0.5691109299659729 0
1633603389271 0.4947770684957504 0
1633603452285 1.0616573095321655 0
1633603515308 0.8485256284475327 0
1633603578326 0.9449792206287384 0
1633603641353 0.36530282348394394 0
1633603704374 0.6923524439334869 0
1633603767395 0.5761321485042572 0
1633603830413 0.7866057455539703 0
1633603893428 0.5605343580245972 0
1633603957379 0.46793052554130554 0
1633604020387 0.607361227273941 0
1633604083402 0.9220620691776276 0
1633604146420 0.8657903969287872 0
1633604209440 0.8901367783546448 0
1633604272458 1.0675633549690247 0
1633604335478 0.7012749314308167 0
1633604398493 0.5169080495834351 0
1633604461505 0.7370201051235199 0
1633604524522 0.648919939994812 0
1633604588567 0.81534244120121 0
1633604651575 1.1116804480552673 0
1633604714583 0.6551659107208252 0
1633604777595 0.9168443977832794 0
1633604840600 0.742082804441452 0
1633604903614 0.8944190740585327 0
1633604966632 0.6895008981227875 0
1633605029651 0.989821195602417 0
1633605092661 1.0597324967384338 0
1633605155677 0.5430199354887009 0
1633605219630 0.8261572420597076 0
1633605282638 0.7001893073320389 0
1633605345647 0.5601610392332077 0
1633605408662 0.8429887890815735 0
1633605471676 1.541269063949585 0
1633605534691 1.422169029712677 0
1633605597705 1.08628648519516 0
1633605660719 0.9636629819869995 0
1633605723732 1.0620701611042023 0
1633605786745 0.39243532717227936 0
1633605850700 0.9228275716304779 0
1633605913717 0.9644579291343689 0
1633605976731 0.5618911981582642 0
1633606039744 0.5807628333568573 0
1633606102764 1.0382207036018372 0
1633606165783 0.7205620110034943 0
1633606228799 0.45446018874645233 0
1633606291819 0.6171811521053314 0
1633606354839 0.8945611119270325 0
1633606417855 0.8685354590415955 0
1633606481797 0.7465405464172363 0
1633606544808 0.8242254853248596 0
1633606607816 0.4740261733531952 0
1633606670831 1.1010619401931763 0
1633606733843 0.8627554774284363 0
1633606796858 0.7866858243942261 0
1633606859879 0.7558565139770508 0
1633606922898 0.5276876538991928 0
1633606985919 0.6556843221187592 0
1633607048936 1.6088712811470032 0
1633607112885 0.8115327209234238 0
1633607175901 0.7466595470905304 0
1633607238922 0.622201532125473 0
1633607301940 1.07222580909729 0
1633607364965 1.3919487297534943 0
1633607427986 0.7772384881973267 0
1633607490998 1.215745449066162 0
1633607554017 0.8015822768211365 0
1633607617037 0.7972467243671417 0
1633607680051 0.9628466665744781 0
1633607744098 0.7476552724838257 0
1633607807116 0.7571489065885544 0
1633607870128 0.651536762714386 0
1633607933148 0.4790298640727997 0
1633607996177 0.49102166295051575 0
1633608059200 0.548645481467247 0
1633608122218 0.5606662631034851 0
1633608185231 0.6395019739866257 0
1633608248249 0.6284748911857605 0
1633608311262 1.0488202571868896 0
1633608375201 0.8719004690647125 0
1633608438224 0.7554628103971481 0
1633608501242 1.1344364285469055 0
1633608564265 0.39101023972034454 0
1633608627287 0.6259542405605316 0
1633608690308 1.516110122203827 0
1633608753333 0.823901891708374 0
1633608816353 0.8386746644973755 0
1633608879375 0.5981267094612122 0
1633608942391 0.6603342890739441 0
1633609006356 0.7467132806777954 0
1633609069381 1.1439300626516342 0
1633609132395 1.197863757610321 0
1633609195416 0.8026972115039825 0
1633609258437 1.1043815612792969 0
1633609321462 0.7535327076911926 0
1633609384485 0.8096096515655518 0
1633609447510 0.6819635033607483 0
1633609510527 0.9253934398293495 0
1633609573544 0.7892919778823853 0
1633609637499 0.4060368612408638 0
1633609700520 0.8949797749519348 0
1633609763533 0.7579199373722076 0
1633609826551 0.48356254398822784 0
1633609889567 0.6565128639340401 0
1633609952583 0.889960765838623 0
1633610015602 0.6239430010318756 0
1633610078622 1.0035783350467682 0
1633610141641 1.1557530164718628 0
1633610204660 1.4086905121803284 0
1633610268604 1.0464727878570557 0
1633610331629 0.7222200334072113 0
1633610394643 0.46916522085666656 0
1633610457666 0.8742832988500595 0
1633610520687 0.5369082540273666 0
1633610583705 0.9107067883014679 0
1633610646723 0.4464115500450134 0
1633610709742 0.8620246350765228 0
1633610772755 0.41443757712841034 0
1633610835778 0.8869940638542175 0
1633610899723 0.8197301626205444 0
1633610962742 0.6489140093326569 0
1633611025766 0.6987431645393372 0
1633611088845 0.5057041049003601 0
1633611151857 0.8557462394237518 0
1633611214875 0.8319931030273438 0
1633611277894 0.7587732672691345 0
1633611340914 0.7043291181325912 0
1633611403931 0.6930278390645981 0
1633611466945 0.5836476981639862 0
1633611530891 0.6377858221530914 0
1633611593907 0.6398065090179443 0
1633611656925 0.7075724005699158 0
1633611719940 0.5236212760210037 0
1633611782954 1.0495656728744507 0
1633611845970 0.3394431695342064 0
1633611908989 0.799138993024826 0
1633611972005 0.5977112576365471 0
1633612035021 0.8483833819627762 0
1633612098039 0.689067006111145 0
1633612161977 1.0279706120491028 0
1633612224993 0.5910241603851318 0
1633612288003 0.9646241366863251 0
1633612351020 0.9302381873130798 0
1633612414039 1.1312052011489868 0
1633612477047 0.33169369399547577 0
1633612540065 0.9921544045209885 0
1633612603080 0.5145205855369568 0
1633612666093 0.36398014426231384 0
1633612729108 0.6389401406049728 0
1633612793055 0.44930794835090637 0
1633612856074 0.5757185816764832 0
1633612919093 0.4419972449541092 0
1633612982109 0.5583460032939911 0
1633613045121 0.9025471210479736 0
1633613108139 0.5318983197212219 0
1633613171157 0.7695269882678986 0
1633613234175 0.6560207009315491 0
1633613297191 0.9335444569587708 0
1633613360210 1.0618513226509094 0
1633613424157 0.6736305952072144 0
1633613487175 0.8352362811565399 0
1633613550190 0.732856810092926 0
1633613613210 0.6690328270196915 0
1633613676225 1.0450310111045837 0
1633613739247 0.9165031909942627 0
1633613802271 0.6553811728954315 0
1633613865284 0.8483046889305115 0
1633613928293 0.8173325061798096 0
1633613991308 0.6759654581546783 0
1633614055247 0.7487262338399887 0
1633614118273 1.1491790413856506 0
1633614181289 0.6264506876468658 0
1633614244305 0.8388612270355225 0
1633614307323 0.6347837373614311 0
1633614370345 0.8055469840764999 0
1633614433368 0.598324716091156 0
1633614496387 0.6135021597146988 0
1633614559404 0.5146702826023102 0
1633614622426 0.7480438053607941 0
1633614686371 0.7605648189783096 0
1633614749398 0.7170549035072327 0
1633614812422 0.9225293397903442 0
1633614875449 0.4781107325106859 0
1633614938479 0.559862956404686 0
1633615001501 0.4250873327255249 0
1633615064531 0.9099078178405762 0
1633615127552 0.9491193145513535 0
1633615190575 0.638942763209343 0
1633615253602 1.2006033658981323 0
1633615317727 0.7404307723045349 0
1633615380750 0.741531990468502 0
1633615443769 0.7130236029624939 0
1633615506791 0.5999124944210052 0
1633615569809 1.0459086894989014 0
1633615632825 0.582958459854126 0
1633615695846 0.6799499541521072 0
1633615758863 0.601691722869873 0
1633615821885 0.712806299328804 0
1633615884904 0.7167695462703705 0
1633615948854 0.5205634236335754 0
1633616011875 0.8626809418201447 0
1633616074887 0.48287980258464813 0
1633616137914 0.8628698289394379 0
1633616200935 1.007420301437378 0
1633616263954 1.097439169883728 0
1633616326978 0.8096703886985779 0
1633616390000 1.2034655213356018 0
1633616453019 0.9055519104003906 0
1633616516042 1.0429699420928955 0
1633616579993 0.5375822484493256 0
1633616643017 0.1965673863887787 0
1633616706046 1.098429024219513 0
1633616769073 1.469138741493225 0
1633616832095 0.6577548682689667 0
1633616895112 0.41068287193775177 0
1633616958129 0.990630716085434 0
1633617021152 0.7402344644069672 0
1633617084164 0.6687313616275787 0
1633617147193 0.8015739321708679 0
1633617211146 0.4286329299211502 0
1633617274172 0.7745158970355988 0
1633617337192 0.8037523031234741 0
1633617400218 0.6569424420595169 0
1633617463237 0.7098271995782852 0
1633617526263 0.7306013703346252 0
1633617589286 0.623196542263031 0
1633617652303 0.6476759016513824 0
1633617715331 0.6882476508617401 0
1633617778348 0.7564524710178375 0
1633617842292 0.5008629709482193 0
1633617905313 0.6363457292318344 0
1633617968335 0.6093230843544006 0
1633618031349 0.7798202037811279 0
1633618094367 0.6061138063669205 0
1633618157381 0.5928027927875519 0
1633618220399 0.9297623634338379 0
1633618283414 0.604994535446167 0
1633618346430 0.8339084386825562 0
1633618409446 0.568342387676239 0
1633618473389 0.8046112358570099 0
1633618536411 0.7527548670768738 0
1633618599431 0.43568670749664307 0
1633618662445 0.6969448328018188 0
1633618725463 0.8861266374588013 0
1633618788481 1.3033011555671692 0
1633618851497 1.0796276926994324 0
1633618914512 1.4744849801063538 0
1633618977528 0.9968973398208618 0
1633619040543 0.9369502663612366 0
1633619104481 0.9112984538078308 0
1633619167498 0.9854556620121002 0
1633619230511 0.6858930438756943 0
1633619293534 0.6699451506137848 0
1633619356555 0.742062509059906 0
1633619419577 0.637579619884491 0
1633619482597 0.8351983726024628 0
1633619545618 1.0110220313072205 0
1633619608643 0.9457555413246155 0
1633619671664 0.32573671638965607 0
1633619735596 0.6523170322179794 0
1633619798624 0.7232102006673813 0
1633619861640 1.1270323395729065 0
1633619924663 1.0720276236534119 0
1633619987684 0.5342814773321152 0
1633620050705 0.7403486371040344 0
1633620113730 0.8550306558609009 0
1633620176906 0.5225507616996765 0
1633620239926 0.845381110906601 0
1633620302953 0.9933176934719086 0
1633620366899 0.6537077575922012 0
1633620429918 0.7480044960975647 0
1633620492936 1.091417908668518 0
1633620555949 0.8951926529407501 0
1633620618967 1.0970890522003174 0
1633620681990 0.6208902895450592 0
1633620745002 0.6871376931667328 0
1633620808019 0.9424120783805847 0
1633620871036 0.8591555655002594 0
1633620934055 0.47072070837020874 0
1633620997978 0.7718236446380615 0
1633621060991 0.8519599139690399 0
1633621124000 0.7169890403747559 0
1633621187012 0.7225642204284668 0
1633621250027 0.8723402917385101 0
1633621313038 0.9957301914691925 0
1633621376057 0.7828153967857361 0
1633621439075 1.1778813004493713 0
1633621502087 0.4394538104534149 0
1633621565099 0.5385859906673431 0
1633621629049 0.8807210326194763 0
1633621692070 0.47586438059806824 0
1633621755093 1.1773402690887451 0
1633621818115 0.8375220745801926 0
1633621881138 0.7007660120725632 0
1633621944165 0.8027358055114746 0
1633622007187 0.8090054392814636 0
1633622070212 0.9204641580581665 0
1633622133237 0.47646382451057434 0
1633622196250 0.607190728187561 0
1633622260194 0.8058551847934723 0
1633622323219 0.6776677668094635 0
1633622386240 0.67048579454422 0
1633622449262 0.5887416005134583 0
1633622512290 0.3907969295978546 0
1633622575309 0.35422028601169586 0
1633622638324 1.0719589591026306 0
1633622701346 0.6390310227870941 0
1633622764368 0.4478178024291992 0
1633622827391 0.7912908494472504 0
1633622891345 0.5392232239246368 0
1633622954367 0.8363347351551056 0
1633623017382 0.9683787822723389 0
1633623080398 0.7305345237255096 0
1633623143419 0.8518462181091309 0
1633623206429 0.5590320229530334 0
1633623269449 0.8472557067871094 0
1633623332475 0.5674210488796234 0
1633623395495 0.6656473278999329 0
1633623458520 0.945372998714447 0
1633623522451 1.0878008306026459 0
1633623585474 0.7168926000595093 0
1633623648492 0.8252387940883636 0
1633623711513 0.9359155297279358 0
1633623774532 0.5929251611232758 0
1633623837551 0.43532364070415497 0
1633623900576 0.5831940174102783 0
1633623963601 0.9299883246421814 0
1633624026627 0.7244924902915955 0
1633624089638 0.5432960391044617 0
1633624153580 0.6956640779972076 0
1633624216601 0.7184540927410126 0
1633624279625 0.5473519861698151 0
1633624342640 0.7836343944072723 0
1633624405663 0.6625447869300842 0
1633624468684 0.865711510181427 0
1633624531711 0.5726677775382996 0
1633624594731 0.8676039278507233 0
1633624657740 1.1502059996128082 0
1633624720766 0.9708885550498962 0
1633624784708 0.6230726540088654 0
1633624847732 0.8380370736122131 0
1633624910754 0.6241969466209412 0
1633624973777 0.881146252155304 0
1633625036796 0.702381432056427 0
1633625099824 1.1374770402908325 0
1633625162847 1.0049435198307037 0
1633625225873 0.7172202169895172 0
1633625288899 0.6308485567569733 0
1633625351912 0.6197958290576935 0
1633625415865 0.8068189918994904 0
1633625479047 0.6169280409812927 0
1633625542077 0.37734051048755646 0
1633625605098 0.6510939002037048 0
1633625668110 0.7338315844535828 0
1633625731130 0.7389791458845139 0
1633625794145 0.35505928099155426 0
1633625857167 0.6345551609992981 0
1633625920193 1.1003064513206482 0
1633625983208 0.6351110339164734 0
1633626047155 0.8113488852977753 0
1633626110174 0.58784618973732 0
1633626173191 0.4985824227333069 0
1633626236205 0.748218446969986 0
1633626299225 0.6475065052509308 0
1633626362235 0.677776038646698 0
1633626425248 0.6289222240447998 0
1633626488269 0.804367184638977 0
1633626551286 1.219638168811798 0
1633626614302 0.8780646920204163 0
1633626678253 0.9333546161651611 0
1633626741276 0.8204735517501831 0
1633626804298 0.6790919303894043 0
1633626867313 0.7019240260124207 0
1633626930329 0.7627724558115005 0
1633626993347 0.7668395042419434 0
1633627056354 0.6044637262821198 0
1633627119365 0.39257800579071045 0
1633627182376 0.5649239420890808 0
1633627245389 0.6028996258974075 0
1633627309332 0.9367456436157227 0
1633627372343 0.7350879311561584 0
1633627435354 0.8376190662384033 0
1633627498370 0.7199321091175079 0
1633627561385 0.8992241621017456 0
1633627624394 0.8430549204349518 0
1633627687413 0.9012215733528137 0
1633627750432 0.5468097180128098 0
1633627813447 0.6654050648212433 0
1633627876473 0.6303591132164001 0
1633627940415 0.539099708199501 0
1633628003434 0.6336586177349091 0
1633628066443 0.7258819937705994 0
1633628129462 0.5695877224206924 0
1633628192478 0.5185291320085526 0
1633628255492 0.5647631287574768 0
1633628318501 0.49362796545028687 0
1633628381512 0.9162747263908386 0
1633628444521 0.9205243289470673 0
1633628507529 1.0724010169506073 0
1633628571469 0.7609213590621948 0
1633628634480 0.6156303584575653 0
1633628697489 0.34888479113578796 0
1633628760497 0.4503064304590225 0
1633628823506 0.704366147518158 0
1633628886513 0.5980270504951477 0
1633628949527 0.8367881178855896 0
1633629012538 0.47762733697891235 0
1633629075548 0.5480572283267975 0
1633629138550 0.7915923893451691 0
1633629202482 0.826653242111206 0
1633629265491 0.7924292460083961 0
1633629328507 0.8718910217285156 0
1633629391516 1.0296703279018402 0
1633629454527 0.6344121098518372 0
1633629517531 0.7761741876602173 0
1633629580542 0.6359272003173828 0
1633629643548 0.5691327452659607 0
1633629706559 1.097186267375946 0
1633629769567 0.6329472810029984 0
1633629833502 0.6113523840904236 0
1633629896513 0.5028162896633148 0
1633629959524 0.5723389983177185 0
1633630022535 0.888402909040451 0
1633630085544 0.613560140132904 0
1633630148557 0.6842871606349945 0
1633630211568 0.4409708082675934 0
1633630274573 0.5913529694080353 0
1633630337585 0.5076248049736023 0
1633630400602 0.7292748391628265 0
1633630464539 0.5387249141931534 0
1633630527550 0.5743122398853302 0
1633630590560 0.7358501255512238 0
1633630653559 0.5725706070661545 0
1633630716568 0.5006539672613144 0
1633630779575 0.6741767525672913 0
1633630842582 0.6022543162107468 0
1633630905593 0.5912156999111176 0
1633630968605 0.9318552911281586 0
1633631031619 0.734419971704483 0
1633631095550 0.6372532546520233 0
1633631158563 0.8639563322067261 0
1633631221575 0.7582941949367523 0
1633631284584 0.7187365293502808 0
1633631347594 0.6397092938423157 0
1633631410603 0.559742659330368 0
1633631473613 0.7346993386745453 0
1633631536627 0.7624465525150299 0
1633631599636 0.5609964430332184 0
1633631662641 0.5552333742380142 0
1633631726582 0.7679425477981567 0
1633631789598 0.6567679643630981 0
1633631852608 0.64615198969841 0
1633631915622 0.4898383170366287 0
1633631978633 0.7060453295707703 0
1633632041644 0.8046264350414276 0
1633632104860 0.6145800352096558 0
1633632167874 0.5794616043567657 0
1633632230888 0.6997536718845367 0
1633632293908 0.6624969840049744 0
1633632357848 0.7418228983879089 0
1633632420873 0.38305360078811646 0
1633632483888 0.5636752545833588 0
1633632546896 0.8644915819168091 0
1633632609908 0.9247887134552002 0
1633632672922 0.7084784209728241 0
1633632735933 0.79655322432518 0
1633632798945 0.6687521040439606 0
1633632861957 0.8113036155700684 0
1633632924971 0.7926693856716156 0
1633632988923 0.39854495227336884 0
1633633051932 0.5820196866989136 0
1633633114950 0.5336471498012543 0
1633633177960 0.6673939526081085 0
1633633240973 0.7058001756668091 0
1633633303988 0.5824612975120544 0
1633633367002 0.7953142821788788 0
1633633430019 0.692007839679718 0
1633633493113 0.6833602488040924 0
1633633556129 0.7874172031879425 0
1633633620077 0.5152749419212341 0
1633633683097 0.6039535701274872 0
1633633746123 0.7324934005737305 0
1633633809140 0.5636260509490967 0
1633633872156 0.5157887935638428 0
1633633935172 0.49930861592292786 0
1633633998187 0.5665822923183441 0
1633634061203 0.6872517764568329 0
1633634124226 0.5158868730068207 0
1633634187239 1.020066350698471 0
1633634251184 0.5411761999130249 0
1633634314211 0.5563926696777344 0
1633634377228 0.6991376578807831 0
1633634440252 0.5522638261318207 0
1633634503268 0.5738009810447693 0
1633634566285 0.7573603987693787 0
1633634629307 0.9864896237850189 0
1633634692331 0.7215443253517151 0
1633634755350 0.5858232378959656 0
1633634818368 0.679233193397522 0
1633634882309 0.5703008770942688 0
1633634945329 0.619461715221405 0
1633635008344 0.8031418323516846 0
1633635071355 0.5773890614509583 0
1633635134367 0.7097300291061401 0
1633635197379 0.4840599298477173 0
1633635260390 0.9030072689056396 0
1633635323404 0.5934160053730011 0
1633635386417 0.9628227353096008 0
1633635449433 0.7943997383117676 0
1633635513375 0.6292027831077576 0
1633635576386 0.583175539970398 0
1633635639404 0.5005736947059631 0
1633635702417 0.6347692012786865 0
1633635765429 0.4829454571008682 0
1633635828447 0.5850690305233002 0
1633635891461 0.9075365960597992 0
1633635954475 0.6709833741188049 0
1633636017496 0.5611786246299744 0
1633636080515 0.836794525384903 0
1633636144458 0.6433772444725037 0
1633636207470 0.5875178575515747 0
1633636270490 0.7071346342563629 0
1633636333509 0.6879138648509979 0
1633636396524 0.4824152886867523 0
1633636459536 0.6870999932289124 0
1633636522560 0.7071723937988281 0
1633636585582 0.5745941996574402 0
1633636648603 0.5671672224998474 0
1633636711622 0.7026207745075226 0
1633636775566 0.6128116250038147 0
1633636838582 0.6896733641624451 0
1633636901602 0.9281242489814758 0
1633636964619 0.8296201229095459 0
1633637027641 0.5369433760643005 0
1633637090656 0.5676227360963821 0
1633637153679 0.8798079490661621 0
1633637216695 0.6339882910251617 0
1633637279715 0.8960551619529724 0
1633637342741 0.827065497636795 0
1633637406678 0.5477460622787476 0
1633637469697 0.6289392709732056 0
1633637532714 0.469598650932312 0
1633637595729 0.5469838380813599 0
1633637658747 0.6893525421619415 0
1633637721766 0.5213800370693207 0
1633637784783 0.6108792722225189 0
1633637847795 0.6405115127563477 0
1633637910802 0.7010422348976135 0
1633637973816 0.5138843655586243 0
1633638037759 0.4629860669374466 0
1633638100777 0.7986161112785339 0
1633638163789 0.6099532842636108 0
1633638226796 0.6230996400117874 0
1633638289812 0.6651645302772522 0
1633638352869 0.6805351972579956 0
1633638415881 0.6718759834766388 0
1633638478892 0.5660972893238068 0
1633638541902 0.6109880805015564 0
1633638604911 0.573786586523056 0
1633638668853 0.7591696083545685 0
1633638731862 0.7251033186912537 0
1633638794875 0.5867672562599182 0
1633638857889 0.6893335282802582 0
1633638920906 0.6752117425203323 0
1633638983919 0.7024012207984924 0
1633639046930 0.6409260630607605 0
1633639109943 0.5215455293655396 0
1633639172958 0.5248642563819885 0
1633639235969 0.5941864848136902 0
1633639299911 0.6009719371795654 0
1633639363192 0.7047389149665833 0
1633639426205 0.457412987947464 0
1633639489216 0.510359063744545 0
1633639552229 0.5096687376499176 0
1633639615235 0.6239504218101501 0
1633639678242 0.6574894189834595 0
1633639741248 0.6094122529029846 0
1633639804258 0.6059099435806274 0
1633639867268 0.671949952840805 0
1633639931199 0.5239050835371017 0
1633639994213 0.7781274318695068 0
1633640057227 0.5390573143959045 0
1633640120239 0.5967216491699219 0
1633640183254 0.6771659553050995 0
1633640246276 0.6251944005489349 0
1633640309291 0.622069239616394 0
1633640372307 0.6877143979072571 0
1633640435323 0.6495773196220398 0
1633640498334 0.4711621254682541 0
1633640562275 0.564200758934021 0
1633640625283 0.8347440361976624 0
1633640688295 0.6037046313285828 0
1633640751317 0.6820016801357269 0
1633640814339 0.6699206531047821 0
1633640877355 0.7099412977695465 0
1633640940351 0.6821646094322205 0
1633641003298 0.5785161256790161 0
1633641066239 0.7226597666740417 0
1633641129176 0.3650865703821182 0
1633641193044 0.7374182939529419 0
1633641255976 0.6026924103498459 0
1633641318918 0.5436366051435471 0
1633641381846 0.5827656984329224 0
1633641444778 0.7213307917118073 0
1633641507713 0.6985836923122406 0
1633641570644 0.6612851023674011 0
1633641633580 0.5853125303983688 0
1633641696518 0.5762370526790619 0
1633641759449 0.640338659286499 0
1633641823308 0.8333249092102051 0
1633641886244 0.613623321056366 0
1633641949186 0.6209507584571838 0
1633642012124 0.6151511371135712 0
1633642075058 0.5521570444107056 0
1633642137995 0.5263336151838303 0
1633642200934 0.6288482844829559 0
1633642263872 0.6469937860965729 0
1633642326809 0.6590533554553986 0
1633642389744 0.5185853838920593 0
1633642453606 0.8948427438735962 0
1633642516542 0.7279765009880066 0
1633642579479 0.5953104794025421 0
1633642642413 0.5235424190759659 0
1633642705351 0.6814446747303009 0
1633642768291 0.5947268307209015 0
1633642831225 0.5445288121700287 0
1633642894155 0.6613004803657532 0
1633642957087 0.6108735203742981 0
1633643020018 0.5190767645835876 0
1633643083873 0.6130353659391403 0
1633643146807 0.5662334859371185 0
1633643209737 0.5822328329086304 0
1633643272671 0.717809647321701 0
1633643335608 0.6480687260627747 0
1633643398541 0.493818998336792 0
1633643461476 0.8890320658683777 0
1633643524402 0.7199227809906006 0
1633643587335 0.4609329253435135 0
1633643650269 0.7740910351276398 0
1633643714133 0.9054025411605835 0
1633643777068 0.7523171007633209 0
1633643840000 0.6892959773540497 0
1633643902932 0.7038126289844513 0
1633643965861 0.5777336359024048 0
1633644028800 0.7331467866897583 0
1633644091733 0.6318924427032471 0
1633644154666 0.5905519127845764 0
1633644217603 0.47060102224349976 0
1633644280538 0.6358881592750549 0
1633644344399 0.5081137716770172 0
1633644407344 0.6338615864515305 0
1633644470276 0.603383868932724 0
1633644533209 0.5978439450263977 0
1633644596147 0.6818554103374481 0
1633644659079 0.4752214252948761 0
1633644722021 0.7631475329399109 0
1633644784955 0.6047879755496979 0
1633644847883 0.6805644333362579 0
1633644910815 0.5704056322574615 0
1633644974664 0.5704072117805481 0
1633645037602 0.4877387285232544 0
1633645100534 0.6082682013511658 0
1633645163470 0.5940833389759064 0
1633645226400 0.46045395731925964 0
1633645289336 0.6552319526672363 0
1633645352269 0.7918301522731781 0
1633645415200 0.5847180187702179 0
1633645478132 0.7736607789993286 0
1633645541067 0.6765141189098358 0
1633645604920 0.5628373026847839 0
1633645667867 0.49828892946243286 0
1633645730819 0.5662960112094879 0
1633645793763 0.5555393695831299 0
1633645856693 0.6387467384338379 0
1633645919622 0.7187511622905731 0
1633645982555 0.6258501708507538 0
1633646045481 0.5190281271934509 0
1633646108412 0.7410761117935181 0
1633646171345 0.728493332862854 0
1633646235198 0.679723858833313 0
1633646298127 0.5760880708694458 0
1633646361063 0.7225024104118347 0
1633646423987 0.7347750067710876 0
1633646486918 0.6832232475280762 0
1633646549852 0.6541426479816437 0
1633646612782 0.7628925442695618 0
1633646675718 0.6629046201705933 0
1633646738653 0.6418178081512451 0
1633646801596 0.5154165178537369 0
1633646865456 0.7851133048534393 0
1633646928394 0.7085055410861969 0
1633646991328 0.4596799314022064 0
1633647054259 0.5515123605728149 0
1633647117186 0.6708177924156189 0
1633647180119 0.5669420957565308 0
1633647243048 0.6501277685165405 0
1633647305980 0.5488011240959167 0
1633647368921 0.6593550741672516 0
1633647431851 0.6369911134243011 0
1633647495710 0.5069001317024231 0
1633647558640 0.6083533465862274 0
1633647621568 0.5824096500873566 0
1633647684494 0.6552607417106628 0
1633647747422 0.6495846509933472 0
1633647810355 0.5736932456493378 0
1633647873282 0.5757057368755341 0
1633647936209 0.6179962754249573 0
1633647999138 0.6203868091106415 0
1633648062066 0.7681256830692291 0
1633648126320 0.5557147860527039 0
1633648189251 0.7119969725608826 0
1633648252179 0.7360708117485046 0
1633648315109 0.7816053032875061 0
1633648378034 0.6846228539943695 0
1633648440961 0.6280624568462372 0
1633648503893 0.5381276905536652 0
1633648566821 0.7165238857269287 0
1633648629744 0.615965336561203 0
1633648692672 0.6262761354446411 0
1633648756518 0.6841740012168884 0
1633648819454 0.6827832460403442 0
1633648882379 0.6301963925361633 0
1633648945309 0.5035602748394012 0
1633649008236 0.624507874250412 0
1633649071164 0.5601911246776581 0
1633649134101 0.5760538876056671 0
1633649197037 0.5097379088401794 0
1633649259973 0.4403078258037567 0
1633649322905 0.5915603637695312 0
1633649386764 0.5166333317756653 0
1633649449700 0.4764883816242218 0
1633649512631 0.640027642250061 0
1633649575565 0.7218612432479858 0
1633649638500 0.751438170671463 0
1633649701434 0.6163542568683624 0
1633649764363 0.5461527705192566 0
1633649827295 0.6373811066150665 0
1633649890229 0.5905268788337708 0
1633649953158 0.6714253127574921 0
1633650017015 0.5739700794219971 0
1633650079947 0.6630547642707825 0
1633650142875 0.5348409712314606 0
1633650205809 0.6185947954654694 0
1633650268734 0.5952641665935516 0
1633650331661 0.627093106508255 0
1633650394588 0.6473878026008606 0
1633650457505 0.5544583350419998 0
1633650520450 0.6425903141498566 0
1633650583382 0.6824735105037689 0
1633650647245 0.5401580929756165 0
1633650710189 0.5022503435611725 0
1633650773122 0.6362533867359161 0
1633650836052 0.6163862347602844 0
1633650898988 0.6284859776496887 0
1633650961920 0.4936710447072983 0
1633651024849 0.6620127856731415 0
1633651087777 0.6558702290058136 0
1633651150710 0.5824844837188721 0
1633651213643 0.6653790771961212 0
1633651277494 0.5535507947206497 0
1633651340428 0.5817461311817169 0
1633651403358 0.5468456745147705 0
1633651466291 0.6304118037223816 0
1633651529217 0.631202757358551 0
1633651592144 0.5881921947002411 0
1633651655071 0.599454939365387 0
1633651717998 0.6199529767036438 0
1633651780926 0.6022772192955017 0
1633651843848 0.5817118883132935 0
1633651907694 0.6167359501123428 0
1633651970622 0.6641317009925842 0
1633652033550 0.663467139005661 0
1633652096484 0.5907600969076157 0
1633652159411 0.6929882764816284 0
1633652222340 0.5774238109588623 0
1633652285271 0.620622843503952 0
1633652348204 0.5904664099216461 0
1633652411136 0.5448173880577087 0
1633652474065 0.6633923947811127 0
1633652537923 0.5738047063350677 0
1633652600856 0.610102117061615 0
1633652663783 0.6379083395004272 0
1633652726721 0.6669557094573975 0
1633652789651 0.5665880739688873 0
1633652852579 0.5733565241098404 0
1633652915511 0.5995684266090393 0
1633652978441 0.6507217288017273 0
1633653041369 0.5933928191661835 0
1633653104307 0.5578554272651672 0
1633653168163 0.6042566299438477 0
1633653231096 0.5989029705524445 0
1633653294021 0.5606666803359985 0
1633653356953 0.5686717927455902 0
1633653419887 0.6387500762939453 0
1633653482819 0.6565126776695251 0
1633653545750 0.631576418876648 0
1633653608687 0.5835870504379272 0
1633653671622 0.5590702295303345 0
1633653734558 0.6285340785980225 0
1633653798416 0.7049171328544617 0
1633653861355 0.6751559674739838 0
1633653924291 0.6227490305900574 0
1633653987232 0.6349689066410065 0
1633654050169 0.5900053977966309 0
1633654113104 0.6263407170772552 0
1633654176043 0.6213040351867676 0
1633654238981 0.6255414485931396 0
1633654301914 0.5867882966995239 0
