1634271054978 0.8770172595977783 0
1634271060055 0.6258297562599182 0
1634271064214 0.36954402923583984 0
1634271068423 0.4507312774658203 0
1634271072557 0.4373777508735657 0
1634271076727 0.23646879196166992 0
1634271080883 0.5423759818077087 0
1634271085072 0.3257274329662323 0
1634271089155 0.307575523853302 0
1634271093324 0.48086628317832947 0
1634271097572 0.2214672565460205 0
1634271101741 0.3453604578971863 0
1634271105891 0.4863472878932953 0
1634271110011 0.2688438594341278 0
1634271114130 0.23134535551071167 0
1634271118259 0.18537966907024384 0
1634271122373 0.3812328279018402 0
1634271126556 0.17242345213890076 0
1634271130723 0.22348174452781677 0
1634271134955 0.209114670753479 0
1634271139161 0.3297768235206604 0
1634271144342 0.18881988525390625 0
1634271148503 0.23640088737010956 0
1634271152698 0.3417375087738037 0
1634271156811 0.26998281478881836 0
1634271160547 0.12212779372930527 0
1634271164753 0.4236162304878235 0
1634271168881 0.26777637004852295 0
1634271172994 0.2577568292617798 0
1634271177168 0.18713323771953583 0
