1644333382755 0 0
1644333629206 1 0
1644333873248 2 0
1644334118592 3 0
1644334362082 4 0
1644334697659 5 0
1644335508478 6 0
1644336429300 7 0
1644337399935 8 0
1644338503904 9 0
1644339654686 10 0
1644340674569 11 0
1644341810889 12 0
1644342967046 13 0
1644344256261 14 0
1644346168962 15 0
1644349003051 16 0
1644351181085 17 0
1644352927331 18 0
1644354705795 19 0
1644356486473 20 0
1644358278883 21 0
1644360055672 22 0
1644361256030 23 0
1644362445417 24 0
1644363630658 25 0
1644364817504 26 0
1644365927441 27 0
1644366639034 28 0
1644366891882 29 0
