1644333382782 0.37504479154405834 0
1644333629211 0.5380235612392427 0
1644333873253 0.5936681319432087 0
1644334118596 0.6205761396741294 0
1644334362086 0.6397369572197097 0
1644334697664 0.6570933658674537 0
1644335508483 0.675903559090143 0
1644336429304 0.6874362646815291 0
1644337399964 0.6957591969564739 0
1644338503953 0.7078387094549388 0
1644339654722 0.7211810885423633 0
1644340674645 0.734695540494229 0
1644341810945 0.7380531742630232 0
1644342967087 0.7477262871093063 0
1644344256361 0.7566933394914648 0
1644346168970 0.7620237681520992 0
1644349003161 0.7681895282613228 0
1644351181463 0.776142028799976 0
1644352927620 0.7809053896421412 0
1644354705857 0.7825653782810073 0
1644356486556 0.7876248133469776 0
1644358279120 0.7960490828537078 0
1644360055791 0.7993518124861894 0
1644361256066 0.8023951358823891 0
1644362445739 0.8056802063821309 0
1644363630701 0.8073556448321751 0
1644364817555 0.8119137753923258 0
1644365927464 0.8114860589245716 0
1644366639054 0.8161267070885163 0
1644366891887 0.8204532466739057 0
