1644333382784 0.7310868056423695 0
1644333629213 0.5381370484828948 0
1644333873255 0.44191889051931454 0
1644334118598 0.3984603131391914 0
1644334362088 0.3728335539260543 0
1644334697666 0.3513807923678894 0
1644335508486 0.3301255972270505 0
1644336429306 0.3175806367253684 0
1644337399966 0.3084807123046323 0
1644338503955 0.2956579686647438 0
1644339654725 0.2817086519965207 0
1644340674648 0.267775053360376 0
1644341810947 0.26406106209180435 0
1644342967089 0.2541337871407889 0
1644344256363 0.24494850420090095 0
1644346168972 0.23946051784308559 0
1644349003164 0.2331406671598733 0
1644351181466 0.2250771418393377 0
1644352927622 0.22018928520650743 0
1644354705859 0.21845771462084304 0
1644356486559 0.21330674656902449 0
1644358279175 0.20480962618287782 0
1644360055794 0.20146404942834234 0
1644361256076 0.19836971091936867 0
1644362445750 0.19503440734851793 0
1644363630712 0.19333013748548128 0
1644364817568 0.18872920863599665 0
1644365927475 0.18911619861441922 0
1644366639056 0.18444009681782092 0
1644366891890 0.18009605896042058 0
