1644333382787 0.7805881040642059 0
1644333629216 0.9060889726661777 0
1644333873257 0.9290083894528536 0
1644334118599 0.9366933096604179 0
1644334362090 0.9414643117462294 0
1644334697668 0.945410054132163 0
1644335508488 0.9493018819625121 0
1644336429308 0.9517363159053297 0
1644337399968 0.9535270789301538 0
1644338503957 0.9555283644831327 0
1644339654727 0.9576818131538758 0
1644340674650 0.9598295688629149 0
1644341810949 0.960400871124612 0
1644342967093 0.961899386831077 0
1644344256367 0.9632817944848399 0
1644346168975 0.9641014244183 0
1644349003166 0.9649901451116584 0
1644351181472 0.9662024195653848 0
1644352927624 0.9669018043092937 0
1644354705861 0.967162195817534 0
1644356486562 0.9678951631109396 0
1644358279189 0.9691407156277854 0
1644360055828 0.9696642760052738 0
1644361256081 0.9701097510665297 0
1644362445771 0.9706058936664858 0
1644363630724 0.9708471459796629 0
1644364817597 0.971505455942039 0
1644365927486 0.9714689735906675 0
1644366639058 0.9721352407731202 0
1644366891891 0.9727598295872474 0
