1642668029531 0 0
1642668037812 0 0
1642668044905 0 0
1642668051942 0 0
1642668058984 0 0
1642668066228 0 0
1642668073488 0 0
1642668080786 0 0
1642668088084 0 0
1642668095544 0 0
1642668102660 0 0
1642668109778 0 0
1642668116859 0 0
1642668123949 0 0
1642668131033 0 0
1642668138184 0 0
1642668145499 0 0
1642668152827 0 0
1642668160161 0 0
1642668167394 0 0
1642668174730 0 0
1642668183285 0 0
1642668190580 0 0
1642668198040 0 0
1642668205407 0 0
1642668212733 0 0
1642668219982 0 0
1642668227346 0 0
1642668234677 0 0
1642668241969 0 0
1642668249233 0 0
1642668256487 0 0
1642668263814 0 0
1642668271184 0 0
1642668278427 0 0
1642668285603 0 0
1642668292894 0 0
1642668300226 0 0
1642668307581 0 0
1642668314877 0 0
1642668322149 0 0
1642668330707 0 0
1642668337972 0 0
1642668345237 0 0
1642668352461 0 0
1642668359708 0 0
1642668366938 0 0
1642668374100 0 0
1642668381315 0 0
1642668388508 0 0
1642668395587 0 0
1642668402976 0 0
1642668410307 0 0
1642668417632 0 0
1642668424964 0 0
1642668432106 0 0
1642668439222 0 0
1642668446412 0 0
1642668453528 0 0
1642668460691 0 0
1642668467828 0 0
1642668476281 0 0
1642668483607 0 0
1642668490696 0 0
1642668497777 0 0
1642668504867 0 0
1642668511915 0 0
1642668518993 0 0
