1642668029529 0 0
1642668037812 1 0
1642668044898 2 0
1642668051939 3 0
1642668058982 4 0
1642668066226 5 0
1642668073486 6 0
1642668080784 7 0
1642668088082 8 0
1642668095541 9 0
1642668102658 10 0
1642668109776 11 0
1642668116857 12 0
1642668123947 13 0
1642668131030 14 0
1642668138184 15 0
1642668145499 16 0
1642668152827 17 0
1642668160159 18 0
1642668167391 19 0
1642668174728 20 0
1642668183285 21 0
1642668190565 22 0
1642668198036 23 0
1642668205404 24 0
1642668212733 25 0
1642668219982 26 0
1642668227343 27 0
1642668234675 28 0
1642668241967 29 0
1642668249231 30 0
1642668256487 31 0
1642668263811 32 0
1642668271181 33 0
1642668278424 34 0
1642668285600 35 0
1642668292894 36 0
1642668300221 37 0
1642668307581 38 0
1642668314874 39 0
1642668322147 40 0
1642668330705 41 0
1642668337969 42 0
1642668345221 43 0
1642668352459 44 0
1642668359700 45 0
1642668366935 46 0
1642668374100 47 0
1642668381315 48 0
1642668388491 49 0
1642668395587 50 0
1642668402973 51 0
1642668410304 52 0
1642668417632 53 0
1642668424962 54 0
1642668432104 55 0
1642668439220 56 0
1642668446410 57 0
1642668453525 58 0
1642668460689 59 0
1642668467826 60 0
1642668476279 61 0
1642668483604 62 0
1642668490694 63 0
1642668497774 64 0
1642668504864 65 0
1642668511913 66 0
1642668518990 67 0
