1642668029543 8.709993362426758 0
1642668037828 5.175622940063477 0
1642668044905 4.852102279663086 0
1642668051952 2.5719799995422363 0
1642668058995 2.985412120819092 0
1642668066239 2.0946803092956543 0
1642668073499 2.3041887283325195 0
1642668080797 1.2359758615493774 0
1642668088095 1.2491401433944702 0
1642668095554 1.5950355529785156 0
1642668102671 1.3716909885406494 0
1642668109789 1.4858943223953247 0
1642668116869 1.7334575653076172 0
1642668123960 4.718151092529297 0
1642668131043 2.581321954727173 0
1642668138199 1.7726953029632568 0
1642668145515 2.3287391662597656 0
1642668152854 3.358936309814453 0
1642668160166 2.705181837081909 0
1642668167405 1.5998506546020508 0
1642668174742 2.695430278778076 0
1642668183301 2.189772844314575 0
1642668190591 1.6525894403457642 0
1642668198040 2.224679470062256 0
1642668205418 1.4551689624786377 0
1642668212733 2.348078727722168 0
1642668219999 3.3958170413970947 0
1642668227357 1.9102399349212646 0
1642668234688 3.26584792137146 0
1642668241980 4.75941276550293 0
1642668249246 3.221874713897705 0
1642668256503 0.8618996143341064 0
1642668263825 1.1150513887405396 0
1642668271195 1.3645659685134888 0
1642668278437 1.3527597188949585 0
1642668285613 2.4838716983795166 0
1642668292910 1.595029354095459 0
1642668300237 2.1320011615753174 0
1642668307581 2.1807782649993896 0
1642668314888 3.0441179275512695 0
1642668322160 2.3903040885925293 0
1642668330717 3.1693778038024902 0
1642668337982 2.4077203273773193 0
1642668345237 1.1018006801605225 0
1642668352472 1.7700810432434082 0
1642668359708 2.8436660766601562 0
1642668366948 1.9974642992019653 0
1642668374117 3.3217272758483887 0
1642668381330 1.0742707252502441 0
1642668388518 1.1369682550430298 0
1642668395602 1.7399513721466064 0
1642668402986 4.972602367401123 0
1642668410317 3.544804096221924 0
1642668417640 3.313333749771118 0
1642668424976 1.3782050609588623 0
1642668432116 1.6568489074707031 0
1642668439232 3.4724597930908203 0
1642668446423 1.3236637115478516 0
1642668453538 3.112921714782715 0
1642668460702 1.9566078186035156 0
1642668467839 2.3037290573120117 0
1642668476292 1.1080970764160156 0
1642668483618 1.4874203205108643 0
1642668490706 1.4142693281173706 0
1642668497787 1.2777091264724731 0
1642668504877 1.0099340677261353 0
1642668511926 2.474025249481201 0
1642668519003 2.1913979053497314 0
