1642668029538 1.7999268770217896 0
1642668037828 1.1460551023483276 0
1642668044905 1.5444707181304693 0
1642668051948 0.9983168840408325 0
1642668058990 1.0331728756427765 0
1642668066235 0.6276291906833649 0
1642668073494 0.6759543865919113 0
1642668080793 0.5963923782110214 0
1642668088091 0.2670683264732361 0
1642668095550 0.27893729507923126 0
1642668102667 0.834021806716919 0
1642668109785 0.5543532967567444 0
1642668116866 0.5913032591342926 0
1642668123956 0.28063487261533737 0
1642668131039 0.6021415889263153 0
1642668138199 0.8238326162099838 0
1642668145499 0.5375866740942001 0
1642668152848 0.700242668390274 0
1642668160166 0.5658620595932007 0
1642668167400 0.08872378803789616 0
1642668174739 0.4377867877483368 0
1642668183301 0.43427935242652893 0
1642668190586 0.4051506966352463 0
1642668198040 0.45322372019290924 0
1642668205413 1.2340712547302246 0
1642668212733 1.0665584430098534 0
1642668219999 1.232191041111946 0
1642668227352 1.326953262090683 0
1642668234683 1.1840240061283112 0
1642668241976 1.292144387960434 0
1642668249242 1.302449643611908 0
1642668256487 1.196403980255127 0
1642668263820 1.1655606776475906 0
1642668271191 1.1196867525577545 0
1642668278433 0.3570193350315094 0
1642668285609 0.20142937451601028 0
1642668292910 0.5838343948125839 0
1642668300232 0.27793479338288307 0
1642668307581 0.21484823152422905 0
1642668314883 0.39226916432380676 0
1642668322156 0.3858083635568619 0
1642668330713 0.6252940893173218 0
1642668337978 0.7184367030858994 0
1642668345237 0.5029549449682236 0
1642668352467 0.3837517201900482 0
1642668359708 0.36560212075710297 0
1642668366944 0.3019409701228142 0
1642668374116 0.2578966021537781 0
1642668381330 0.42670631408691406 0
1642668388514 0.4190506190061569 0
1642668395587 0.27776676416397095 0
1642668402982 0.5026330202817917 0
1642668410313 0.32591623812913895 0
1642668417640 0.4175999015569687 0
1642668424972 0.5241732895374298 0
1642668432112 0.3614475429058075 0
1642668439229 0.6204547882080078 0
1642668446419 0.30842141807079315 0
1642668453534 0.31300433725118637 0
1642668460698 0.4334886819124222 0
1642668467835 0.2644461765885353 0
1642668476288 0.3182048425078392 0
1642668483613 0.3825278729200363 0
1642668490702 0.45605964958667755 0
1642668497783 0.3099072054028511 0
1642668504873 0.6492061167955399 0
1642668511922 0.45936039090156555 0
1642668518999 0.4003901183605194 0
