1642668029545 7.235286235809326 0
1642668037828 4.140965461730957 0
1642668044905 3.7765181064605713 0
1642668051954 2.0891377925872803 0
1642668058997 4.408721446990967 0
1642668066241 3.2376747131347656 0
1642668073501 5.475464820861816 0
1642668080799 2.261136770248413 0
1642668088097 2.1372358798980713 0
1642668095556 1.242457628250122 0
1642668102673 3.912691593170166 0
1642668109791 0.9266281127929688 0
1642668116871 2.9103708267211914 0
1642668123962 3.3299720287323 0
1642668131045 2.430913209915161 0
1642668138199 1.5391910076141357 0
1642668145515 2.085002899169922 0
1642668152856 4.648887634277344 0
1642668160166 2.455775260925293 0
1642668167407 2.9384398460388184 0
1642668174744 1.8145742416381836 0
1642668183301 2.361665964126587 0
1642668190593 1.4948229789733887 0
1642668198040 3.233537197113037 0
1642668205420 1.171621561050415 0
1642668212748 1.891434669494629 0
1642668219999 1.1783188581466675 0
1642668227359 2.5210485458374023 0
1642668234690 1.573026418685913 0
1642668241982 0.6277698278427124 0
1642668249248 0.7403521537780762 0
1642668256503 1.043067455291748 0
1642668263827 1.9229912757873535 0
1642668271197 1.1448493003845215 0
1642668278439 3.945281505584717 0
1642668285615 1.1163978576660156 0
1642668292910 2.266289234161377 0
1642668300239 1.6040122509002686 0
1642668307597 1.365723729133606 0
1642668314890 1.708068609237671 0
1642668322162 5.120203018188477 0
1642668330719 2.3039889335632324 0
1642668337984 5.170633792877197 0
1642668345237 2.4127392768859863 0
1642668352474 1.1043189764022827 0
1642668359708 2.233710289001465 0
1642668366950 2.4735827445983887 0
1642668374117 0.7567700147628784 0
1642668381330 1.0368715524673462 0
1642668388521 1.396118402481079 0
1642668395602 1.5676906108856201 0
1642668402988 2.89231014251709 0
1642668410319 1.0983878374099731 0
1642668417640 2.055363655090332 0
1642668424976 2.2857861518859863 0
1642668432118 0.8479830026626587 0
1642668439234 1.5261496305465698 0
1642668446425 1.5230792760849 0
1642668453540 2.3806891441345215 0
1642668460704 1.3339601755142212 0
1642668467841 1.7594027519226074 0
1642668476294 1.6489157676696777 0
1642668483620 5.23444128036499 0
1642668490708 2.015847682952881 0
1642668497789 1.5311418771743774 0
1642668504879 0.9351764917373657 0
1642668511928 0.6666443347930908 0
1642668519005 1.6427446603775024 0
