1642668029536 -1 0
1642668037812 -1 0
1642668044905 -1 0
1642668051946 -1 0
1642668058988 -1 0
1642668066233 -1 0
1642668073492 -1 0
1642668080790 -1 0
1642668088089 -1 0
1642668095548 -1 0
1642668102665 -1 0
1642668109783 -1 0
1642668116863 -1 0
1642668123954 -1 0
1642668131037 -1 0
1642668138184 -1 0
1642668145499 -1 0
1642668152845 -1 0
1642668160166 -1 0
1642668167398 -1 0
1642668174737 -1 0
1642668183301 -1 0
1642668190584 -1 0
1642668198040 -1 0
1642668205411 -1 0
1642668212733 -1 0
1642668219999 -1 0
1642668227350 -1 0
1642668234681 -1 0
1642668241974 -1 0
1642668249238 -1 0
1642668256487 -1 0
1642668263818 -1 0
1642668271188 -1 0
1642668278431 -1 0
1642668285607 -1 0
1642668292894 -1 0
1642668300230 -1 0
1642668307581 -1 0
1642668314881 -1 0
1642668322154 -1 0
1642668330711 -1 0
1642668337976 -1 0
1642668345237 -1 0
1642668352465 -1 0
1642668359708 -1 0
1642668366942 -1 0
1642668374100 -1 0
1642668381315 -1 0
1642668388512 -1 0
1642668395587 -1 0
1642668402980 -1 0
1642668410311 -1 0
1642668417640 -1 0
1642668424970 -1 0
1642668432111 -1 0
1642668439226 -1 0
1642668446417 -1 0
1642668453532 -1 0
1642668460696 -1 0
1642668467833 -1 0
1642668476286 -1 0
1642668483611 -1 0
1642668490700 -1 0
1642668497781 -1 0
1642668504871 -1 0
1642668511919 -1 0
1642668518997 -1 0
