1642668029541 15.945279598236084 0
1642668037828 9.316588401794434 0
1642668044905 8.628620386123657 0
1642668051950 4.661117792129517 0
1642668058992 7.394133567810059 0
1642668066237 5.33235502243042 0
1642668073496 7.779653549194336 0
1642668080795 3.4971126317977905 0
1642668088093 3.3863760232925415 0
1642668095552 2.8374931812286377 0
1642668102669 5.284382581710815 0
1642668109787 2.4125224351882935 0
1642668116867 4.643828392028809 0
1642668123958 8.048123121261597 0
1642668131041 5.012235164642334 0
1642668138199 3.3118863105773926 0
1642668145499 4.4137420654296875 0
1642668152852 8.007823944091797 0
1642668160166 5.160957098007202 0
1642668167402 4.538290500640869 0
1642668174740 4.51000452041626 0
1642668183301 4.551438808441162 0
1642668190588 3.147412419319153 0
1642668198040 5.458216667175293 0
1642668205415 2.6267905235290527 0
1642668212733 4.239513397216797 0
1642668219999 4.574135899543762 0
1642668227354 4.431288480758667 0
1642668234685 4.838874340057373 0
1642668241978 5.387182593345642 0
1642668249244 3.9622268676757812 0
1642668256503 1.9049670696258545 0
1642668263822 3.038042664527893 0
1642668271193 2.5094152688980103 0
1642668278435 5.298041224479675 0
1642668285611 3.6002695560455322 0
1642668292910 3.861318588256836 0
1642668300235 3.736013412475586 0
1642668307581 3.5465019941329956 0
1642668314885 4.75218653678894 0
1642668322158 7.510507106781006 0
1642668330715 5.473366737365723 0
1642668337980 7.578354120254517 0
1642668345237 3.514539957046509 0
1642668352469 2.874400019645691 0
1642668359708 5.077376365661621 0
1642668366946 4.471047043800354 0
1642668374117 4.078497290611267 0
1642668381330 2.1111422777175903 0
1642668388516 2.533086657524109 0
1642668395602 3.3076419830322266 0
1642668402984 7.864912509918213 0
1642668410315 4.643191933631897 0
1642668417640 5.36869740486145 0
1642668424975 3.6639912128448486 0
1642668432114 2.504831910133362 0
1642668439231 4.99860942363739 0
1642668446421 2.8467429876327515 0
1642668453536 5.493610858917236 0
1642668460700 3.290567994117737 0
1642668467837 4.063131809234619 0
1642668476290 2.7570128440856934 0
1642668483615 6.7218616008758545 0
1642668490704 3.4301170110702515 0
1642668497785 2.8088510036468506 0
1642668504875 1.945110559463501 0
1642668511924 3.140669584274292 0
1642668519001 3.834142565727234 0
