1634796073560 0 0
1634796075891 0 0
1634796077296 0 0
1634796078758 0 0
1634796080167 0 0
1634796081542 0 0
1634796082943 0 0
1634796084357 0 0
1634796085791 0 0
1634796087322 0 0
1634796088767 0 0
1634796091123 0 0
1634796092541 0 0
1634796093993 0 0
1634796095391 0 0
1634796096831 0 0
1634796098272 0 0
1634796099697 0 0
1634796101071 0 0
1634796102491 0 0
1634796103883 0 0
1634796106234 0 0
1634796107624 0 0
1634796109045 0 0
1634796110435 0 0
1634796111822 0 0
1634796113223 0 0
1634796114622 0 0
1634796116009 0 0
1634796117419 0 0
1634796118810 0 0
1634796121150 0 0
1634796122555 0 0
1634796123966 0 0
1634796125368 0 0
1634796126782 0 0
1634796128146 0 0
1634796129513 0 0
1634796130873 0 0
1634796132236 0 0
1634796133597 0 0
1634796135882 0 0
1634796137255 0 0
1634796138631 0 0
1634796139991 0 0
1634796141367 0 0
1634796142719 0 0
1634796144086 0 0
1634796145447 0 0
1634796146811 0 0
1634796148162 0 0
1634796150432 0 0
1634796151827 0 0
1634796153210 0 0
1634796154653 0 0
1634796156046 0 0
1634796157427 0 0
1634796158821 0 0
1634796160232 0 0
1634796161583 0 0
1634796162947 0 0
1634796165196 0 0
1634796166569 0 0
1634796167945 0 0
1634796169307 0 0
1634796170667 0 0
1634796172016 0 0
1634796173393 0 0
1634796174748 0 0
1634796176114 0 0
1634796177475 0 0
1634796179807 0 0
1634796181185 0 0
1634796182561 0 0
1634796183923 0 0
1634796185286 0 0
1634796186662 0 0
1634796188023 0 0
1634796189383 0 0
1634796190759 0 0
1634796192104 0 0
1634796194378 0 0
1634796195765 0 0
1634796197126 0 0
1634796198486 0 0
1634796199846 0 0
1634796201225 0 0
1634796202587 0 0
1634796203949 0 0
1634796205312 0 0
1634796206673 0 0
1634796208935 0 0
1634796210299 0 0
1634796211675 0 0
1634796213035 0 0
1634796214399 0 0
1634796215759 0 0
1634796217113 0 0
1634796218475 0 0
1634796219837 0 0
1634796221215 0 0
1634796223532 0 0
1634796224905 0 0
1634796226265 0 0
1634796227629 0 0
1634796228995 0 0
1634796230361 0 0
1634796231721 0 0
1634796233083 0 0
1634796234451 0 0
1634796235826 0 0
1634796238055 0 0
1634796239426 0 0
1634796240802 0 0
1634796242164 0 0
1634796243525 0 0
1634796244895 0 0
1634796246255 0 0
1634796247620 0 0
1634796248994 0 0
1634796250358 0 0
1634796252608 0 0
1634796253993 0 0
1634796255338 0 0
1634796256715 0 0
1634796258080 0 0
1634796259456 0 0
1634796260810 0 0
1634796262186 0 0
1634796263547 0 0
1634796264901 0 0
1634796267152 0 0
1634796268540 0 0
1634796269900 0 0
1634796271276 0 0
1634796272643 0 0
1634796274003 0 0
1634796275363 0 0
1634796276727 0 0
1634796278087 0 0
1634796279447 0 0
1634796281792 0 0
1634796283184 0 0
1634796284560 0 0
1634796285920 0 0
1634796287280 0 0
1634796288647 0 0
1634796290008 0 0
1634796291368 0 0
1634796292729 0 0
1634796294089 0 0
1634796296336 0 0
1634796297713 0 0
1634796299060 0 0
1634796300438 0 0
1634796301799 0 0
1634796303163 0 0
1634796304534 0 0
1634796305894 0 0
1634796307256 0 0
1634796308618 0 0
1634796310860 0 0
1634796312249 0 0
1634796313610 0 0
1634796314971 0 0
1634796316335 0 0
1634796317699 0 0
1634796319059 0 0
1634796320435 0 0
1634796321795 0 0
1634796323160 0 0
1634796325396 0 0
1634796326768 0 0
1634796328145 0 0
1634796329506 0 0
1634796330866 0 0
1634796332225 0 0
1634796333587 0 0
1634796334950 0 0
1634796336315 0 0
1634796337677 0 0
1634796340069 0 0
1634796341447 0 0
1634796342810 0 0
1634796344186 0 0
1634796345549 0 0
1634796346910 0 0
1634796348271 0 0
1634796349638 0 0
1634796351015 0 0
1634796352375 0 0
1634796354613 0 0
1634796356003 0 0
1634796357363 0 0
1634796358725 0 0
1634796360087 0 0
1634796361453 0 0
1634796362815 0 0
1634796364176 0 0
1634796365542 0 0
1634796366902 0 0
1634796369139 0 0
1634796370516 0 0
1634796371876 0 0
1634796373238 0 0
1634796374599 0 0
1634796375962 0 0
1634796377329 0 0
1634796378690 0 0
1634796380051 0 0
1634796381426 0 0
1634796383653 0 0
1634796385033 0 0
1634796386411 0 0
1634796387774 0 0
1634796389138 0 0
1634796390498 0 0
1634796391860 0 0
1634796393222 0 0
1634796394585 0 0
1634796395951 0 0
1634796398197 0 0
1634796399570 0 0
1634796400930 0 0
1634796402386 0 0
1634796403770 0 0
1634796405234 0 0
1634796406595 0 0
1634796407972 0 0
1634796409333 0 0
1634796410693 0 0
1634796412959 0 0
1634796414336 0 0
1634796415712 0 0
1634796417072 0 0
1634796418434 0 0
1634796419801 0 0
1634796421165 0 0
1634796422525 0 0
1634796423893 0 0
1634796425254 0 0
1634796427693 0 0
1634796429073 0 0
1634796430449 0 0
1634796431810 0 0
1634796433170 0 0
1634796434532 0 0
1634796435897 0 0
1634796437257 0 0
1634796438620 0 0
1634796439980 0 0
1634796442233 0 0
1634796443624 0 0
1634796444987 0 0
1634796446347 0 0
1634796447708 0 0
1634796449087 0 0
1634796450447 0 0
1634796451803 0 0
1634796453180 0 0
1634796454543 0 0
1634796456818 0 0
1634796458196 0 0
1634796459557 0 0
1634796460932 0 0
1634796462296 0 0
1634796463656 0 0
1634796465018 0 0
1634796466379 0 0
1634796467740 0 0
1634796469101 0 0
1634796471359 0 0
1634796472735 0 0
1634796474112 0 0
1634796475471 0 0
1634796476833 0 0
1634796478199 0 0
1634796479560 0 0
1634796480924 0 0
1634796482285 0 0
1634796483646 0 0
1634796485922 0 0
1634796487282 0 0
1634796488644 0 0
1634796490019 0 0
1634796491385 0 0
1634796492747 0 0
1634796494117 0 0
1634796495477 0 0
1634796496837 0 0
1634796498215 0 0
1634796500432 0 0
1634796501825 0 0
1634796503187 0 0
1634796504561 0 0
1634796505926 0 0
1634796507287 0 0
1634796508648 0 0
1634796510003 0 0
1634796511379 0 0
1634796512724 0 0
1634796514970 0 0
1634796516348 0 0
1634796517724 0 0
1634796519087 0 0
1634796520463 0 0
1634796521812 0 0
1634796523188 0 0
1634796524549 0 0
1634796525912 0 0
1634796527272 0 0
1634796529542 0 0
1634796530902 0 0
1634796532266 0 0
1634796533644 0 0
1634796535010 0 0
1634796536370 0 0
1634796537734 0 0
1634796539110 0 0
1634796540472 0 0
1634796541833 0 0
1634796544303 0 0
1634796545679 0 0
1634796547039 0 0
1634796548400 0 0
1634796549764 0 0
1634796551134 0 0
1634796552497 0 0
1634796553858 0 0
1634796555234 0 0
1634796556594 0 0
1634796558819 0 0
1634796560191 0 0
1634796561553 0 0
1634796562913 0 0
1634796564285 0 0
1634796565636 0 0
1634796566996 0 0
1634796568357 0 0
1634796569725 0 0
1634796571086 0 0
1634796573322 0 0
1634796574684 0 0
1634796576044 0 0
1634796577404 0 0
1634796578766 0 0
1634796580125 0 0
1634796581476 0 0
1634796582835 0 0
1634796584198 0 0
1634796585559 0 0
1634796587786 0 0
1634796589161 0 0
1634796590521 0 0
1634796591897 0 0
1634796593296 0 0
1634796594686 0 0
1634796596146 0 0
1634796597504 0 0
1634796598908 0 0
1634796600272 0 0
1634796602536 0 0
1634796603914 0 0
1634796605274 0 0
1634796606635 0 0
1634796607995 0 0
1634796609356 0 0
1634796610727 0 0
1634796612087 0 0
1634796613448 0 0
1634796614810 0 0
1634796617079 0 0
1634796618458 0 0
1634796619834 0 0
1634796621210 0 0
1634796622573 0 0
1634796623934 0 0
1634796625303 0 0
1634796626670 0 0
1634796628035 0 0
1634796629395 0 0
1634796631605 0 0
1634796632978 0 0
1634796634340 0 0
1634796635700 0 0
1634796637062 0 0
1634796638426 0 0
1634796639788 0 0
1634796641132 0 0
1634796642498 0 0
1634796643860 0 0
1634796646098 0 0
1634796647460 0 0
1634796648820 0 0
1634796650197 0 0
1634796651557 0 0
1634796652919 0 0
1634796654294 0 0
1634796655654 0 0
1634796657015 0 0
1634796658391 0 0
1634796660648 0 0
1634796662018 0 0
1634796663396 0 0
1634796664756 0 0
1634796666119 0 0
1634796667478 0 0
1634796668842 0 0
1634796670216 0 0
1634796671580 0 0
1634796672947 0 0
1634796675530 0 0
1634796676907 0 0
1634796678267 0 0
1634796679643 0 0
1634796681003 0 0
1634796682385 0 0
1634796683745 0 0
1634796685102 0 0
1634796686478 0 0
1634796687842 0 0
1634796690106 0 0
1634796691472 0 0
1634796692848 0 0
1634796694209 0 0
1634796695585 0 0
1634796696949 0 0
1634796698310 0 0
1634796699670 0 0
1634796701052 0 0
1634796702415 0 0
1634796704705 0 0
1634796706081 0 0
1634796707457 0 0
1634796708833 0 0
1634796710225 0 0
1634796711695 0 0
1634796713087 0 0
1634796714476 0 0
1634796715868 0 0
1634796717294 0 0
1634796719608 0 0
1634796721040 0 0
1634796722432 0 0
1634796723826 0 0
1634796725220 0 0
1634796726610 0 0
1634796728001 0 0
1634796729448 0 0
1634796730839 0 0
1634796732231 0 0
1634796734563 0 0
1634796735948 0 0
1634796737308 0 0
1634796738685 0 0
1634796740048 0 0
1634796741429 0 0
1634796742790 0 0
1634796744151 0 0
1634796745525 0 0
1634796746885 0 0
1634796749156 0 0
1634796750564 0 0
1634796751940 0 0
1634796753316 0 0
1634796754695 0 0
1634796756062 0 0
1634796757440 0 0
1634796758804 0 0
1634796760195 0 0
1634796761560 0 0
1634796763821 0 0
1634796765213 0 0
1634796766593 0 0
1634796767966 0 0
1634796769426 0 0
1634796770821 0 0
1634796772208 0 0
1634796773600 0 0
1634796774984 0 0
1634796776377 0 0
1634796778710 0 0
1634796780120 0 0
1634796781527 0 0
1634796782937 0 0
1634796784365 0 0
1634796785788 0 0
1634796787174 0 0
1634796788568 0 0
1634796789959 0 0
1634796791352 0 0
1634796793668 0 0
1634796795090 0 0
1634796796488 0 0
1634796797882 0 0
1634796799279 0 0
1634796800668 0 0
1634796802076 0 0
1634796803459 0 0
1634796804820 0 0
1634796806200 0 0
1634796808503 0 0
1634796809932 0 0
1634796811365 0 0
1634796812812 0 0
1634796814277 0 0
1634796815699 0 0
1634796817098 0 0
1634796818524 0 0
1634796819936 0 0
1634796821337 0 0
1634796823721 0 0
1634796825144 0 0
1634796826553 0 0
1634796827938 0 0
1634796829376 0 0
1634796830769 0 0
1634796832180 0 0
1634796833583 0 0
1634796834987 0 0
1634796836364 0 0
1634796839052 0 0
1634796840502 0 0
1634796841875 0 0
1634796843253 0 0
1634796844662 0 0
1634796846052 0 0
1634796847506 0 0
1634796848898 0 0
1634796850278 0 0
1634796851660 0 0
1634796853933 0 0
1634796855349 0 0
1634796856812 0 0
1634796858203 0 0
1634796859581 0 0
1634796860990 0 0
1634796862401 0 0
1634796863779 0 0
1634796865236 0 0
1634796866639 0 0
1634796868934 0 0
1634796870380 0 0
1634796871817 0 0
1634796873206 0 0
1634796874596 0 0
1634796876047 0 0
1634796877446 0 0
1634796878838 0 0
1634796880230 0 0
1634796881651 0 0
1634796883935 0 0
1634796885345 0 0
1634796886757 0 0
1634796888164 0 0
1634796889562 0 0
1634796890980 0 0
1634796892376 0 0
1634796893777 0 0
1634796895160 0 0
1634796896597 0 0
1634796898895 0 0
1634796900296 0 0
1634796901673 0 0
1634796903098 0 0
1634796904522 0 0
1634796905915 0 0
1634796907363 0 0
1634796908740 0 0
1634796910134 0 0
1634796911514 0 0
1634796913804 0 0
1634796915216 0 0
1634796916604 0 0
1634796917992 0 0
1634796919354 0 0
1634796920733 0 0
1634796922093 0 0
1634796923472 0 0
1634796924833 0 0
1634796926209 0 0
1634796928436 0 0
1634796929829 0 0
1634796931200 0 0
1634796932562 0 0
1634796933938 0 0
1634796935292 0 0
1634796936668 0 0
1634796938028 0 0
1634796939390 0 0
1634796940750 0 0
1634796943002 0 0
1634796944440 0 0
1634796945833 0 0
1634796947242 0 0
1634796948651 0 0
1634796950047 0 0
1634796951458 0 0
1634796952865 0 0
1634796954273 0 0
1634796955678 0 0
1634796957948 0 0
1634796959387 0 0
1634796960810 0 0
1634796962210 0 0
1634796963616 0 0
1634796965027 0 0
1634796966397 0 0
1634796967831 0 0
1634796969255 0 0
1634796970650 0 0
1634796972921 0 0
1634796974363 0 0
1634796975755 0 0
1634796977134 0 0
1634796978528 0 0
1634796979908 0 0
1634796981316 0 0
1634796982707 0 0
1634796984086 0 0
1634796985477 0 0
1634796987767 0 0
1634796989226 0 0
1634796990635 0 0
1634796992012 0 0
1634796993394 0 0
1634796994759 0 0
1634796996137 0 0
1634796997497 0 0
1634796998873 0 0
1634797000240 0 0
1634797002470 0 0
1634797003860 0 0
1634797005252 0 0
1634797006631 0 0
1634797008035 0 0
1634797009431 0 0
1634797010794 0 0
1634797012155 0 0
1634797013521 0 0
1634797014894 0 0
1634797017136 0 0
1634797018528 0 0
1634797019905 0 0
1634797021268 0 0
1634797022632 0 0
1634797024027 0 0
1634797025407 0 0
1634797026813 0 0
1634797028204 0 0
1634797029610 0 0
1634797031935 0 0
1634797033363 0 0
1634797034757 0 0
1634797036134 0 0
1634797037543 0 0
1634797038949 0 0
