1634796073576 1.9257307648658752 0
1634796075891 1.5320870876312256 0
1634796077301 0.7892399728298187 0
1634796078764 0.42130355536937714 0
1634796080173 0.965969443321228 0
1634796081557 1.9004947543144226 0
1634796082958 1.510585606098175 0
1634796084357 1.5941178798675537 0
1634796085796 1.061031371820718 0
1634796087328 0.4100871570408344 0
1634796088773 2.0056026577949524 0
1634796091129 1.3169985711574554 0
1634796092541 0.5094689279794693 0
1634796093999 1.4837655425071716 0
1634796095391 0.7631020247936249 0
1634796096837 1.0343453288078308 0
1634796098278 1.1577149331569672 0
1634796099703 1.1811338067054749 0
1634796101086 1.282462328672409 0
1634796102496 1.2497438192367554 0
1634796103891 1.1380109786987305 0
1634796106239 1.8881170153617859 0
1634796107640 0.7444342523813248 0
1634796109050 1.4504997730255127 0
1634796110451 1.2311089038848877 0
1634796111822 2.04299658536911 0
1634796113228 1.3776183426380157 0
1634796114627 0.8301992118358612 0
1634796116009 1.0583560466766357 0
1634796117419 1.6696805953979492 0
1634796118810 0.6706333681941032 0
1634796121166 1.2265715077519417 0
1634796122565 1.2813441157341003 0
1634796123971 2.4733023643493652 0
1634796125384 0.9587999284267426 0
1634796126787 1.1217639297246933 0
1634796128161 0.8577963411808014 0
1634796129513 1.379271388053894 0
1634796130873 1.1073294281959534 0
1634796132236 0.9394534826278687 0
1634796133597 0.8977885246276855 0
1634796135882 1.2015653997659683 0
1634796137270 1.5363337993621826 0
1634796138631 1.3874863982200623 0
1634796139991 1.3745547533035278 0
1634796141367 1.2315908670425415 0
1634796142719 1.4182841777801514 0
1634796144086 1.47406667470932 0
1634796145447 1.017257645726204 0
1634796146811 1.3394209146499634 0
1634796148178 1.4395102262496948 0
1634796150437 0.8571085631847382 0
1634796151827 0.69348169490695 0
1634796153226 1.0729228258132935 0
1634796154669 1.0991761684417725 0
1634796156046 1.065809428691864 0
1634796157443 1.2019062936306 0
1634796158836 1.2534611821174622 0
1634796160232 1.203715741634369 0
1634796161599 1.6143013834953308 0
1634796162947 1.1953943967819214 0
1634796165196 0.4257868081331253 0
1634796166585 0.9444290399551392 0
1634796167945 1.1325810104608536 0
1634796169307 1.0669810324907303 0
1634796170667 0.7251453697681427 0
1634796172031 1.225635051727295 0
1634796173393 1.5154958367347717 0
1634796174748 1.0236769318580627 0
1634796176114 0.9370185136795044 0
1634796177475 0.6066986471414566 0
1634796179822 1.5919658541679382 0
1634796181201 1.163175880908966 0
1634796182561 0.9703245162963867 0
1634796183938 1.5456230342388153 0
1634796185302 1.1221627593040466 0
1634796186662 1.171381652355194 0
1634796188023 0.7232760787010193 0
1634796189383 1.101292222738266 0
1634796190759 1.4952574968338013 0
1634796192119 0.7526470124721527 0
1634796194378 1.329286366701126 0
1634796195765 1.30427485704422 0
1634796197126 0.769827276468277 0
1634796198486 0.8569504022598267 0
1634796199862 1.045318841934204 0
1634796201225 1.2370152175426483 0
1634796202587 0.6596740186214447 0
1634796203949 0.5059635192155838 0
1634796205312 0.8094869554042816 0
1634796206688 0.6662322580814362 0
1634796208935 0.9094533920288086 0
1634796210299 1.379030019044876 0
1634796211675 1.186236023902893 0
1634796213035 1.798536479473114 0
1634796214399 0.7493189796805382 0
1634796215759 1.5884542167186737 0
1634796217128 1.3019622266292572 0
1634796218491 1.1841027736663818 0
1634796219853 1.3901919424533844 0
1634796221215 1.2801867723464966 0
1634796223532 1.2961702942848206 0
1634796224920 0.9724584221839905 0
1634796226281 0.8804792016744614 0
1634796227644 1.2092913538217545 0
1634796229010 1.439947634935379 0
1634796230376 0.9942450821399689 0
1634796231737 0.6200670003890991 0
1634796233099 1.56582972407341 0
1634796234451 1.171107441186905 0
1634796235826 1.779757171869278 0
1634796238055 0.9439182281494141 0
1634796239441 1.0757925510406494 0
1634796240802 1.130380779504776 0
1634796242164 0.9986506402492523 0
1634796243525 0.818411260843277 0
1634796244895 1.137456864118576 0
1634796246255 0.5779174566268921 0
1634796247620 0.6663403511047363 0
1634796249010 1.0904131829738617 0
1634796250373 0.6991275548934937 0
1634796252624 0.5903204381465912 0
1634796253993 0.4163851886987686 0
1634796255354 1.2208066582679749 0
1634796256731 1.2924507558345795 0
1634796258096 1.2550264298915863 0
1634796259456 0.49839502573013306 0
1634796260826 0.6810357570648193 0
1634796262186 1.2946646809577942 0
1634796263547 1.5052690505981445 0
1634796264917 0.957442581653595 0
1634796267167 0.5725312978029251 0
1634796268555 0.6754433810710907 0
1634796269900 0.6901954114437103 0
1634796271292 0.7097419798374176 0
1634796272643 0.5514696389436722 0
1634796274003 0.9443141222000122 0
1634796275363 1.3968428671360016 0
1634796276727 0.45703382790088654 0
1634796278087 0.873237133026123 0
1634796279447 1.0781619250774384 0
1634796281808 1.0989993810653687 0
1634796283184 0.42238564789295197 0
1634796284560 0.40002283453941345 0
1634796285920 0.4056760221719742 0
1634796287296 0.42063698172569275 0
1634796288647 0.3640557900071144 0
1634796290008 0.517067164182663 0
1634796291368 1.1816408038139343 0
1634796292729 0.8096170425415039 0
1634796294105 0.36723725497722626 0
1634796296336 0.9872649013996124 0
1634796297713 0.6258791834115982 0
1634796299076 0.20901958644390106 0
1634796300438 0.8791904151439667 0
1634796301814 0.5334705114364624 0
1634796303163 0.7965317368507385 0
1634796304534 0.843368262052536 0
1634796305894 0.6987687051296234 0
1634796307256 0.9167446792125702 0
1634796308618 0.9717128872871399 0
1634796310860 0.6840351223945618 0
1634796312249 0.7319320142269135 0
1634796313610 0.2306446135044098 0
1634796314971 0.5442057102918625 0
1634796316335 0.5358980745077133 0
1634796317699 0.8767514675855637 0
1634796319059 1.0432825833559036 0
1634796320435 0.2406286597251892 0
1634796321795 0.3991156816482544 0
1634796323160 0.9256510883569717 0
1634796325396 0.9730894416570663 0
1634796326784 0.6994318813085556 0
1634796328145 0.40100447833538055 0
1634796329506 0.6023242175579071 0
1634796330866 0.4357432723045349 0
1634796332225 0.9601215273141861 0
1634796333602 0.787567213177681 0
1634796334965 0.696704238653183 0
1634796336315 0.6119854897260666 0
1634796337677 0.6093206703662872 0
1634796340084 0.7406496554613113 0
1634796341463 0.44492486119270325 0
1634796342826 0.758556991815567 0
1634796344186 0.4767269343137741 0
1634796345549 0.49737313389778137 0
1634796346910 0.6496449559926987 0
1634796348271 0.6351253986358643 0
1634796349638 0.6005708575248718 0
1634796351015 0.6663250625133514 0
1634796352375 0.4314093440771103 0
1634796354613 0.751441240310669 0
1634796356003 0.6550692021846771 0
1634796357363 0.5598382651805878 0
1634796358725 0.6311008185148239 0
1634796360087 0.5827886909246445 0
1634796361453 0.7398481220006943 0
1634796362815 0.5627439469099045 0
1634796364176 0.6799709647893906 0
1634796365542 0.737076997756958 0
1634796366902 0.4858146756887436 0
1634796369155 0.5352936238050461 0
1634796370516 0.5357348173856735 0
1634796371876 0.5764251202344894 0
1634796373238 0.5932231843471527 0
1634796374599 0.41258572041988373 0
1634796375962 0.4781748652458191 0
1634796377329 0.4725095331668854 0
1634796378690 0.4701343923807144 0
1634796380051 0.6253415942192078 0
1634796381426 0.60167196393013 0
1634796383653 0.3666584938764572 0
1634796385033 0.5524843335151672 0
1634796386411 0.44909587502479553 0
1634796387774 0.3713420033454895 0
1634796389138 0.47145621478557587 0
1634796390498 0.6524789482355118 0
1634796391860 0.5251521468162537 0
1634796393222 0.5299818217754364 0
1634796394585 0.4631962180137634 0
1634796395951 0.5169691145420074 0
1634796398197 0.49455979466438293 0
1634796399586 0.43232564628124237 0
1634796400946 0.5516542047262192 0
1634796402386 0.3616998642683029 0
1634796403770 0.4448370188474655 0
1634796405234 0.47019822895526886 0
1634796406611 0.5663698613643646 0
1634796407972 0.463379830121994 0
1634796409333 0.44641196727752686 0
1634796410693 0.3670646399259567 0
1634796412959 0.4819156676530838 0
1634796414352 0.44326774775981903 0
1634796415712 0.533565878868103 0
1634796417072 0.4785577356815338 0
1634796418434 0.5656158328056335 0
1634796419801 0.4770706743001938 0
1634796421165 0.5171970129013062 0
1634796422525 0.4490794837474823 0
1634796423893 0.4099613279104233 0
1634796425254 0.4950537830591202 0
1634796427693 0.5553861558437347 0
1634796429073 0.4760100394487381 0
1634796430449 0.37604887783527374 0
1634796431810 0.44830018281936646 0
1634796433170 0.4973246157169342 0
1634796434547 0.3538910746574402 0
1634796435897 0.5653997361660004 0
1634796437257 0.49564482271671295 0
1634796438620 0.35107989609241486 0
1634796439980 0.401496559381485 0
1634796442233 0.4167509973049164 0
1634796443624 0.3279324024915695 0
1634796444987 0.34408432245254517 0
1634796446363 0.4581892639398575 0
1634796447723 0.43979044258594513 0
1634796449087 0.38819408416748047 0
1634796450447 0.3736109435558319 0
1634796451803 0.5704582035541534 0
1634796453180 0.3936249017715454 0
1634796454543 0.39253881573677063 0
1634796456818 0.4327540844678879 0
1634796458196 0.4033624678850174 0
1634796459572 0.399084210395813 0
1634796460948 0.3492325097322464 0
1634796462296 0.3966158628463745 0
1634796463656 0.28935520350933075 0
1634796465018 0.5047715753316879 0
1634796466379 0.46417342126369476 0
1634796467740 0.4950617402791977 0
1634796469101 0.46548372507095337 0
1634796471359 0.39534875750541687 0
1634796472751 0.54068922996521 0
1634796474112 0.34025704115629196 0
1634796475487 0.4835399091243744 0
1634796476848 0.492392435669899 0
1634796478199 0.4283725768327713 0
1634796479560 0.48419512808322906 0
1634796480924 0.4552001804113388 0
1634796482300 0.5044141560792923 0
1634796483662 0.46987171471118927 0
1634796485922 0.42182496190071106 0
1634796487297 0.5096389204263687 0
1634796488659 0.48186033964157104 0
1634796490019 0.4763232618570328 0
1634796491400 0.4930249750614166 0
1634796492747 0.48894697427749634 0
1634796494117 0.4451471120119095 0
1634796495477 0.48046645522117615 0
1634796496837 0.41926293075084686 0
1634796498215 0.41979509592056274 0
1634796500432 0.5349017977714539 0
1634796501825 0.38195423781871796 0
1634796503187 0.4424211084842682 0
1634796504561 0.4433533847332001 0
1634796505926 0.34914442896842957 0
1634796507287 0.5015271306037903 0
1634796508648 0.43270133435726166 0
1634796510019 0.4490491449832916 0
1634796511379 0.49576467275619507 0
1634796512739 0.48427756130695343 0
1634796514970 0.3901898115873337 0
1634796516348 0.4399675875902176 0
1634796517724 0.42158786952495575 0
1634796519087 0.4444737732410431 0
1634796520463 0.4683338701725006 0
1634796521828 0.44768665730953217 0
1634796523188 0.43316908180713654 0
1634796524549 0.4664575755596161 0
1634796525912 0.4637365937232971 0
1634796527272 0.505570262670517 0
1634796529542 0.5158483684062958 0
1634796530918 0.4013611376285553 0
1634796532282 0.4411921501159668 0
1634796533644 0.407274529337883 0
1634796535010 0.42350031435489655 0
1634796536370 0.39682161808013916 0
1634796537749 0.47477635741233826 0
1634796539110 0.4511035084724426 0
1634796540472 0.4615997225046158 0
1634796541833 0.47455576062202454 0
1634796544303 0.46026749908924103 0
1634796545679 0.45452649891376495 0
1634796547039 0.46481654047966003 0
1634796548415 0.49174921214580536 0
1634796549764 0.45894910395145416 0
1634796551134 0.41531607508659363 0
1634796552512 0.48253582417964935 0
1634796553874 0.4707920700311661 0
1634796555234 0.5023597627878189 0
1634796556594 0.4717620313167572 0
1634796558819 0.44362808763980865 0
1634796560191 0.503674253821373 0
1634796561553 0.45832884311676025 0
1634796562913 0.5087585896253586 0
1634796564285 0.49114394187927246 0
1634796565636 0.4579444080591202 0
1634796567011 0.5348811149597168 0
1634796568357 0.443891242146492 0
1634796569725 0.475030779838562 0
1634796571086 0.4349890798330307 0
1634796573322 0.45535270869731903 0
1634796574684 0.45961885154247284 0
1634796576044 0.4711938202381134 0
1634796577404 0.4802499860525131 0
1634796578766 0.5003166049718857 0
1634796580125 0.4739382863044739 0
1634796581492 0.4565356522798538 0
1634796582851 0.4650937467813492 0
1634796584198 0.46974101662635803 0
1634796585559 0.4555671513080597 0
1634796587801 0.4307900369167328 0
1634796589176 0.42443180084228516 0
1634796590537 0.45408686995506287 0
1634796591897 0.4684955030679703 0
1634796593296 0.4623449295759201 0
1634796594702 0.48662447929382324 0
1634796596146 0.4616625905036926 0
1634796597520 0.4929994195699692 0
1634796598908 0.4735943078994751 0
1634796600272 0.45504672825336456 0
1634796602552 0.4613625556230545 0
1634796603914 0.45071589946746826 0
1634796605274 0.48115530610084534 0
1634796606635 0.4712609201669693 0
1634796608011 0.4700247049331665 0
1634796609371 0.473798468708992 0
1634796610727 0.42215748131275177 0
1634796612087 0.39838850498199463 0
1634796613463 0.4739047586917877 0
1634796614825 0.46752066910266876 0
1634796617094 0.454395592212677 0
1634796618474 0.4553717374801636 0
1634796619834 0.4572426974773407 0
1634796621210 0.43847358226776123 0
1634796622573 0.4720257818698883 0
1634796623934 0.4657111018896103 0
1634796625303 0.46651628613471985 0
1634796626670 0.46903567016124725 0
1634796628035 0.47433480620384216 0
1634796629395 0.45645666122436523 0
1634796631605 0.46723464131355286 0
1634796632978 0.43462155759334564 0
1634796634340 0.4821305274963379 0
1634796635700 0.49925731122493744 0
1634796637078 0.4750109165906906 0
1634796638426 0.4720844030380249 0
1634796639788 0.4823746532201767 0
1634796641148 0.47643618285655975 0
1634796642514 0.45649972558021545 0
1634796643860 0.482015460729599 0
1634796646098 0.4996524751186371 0
1634796647460 0.46433135867118835 0
1634796648836 0.4859330803155899 0
1634796650197 0.4792814701795578 0
1634796651557 0.48491711914539337 0
1634796652934 0.5039024353027344 0
1634796654294 0.4816853851079941 0
1634796655670 0.46508949995040894 0
1634796657030 0.461028590798378 0
1634796658391 0.4954546391963959 0
1634796660648 0.4771682322025299 0
1634796662034 0.4956158995628357 0
1634796663396 0.4651036858558655 0
1634796664756 0.4460093826055527 0
1634796666119 0.45445214211940765 0
1634796667494 0.5257057547569275 0
1634796668842 0.5323247313499451 0
1634796670216 0.5578791201114655 0
1634796671580 0.6387403607368469 0
1634796672947 0.3346094936132431 0
1634796675530 0.28735633566975594 0
1634796676907 0.3910965472459793 0
1634796678282 0.3796272724866867 0
1634796679643 0.416046604514122 0
1634796681018 0.47245095670223236 0
1634796682385 0.2708985209465027 0
1634796683745 0.3290599435567856 0
1634796685118 0.33012722432613373 0
1634796686478 0.3245343193411827 0
1634796687842 0.4182763695716858 0
1634796690106 0.47602659463882446 0
1634796691488 0.4728148430585861 0
1634796692848 0.4437839835882187 0
1634796694209 0.44817519187927246 0
1634796695585 0.4541351646184921 0
1634796696949 0.4720200300216675 0
1634796698310 0.47195418179035187 0
1634796699686 0.46775250136852264 0
1634796701052 0.4846204072237015 0
1634796702431 0.4559898376464844 0
1634796704705 0.4596577286720276 0
1634796706081 0.48433107137680054 0
1634796707457 0.49088001251220703 0
1634796708833 0.46996404230594635 0
1634796710241 0.49102579057216644 0
1634796711695 0.4864486902952194 0
1634796713087 0.5000458210706711 0
1634796714476 0.4575018584728241 0
1634796715868 0.4863878935575485 0
1634796717294 0.445141538977623 0
1634796719608 0.4544045180082321 0
1634796721040 0.47620803117752075 0
1634796722447 0.45722004771232605 0
1634796723842 0.47270554304122925 0
1634796725220 0.4681231677532196 0
1634796726625 0.4873550236225128 0
1634796728001 0.45772312581539154 0
1634796729448 0.4817715436220169 0
1634796730855 0.4677218198776245 0
1634796732246 0.47559569776058197 0
1634796734563 0.48139844834804535 0
1634796735948 0.48546263575553894 0
1634796737324 0.4981621205806732 0
1634796738685 0.4712669402360916 0
1634796740048 0.49015799164772034 0
1634796741429 0.4885609894990921 0
1634796742790 0.4823306202888489 0
1634796744166 0.5164768397808075 0
1634796745525 0.4488603323698044 0
1634796746901 0.49294550716876984 0
1634796749171 0.3912700265645981 0
1634796750564 0.481348380446434 0
1634796751940 0.46948622167110443 0
1634796753316 0.469128280878067 0
1634796754695 0.5173437893390656 0
1634796756078 0.45514047145843506 0
1634796757456 0.3904927223920822 0
1634796758819 0.46374326944351196 0
1634796760196 0.4587819278240204 0
1634796761560 0.46937114000320435 0
1634796763837 0.4807036966085434 0
1634796765213 0.4933856576681137 0
1634796766593 0.4786917567253113 0
1634796767983 0.4850001335144043 0
1634796769426 0.4869219809770584 0
1634796770821 0.49590450525283813 0
1634796772208 0.4688390791416168 0
1634796773600 0.4846198260784149 0
1634796774999 0.46522220969200134 0
1634796776392 0.46979737281799316 0
1634796778710 0.4881321042776108 0
1634796780120 0.48660604655742645 0
1634796781543 0.4536052793264389 0
1634796782952 0.4558461010456085 0
1634796784365 0.462834969162941 0
1634796785788 0.4895080476999283 0
1634796787190 0.4781012088060379 0
1634796788568 0.47029702365398407 0
1634796789959 0.48993852734565735 0
1634796791352 0.48177067935466766 0
1634796793668 0.4817305654287338 0
1634796795095 0.4820459485054016 0
1634796796488 0.47057709097862244 0
1634796797898 0.4854942858219147 0
1634796799279 0.4938989132642746 0
1634796800674 0.48475155234336853 0
1634796802076 0.46493111550807953 0
1634796803475 0.4756554663181305 0
1634796804835 0.47643372416496277 0
1634796806216 0.4856972098350525 0
1634796808519 0.4840462952852249 0
1634796809932 0.4784279465675354 0
1634796811381 0.4782654792070389 0
1634796812818 0.4699007421731949 0
1634796814282 0.47805027663707733 0
1634796815704 0.4708612412214279 0
1634796817098 0.4807385057210922 0
1634796818529 0.4992843568325043 0
1634796819941 0.4757749140262604 0
1634796821343 0.491544246673584 0
1634796823726 0.48949164152145386 0
1634796825149 0.48862093687057495 0
1634796826558 0.4808117747306824 0
1634796827943 0.4887160509824753 0
1634796829381 0.47547005116939545 0
1634796830775 0.4600251764059067 0
1634796832185 0.4767082780599594 0
1634796833583 0.4813017100095749 0
1634796834987 0.47864601016044617 0
1634796836364 0.49094054102897644 0
1634796839052 0.49004460871219635 0
1634796840508 0.48196251690387726 0
1634796841891 0.4732561558485031 0
1634796843269 0.470287024974823 0
1634796844662 0.4773988872766495 0
1634796846052 0.47042612731456757 0
1634796847506 0.4861791729927063 0
1634796848898 0.4875994622707367 0
1634796850278 0.4839964807033539 0
1634796851660 0.48795807361602783 0
1634796853933 0.48629944026470184 0
1634796855349 0.48048630356788635 0
1634796856812 0.48263978958129883 0
1634796858203 0.4643528461456299 0
1634796859596 0.4686414748430252 0
1634796860990 0.4733966439962387 0
1634796862407 0.47559110820293427 0
1634796863795 0.4938209652900696 0
1634796865242 0.48476579785346985 0
1634796866644 0.47112154960632324 0
1634796868934 0.48058491945266724 0
1634796870380 0.4949410855770111 0
1634796871833 0.4882218986749649 0
1634796873206 0.4886445552110672 0
1634796874612 0.477783739566803 0
1634796876052 0.4745761752128601 0
1634796877452 0.47377800941467285 0
1634796878843 0.4764682352542877 0
1634796880230 0.4808327555656433 0
1634796881656 0.4869128614664078 0
1634796883935 0.4891078323125839 0
1634796885350 0.48837268352508545 0
1634796886772 0.4854337275028229 0
1634796888169 0.48591218888759613 0
1634796889567 0.4759616404771805 0
1634796890986 0.4883213937282562 0
1634796892381 0.4822988063097 0
1634796893781 0.48673298954963684 0
1634796895176 0.48528167605400085 0
1634796896597 0.49124404788017273 0
1634796898900 0.49423542618751526 0
1634796900296 0.49548566341400146 0
1634796901689 0.49477076530456543 0
1634796903098 0.4936864376068115 0
1634796904522 0.49211031198501587 0
1634796905930 0.4877585768699646 0
1634796907363 0.4968333840370178 0
1634796908740 0.482763409614563 0
1634796910134 0.4833182990550995 0
1634796911529 0.4791336953639984 0
1634796913804 0.49523405730724335 0
1634796915231 0.4946131557226181 0
1634796916604 0.48248107731342316 0
1634796917992 0.4916178733110428 0
1634796919369 0.478354275226593 0
1634796920733 0.47677214443683624 0
1634796922109 0.46899764239788055 0
1634796923472 0.4948652982711792 0
1634796924833 0.48231637477874756 0
1634796926209 0.4851027727127075 0
1634796928436 0.48942388594150543 0
1634796929829 0.4915435016155243 0
1634796931216 0.4885299652814865 0
1634796932578 0.4814469814300537 0
1634796933938 0.4891786575317383 0
1634796935307 0.4903290569782257 0
1634796936668 0.49162657558918 0
1634796938028 0.4856793284416199 0
1634796939390 0.4862680435180664 0
1634796940750 0.4805551767349243 0
1634796943002 0.47721365094184875 0
1634796944440 0.4962612986564636 0
1634796945849 0.488266721367836 0
1634796947257 0.4935772269964218 0
1634796948651 0.49426278471946716 0
1634796950063 0.48271407186985016 0
1634796951458 0.49423207342624664 0
1634796952865 0.48912303149700165 0
1634796954273 0.4993497431278229 0
1634796955678 0.4859328269958496 0
1634796957963 0.4896084815263748 0
1634796959392 0.48812390863895416 0
1634796960815 0.480917826294899 0
1634796962215 0.4910220056772232 0
1634796963616 0.4925170987844467 0
1634796965032 0.4966125041246414 0
1634796966413 0.4940014034509659 0
1634796967831 0.49116121232509613 0
1634796969255 0.4886268228292465 0
1634796970650 0.49156196415424347 0
1634796972937 0.48478150367736816 0
1634796974363 0.493263304233551 0
1634796975755 0.4873260110616684 0
1634796977134 0.49417446553707123 0
1634796978528 0.4808981716632843 0
1634796979908 0.4825054705142975 0
1634796981316 0.4921121448278427 0
1634796982707 0.497464194893837 0
1634796984101 0.48446090519428253 0
1634796985477 0.4907103031873703 0
1634796987767 0.49886126816272736 0
1634796989242 0.4953353703022003 0
1634796990635 0.5006340593099594 0
1634796992028 0.4920547604560852 0
1634796993394 0.4843597859144211 0
1634796994775 0.49064023792743683 0
1634796996137 0.4864789843559265 0
1634796997513 0.4928303509950638 0
1634796998873 0.49118806421756744 0
1634797000240 0.49862606823444366 0
1634797002486 0.49634380638599396 0
1634797003876 0.49639892578125 0
1634797005268 0.49053116142749786 0
1634797006631 0.49762769043445587 0
1634797008051 0.4912886619567871 0
1634797009431 0.4926444739103317 0
1634797010794 0.4812982976436615 0
1634797012155 0.4792344719171524 0
1634797013521 0.49597831070423126 0
1634797014894 0.4874804615974426 0
1634797017136 0.4947334825992584 0
1634797018528 0.48655377328395844 0
1634797019905 0.4871857464313507 0
1634797021283 0.486144483089447 0
1634797022648 0.4954293668270111 0
1634797024027 0.4868389666080475 0
1634797025423 0.4904937297105789 0
1634797026813 0.48771074414253235 0
1634797028204 0.4873012900352478 0
1634797029610 0.4917250722646713 0
1634797031935 0.49289362132549286 0
1634797033363 0.48797938227653503 0
1634797034757 0.48921115696430206 0
1634797036150 0.4883389174938202 0
1634797037559 0.49564671516418457 0
1634797038949 0.49217966198921204 0
