1634796073583 0.8700525164604187 0
1634796075891 0.6754667162895203 0
1634796077305 0.7786035537719727 0
1634796078767 0.936268150806427 0
1634796080177 0.8368714451789856 0
1634796081557 0.7293737530708313 0
1634796082958 0.5873157978057861 0
1634796084373 0.4889931082725525 0
1634796085800 0.44919416308403015 0
1634796087331 0.6247583627700806 0
1634796088776 0.5021504163742065 0
1634796091132 0.43644505739212036 0
1634796092541 0.5731667280197144 0
1634796094002 0.4067148268222809 0
1634796095407 0.531310498714447 0
1634796096841 0.477139949798584 0
1634796098281 0.5966811180114746 0
1634796099707 0.554607629776001 0
1634796101091 0.5450379252433777 0
1634796102500 0.5114518404006958 0
1634796103895 0.5039184093475342 0
1634796106243 0.49884694814682007 0
1634796107640 0.5922921299934387 0
1634796109053 0.35712045431137085 0
1634796110451 0.5684590339660645 0
1634796111822 0.4374472200870514 0
1634796113232 0.48702144622802734 0
1634796114631 0.489093154668808 0
1634796116009 0.5623408555984497 0
1634796117419 0.49967071413993835 0
1634796118810 0.42623159289360046 0
1634796121166 0.5838072896003723 0
1634796122565 0.5505808591842651 0
1634796123975 0.3697003722190857 0
1634796125384 0.5618734359741211 0
1634796126791 0.49009969830513 0
1634796128161 0.44591182470321655 0
1634796129528 0.46108919382095337 0
1634796130873 0.3429670035839081 0
1634796132236 0.4378505349159241 0
1634796133597 0.4784754812717438 0
1634796135898 0.4249183237552643 0
1634796137270 0.40826284885406494 0
1634796138631 0.3652607500553131 0
1634796140007 0.5310823321342468 0
1634796141367 0.4254593551158905 0
1634796142734 0.46888431906700134 0
1634796144086 0.42998409271240234 0
1634796145462 0.46421071887016296 0
1634796146811 0.4452834129333496 0
1634796148178 0.4121907949447632 0
1634796150441 0.33444052934646606 0
1634796151842 0.3667930066585541 0
1634796153226 0.46903106570243835 0
1634796154669 0.43210917711257935 0
1634796156046 0.4158816337585449 0
1634796157443 0.3828970789909363 0
1634796158836 0.38439562916755676 0
1634796160232 0.41675233840942383 0
1634796161600 0.44127559661865234 0
1634796162963 0.37012049555778503 0
1634796165196 0.4257188141345978 0
1634796166585 0.35129082202911377 0
1634796167945 0.3774869740009308 0
1634796169307 0.3827870190143585 0
1634796170667 0.3860616385936737 0
1634796172031 0.25776389241218567 0
1634796173393 0.39494824409484863 0
1634796174748 0.33196789026260376 0
1634796176114 0.3470948040485382 0
1634796177475 0.38112974166870117 0
1634796179822 0.35266804695129395 0
1634796181201 0.3186228573322296 0
1634796182561 0.38717445731163025 0
1634796183938 0.33596327900886536 0
1634796185302 0.3808283805847168 0
1634796186662 0.34605827927589417 0
1634796188023 0.39024412631988525 0
1634796189398 0.39346134662628174 0
1634796190759 0.35742485523223877 0
1634796192119 0.294912189245224 0
1634796194378 0.3985709846019745 0
1634796195765 0.45647504925727844 0
1634796197126 0.3969554007053375 0
1634796198501 0.35388460755348206 0
1634796199862 0.27699020504951477 0
1634796201225 0.3389839231967926 0
1634796202587 0.21572968363761902 0
1634796203949 0.3375612795352936 0
1634796205312 0.37910953164100647 0
1634796206688 0.3615836203098297 0
1634796208935 0.3336750566959381 0
1634796210314 0.3753410875797272 0
1634796211675 0.3292960226535797 0
1634796213035 0.2893146276473999 0
1634796214399 0.32796743512153625 0
1634796215759 0.333143949508667 0
1634796217128 0.30229970812797546 0
1634796218491 0.3078972399234772 0
1634796219853 0.26333433389663696 0
1634796221215 0.28854459524154663 0
1634796223547 0.33296120166778564 0
1634796224920 0.41760915517807007 0
1634796226281 0.2887033224105835 0
1634796227644 0.2757221758365631 0
1634796229010 0.27017703652381897 0
1634796230376 0.20489604771137238 0
1634796231737 0.3092762529850006 0
1634796233099 0.2858893871307373 0
1634796234466 0.27393394708633423 0
1634796235826 0.2774333357810974 0
1634796238055 0.24863511323928833 0
1634796239441 0.2554243505001068 0
1634796240802 0.2572603225708008 0
1634796242180 0.37403976917266846 0
1634796243525 0.2792079448699951 0
1634796244895 0.2656216025352478 0
1634796246271 0.3122711777687073 0
1634796247620 0.2723216414451599 0
1634796249010 0.27811965346336365 0
1634796250373 0.28774935007095337 0
1634796252624 0.3645099401473999 0
1634796253993 0.18352273106575012 0
1634796255354 0.2868043780326843 0
1634796256731 0.23253865540027618 0
1634796258096 0.2820320725440979 0
1634796259456 0.26092085242271423 0
1634796260826 0.26698562502861023 0
1634796262186 0.2780018448829651 0
1634796263547 0.25751808285713196 0
1634796264917 0.24029557406902313 0
1634796267167 0.24916140735149384 0
1634796268555 0.31539493799209595 0
1634796269916 0.24077503383159637 0
1634796271292 0.20105941593647003 0
1634796272643 0.2539772093296051 0
1634796274018 0.24223382771015167 0
1634796275379 0.24689234793186188 0
1634796276742 0.3378686010837555 0
1634796278103 0.22498269379138947 0
1634796279463 0.24353303015232086 0
1634796281808 0.19516529142856598 0
1634796283199 0.2526508867740631 0
1634796284560 0.22231701016426086 0
1634796285920 0.23257990181446075 0
1634796287296 0.24266529083251953 0
1634796288647 0.18044482171535492 0
1634796290008 0.31044802069664 0
1634796291368 0.22901228070259094 0
1634796292744 0.21977780759334564 0
1634796294105 0.2366253286600113 0
1634796296336 0.31329670548439026 0
1634796297713 0.19221936166286469 0
1634796299076 0.3036891222000122 0
1634796300454 0.22893452644348145 0
1634796301814 0.21120278537273407 0
1634796303163 0.20682069659233093 0
1634796304534 0.21133263409137726 0
1634796305910 0.29594823718070984 0
1634796307271 0.17841564118862152 0
1634796308633 0.20409108698368073 0
1634796310876 0.2122226059436798 0
1634796312249 0.26873430609703064 0
1634796313626 0.20630045235157013 0
1634796314971 0.17836901545524597 0
1634796316350 0.20187915861606598 0
1634796317699 0.17413242161273956 0
1634796319074 0.19759473204612732 0
1634796320435 0.21603377163410187 0
1634796321795 0.18643806874752045 0
1634796323160 0.17593857645988464 0
1634796325396 0.1921205073595047 0
1634796326784 0.20230568945407867 0
1634796328145 0.15662074089050293 0
1634796329506 0.1802753061056137 0
1634796330866 0.2659511864185333 0
1634796332241 0.1735052615404129 0
1634796333602 0.17679789662361145 0
1634796334965 0.19029895961284637 0
1634796336331 0.268367737531662 0
1634796337693 0.26707860827445984 0
1634796340084 0.19440968334674835 0
1634796341463 0.180052250623703 0
1634796342826 0.16867589950561523 0
1634796344186 0.17163725197315216 0
1634796345549 0.16888661682605743 0
1634796346910 0.24863344430923462 0
1634796348271 0.16362324357032776 0
1634796349653 0.19358809292316437 0
1634796351015 0.1737128645181656 0
1634796352375 0.24930106103420258 0
1634796354628 0.16806264221668243 0
1634796356003 0.1712818741798401 0
1634796357363 0.17255987226963043 0
1634796358725 0.21686699986457825 0
1634796360087 0.1666034460067749 0
1634796361453 0.15123338997364044 0
1634796362815 0.18895132839679718 0
1634796364176 0.25139856338500977 0
1634796365542 0.15988615155220032 0
1634796366902 0.1694401055574417 0
1634796369155 0.15796232223510742 0
1634796370532 0.1573045700788498 0
1634796371892 0.15935976803302765 0
1634796373254 0.22660033404827118 0
1634796374614 0.15722908079624176 0
1634796375962 0.1405211240053177 0
1634796377329 0.1604507714509964 0
1634796378706 0.16348297894001007 0
1634796380066 0.17964468896389008 0
1634796381426 0.15060849487781525 0
1634796383653 0.15615084767341614 0
1634796385049 0.16203200817108154 0
1634796386411 0.20060795545578003 0
1634796387774 0.17292597889900208 0
1634796389138 0.17423926293849945 0
1634796390498 0.15998439490795135 0
1634796391860 0.1516483724117279 0
1634796393238 0.1583855152130127 0
1634796394585 0.15107953548431396 0
1634796395951 0.17660528421401978 0
1634796398197 0.1553346812725067 0
1634796399586 0.15257547795772552 0
1634796400946 0.16254036128520966 0
1634796402386 0.13689947128295898 0
1634796403786 0.17666170001029968 0
1634796405249 0.1342363953590393 0
1634796406611 0.1484687477350235 0
1634796407972 0.13505128026008606 0
1634796409348 0.123101606965065 0
1634796410693 0.16664977371692657 0
1634796412959 0.1488541215658188 0
1634796414352 0.14983050525188446 0
1634796415727 0.1396975815296173 0
1634796417072 0.14872728288173676 0
1634796418449 0.20706064999103546 0
1634796419801 0.15897946059703827 0
1634796421165 0.1846533864736557 0
1634796422525 0.15247824788093567 0
1634796423893 0.14616155624389648 0
1634796425254 0.1424679458141327 0
1634796427708 0.12814758718013763 0
1634796429089 0.14907433092594147 0
1634796430449 0.15225909650325775 0
1634796431810 0.12500619888305664 0
1634796433170 0.1448378562927246 0
1634796434547 0.1272306591272354 0
1634796435897 0.1345984935760498 0
1634796437272 0.14972621202468872 0
1634796438620 0.13518306612968445 0
1634796439996 0.22413073480129242 0
1634796442233 0.12939180433750153 0
1634796443624 0.21075817942619324 0
1634796445003 0.1478922963142395 0
1634796446363 0.12656602263450623 0
1634796447723 0.14073023200035095 0
1634796449087 0.18405263125896454 0
1634796450447 0.13734431564807892 0
1634796451818 0.1284140646457672 0
1634796453180 0.13783283531665802 0
1634796454558 0.14105242490768433 0
1634796456833 0.12882815301418304 0
1634796458212 0.13281042873859406 0
1634796459572 0.17411580681800842 0
1634796460948 0.12584562599658966 0
1634796462296 0.14542578160762787 0
1634796463672 0.19226029515266418 0
1634796465018 0.11896520107984543 0
1634796466395 0.1245909035205841 0
1634796467755 0.12767155468463898 0
1634796469101 0.14902009069919586 0
1634796471374 0.14129072427749634 0
1634796472751 0.17534182965755463 0
1634796474112 0.1294063776731491 0
1634796475487 0.1352175921201706 0
1634796476848 0.13399150967597961 0
1634796478215 0.11365657299757004 0
1634796479560 0.12251639366149902 0
1634796480924 0.17739129066467285 0
1634796482300 0.12366311997175217 0
1634796483662 0.1302865594625473 0
1634796485922 0.1365480124950409 0
1634796487297 0.14957980811595917 0
1634796488659 0.17716969549655914 0
1634796490019 0.116453155875206 0
1634796491400 0.1331639587879181 0
1634796492763 0.11325490474700928 0
1634796494117 0.11748865246772766 0
1634796495493 0.1311153620481491 0
1634796496853 0.13169418275356293 0
1634796498215 0.12481999397277832 0
1634796500447 0.12240765243768692 0
1634796501825 0.12791381776332855 0
1634796503187 0.13547711074352264 0
1634796504577 0.11498430371284485 0
1634796505926 0.1232309341430664 0
1634796507287 0.14151984453201294 0
1634796508648 0.10768427699804306 0
1634796510019 0.14392921328544617 0
1634796511379 0.1291700154542923 0
1634796512739 0.12425389885902405 0
1634796514970 0.1261550933122635 0
1634796516348 0.12187965959310532 0
1634796517724 0.11895332485437393 0
1634796519102 0.11880562454462051 0
1634796520463 0.11560381948947906 0
1634796521828 0.11780884861946106 0
1634796523188 0.11475852876901627 0
1634796524549 0.12163347750902176 0
1634796525927 0.11406002938747406 0
1634796527288 0.12165146321058273 0
1634796529558 0.11582175642251968 0
1634796530918 0.12902399897575378 0
1634796532282 0.11304131895303726 0
1634796533644 0.10561881959438324 0
1634796535025 0.10876595973968506 0
1634796536386 0.12050978094339371 0
1634796537749 0.12928320467472076 0
1634796539110 0.1746153086423874 0
1634796540472 0.11760256439447403 0
1634796541848 0.11747782677412033 0
1634796544319 0.12465119361877441 0
1634796545679 0.1222483292222023 0
1634796547039 0.0998978316783905 0
1634796548415 0.12690369784832 0
1634796549764 0.13170520961284637 0
1634796551134 0.17397280037403107 0
1634796552512 0.13377918303012848 0
1634796553874 0.17530624568462372 0
1634796555250 0.17646639049053192 0
1634796556610 0.18223772943019867 0
1634796558819 0.09876692295074463 0
1634796560206 0.17464378476142883 0
1634796561553 0.09931007772684097 0
1634796562913 0.17268800735473633 0
1634796564285 0.09705086797475815 0
1634796565651 0.09921533614397049 0
1634796567011 0.1081833615899086 0
1634796568373 0.16065509617328644 0
1634796569725 0.09270015358924866 0
1634796571101 0.107943095266819 0
1634796573322 0.115056611597538 0
1634796574684 0.097483791410923 0
1634796576044 0.11736761033535004 0
1634796577404 0.09684064984321594 0
1634796578781 0.09529425203800201 0
1634796580125 0.11815138906240463 0
1634796581492 0.09584600478410721 0
1634796582851 0.12595292925834656 0
1634796584198 0.12911029160022736 0
1634796585559 0.1626579463481903 0
1634796587801 0.16412365436553955 0
1634796589176 0.1218731552362442 0
1634796590537 0.16081145405769348 0
1634796591897 0.11763889342546463 0
1634796593296 0.16693194210529327 0
1634796594706 0.11675243824720383 0
1634796596146 0.11844117194414139 0
1634796597520 0.11009456217288971 0
1634796598924 0.11556034535169601 0
1634796600288 0.1686403453350067 0
1634796602552 0.11785907298326492 0
1634796603914 0.1574082225561142 0
1634796605274 0.12210680544376373 0
1634796606650 0.12142051756381989 0
1634796608011 0.10083278268575668 0
1634796609371 0.12068797647953033 0
1634796610742 0.09752685576677322 0
1634796612103 0.10139476507902145 0
1634796613463 0.10518763214349747 0
1634796614825 0.11910531669855118 0
1634796617094 0.10340007394552231 0
1634796618474 0.1212063878774643 0
1634796619834 0.10608593374490738 0
1634796621226 0.10866650938987732 0
1634796622573 0.1737809181213379 0
1634796623950 0.1033015325665474 0
1634796625303 0.10069849342107773 0
1634796626670 0.17307744920253754 0
1634796628050 0.08801606297492981 0
1634796629411 0.1308574229478836 0
1634796631621 0.10163789242506027 0
1634796632993 0.15835104882717133 0
1634796634355 0.10391122102737427 0
1634796635700 0.08653344213962555 0
1634796637078 0.0870927944779396 0
1634796638426 0.08904823660850525 0
1634796639788 0.15399447083473206 0
1634796641148 0.09484193474054337 0
1634796642514 0.12624679505825043 0
1634796643876 0.0879666656255722 0
1634796646098 0.09047982841730118 0
1634796647476 0.11346826702356339 0
1634796648836 0.09570629894733429 0
1634796650197 0.10971886664628983 0
1634796651573 0.1019030511379242 0
1634796652934 0.09826035052537918 0
1634796654294 0.09112538397312164 0
1634796655670 0.08304546773433685 0
1634796657030 0.09008274227380753 0
1634796658391 0.0940096378326416 0
1634796660663 0.0903550460934639 0
1634796662034 0.16945941746234894 0
1634796663411 0.09136679023504257 0
1634796664756 0.11585550755262375 0
1634796666135 0.0865110456943512 0
1634796667494 0.17458762228488922 0
1634796668857 0.14444872736930847 0
1634796670216 0.13914376497268677 0
1634796671580 0.12768132984638214 0
1634796672963 0.11287333071231842 0
1634796675530 0.1228739395737648 0
1634796676907 0.17629344761371613 0
1634796678282 0.09575852006673813 0
1634796679658 0.10573425143957138 0
1634796681018 0.18424375355243683 0
1634796682385 0.1889379769563675 0
1634796683761 0.18582066893577576 0
1634796685118 0.14337044954299927 0
1634796686478 0.14658787846565247 0
1634796687842 0.14009030163288116 0
1634796690106 0.1355404108762741 0
1634796691488 0.18054413795471191 0
1634796692848 0.13991385698318481 0
1634796694224 0.16334734857082367 0
1634796695585 0.16669970750808716 0
1634796696949 0.1021261066198349 0
1634796698325 0.12567666172981262 0
1634796699686 0.11924240738153458 0
1634796701052 0.10392056405544281 0
1634796702431 0.15606413781642914 0
1634796704721 0.15553000569343567 0
1634796706081 0.11716548353433609 0
1634796707457 0.10954461991786957 0
1634796708833 0.1279696822166443 0
1634796710241 0.17485062777996063 0
1634796711695 0.11239413172006607 0
1634796713087 0.10185697674751282 0
1634796714476 0.15715543925762177 0
1634796715868 0.09873742610216141 0
1634796717294 0.11379679292440414 0
1634796719623 0.11561218649148941 0
1634796721056 0.0944015309214592 0
1634796722447 0.11367397755384445 0
1634796723842 0.11865414679050446 0
1634796725220 0.11382000893354416 0
1634796726625 0.08890368044376373 0
1634796728001 0.15051263570785522 0
1634796729448 0.07691563665866852 0
1634796730855 0.11391006410121918 0
1634796732246 0.11152529716491699 0
1634796734579 0.08701780438423157 0
1634796735948 0.17278824746608734 0
1634796737324 0.07986603677272797 0
1634796738685 0.08569232374429703 0
1634796740048 0.1688642054796219 0
1634796741429 0.0914786159992218 0
1634796742790 0.10483448952436447 0
1634796744166 0.09313328564167023 0
1634796745525 0.10658591240644455 0
1634796746901 0.1032455787062645 0
1634796749171 0.15047861635684967 0
1634796750564 0.07827271521091461 0
1634796751940 0.17421101033687592 0
1634796753332 0.09171581268310547 0
1634796754695 0.09728487581014633 0
1634796756078 0.08361414074897766 0
1634796757456 0.15045306086540222 0
1634796758819 0.1603708565235138 0
1634796760196 0.09978435188531876 0
1634796761560 0.10707426071166992 0
1634796763837 0.09986425936222076 0
1634796765229 0.09306853264570236 0
1634796766593 0.0851210206747055 0
1634796767983 0.0976153090596199 0
1634796769426 0.16781127452850342 0
1634796770821 0.08911105245351791 0
1634796772224 0.08640995621681213 0
1634796773600 0.16744136810302734 0
1634796774999 0.1040993258357048 0
1634796776392 0.08256866037845612 0
1634796778710 0.16569393873214722 0
1634796780136 0.0832764282822609 0
1634796781543 0.08257470279932022 0
1634796782952 0.08523189276456833 0
1634796784365 0.10547374188899994 0
1634796785803 0.07743804156780243 0
1634796787190 0.08398938179016113 0
1634796788568 0.10962439328432083 0
1634796789959 0.09154658764600754 0
1634796791352 0.16447491943836212 0
1634796793668 0.0780298188328743 0
1634796795099 0.08014512062072754 0
1634796796488 0.1643856316804886 0
1634796797898 0.1662929654121399 0
1634796799279 0.16545142233371735 0
1634796800677 0.0765811949968338 0
1634796802076 0.09390289336442947 0
1634796803475 0.07926564663648605 0
1634796804835 0.16534559428691864 0
1634796806216 0.07927852123975754 0
1634796808519 0.09488093852996826 0
1634796809947 0.07842019945383072 0
1634796811381 0.1634451299905777 0
1634796812822 0.07528328895568848 0
1634796814286 0.14524172246456146 0
1634796815708 0.1466112732887268 0
1634796817098 0.08364906907081604 0
1634796818533 0.074721559882164 0
1634796819945 0.07711822539567947 0
1634796821346 0.07663462311029434 0
1634796823729 0.07872101664543152 0
1634796825153 0.07742450386285782 0
1634796826561 0.08393207937479019 0
1634796827947 0.07718243449926376 0
1634796829385 0.08479052037000656 0
1634796830778 0.0740143358707428 0
1634796832189 0.15946294367313385 0
1634796833583 0.08849605917930603 0
1634796835002 0.1627199947834015 0
1634796836380 0.08333941549062729 0
1634796839067 0.08534116297960281 0
1634796840511 0.09819129854440689 0
1634796841891 0.07060109823942184 0
1634796843269 0.14475257694721222 0
1634796844662 0.14511160552501678 0
1634796846068 0.07417148351669312 0
1634796847506 0.09476131945848465 0
1634796848898 0.07964827120304108 0
1634796850294 0.08167038857936859 0
1634796851676 0.09606419503688812 0
1634796853933 0.09517738968133926 0
1634796855364 0.16003568470478058 0
1634796856812 0.07808791100978851 0
1634796858203 0.09305701404809952 0
1634796859596 0.0902230516076088 0
1634796861008 0.15105247497558594 0
1634796862410 0.07299445569515228 0
1634796863796 0.15828686952590942 0
1634796865245 0.08742091804742813 0
1634796866647 0.09322019666433334 0
1634796868950 0.06841424107551575 0
1634796870380 0.15686535835266113 0
1634796871833 0.07383304089307785 0
1634796873206 0.09072995185852051 0
1634796874612 0.06606069207191467 0
1634796876056 0.07655354589223862 0
1634796877455 0.06624382734298706 0
1634796878847 0.08435150980949402 0
1634796880230 0.07897839695215225 0
1634796881660 0.15628930926322937 0
1634796883935 0.09442044794559479 0
1634796885351 0.08931219577789307 0
1634796886772 0.15584133565425873 0
1634796888170 0.07042546570301056 0
1634796889571 0.1417524814605713 0
1634796890989 0.06793738901615143 0
1634796892385 0.0690598115324974 0
1634796893785 0.09223474562168121 0
1634796895176 0.09364144504070282 0
1634796896597 0.0888061448931694 0
1634796898904 0.06714902818202972 0
1634796900296 0.061128564178943634 0
1634796901689 0.06474188715219498 0
1634796903098 0.0859302207827568 0
1634796904522 0.06333637982606888 0
1634796905940 0.09275362640619278 0
1634796907363 0.07742632925510406 0
1634796908756 0.09164483100175858 0
1634796910134 0.06771526485681534 0
1634796911529 0.14388304948806763 0
1634796913804 0.06832706183195114 0
1634796915231 0.06929734349250793 0
1634796916621 0.06967011839151382 0
1634796917992 0.0720207542181015 0
1634796919369 0.08463423699140549 0
1634796920733 0.07387667894363403 0
1634796922109 0.06481163203716278 0
1634796923487 0.15355917811393738 0
1634796924848 0.08445922285318375 0
1634796926209 0.08303692936897278 0
1634796928451 0.0679558664560318 0
1634796929829 0.05990298464894295 0
1634796931216 0.07439020276069641 0
1634796932578 0.1415463387966156 0
1634796933954 0.07363736629486084 0
1634796935307 0.14267587661743164 0
1634796936668 0.07353823632001877 0
1634796938028 0.06385844200849533 0
1634796939390 0.06426022201776505 0
1634796940766 0.062937431037426 0
1634796943002 0.08436592668294907 0
1634796944440 0.0668114572763443 0
1634796945849 0.06744285672903061 0
1634796947257 0.07031627744436264 0
1634796948651 0.07191211730241776 0
1634796950063 0.14070473611354828 0
1634796951458 0.0584537573158741 0
1634796952865 0.06642564386129379 0
1634796954273 0.06677920371294022 0
1634796955678 0.08690813928842545 0
1634796957963 0.06504009664058685 0
1634796959396 0.1541168987751007 0
1634796960819 0.15414950251579285 0
1634796962218 0.09157657623291016 0
1634796963616 0.0835377499461174 0
1634796965035 0.06763406842947006 0
1634796966413 0.0676511824131012 0
1634796967847 0.09299995005130768 0
1634796969255 0.0646226704120636 0
1634796970650 0.07187365740537643 0
1634796972937 0.07065833359956741 0
1634796974363 0.08416732400655746 0
1634796975755 0.07137522846460342 0
1634796977134 0.08179113268852234 0
1634796978543 0.06480471044778824 0
1634796979924 0.14041097462177277 0
1634796981316 0.09008371829986572 0
1634796982707 0.08073118329048157 0
1634796984101 0.06436945497989655 0
1634796985493 0.1401839554309845 0
1634796987767 0.07326474785804749 0
1634796989242 0.07880442589521408 0
1634796990635 0.068068727850914 0
1634796992028 0.08802403509616852 0
1634796993394 0.06460689008235931 0
1634796994775 0.08785571157932281 0
1634796996137 0.13995638489723206 0
1634796997513 0.07848228514194489 0
1634796998889 0.0794733390212059 0
1634797000240 0.15382568538188934 0
1634797002486 0.059515051543712616 0
1634797003876 0.15367920696735382 0
1634797005268 0.08007349073886871 0
1634797006631 0.06569591164588928 0
1634797008051 0.0798141360282898 0
1634797009431 0.0617503859102726 0
1634797010810 0.06106972694396973 0
1634797012155 0.06763295084238052 0
1634797013536 0.06488004326820374 0
1634797014894 0.079951710999012 0
1634797017136 0.06339730322360992 0
1634797018528 0.0803941860795021 0
1634797019905 0.1548139601945877 0
1634797021283 0.0843275785446167 0
1634797022648 0.06374933570623398 0
1634797024027 0.15467973053455353 0
1634797025423 0.05885256826877594 0
1634797026828 0.13894574344158173 0
1634797028204 0.08758468180894852 0
1634797029610 0.06073593348264694 0
1634797031935 0.07738219201564789 0
1634797033363 0.08810970932245255 0
1634797034757 0.061430733650922775 0
1634797036150 0.05688338726758957 0
1634797037559 0.06166901811957359 0
1634797038949 0.15340228378772736 0
