1634794725863 0.8700525164604187 0
1634794728269 0.6754667162895203 0
1634794729681 0.7786035537719727 0
1634794731117 0.936268150806427 0
1634794732485 0.8368714451789856 0
1634794733852 0.7293737530708313 0
1634794735214 0.5873157978057861 0
1634794736565 0.4889931082725525 0
1634794737925 0.44919416308403015 0
1634794739273 0.6247583627700806 0
1634794740652 0.5021504163742065 0
1634794742900 0.43644505739212036 0
1634794744307 0.5731667280197144 0
1634794745721 0.4067148268222809 0
1634794747098 0.531310498714447 0
1634794748494 0.477139949798584 0
1634794749895 0.5966811180114746 0
1634794751268 0.554607629776001 0
1634794752631 0.5450379252433777 0
1634794753994 0.5114518404006958 0
1634794755356 0.5039184093475342 0
1634794757651 0.49884694814682007 0
1634794759052 0.5922921299934387 0
1634794760428 0.35712045431137085 0
1634794761791 0.5684590339660645 0
1634794763154 0.4374472200870514 0
1634794764530 0.48702144622802734 0
1634794765894 0.489093154668808 0
1634794767306 0.5623408555984497 0
1634794768741 0.49967071413993835 0
1634794770117 0.42623159289360046 0
1634794772397 0.5838072896003723 0
1634794773843 0.5505808591842651 0
1634794775290 0.3697003722190857 0
1634794776682 0.5618734359741211 0
1634794778092 0.49009969830513 0
1634794779485 0.44591182470321655 0
1634794780879 0.46108919382095337 0
1634794782256 0.3429670035839081 0
1634794783672 0.4378505349159241 0
1634794785061 0.4784754812717438 0
1634794787350 0.4249183237552643 0
1634794788753 0.40826284885406494 0
1634794790113 0.3652607500553131 0
1634794791506 0.5310823321342468 0
1634794792945 0.4254593551158905 0
1634794794327 0.46888431906700134 0
1634794795725 0.42998409271240234 0
1634794797126 0.46421071887016296 0
1634794798504 0.4452834129333496 0
1634794799882 0.4121907949447632 0
1634794802137 0.33444052934646606 0
1634794803515 0.3667930066585541 0
1634794804988 0.46903106570243835 0
1634794806381 0.43210917711257935 0
1634794807759 0.4158816337585449 0
1634794809121 0.3828970789909363 0
1634794810497 0.38439562916755676 0
1634794811877 0.41675233840942383 0
1634794813272 0.44127559661865234 0
1634794814682 0.37012049555778503 0
1634794816963 0.4257188141345978 0
1634794818401 0.35129082202911377 0
1634794819790 0.3774869740009308 0
1634794821166 0.3827870190143585 0
1634794822526 0.3860616385936737 0
1634794823888 0.25776389241218567 0
1634794825252 0.39494824409484863 0
1634794826616 0.33196789026260376 0
1634794827977 0.3470948040485382 0
1634794829341 0.38112974166870117 0
1634794831657 0.35266804695129395 0
1634794833049 0.3186228573322296 0
1634794834428 0.38717445731163025 0
1634794835789 0.33596327900886536 0
1634794837165 0.3808283805847168 0
1634794838529 0.34605827927589417 0
1634794839905 0.39024412631988525 0
1634794841269 0.39346134662628174 0
1634794842632 0.35742485523223877 0
1634794843993 0.294912189245224 0
1634794846247 0.3985709846019745 0
1634794847623 0.45647504925727844 0
1634794849051 0.3969554007053375 0
1634794850499 0.35388460755348206 0
1634794851914 0.27699020504951477 0
1634794853307 0.3389839231967926 0
1634794854708 0.21572968363761902 0
1634794856112 0.3375612795352936 0
1634794857506 0.37910953164100647 0
1634794858949 0.3615836203098297 0
1634794861389 0.3336750566959381 0
1634794862796 0.3753410875797272 0
1634794864220 0.3292960226535797 0
1634794865633 0.2893146276473999 0
1634794867049 0.32796743512153625 0
1634794868459 0.333143949508667 0
1634794869876 0.30229970812797546 0
1634794871285 0.3078972399234772 0
1634794872703 0.26333433389663696 0
1634794874098 0.28854459524154663 0
1634794876462 0.33296120166778564 0
1634794877866 0.41760915517807007 0
1634794879284 0.2887033224105835 0
1634794880719 0.2757221758365631 0
1634794882115 0.27017703652381897 0
1634794883507 0.20489604771137238 0
1634794884907 0.3092762529850006 0
1634794886283 0.2858893871307373 0
1634794887694 0.27393394708633423 0
1634794889146 0.2774333357810974 0
1634794891424 0.24863511323928833 0
1634794892872 0.2554243505001068 0
1634794894279 0.2572603225708008 0
1634794895693 0.37403976917266846 0
1634794897111 0.2792079448699951 0
1634794898522 0.2656216025352478 0
1634794899925 0.3122711777687073 0
1634794901286 0.2723216414451599 0
1634794902647 0.27811965346336365 0
1634794904020 0.28774935007095337 0
1634794906273 0.3645099401473999 0
1634794907718 0.18352273106575012 0
1634794909106 0.2868043780326843 0
1634794910530 0.23253865540027618 0
1634794911949 0.2820320725440979 0
1634794913364 0.26092085242271423 0
1634794914804 0.26698562502861023 0
1634794916201 0.2780018448829651 0
1634794917597 0.25751808285713196 0
1634794918967 0.24029557406902313 0
1634794921196 0.24916140735149384 0
1634794922606 0.31539493799209595 0
1634794923999 0.24077503383159637 0
1634794925394 0.20105941593647003 0
1634794926806 0.2539772093296051 0
1634794928227 0.24223382771015167 0
1634794929634 0.24689234793186188 0
1634794931034 0.3378686010837555 0
1634794932438 0.22498269379138947 0
1634794933801 0.24353303015232086 0
1634794936141 0.19516529142856598 0
1634794937534 0.2526508867740631 0
1634794938925 0.22231701016426086 0
1634794940287 0.23257990181446075 0
1634794941673 0.24266529083251953 0
1634794943091 0.18044482171535492 0
1634794944512 0.31044802069664 0
1634794945934 0.22901228070259094 0
1634794947327 0.21977780759334564 0
1634794948720 0.2366253286600113 0
1634794950973 0.31329670548439026 0
1634794952381 0.19221936166286469 0
1634794953798 0.3036891222000122 0
1634794955212 0.22893452644348145 0
1634794956671 0.21120278537273407 0
1634794958049 0.20682069659233093 0
1634794959426 0.21133263409137726 0
1634794960822 0.29594823718070984 0
1634794962215 0.17841564118862152 0
1634794963607 0.20409108698368073 0
1634794965855 0.2122226059436798 0
1634794967280 0.26873430609703064 0
1634794968694 0.20630045235157013 0
1634794970055 0.17836901545524597 0
1634794971418 0.20187915861606598 0
1634794972795 0.17413242161273956 0
1634794974147 0.19759473204612732 0
1634794975524 0.21603377163410187 0
1634794976869 0.18643806874752045 0
1634794978251 0.17593857645988464 0
1634794980460 0.1921205073595047 0
1634794981854 0.20230568945407867 0
1634794983215 0.15662074089050293 0
1634794984610 0.1802753061056137 0
1634794986065 0.2659511864185333 0
1634794987474 0.1735052615404129 0
1634794988852 0.17679789662361145 0
1634794990231 0.19029895961284637 0
1634794991653 0.268367737531662 0
1634794993044 0.26707860827445984 0
1634794995523 0.19440968334674835 0
1634794996941 0.180052250623703 0
1634794998336 0.16867589950561523 0
1634794999743 0.17163725197315216 0
1634795001130 0.16888661682605743 0
1634795002541 0.24863344430923462 0
1634795003903 0.16362324357032776 0
1634795005294 0.19358809292316437 0
1634795006677 0.1737128645181656 0
1634795008070 0.24930106103420258 0
1634795010310 0.16806264221668243 0
1634795011739 0.1712818741798401 0
1634795013131 0.17255987226963043 0
1634795014532 0.21686699986457825 0
1634795015944 0.1666034460067749 0
1634795017325 0.15123338997364044 0
1634795018686 0.18895132839679718 0
1634795020047 0.25139856338500977 0
1634795021493 0.15988615155220032 0
1634795022904 0.1694401055574417 0
1634795025169 0.15796232223510742 0
1634795026595 0.1573045700788498 0
1634795027987 0.15935976803302765 0
1634795029363 0.22660033404827118 0
1634795030726 0.15722908079624176 0
1634795032086 0.1405211240053177 0
1634795033474 0.1604507714509964 0
1634795034855 0.16348297894001007 0
1634795036262 0.17964468896389008 0
1634795037663 0.15060849487781525 0
1634795039911 0.15615084767341614 0
1634795041326 0.16203200817108154 0
1634795042745 0.20060795545578003 0
1634795044208 0.17292597889900208 0
1634795045601 0.17423926293849945 0
1634795046995 0.15998439490795135 0
1634795048378 0.1516483724117279 0
1634795049770 0.1583855152130127 0
1634795051177 0.15107953548431396 0
1634795052575 0.17660528421401978 0
1634795054830 0.1553346812725067 0
1634795056293 0.15257547795772552 0
1634795057709 0.16254036128520966 0
1634795059116 0.13689947128295898 0
1634795060532 0.17666170001029968 0
1634795061978 0.1342363953590393 0
1634795063343 0.1484687477350235 0
1634795064737 0.13505128026008606 0
1634795066125 0.123101606965065 0
1634795067534 0.16664977371692657 0
1634795069811 0.1488541215658188 0
1634795071252 0.14983050525188446 0
1634795072674 0.1396975815296173 0
1634795074067 0.14872728288173676 0
1634795075491 0.20706064999103546 0
1634795076897 0.15897946059703827 0
1634795078290 0.1846533864736557 0
1634795079741 0.15247824788093567 0
1634795081165 0.14616155624389648 0
1634795082603 0.1424679458141327 0
1634795085142 0.12814758718013763 0
1634795086625 0.14907433092594147 0
1634795088080 0.15225909650325775 0
1634795089515 0.12500619888305664 0
1634795090933 0.1448378562927246 0
1634795092361 0.1272306591272354 0
1634795093814 0.1345984935760498 0
1634795095230 0.14972621202468872 0
1634795096634 0.13518306612968445 0
1634795098033 0.22413073480129242 0
1634795100298 0.12939180433750153 0
1634795101715 0.21075817942619324 0
1634795103109 0.1478922963142395 0
1634795104511 0.12656602263450623 0
1634795105913 0.14073023200035095 0
1634795107304 0.18405263125896454 0
1634795108680 0.13734431564807892 0
1634795110059 0.1284140646457672 0
1634795111456 0.13783283531665802 0
1634795112849 0.14105242490768433 0
1634795115141 0.12882815301418304 0
1634795116592 0.13281042873859406 0
1634795118002 0.17411580681800842 0
1634795119406 0.12584562599658966 0
1634795120825 0.14542578160762787 0
1634795122282 0.19226029515266418 0
1634795123680 0.11896520107984543 0
1634795125073 0.1245909035205841 0
1634795126468 0.12767155468463898 0
1634795127859 0.14902009069919586 0
1634795130149 0.14129072427749634 0
1634795131589 0.17534182965755463 0
1634795132982 0.1294063776731491 0
1634795134391 0.1352175921201706 0
1634795135796 0.13399150967597961 0
1634795137214 0.11365657299757004 0
1634795138660 0.12251639366149902 0
1634795140126 0.17739129066467285 0
1634795141531 0.12366311997175217 0
1634795142951 0.1302865594625473 0
1634795145189 0.1365480124950409 0
1634795146610 0.14957980811595917 0
1634795148013 0.17716969549655914 0
1634795149412 0.116453155875206 0
1634795150777 0.1331639587879181 0
1634795152158 0.11325490474700928 0
1634795153563 0.11748865246772766 0
1634795154933 0.1311153620481491 0
1634795156297 0.13169418275356293 0
1634795157661 0.12481999397277832 0
1634795159989 0.12240765243768692 0
1634795161429 0.12791381776332855 0
1634795162813 0.13547711074352264 0
1634795164252 0.11498430371284485 0
1634795165626 0.1232309341430664 0
1634795167030 0.14151984453201294 0
1634795168481 0.10768427699804306 0
1634795169893 0.14392921328544617 0
1634795171346 0.1291700154542923 0
1634795172768 0.12425389885902405 0
1634795175121 0.1261550933122635 0
1634795176567 0.12187965959310532 0
1634795178029 0.11895332485437393 0
1634795179481 0.11880562454462051 0
1634795180939 0.11560381948947906 0
1634795182301 0.11780884861946106 0
1634795183699 0.11475852876901627 0
1634795185127 0.12163347750902176 0
1634795186524 0.11406002938747406 0
1634795188002 0.12165146321058273 0
1634795190402 0.11582175642251968 0
1634795191843 0.12902399897575378 0
1634795193253 0.11304131895303726 0
1634795194683 0.10561881959438324 0
1634795196083 0.10876595973968506 0
1634795197516 0.12050978094339371 0
1634795198949 0.12928320467472076 0
1634795200382 0.1746153086423874 0
1634795201887 0.11760256439447403 0
1634795203368 0.11747782677412033 0
1634795206022 0.12465119361877441 0
1634795207555 0.1222483292222023 0
1634795208952 0.0998978316783905 0
1634795210321 0.12690369784832 0
1634795211716 0.13170520961284637 0
1634795213142 0.17397280037403107 0
1634795214550 0.13377918303012848 0
1634795215980 0.17530624568462372 0
1634795217376 0.17646639049053192 0
1634795218752 0.18223772943019867 0
1634795220990 0.09876692295074463 0
1634795222408 0.17464378476142883 0
1634795223787 0.09931007772684097 0
1634795225149 0.17268800735473633 0
1634795226526 0.09705086797475815 0
1634795227890 0.09921533614397049 0
1634795229252 0.1081833615899086 0
1634795230629 0.16065509617328644 0
1634795231993 0.09270015358924866 0
1634795233369 0.107943095266819 0
1634795235598 0.115056611597538 0
1634795237006 0.097483791410923 0
1634795238400 0.11736761033535004 0
1634795239778 0.09684064984321594 0
1634795241166 0.09529425203800201 0
1634795242613 0.11815138906240463 0
1634795244089 0.09584600478410721 0
1634795245518 0.12595292925834656 0
1634795246934 0.12911029160022736 0
1634795248360 0.1626579463481903 0
1634795250697 0.16412365436553955 0
1634795252159 0.1218731552362442 0
1634795253602 0.16081145405769348 0
1634795255031 0.11763889342546463 0
1634795256477 0.16693194210529327 0
1634795257864 0.11675243824720383 0
1634795259282 0.11844117194414139 0
1634795260696 0.11009456217288971 0
1634795262091 0.11556034535169601 0
1634795263468 0.1686403453350067 0
1634795265757 0.11785907298326492 0
1634795267195 0.1574082225561142 0
1634795268595 0.12210680544376373 0
1634795269986 0.12142051756381989 0
1634795271395 0.10083278268575668 0
1634795272803 0.12068797647953033 0
1634795274187 0.09752685576677322 0
1634795275563 0.10139476507902145 0
1634795276954 0.10518763214349747 0
1634795278395 0.11910531669855118 0
1634795280683 0.10340007394552231 0
1634795282156 0.1212063878774643 0
1634795283551 0.10608593374490738 0
1634795284995 0.10866650938987732 0
1634795286437 0.1737809181213379 0
1634795287850 0.1033015325665474 0
1634795289242 0.10069849342107773 0
1634795290645 0.17307744920253754 0
1634795292058 0.08801606297492981 0
1634795293450 0.1308574229478836 0
1634795295714 0.10163789242506027 0
1634795297189 0.15835104882717133 0
1634795298564 0.10391122102737427 0
1634795299980 0.08653344213962555 0
1634795301389 0.0870927944779396 0
1634795302787 0.08904823660850525 0
1634795304205 0.15399447083473206 0
1634795305644 0.09484193474054337 0
1634795307091 0.12624679505825043 0
1634795308532 0.0879666656255722 0
1634795310785 0.09047982841730118 0
1634795312209 0.11346826702356339 0
1634795313587 0.09570629894733429 0
1634795314949 0.10971886664628983 0
1634795316312 0.1019030511379242 0
1634795317708 0.09826035052537918 0
1634795319072 0.09112538397312164 0
1634795320433 0.08304546773433685 0
1634795321812 0.09008274227380753 0
1634795323209 0.0940096378326416 0
1634795325535 0.0903550460934639 0
1634795326985 0.16945941746234894 0
1634795328400 0.09136679023504257 0
1634795329793 0.11585550755262375 0
1634795331206 0.0865110456943512 0
1634795332590 0.17458762228488922 0
1634795334004 0.14444872736930847 0
1634795335439 0.13914376497268677 0
1634795336886 0.12768132984638214 0
1634795338294 0.11287333071231842 0
1634795340973 0.1228739395737648 0
1634795342382 0.17629344761371613 0
1634795343798 0.09575852006673813 0
1634795345214 0.10573425143957138 0
1634795346660 0.18424375355243683 0
1634795348085 0.1889379769563675 0
1634795349520 0.18582066893577576 0
1634795350935 0.14337044954299927 0
1634795352394 0.14658787846565247 0
1634795353807 0.14009030163288116 0
1634795356111 0.1355404108762741 0
1634795357612 0.18054413795471191 0
1634795359075 0.13991385698318481 0
1634795360503 0.16334734857082367 0
1634795361970 0.16669970750808716 0
1634795363431 0.1021261066198349 0
1634795364816 0.12567666172981262 0
1634795366188 0.11924240738153458 0
1634795367600 0.10392056405544281 0
1634795368961 0.15606413781642914 0
1634795371212 0.15553000569343567 0
1634795372650 0.11716548353433609 0
1634795374043 0.10954461991786957 0
1634795375413 0.1279696822166443 0
1634795376791 0.17485062777996063 0
1634795378214 0.11239413172006607 0
1634795379590 0.10185697674751282 0
1634795380982 0.15715543925762177 0
1634795382385 0.09873742610216141 0
1634795383794 0.11379679292440414 0
1634795386110 0.11561218649148941 0
1634795387564 0.0944015309214592 0
1634795388980 0.11367397755384445 0
1634795390391 0.11865414679050446 0
1634795391772 0.11382000893354416 0
1634795393206 0.08890368044376373 0
1634795394611 0.15051263570785522 0
1634795396017 0.07691563665866852 0
1634795397428 0.11391006410121918 0
1634795398852 0.11152529716491699 0
1634795401117 0.08701780438423157 0
1634795402585 0.17278824746608734 0
1634795404023 0.07986603677272797 0
1634795405427 0.08569232374429703 0
1634795406850 0.1688642054796219 0
1634795408261 0.0914786159992218 0
1634795409663 0.10483448952436447 0
1634795411099 0.09313328564167023 0
1634795412517 0.10658591240644455 0
1634795413976 0.1032455787062645 0
1634795416316 0.15047861635684967 0
1634795417753 0.07827271521091461 0
1634795419185 0.17421101033687592 0
1634795420583 0.09171581268310547 0
1634795422037 0.09728487581014633 0
1634795423486 0.08361414074897766 0
1634795424936 0.15045306086540222 0
1634795426366 0.1603708565235138 0
1634795427749 0.09978435188531876 0
1634795429156 0.10707426071166992 0
1634795431489 0.09986425936222076 0
1634795432951 0.09306853264570236 0
1634795434352 0.0851210206747055 0
1634795435795 0.0976153090596199 0
1634795437177 0.16781127452850342 0
1634795438532 0.08911105245351791 0
1634795439933 0.08640995621681213 0
1634795441384 0.16744136810302734 0
1634795442809 0.1040993258357048 0
1634795444236 0.08256866037845612 0
1634795446532 0.16569393873214722 0
1634795448031 0.0832764282822609 0
1634795449432 0.08257470279932022 0
1634795450867 0.08523189276456833 0
1634795452289 0.10547374188899994 0
1634795453691 0.07743804156780243 0
1634795455109 0.08398938179016113 0
1634795456516 0.10962439328432083 0
1634795457885 0.09154658764600754 0
1634795459297 0.16447491943836212 0
1634795461628 0.0780298188328743 0
1634795463086 0.08014512062072754 0
1634795464479 0.1643856316804886 0
1634795465969 0.1662929654121399 0
1634795467382 0.16545142233371735 0
1634795468816 0.0765811949968338 0
1634795470233 0.09390289336442947 0
1634795471683 0.07926564663648605 0
1634795473112 0.16534559428691864 0
1634795474503 0.07927852123975754 0
1634795476877 0.09488093852996826 0
1634795478336 0.07842019945383072 0
1634795479774 0.1634451299905777 0
1634795481206 0.07528328895568848 0
1634795482653 0.14524172246456146 0
1634795484049 0.1466112732887268 0
1634795485503 0.08364906907081604 0
1634795486912 0.074721559882164 0
1634795488337 0.07711822539567947 0
1634795489747 0.07663462311029434 0
1634795492096 0.07872101664543152 0
1634795493609 0.07742450386285782 0
1634795495051 0.08393207937479019 0
1634795496484 0.07718243449926376 0
1634795497968 0.08479052037000656 0
1634795499345 0.0740143358707428 0
1634795500789 0.15946294367313385 0
1634795502224 0.08849605917930603 0
1634795503648 0.1627199947834015 0
1634795505086 0.08333941549062729 0
1634795507896 0.08534116297960281 0
1634795509368 0.09819129854440689 0
1634795510770 0.07060109823942184 0
1634795512242 0.14475257694721222 0
1634795513695 0.14511160552501678 0
1634795515106 0.07417148351669312 0
1634795516512 0.09476131945848465 0
1634795517929 0.07964827120304108 0
1634795519399 0.08167038857936859 0
1634795520804 0.09606419503688812 0
1634795523139 0.09517738968133926 0
1634795524643 0.16003568470478058 0
1634795526116 0.07808791100978851 0
1634795527570 0.09305701404809952 0
1634795529034 0.0902230516076088 0
1634795530410 0.15105247497558594 0
1634795531832 0.07299445569515228 0
1634795533285 0.15828686952590942 0
1634795534718 0.08742091804742813 0
1634795536187 0.09322019666433334 0
1634795538504 0.06841424107551575 0
1634795540001 0.15686535835266113 0
1634795541432 0.07383304089307785 0
1634795542846 0.09072995185852051 0
1634795544267 0.06606069207191467 0
1634795545695 0.07655354589223862 0
