1634794725863 0.8111516833305359 0
1634794728269 0.6239497065544128 0
1634794729696 0.4262896776199341 0
1634794731117 0.6580580472946167 0
1634794732485 0.7111021876335144 0
1634794733852 0.3779091536998749 0
1634794735214 0.3936949670314789 0
1634794736565 0.39739248156547546 0
1634794737925 0.4549194276332855 0
1634794739273 0.2637166976928711 0
1634794740652 0.5380226969718933 0
1634794742900 0.33337539434432983 0
1634794744307 0.29607343673706055 0
1634794745721 0.40168651938438416 0
1634794747098 0.19599121809005737 0
1634794748494 0.3001687228679657 0
1634794749895 0.2975088059902191 0
1634794751268 0.2813169062137604 0
1634794752631 0.18911504745483398 0
1634794753994 0.2369127720594406 0
1634794755356 0.4522569179534912 0
1634794757651 0.4351440370082855 0
1634794759052 0.1834620237350464 0
1634794760428 0.35086876153945923 0
1634794761791 0.4536847770214081 0
1634794763154 0.42474719882011414 0
1634794764530 0.1931719034910202 0
1634794765894 0.22431692481040955 0
1634794767306 0.17828157544136047 0
1634794768741 0.2374376505613327 0
1634794770133 0.24341532588005066 0
1634794772397 0.2249114215373993 0
1634794773843 0.2679023742675781 0
1634794775305 0.299306720495224 0
1634794776698 0.3105311393737793 0
1634794778092 0.2350894659757614 0
1634794779485 0.4190593659877777 0
1634794780879 0.21737873554229736 0
1634794782256 0.2796184718608856 0
1634794783672 0.4024006724357605 0
1634794785061 0.11654024571180344 0
1634794787350 0.38636621832847595 0
1634794788753 0.17540597915649414 0
1634794790113 0.2954726219177246 0
1634794791506 0.1324869990348816 0
1634794792945 0.1991533637046814 0
1634794794327 0.25001317262649536 0
1634794795725 0.1910301148891449 0
1634794797126 0.24914872646331787 0
1634794798519 0.12992286682128906 0
1634794799882 0.3639850616455078 0
1634794802139 0.24587856233119965 0
1634794803515 0.1703784465789795 0
1634794804988 0.17840301990509033 0
1634794806381 0.24595610797405243 0
1634794807759 0.20824649930000305 0
1634794809138 0.344639390707016 0
1634794810497 0.3427280783653259 0
1634794811877 0.15584686398506165 0
1634794813272 0.19047734141349792 0
1634794814682 0.3599511981010437 0
1634794816963 0.10713358968496323 0
1634794818401 0.15115800499916077 0
1634794819790 0.34043848514556885 0
1634794821166 0.12144128978252411 0
1634794822526 0.21582047641277313 0
1634794823888 0.2576170861721039 0
1634794825252 0.220035120844841 0
1634794826616 0.1286771297454834 0
1634794827977 0.3396008014678955 0
1634794829341 0.21742743253707886 0
1634794831657 0.3247274160385132 0
1634794833049 0.14017575979232788 0
1634794834428 0.14860646426677704 0
1634794835789 0.1223626360297203 0
1634794837165 0.3199705481529236 0
1634794838529 0.33781298995018005 0
1634794839905 0.11381980031728745 0
1634794841269 0.12570372223854065 0
1634794842632 0.3294680416584015 0
1634794843993 0.1953725814819336 0
1634794846247 0.1264069527387619 0
1634794847639 0.12955239415168762 0
1634794849053 0.14592456817626953 0
1634794850499 0.32788899540901184 0
1634794851914 0.19908826053142548 0
1634794853307 0.13979357481002808 0
1634794854724 0.18545442819595337 0
1634794856114 0.3368850350379944 0
1634794857506 0.14174769818782806 0
1634794858950 0.11552071571350098 0
1634794861391 0.3166629672050476 0
1634794862797 0.13474011421203613 0
1634794864222 0.10850374400615692 0
1634794865635 0.11284013837575912 0
1634794867050 0.32735008001327515 0
1634794868460 0.22767743468284607 0
1634794869878 0.176544651389122 0
1634794871286 0.15704791247844696 0
1634794872705 0.20818674564361572 0
1634794874100 0.33083975315093994 0
1634794876464 0.1611844003200531 0
1634794877867 0.14833931624889374 0
1634794879284 0.3541663587093353 0
1634794880719 0.33007070422172546 0
1634794882115 0.29651015996932983 0
1634794883507 0.2136564701795578 0
1634794884907 0.20076242089271545 0
1634794886283 0.12619855999946594 0
1634794887695 0.13704252243041992 0
1634794889146 0.33557039499282837 0
1634794891426 0.11953902244567871 0
1634794892874 0.13693767786026 0
1634794894279 0.3262167274951935 0
1634794895693 0.15125194191932678 0
1634794897113 0.13432064652442932 0
1634794898538 0.13253286480903625 0
1634794899925 0.320737361907959 0
1634794901288 0.13820214569568634 0
1634794902647 0.14761580526828766 0
1634794904021 0.13035395741462708 0
1634794906275 0.13058669865131378 0
1634794907720 0.1740977019071579 0
1634794909106 0.12546180188655853 0
1634794910530 0.13782255351543427 0
1634794911950 0.13269264996051788 0
1634794913379 0.1518627107143402 0
1634794914805 0.20394515991210938 0
1634794916202 0.18385235965251923 0
1634794917597 0.22541289031505585 0
1634794918967 0.16304783523082733 0
1634794921211 0.3351745009422302 0
1634794922606 0.1312195211648941 0
1634794924001 0.13368962705135345 0
1634794925394 0.14377526938915253 0
1634794926806 0.16259318590164185 0
1634794928227 0.33989161252975464 0
1634794929650 0.1951223909854889 0
1634794931034 0.19525420665740967 0
1634794932440 0.12439139932394028 0
1634794933801 0.13743537664413452 0
1634794936141 0.11719866842031479 0
1634794937534 0.14745712280273438 0
1634794938925 0.31159505248069763 0
1634794940287 0.1613684743642807 0
1634794941675 0.13266031444072723 0
1634794943092 0.09962350130081177 0
1634794944512 0.15065829455852509 0
1634794945934 0.12928804755210876 0
1634794947327 0.26651909947395325 0
1634794948720 0.14090022444725037 0
1634794950973 0.1478399634361267 0
1634794952381 0.12774404883384705 0
1634794953800 0.14268724620342255 0
1634794955212 0.12451597303152084 0
1634794956671 0.0887506902217865 0
1634794958049 0.2681578993797302 0
1634794959426 0.13628554344177246 0
1634794960822 0.15236230194568634 0
1634794962215 0.14764642715454102 0
1634794963607 0.13493432104587555 0
1634794965855 0.15121738612651825 0
1634794967280 0.17628026008605957 0
1634794968694 0.2638126015663147 0
1634794970055 0.17425887286663055 0
1634794971433 0.0842667818069458 0
1634794972795 0.13118591904640198 0
1634794974163 0.0716337263584137 0
1634794975524 0.13072261214256287 0
1634794976884 0.11857354640960693 0
1634794978251 0.12707585096359253 0
1634794980460 0.12345270812511444 0
1634794981854 0.25447767972946167 0
1634794983215 0.08798053115606308 0
1634794984626 0.12158417701721191 0
1634794986065 0.14616233110427856 0
1634794987474 0.06496702879667282 0
1634794988852 0.12043105810880661 0
1634794990246 0.10194777697324753 0
1634794991655 0.14866575598716736 0
1634794993044 0.14954796433448792 0
1634794995523 0.11043582856655121 0
1634794996941 0.12674957513809204 0
1634794998336 0.05610746890306473 0
1634794999743 0.13102371990680695 0
1634795001146 0.12985193729400635 0
1634795002541 0.07997019588947296 0
1634795003903 0.08294045925140381 0
1634795005294 0.06399400532245636 0
1634795006677 0.23793856799602509 0
1634795008070 0.179574653506279 0
1634795010325 0.09534963220357895 0
1634795011739 0.05533694475889206 0
1634795013131 0.12716004252433777 0
1634795014532 0.14234745502471924 0
1634795015944 0.08979193866252899 0
1634795017325 0.12776941061019897 0
1634795018686 0.10383401811122894 0
1634795020047 0.1546773463487625 0
1634795021493 0.2100256383419037 0
1634795022904 0.2380315363407135 0
1634795025169 0.072996124625206 0
1634795026595 0.052333440631628036 0
1634795027987 0.08869936317205429 0
1634795029363 0.15899793803691864 0
1634795030726 0.08489537239074707 0
1634795032086 0.09667198359966278 0
1634795033474 0.14325158298015594 0
1634795034855 0.1319153606891632 0
1634795036262 0.10739638656377792 0
1634795037663 0.20549935102462769 0
1634795039913 0.08223000913858414 0
1634795041326 0.23295673727989197 0
1634795042745 0.08382324874401093 0
1634795044208 0.05868804454803467 0
1634795045601 0.05493117496371269 0
1634795046995 0.22920557856559753 0
1634795048378 0.0728936642408371 0
1634795049770 0.07019537687301636 0
1634795051177 0.22665195167064667 0
1634795052575 0.14779949188232422 0
1634795054846 0.14782008528709412 0
1634795056295 0.10727860778570175 0
1634795057709 0.2291783094406128 0
1634795059116 0.0471862368285656 0
1634795060534 0.09690820425748825 0
1634795061978 0.07814246416091919 0
1634795063343 0.22565016150474548 0
1634795064737 0.06225113198161125 0
1634795066125 0.07578083127737045 0
1634795067534 0.07156605273485184 0
1634795069811 0.07504448294639587 0
1634795071252 0.1358109712600708 0
1634795072674 0.2243005931377411 0
1634795074067 0.055422600358724594 0
1634795075491 0.16516658663749695 0
1634795076897 0.15051108598709106 0
1634795078290 0.10167014598846436 0
1634795079742 0.06873395293951035 0
1634795081167 0.0518571212887764 0
1634795082605 0.13807757198810577 0
1634795085144 0.08497960865497589 0
1634795086627 0.1548040211200714 0
1634795088082 0.1519193798303604 0
1634795089516 0.0762457475066185 0
1634795090935 0.0508229099214077 0
1634795092361 0.14049123227596283 0
1634795093815 0.13975302875041962 0
1634795095232 0.1550307422876358 0
1634795096635 0.2213466614484787 0
1634795098035 0.16803991794586182 0
1634795100298 0.19913677871227264 0
1634795101715 0.1713390052318573 0
1634795103109 0.1459503173828125 0
1634795104513 0.09464441239833832 0
1634795105914 0.06521649658679962 0
1634795107304 0.089784175157547 0
1634795108680 0.07407602667808533 0
1634795110074 0.1302993893623352 0
1634795111456 0.21857158839702606 0
1634795112865 0.21826979517936707 0
1634795115141 0.054321687668561935 0
1634795116592 0.058150481432676315 0
1634795118002 0.08210146427154541 0
1634795119406 0.2204100489616394 0
1634795120825 0.15595600008964539 0
1634795122282 0.16965126991271973 0
1634795123680 0.1928229182958603 0
1634795125073 0.21778449416160583 0
1634795126468 0.052755147218704224 0
1634795127859 0.15814101696014404 0
1634795130149 0.15560373663902283 0
1634795131589 0.08004038035869598 0
1634795132998 0.14300015568733215 0
1634795134391 0.06852282583713531 0
1634795135796 0.1570073664188385 0
1634795137215 0.07244040071964264 0
1634795138662 0.14315292239189148 0
1634795140127 0.08130227029323578 0
1634795141531 0.2167782485485077 0
1634795142953 0.1566813439130783 0
1634795145189 0.08442100137472153 0
1634795146610 0.1573440581560135 0
1634795148015 0.17156337201595306 0
1634795149412 0.07138924300670624 0
1634795150777 0.14345306158065796 0
1634795152158 0.1906633824110031 0
1634795153563 0.05186006426811218 0
1634795154933 0.15843884646892548 0
1634795156297 0.1930067539215088 0
1634795157676 0.06375487148761749 0
1634795159991 0.04656160995364189 0
1634795161429 0.049213699996471405 0
1634795162813 0.15898776054382324 0
1634795164252 0.19078359007835388 0
1634795165626 0.21516159176826477 0
1634795167032 0.058111369609832764 0
1634795168483 0.08704252541065216 0
1634795169895 0.1582718789577484 0
1634795171348 0.18995368480682373 0
1634795172770 0.19167554378509521 0
1634795175122 0.07264014333486557 0
1634795176569 0.14468759298324585 0
1634795178031 0.19139407575130463 0
1634795179481 0.06323393434286118 0
1634795180939 0.21443502604961395 0
1634795182301 0.1450403332710266 0
1634795183699 0.12288922071456909 0
1634795185129 0.0703810602426529 0
1634795186524 0.19274649024009705 0
1634795188004 0.18889103829860687 0
1634795190402 0.0487276129424572 0
1634795191843 0.06311735510826111 0
1634795193253 0.06465959548950195 0
1634795194685 0.08082030713558197 0
1634795196083 0.05903966352343559 0
1634795197516 0.05222874879837036 0
1634795198950 0.1453377604484558 0
1634795200384 0.11249135434627533 0
1634795201888 0.145084947347641 0
1634795203370 0.1456739753484726 0
1634795206023 0.06174355372786522 0
1634795207557 0.06576336920261383 0
1634795208968 0.05193646252155304 0
1634795210321 0.15908238291740417 0
1634795211718 0.15844307839870453 0
1634795213144 0.070720374584198 0
1634795214552 0.14541557431221008 0
1634795215982 0.08533613383769989 0
1634795217376 0.09185268729925156 0
1634795218752 0.08357900381088257 0
1634795220990 0.0749085396528244 0
1634795222408 0.07826802134513855 0
1634795223787 0.07768367230892181 0
1634795225149 0.06889951229095459 0
1634795226526 0.05518972873687744 0
1634795227890 0.052101343870162964 0
1634795229252 0.21389636397361755 0
1634795230629 0.17502865195274353 0
1634795231993 0.09042622894048691 0
1634795233369 0.21377472579479218 0
1634795235598 0.14572718739509583 0
1634795237006 0.07782966643571854 0
1634795238400 0.21343466639518738 0
1634795239778 0.051219306886196136 0
1634795241167 0.067234568297863 0
1634795242615 0.15882013738155365 0
1634795244090 0.04498514160513878 0
1634795245520 0.1590748429298401 0
1634795246934 0.16014055907726288 0
1634795248362 0.1736103892326355 0
1634795250698 0.17353951930999756 0
1634795252161 0.0626332089304924 0
1634795253604 0.17331749200820923 0
1634795255033 0.21387223899364471 0
1634795256479 0.1730130910873413 0
1634795257864 0.1597881019115448 0
1634795259282 0.15899458527565002 0
1634795260696 0.21240699291229248 0
1634795262091 0.05419599264860153 0
1634795263484 0.07927123457193375 0
1634795265757 0.1584569662809372 0
1634795267195 0.1730109453201294 0
1634795268595 0.05792836472392082 0
1634795269986 0.1586601585149765 0
1634795271395 0.1888994574546814 0
1634795272803 0.06706207245588303 0
1634795274187 0.04465557262301445 0
1634795275579 0.04751191660761833 0
1634795276954 0.21348027884960175 0
1634795278395 0.1589561402797699 0
1634795280683 0.21381156146526337 0
1634795282158 0.1459738314151764 0
1634795283551 0.06712785363197327 0
1634795284995 0.14713627099990845 0
1634795286437 0.09212511032819748 0
1634795287850 0.05276560038328171 0
1634795289242 0.18972544372081757 0
1634795290645 0.07005774974822998 0
1634795292058 0.06742977350950241 0
1634795293450 0.15830057859420776 0
1634795295714 0.06444700807332993 0
1634795297189 0.17286416888237 0
1634795298564 0.2126469910144806 0
1634795299980 0.04586077854037285 0
1634795301389 0.06402085721492767 0
1634795302787 0.039760928601026535 0
1634795304205 0.17219822108745575 0
1634795305659 0.049597810953855515 0
1634795307091 0.15800726413726807 0
1634795308532 0.07020001858472824 0
1634795310785 0.06327836215496063 0
1634795312209 0.06672082096338272 0
1634795313587 0.05311547964811325 0
1634795314949 0.15911930799484253 0
1634795316312 0.21364854276180267 0
1634795317708 0.21300123631954193 0
1634795319072 0.04933791607618332 0
1634795320433 0.04169749468564987 0
1634795321812 0.05192549526691437 0
1634795323209 0.18873465061187744 0
1634795325535 0.045039258897304535 0
1634795326985 0.07809345424175262 0
1634795328401 0.19000540673732758 0
1634795329793 0.054858606308698654 0
1634795331206 0.048664212226867676 0
1634795332590 0.11768396198749542 0
1634795334006 0.1453501284122467 0
1634795335441 0.07228706777095795 0
1634795336887 0.06866999715566635 0
1634795338296 0.0862857922911644 0
1634795340975 0.06983359158039093 0
1634795342382 0.14503151178359985 0
1634795343800 0.10779725015163422 0
1634795345216 0.13783665001392365 0
1634795346662 0.13983023166656494 0
1634795348087 0.16188812255859375 0
1634795349522 0.13488095998764038 0
1634795350937 0.1293521523475647 0
1634795352396 0.1380234658718109 0
1634795353817 0.1229797750711441 0
1634795356113 0.21602438390254974 0
1634795357614 0.09330093860626221 0
1634795359077 0.06678596138954163 0
1634795360505 0.1473870873451233 0
1634795361972 0.1486016809940338 0
1634795363432 0.04558926820755005 0
1634795364816 0.13530904054641724 0
1634795366188 0.03878070041537285 0
1634795367600 0.08464223146438599 0
1634795368961 0.14967942237854004 0
1634795371214 0.14921832084655762 0
1634795372650 0.12353429198265076 0
1634795374043 0.2346416711807251 0
1634795375413 0.04593607783317566 0
1634795376791 0.08926789462566376 0
1634795378216 0.1223401352763176 0
1634795379590 0.09205955266952515 0
1634795380983 0.15381813049316406 0
1634795382385 0.04998977109789848 0
1634795383794 0.07348817586898804 0
1634795386112 0.06572531163692474 0
1634795387566 0.2095881998538971 0
1634795388982 0.06513199955224991 0
1634795390394 0.1400226652622223 0
1634795391772 0.05991163104772568 0
1634795393208 0.07556014508008957 0
1634795394613 0.15115715563297272 0
1634795396017 0.08820502460002899 0
1634795397430 0.05824360251426697 0
1634795398867 0.1405116617679596 0
1634795401117 0.05200459808111191 0
1634795402585 0.08885516971349716 0
1634795404023 0.08434256911277771 0
1634795405429 0.043460663408041 0
1634795406851 0.09122306108474731 0
1634795408262 0.20783287286758423 0
1634795409663 0.13869120180606842 0
1634795411099 0.2310100644826889 0
1634795412519 0.13943809270858765 0
1634795413978 0.12634092569351196 0
1634795416316 0.15491735935211182 0
1634795417769 0.08241242170333862 0
1634795419185 0.08968760818243027 0
1634795420583 0.054827362298965454 0
1634795422039 0.2300550639629364 0
1634795423486 0.04509279131889343 0
1634795424938 0.15401862561702728 0
1634795426368 0.1538495421409607 0
1634795427765 0.12657485902309418 0
1634795429158 0.04013241082429886 0
1634795431491 0.22910425066947937 0
1634795432952 0.2290918081998825 0
1634795434352 0.0636567547917366 0
1634795435795 0.1268007457256317 0
1634795437179 0.08295872807502747 0
1634795438547 0.22785496711730957 0
1634795439948 0.0476730614900589 0
1634795441384 0.0822308361530304 0
1634795442811 0.14038823544979095 0
1634795444236 0.04300743341445923 0
1634795446545 0.09138848632574081 0
1634795448035 0.04873136803507805 0
1634795449432 0.03544001281261444 0
1634795450883 0.04782622680068016 0
1634795452291 0.04321202635765076 0
1634795453693 0.07822075486183167 0
1634795455109 0.20301780104637146 0
1634795456516 0.05859941244125366 0
1634795457885 0.22807595133781433 0
1634795459298 0.08323062211275101 0
1634795461629 0.07919140160083771 0
1634795463086 0.20222485065460205 0
1634795464480 0.10922031849622726 0
1634795465970 0.08124709129333496 0
1634795467382 0.07957999408245087 0
1634795468817 0.03261842578649521 0
1634795470235 0.1418365240097046 0
1634795471684 0.20134970545768738 0
1634795473114 0.08640047907829285 0
1634795474503 0.20292186737060547 0
1634795476879 0.141805037856102 0
1634795478338 0.04569007083773613 0
1634795479775 0.08602756261825562 0
1634795481206 0.04023314267396927 0
1634795482655 0.15620094537734985 0
1634795484049 0.1561431884765625 0
1634795485503 0.2259710431098938 0
1634795486913 0.0775851234793663 0
1634795488337 0.0409545861184597 0
1634795489748 0.07702206075191498 0
1634795492098 0.2008117139339447 0
1634795493611 0.0538908950984478 0
1634795495051 0.22581790387630463 0
1634795496486 0.20048275589942932 0
1634795497968 0.042228590697050095 0
1634795499346 0.03922663629055023 0
1634795500790 0.07870706915855408 0
1634795502226 0.04412497207522392 0
1634795503648 0.08011381328105927 0
1634795505088 0.22527635097503662 0
1634795507898 0.2250615805387497 0
1634795509370 0.04193329066038132 0
1634795510770 0.044158127158880234 0
1634795512244 0.1566145420074463 0
1634795513697 0.1564742624759674 0
1634795515107 0.049546193331480026 0
1634795516514 0.12929828464984894 0
1634795517931 0.22468113899230957 0
1634795519400 0.22491785883903503 0
1634795520804 0.05294957756996155 0
1634795523141 0.03864216059446335 0
1634795524644 0.08331028372049332 0
1634795526118 0.22436659038066864 0
1634795527572 0.14229294657707214 0
1634795529034 0.1299450397491455 0
1634795530410 0.15728947520256042 0
1634795531834 0.0484890341758728 0
1634795533286 0.07816542685031891 0
1634795534720 0.12972113490104675 0
1634795536189 0.1427389681339264 0
1634795538504 0.07960125803947449 0
1634795540003 0.0945432186126709 0
1634795541433 0.19955585896968842 0
1634795542847 0.1428309977054596 0
1634795544283 0.07402682304382324 0
1634795545695 0.22549760341644287 0
