1634794725863 1.6812041997909546 0
1634794728253 1.299416422843933 0
1634794729681 1.2048932313919067 0
1634794731117 1.5943261981010437 0
1634794732485 1.5479736328125 0
1634794733852 1.1072829067707062 0
1634794735214 0.981010764837265 0
1634794736565 0.886385589838028 0
1634794737925 0.9041135907173157 0
1634794739273 0.8884750604629517 0
1634794740636 1.0401731133460999 0
1634794742900 0.7698204517364502 0
1634794744307 0.8692401647567749 0
1634794745721 0.808401346206665 0
1634794747098 0.7273017168045044 0
1634794748494 0.7773086726665497 0
1634794749879 0.8941899240016937 0
1634794751268 0.8359245359897614 0
1634794752631 0.7341529726982117 0
1634794753994 0.7483646124601364 0
1634794755356 0.9561753273010254 0
1634794757651 0.9339909851551056 0
1634794759052 0.7757541537284851 0
1634794760428 0.7079892158508301 0
1634794761791 1.0221438109874725 0
1634794763154 0.8621944189071655 0
1634794764530 0.6801933497190475 0
1634794765894 0.7134100794792175 0
1634794767306 0.7406224310398102 0
1634794768741 0.7371083647012711 0
1634794770117 0.6696469187736511 0
1634794772397 0.8087187111377716 0
1634794773827 0.8184832334518433 0
1634794775290 0.6690070927143097 0
1634794776682 0.8724045753479004 0
1634794778092 0.7251891642808914 0
1634794779485 0.8649711906909943 0
1634794780879 0.6784679293632507 0
1634794782256 0.6225854754447937 0
1634794783672 0.8402512073516846 0
1634794785046 0.5950157269835472 0
1634794787350 0.8112845420837402 0
1634794788753 0.5836688280105591 0
1634794790113 0.6607333719730377 0
1634794791506 0.6635693311691284 0
1634794792945 0.6246127188205719 0
1634794794311 0.7188974916934967 0
1634794795725 0.6210142076015472 0
1634794797126 0.7133594453334808 0
1634794798504 0.5752062797546387 0
1634794799882 0.776175856590271 0
1634794802121 0.5803190916776657 0
1634794803515 0.5371714532375336 0
1634794804988 0.6474340856075287 0
1634794806381 0.6780652850866318 0
1634794807759 0.624128133058548 0
1634794809121 0.7275364696979523 0
1634794810497 0.7271237075328827 0
1634794811877 0.5725992023944855 0
1634794813272 0.6317529380321503 0
1634794814682 0.7300716936588287 0
1634794816963 0.532852403819561 0
1634794818401 0.5024488270282745 0
1634794819790 0.7179254591464996 0
1634794821150 0.5042283087968826 0
1634794822526 0.6018821150064468 0
1634794823888 0.5153809785842896 0
1634794825252 0.6149833649396896 0
1634794826616 0.46064502000808716 0
1634794827961 0.6866956055164337 0
1634794829341 0.59855717420578 0
1634794831657 0.6773954629898071 0
1634794833033 0.4587986171245575 0
1634794834428 0.5357809215784073 0
1634794835789 0.45832591503858566 0
1634794837165 0.7007989287376404 0
1634794838529 0.6838712692260742 0
1634794839905 0.5040639266371727 0
1634794841269 0.5191650688648224 0
1634794842632 0.6868928968906403 0
1634794843993 0.4902847707271576 0
1634794846247 0.5249779373407364 0
1634794847623 0.5860274434089661 0
1634794849049 0.5428799688816071 0
1634794850499 0.6817736029624939 0
1634794851914 0.47607846558094025 0
1634794853307 0.4787774980068207 0
1634794854708 0.4011841118335724 0
1634794856110 0.674446314573288 0
1634794857506 0.5208572298288345 0
1634794858947 0.4771043360233307 0
1634794861387 0.6503380239009857 0
1634794862794 0.5100812017917633 0
1634794864218 0.43779976665973663 0
1634794865631 0.402154766023159 0
1634794867047 0.6553175151348114 0
1634794868457 0.5608213841915131 0
1634794869874 0.4788443595170975 0
1634794871283 0.46494515240192413 0
1634794872701 0.4715210795402527 0
1634794874097 0.6193843483924866 0
1634794876461 0.49414560198783875 0
1634794877864 0.5659484714269638 0
1634794879284 0.6428696811199188 0
1634794880719 0.6057928800582886 0
1634794882115 0.5666871964931488 0
1634794883507 0.4185525178909302 0
1634794884907 0.5100386738777161 0
1634794886267 0.41208794713020325 0
1634794887692 0.41097646951675415 0
1634794889144 0.6130037307739258 0
1634794891422 0.36817413568496704 0
1634794892870 0.3923620283603668 0
1634794894279 0.5834770500659943 0
1634794895693 0.5252917110919952 0
1634794897109 0.41352859139442444 0
1634794898522 0.39815446734428406 0
1634794899925 0.6330085396766663 0
1634794901284 0.41052378714084625 0
1634794902647 0.4257354587316513 0
1634794904018 0.41810330748558044 0
1634794906271 0.4950966387987137 0
1634794907716 0.357620432972908 0
1634794909106 0.41226617991924286 0
1634794910530 0.37036120891571045 0
1634794911947 0.4147247225046158 0
1634794913364 0.41278356313705444 0
1634794914802 0.4709307849407196 0
1634794916199 0.4618542045354843 0
1634794917597 0.4829309731721878 0
1634794918967 0.40334340929985046 0
1634794921196 0.5843359082937241 0
1634794922606 0.44661445915699005 0
1634794923997 0.37446466088294983 0
1634794925394 0.34483468532562256 0
1634794926806 0.41657039523124695 0
1634794928227 0.5821254402399063 0
1634794929634 0.44201473891735077 0
1634794931034 0.5331228077411652 0
1634794932423 0.34937409311532974 0
1634794933801 0.3809684067964554 0
1634794936125 0.31236395984888077 0
1634794937534 0.4001080095767975 0
1634794938910 0.5339120626449585 0
1634794940287 0.39394837617874146 0
1634794941672 0.37532560527324677 0
1634794943089 0.2800683230161667 0
1634794944512 0.4611063152551651 0
1634794945934 0.3583003282546997 0
1634794947327 0.4862969070672989 0
1634794948720 0.37752555310726166 0
1634794950973 0.46113666892051697 0
1634794952381 0.31996341049671173 0
1634794953796 0.44637636840343475 0
1634794955196 0.3534504994750023 0
1634794956671 0.29995347559452057 0
1634794958049 0.47497859597206116 0
1634794959426 0.3476181775331497 0
1634794960822 0.4483105391263962 0
1634794962215 0.32606206834316254 0
1634794963591 0.3390254080295563 0
1634794965855 0.36343999207019806 0
1634794967280 0.4450145661830902 0
1634794968694 0.4701130539178848 0
1634794970055 0.3526278883218765 0
1634794971418 0.2861459404230118 0
1634794972795 0.30531834065914154 0
1634794974147 0.269228458404541 0
1634794975509 0.34675638377666473 0
1634794976869 0.3050116151571274 0
1634794978251 0.3030144274234772 0
1634794980460 0.31557321548461914 0
1634794981854 0.45678336918354034 0
1634794983215 0.244601272046566 0
1634794984610 0.3018594831228256 0
1634794986065 0.4121135175228119 0
1634794987459 0.23847229033708572 0
1634794988852 0.29722895473241806 0
1634794990231 0.2922467365860939 0
1634794991651 0.41703349351882935 0
1634794993044 0.41662657260894775 0
1634794995523 0.30484551191329956 0
1634794996941 0.30680182576179504 0
1634794998336 0.22478336840867996 0
1634794999743 0.3026609718799591 0
1634795001130 0.2987385541200638 0
1634795002541 0.3286036401987076 0
1634795003903 0.24656370282173157 0
1634795005294 0.2575820982456207 0
1634795006677 0.4116514325141907 0
1634795008070 0.42887571454048157 0
1634795010310 0.2634122744202614 0
1634795011739 0.22661881893873215 0
1634795013131 0.2997199147939682 0
1634795014516 0.3592144548892975 0
1634795015944 0.2563953846693039 0
1634795017325 0.2790028005838394 0
1634795018686 0.2927853465080261 0
1634795020047 0.4060759097337723 0
1634795021477 0.369911789894104 0
1634795022904 0.4074716418981552 0
1634795025169 0.23095844686031342 0
1634795026595 0.20963801071047783 0
1634795027987 0.24805913120508194 0
1634795029363 0.3855982720851898 0
1634795030726 0.24212445318698883 0
1634795032086 0.23719310760498047 0
1634795033459 0.30370235443115234 0
1634795034855 0.2953983396291733 0
1634795036262 0.287041075527668 0
1634795037663 0.35610784590244293 0
1634795039909 0.23838085681200027 0
1634795041326 0.3949887454509735 0
1634795042745 0.28443120419979095 0
1634795044208 0.23161402344703674 0
1634795045601 0.22917043790221214 0
1634795046995 0.3891899734735489 0
1634795048378 0.224542036652565 0
1634795049770 0.22858089208602905 0
1634795051177 0.37773148715496063 0
1634795052575 0.324404776096344 0
1634795054830 0.30315476655960083 0
1634795056292 0.2598540857434273 0
1634795057709 0.39171867072582245 0
1634795059116 0.18408570811152458 0
1634795060530 0.27356990426778793 0
1634795061978 0.2123788595199585 0
1634795063343 0.374118909239769 0
1634795064721 0.1973024122416973 0
1634795066125 0.19888243824243546 0
1634795067534 0.2382158264517784 0
1634795069811 0.22389860451221466 0
1634795071252 0.28564147651195526 0
1634795072659 0.3639981746673584 0
1634795074067 0.20414988324046135 0
1634795075491 0.3722272366285324 0
1634795076897 0.30949054658412933 0
1634795078290 0.28632353246212006 0
1634795079739 0.22121220082044601 0
1634795081164 0.19801867753267288 0
1634795082601 0.28054551780223846 0
1634795085140 0.21312719583511353 0
1634795086623 0.3038783520460129 0
1634795088079 0.30417847633361816 0
1634795089513 0.20125194638967514 0
1634795090931 0.1956607662141323 0
1634795092361 0.26772189140319824 0
1634795093812 0.2743515223264694 0
1634795095229 0.3047569543123245 0
1634795096632 0.35652972757816315 0
1634795098031 0.39217065274715424 0
1634795100298 0.32852858304977417 0
1634795101715 0.38209718465805054 0
1634795103109 0.293842613697052 0
1634795104509 0.22121043503284454 0
1634795105911 0.20594672858715057 0
1634795107304 0.27383680641651154 0
1634795108680 0.21142034232616425 0
1634795110059 0.2587134540081024 0
1634795111456 0.3564044237136841 0
1634795112849 0.3593222200870514 0
1634795115141 0.18314984068274498 0
1634795116592 0.19096091017127037 0
1634795118002 0.25621727108955383 0
1634795119406 0.34625567495822906 0
1634795120825 0.30138178169727325 0
1634795122282 0.3619115650653839 0
1634795123680 0.3117881193757057 0
1634795125073 0.34237539768218994 0
1634795126468 0.1804267019033432 0
1634795127859 0.3071611076593399 0
1634795130149 0.29689446091651917 0
1634795131589 0.2553822100162506 0
1634795132982 0.27240653336048126 0
1634795134375 0.2037404179573059 0
1634795135796 0.2909988760948181 0
1634795137212 0.18609697371721268 0
1634795138658 0.2656693160533905 0
1634795140124 0.25869356095790863 0
1634795141531 0.34044136852025986 0
1634795142949 0.2869679033756256 0
1634795145189 0.22096901386976242 0
1634795146610 0.30692386627197266 0
1634795148012 0.3487330675125122 0
1634795149412 0.18784239888191223 0
1634795150777 0.27661702036857605 0
1634795152158 0.3039182871580124 0
1634795153563 0.16934871673583984 0
1634795154933 0.2895542085170746 0
1634795156297 0.3247009366750717 0
1634795157661 0.1885748654603958 0
1634795159987 0.1689692623913288 0
1634795161429 0.17712751775979996 0
1634795162813 0.2944648712873459 0
1634795164236 0.30576789379119873 0
1634795165626 0.3383925259113312 0
1634795167028 0.1996312141418457 0
1634795168479 0.19472680240869522 0
1634795169891 0.3022010922431946 0
1634795171344 0.31912370026111603 0
1634795172766 0.31592944264411926 0
1634795175119 0.19879523664712906 0
1634795176565 0.26656725257635117 0
1634795178028 0.31034740060567856 0
1634795179481 0.1820395588874817 0
1634795180938 0.330038845539093 0
1634795182301 0.26284918189048767 0
1634795183699 0.23764774948358536 0
1634795185126 0.19201453775167465 0
1634795186524 0.3068065196275711 0
1634795188000 0.3105425015091896 0
1634795190402 0.16454936936497688 0
1634795191843 0.1921413540840149 0
1634795193253 0.17770091444253922 0
1634795194681 0.1864391267299652 0
1634795196083 0.16780562326312065 0
1634795197516 0.17273852974176407 0
1634795198947 0.2746209651231766 0
1634795200380 0.2871066629886627 0
1634795201885 0.262687511742115 0
1634795203366 0.2631518021225929 0
1634795206020 0.18639474734663963 0
1634795207553 0.18801169842481613 0
1634795208952 0.15183429419994354 0
1634795210321 0.2859860807657242 0
1634795211714 0.2901482880115509 0
1634795213141 0.24469317495822906 0
1634795214548 0.27919475734233856 0
1634795215978 0.2606423795223236 0
1634795217376 0.2683190777897835 0
1634795218736 0.26581673324108124 0
1634795220990 0.17367546260356903 0
1634795222408 0.2529118061065674 0
1634795223787 0.1769937500357628 0
1634795225149 0.24158751964569092 0
1634795226511 0.1522405967116356 0
1634795227890 0.15131668001413345 0
1634795229252 0.32207972556352615 0
1634795230629 0.33568374812602997 0
1634795231993 0.18312638252973557 0
1634795233369 0.3217178210616112 0
1634795235598 0.2607837989926338 0
1634795237006 0.17531345784664154 0
1634795238385 0.3308022767305374 0
1634795239778 0.14805995672941208 0
1634795241164 0.16252882033586502 0
1634795242612 0.2769715264439583 0
1634795244087 0.140831146389246 0
1634795245516 0.28502777218818665 0
1634795246934 0.28925085067749023 0
1634795248358 0.3362683355808258 0
1634795250695 0.3376631736755371 0
1634795252157 0.1845063641667366 0
1634795253600 0.3341289460659027 0
1634795255029 0.33151113241910934 0
1634795256475 0.3399450331926346 0
1634795257864 0.2765405401587486 0
1634795259282 0.2774357572197914 0
1634795260696 0.3225015550851822 0
1634795262091 0.16975633800029755 0
1634795263468 0.24791157990694046 0
1634795265757 0.2763160392642021 0
1634795267195 0.3304191678762436 0
1634795268595 0.18003517016768456 0
1634795269986 0.2800806760787964 0
1634795271395 0.2897322401404381 0
1634795272803 0.18775004893541336 0
1634795274187 0.14218242838978767 0
1634795275563 0.14890668168663979 0
1634795276954 0.3186679109930992 0
1634795278395 0.2780614569783211 0
1634795280683 0.3172116354107857 0
1634795282140 0.2671802192926407 0
1634795283551 0.17321378737688065 0
1634795284995 0.25580278038978577 0
1634795286421 0.26590602844953537 0
1634795287850 0.1560671329498291 0
1634795289242 0.2904239371418953 0
1634795290645 0.24313519895076752 0
1634795292058 0.15544583648443222 0
1634795293450 0.28915800154209137 0
1634795295714 0.1660849004983902 0
1634795297189 0.3312152177095413 0
1634795298564 0.31655821204185486 0
1634795299980 0.1323942206799984 0
1634795301389 0.15111365169286728 0
1634795302787 0.12880916520953178 0
1634795304205 0.3261926919221878 0
1634795305644 0.14443974569439888 0
1634795307091 0.2842540591955185 0
1634795308532 0.15816668421030045 0
1634795310785 0.1537581905722618 0
1634795312209 0.1801890879869461 0
1634795313587 0.14882177859544754 0
1634795314949 0.26883817464113235 0
1634795316312 0.31555159389972687 0
1634795317708 0.3112615868449211 0
1634795319072 0.14046330004930496 0
1634795320433 0.12474296241998672 0
1634795321812 0.1420082375407219 0
1634795323209 0.28274428844451904 0
1634795325535 0.13539430499076843 0
1634795326985 0.24755287170410156 0
1634795328384 0.28137219697237015 0
1634795329793 0.1707141138613224 0
1634795331206 0.13517525792121887 0
1634795332590 0.29227158427238464 0
1634795334003 0.2897988557815552 0
1634795335436 0.21143083274364471 0
1634795336884 0.1963513270020485 0
1634795338292 0.19915912300348282 0
1634795340971 0.19270753115415573 0
1634795342382 0.321324959397316 0
1634795343797 0.20355577021837234 0
1634795345211 0.24357090145349503 0
1634795346659 0.32407398521900177 0
1634795348083 0.35082609951496124 0
1634795349518 0.32070162892341614 0
1634795350933 0.27272260189056396 0
1634795352392 0.2846113443374634 0
1634795353807 0.26307007670402527 0
1634795356110 0.35156479477882385 0
1634795357610 0.2738450765609741 0
1634795359073 0.20669981837272644 0
1634795360501 0.31073443591594696 0
1634795361969 0.31530138850212097 0
1634795363429 0.14771537482738495 0
1634795364816 0.26098570227622986 0
1634795366188 0.15802310779690742 0
1634795367600 0.1885627955198288 0
1634795368961 0.3057435601949692 0
1634795371210 0.3047483265399933 0
1634795372650 0.24069977551698685 0
1634795374043 0.34418629109859467 0
1634795375413 0.17390576004981995 0
1634795376791 0.2641185224056244 0
1634795378212 0.23473426699638367 0
1634795379590 0.19391652941703796 0
1634795380980 0.3109735697507858 0
1634795382385 0.1487271972000599 0
1634795383794 0.18728496879339218 0
1634795386108 0.18133749812841415 0
1634795387562 0.3039897307753563 0
1634795388979 0.17880597710609436 0
1634795390389 0.25867681205272675 0
1634795391772 0.17373163998126984 0
1634795393204 0.1644638255238533 0
1634795394609 0.30166979134082794 0
1634795396017 0.1651206612586975 0
1634795397426 0.17215366661548615 0
1634795398852 0.2520369589328766 0
1634795401117 0.13902240246534348 0
1634795402585 0.2616434171795845 0
1634795404023 0.16420860588550568 0
1634795405425 0.12915298715233803 0
1634795406848 0.2600872665643692 0
1634795408259 0.29931148886680603 0
1634795409663 0.2435256913304329 0
1634795411099 0.32414335012435913 0
1634795412515 0.2460240051150322 0
1634795413974 0.22958650439977646 0
1634795416316 0.3053959757089615 0
1634795417753 0.16068513691425323 0
1634795419185 0.2638986185193062 0
1634795420583 0.14654317498207092 0
1634795422035 0.32733993977308273 0
1634795423486 0.1287069320678711 0
1634795424935 0.3044716864824295 0
1634795426364 0.3142203986644745 0
1634795427749 0.22635921090841293 0
1634795429154 0.14720667153596878 0
1634795431487 0.32896851003170013 0
1634795432950 0.32216034084558487 0
1634795434352 0.1487777754664421 0
1634795435795 0.22441605478525162 0
1634795437176 0.2507700026035309 0
1634795438532 0.3169660195708275 0
1634795439933 0.13408301770687103 0
1634795441384 0.24967220425605774 0
1634795442806 0.24448756128549576 0
1634795444236 0.12557609379291534 0
1634795446532 0.25708242505788803 0
1634795448031 0.13200779631733894 0
1634795449432 0.11801471561193466 0
1634795450867 0.1330581195652485 0
1634795452288 0.1486857682466507 0
1634795453689 0.1556587964296341 0
1634795455094 0.2870071828365326 0
1634795456516 0.1682238057255745 0
1634795457885 0.31962253898382187 0
1634795459295 0.24770554155111313 0
1634795461626 0.157221220433712 0
1634795463086 0.2823699712753296 0
1634795464477 0.27360595017671585 0
1634795465967 0.24754005670547485 0
1634795467382 0.2450314164161682 0
1634795468814 0.10919962078332901 0
1634795470232 0.23573941737413406 0
1634795471681 0.28061535209417343 0
1634795473111 0.2517460733652115 0
1634795474503 0.282200388610363 0
1634795476875 0.23668597638607025 0
1634795478334 0.12411027029156685 0
1634795479772 0.2494726926088333 0
1634795481206 0.11551643162965775 0
1634795482651 0.3014426678419113 0
1634795484033 0.3027544617652893 0
1634795485503 0.30962011218070984 0
1634795486910 0.1523066833615303 0
1634795488337 0.11807281151413918 0
1634795489745 0.15365668386220932 0
1634795492094 0.2795327305793762 0
1634795493608 0.13131539896130562 0
1634795495051 0.3097499832510948 0
1634795496483 0.2776651903986931 0
1634795497953 0.12701911106705666 0
1634795499343 0.11324097216129303 0
1634795500787 0.23817001283168793 0
1634795502223 0.13262103125452995 0
1634795503648 0.24283380806446075 0
1634795505084 0.3086157664656639 0
1634795507895 0.3104027435183525 0
1634795509366 0.1401245892047882 0
1634795510770 0.11475922539830208 0
1634795512240 0.3013671189546585 0
1634795513694 0.3015858680009842 0
1634795515104 0.12371767684817314 0
1634795516511 0.2240596041083336 0
1634795517928 0.30432941019535065 0
1634795519397 0.3065882474184036 0
1634795520804 0.14901377260684967 0
1634795523137 0.1338195502758026 0
1634795524641 0.2433459684252739 0
1634795526114 0.30245450139045715 0
1634795527568 0.23534996062517166 0
1634795529034 0.2201680913567543 0
1634795530410 0.30834195017814636 0
1634795531830 0.12148348987102509 0
1634795533283 0.23645229637622833 0
1634795534716 0.21714205294847488 0
1634795536185 0.23595916479825974 0
1634795538504 0.14801549911499023 0
1634795540000 0.25140857696533203 0
1634795541430 0.27338889986276627 0
1634795542844 0.2335609495639801 0
1634795544267 0.14008751511573792 0
1634795545695 0.3020511493086815 0
