1633962997312 13.067779541015625 0
1633963016366 3.6934173107147217 0
1633963027717 5.03729248046875 0
1633963036901 4.042119979858398 0
1633963045978 4.713203430175781 0
1633963054768 7.354515075683594 0
1633963063622 4.425311088562012 0
1633963072425 4.2718305587768555 0
1633963081260 5.915759086608887 0
1633963090086 4.942570209503174 0
1633963099037 3.921611785888672 0
1633963109159 4.121621131896973 0
1633963117987 4.568024158477783 0
1633963126861 3.9740219116210938 0
1633963135719 4.362679481506348 0
1633963144423 3.4672775268554688 0
1633963153139 4.30229377746582 0
1633963161870 4.225881576538086 0
1633963170750 4.363338470458984 0
1633963179444 4.794992446899414 0
1633963188155 5.999608039855957 0
1633963197914 3.9465174674987793 0
1633963206673 4.1389875411987305 0
1633963215406 4.373249053955078 0
1633963224135 3.3782098293304443 0
1633963232830 5.447556495666504 0
1633963241489 3.7315821647644043 0
1633963250200 4.400443077087402 0
1633963258849 4.8463616371154785 0
1633963267619 4.59697961807251 0
1633963277146 4.090303421020508 0
1633963287426 5.312987804412842 0
1633963296302 4.936844825744629 0
1633963305138 3.955394744873047 0
1633963313917 5.155972480773926 0
1633963322670 3.332628011703491 0
1633963331502 3.478206157684326 0
1633963340202 3.2068562507629395 0
1633963348907 3.7678050994873047 0
1633963357633 3.5885257720947266 0
1633963366331 4.154722213745117 0
1633963376365 3.745673656463623 0
1633963385175 3.6929235458374023 0
1633963393852 3.649364471435547 0
1633963402559 5.415779113769531 0
1633963411289 4.186441421508789 0
1633963419954 3.136579751968384 0
1633963428614 5.401432991027832 0
1633963437484 3.0975778102874756 0
1633963446180 3.5339274406433105 0
1633963454869 4.252331733703613 0
1633963464694 4.058025360107422 0
1633963473446 3.7122609615325928 0
1633963482210 4.439058780670166 0
1633963490944 3.065314769744873 0
1633963499707 3.2847957611083984 0
1633963508512 3.96787691116333 0
1633963517214 4.956245422363281 0
1633963525912 3.2503485679626465 0
1633963534622 4.134561538696289 0
1633963543354 4.028167247772217 0
1633963553977 4.695722579956055 0
1633963562697 3.5973546504974365 0
1633963571436 3.461939811706543 0
1633963580195 5.758657455444336 0
1633963588901 3.2518677711486816 0
1633963597601 2.7281198501586914 0
1633963606309 2.145745277404785 0
1633963615067 2.8344650268554688 0
1633963623800 2.319551467895508 0
1633963632489 2.512045383453369 0
1633963642378 2.400420665740967 0
1633963651131 3.1029059886932373 0
1633963659831 2.4617726802825928 0
1633963668547 3.6831555366516113 0
1633963677266 2.4540963172912598 0
1633963685981 2.283721685409546 0
1633963694704 2.2125658988952637 0
1633963703418 2.105668544769287 0
1633963712149 2.258953094482422 0
1633963720869 2.834993839263916 0
1633963730684 2.9912729263305664 0
1633963739484 2.1647253036499023 0
1633963748257 2.8644940853118896 0
1633963756976 3.3209986686706543 0
1633963765674 3.0124711990356445 0
1633963774369 3.567699432373047 0
1633963783055 2.486511707305908 0
1633963791789 2.653613567352295 0
1633963800549 2.5645527839660645 0
1633963809359 2.349246025085449 0
1633963819527 3.227144241333008 0
1633963828373 2.080435276031494 0
1633963837155 3.258380651473999 0
1633963845876 2.2711641788482666 0
1633963854577 3.070432186126709 0
1633963863288 3.7036983966827393 0
1633963872023 2.0338568687438965 0
1633963880807 2.503211259841919 0
1633963889581 3.3030002117156982 0
