1633962997318 9.763678073883057 0
1633963016372 3.2659807205200195 0
1633963027724 3.984137535095215 0
1633963036907 3.5421197414398193 0
1633963045983 3.515756607055664 0
1633963054774 2.7311933040618896 0
1633963063628 3.4151268005371094 0
1633963072431 2.8039292097091675 0
1633963081265 2.9809426069259644 0
1633963090092 3.4429988861083984 0
1633963099043 2.412553310394287 0
1633963109164 3.125718116760254 0
1633963117993 2.6135772466659546 0
1633963126866 1.957317590713501 0
1633963135725 2.3626912236213684 0
1633963144428 1.9672775268554688 0
1633963153144 2.8021844625473022 0
1633963161875 2.2647271156311035 0
1633963170755 2.466810703277588 0
1633963179450 2.7949920892715454 0
1633963188162 2.758479118347168 0
1633963197920 1.9465076923370361 0
1633963206679 2.1396864652633667 0
1633963215412 2.386920690536499 0
1633963224141 1.8782098889350891 0
1633963232835 3.4474282264709473 0
1633963241495 1.7306258976459503 0
1633963250206 2.400442957878113 0
1633963258854 2.846361517906189 0
1633963267627 2.596978545188904 0
1633963277151 2.0903031826019287 0
1633963287433 3.310054659843445 0
1633963296309 2.936845064163208 0
1633963305143 2.186644673347473 0
1633963313922 3.1559277772903442 0
1633963322675 1.832570493221283 0
1633963331508 1.9287978410720825 0
1633963340208 1.2068563103675842 0
1633963348912 1.7678048610687256 0
1633963357638 1.5885258913040161 0
1633963366336 2.1547223329544067 0
1633963376370 1.7456599473953247 0
1633963385180 1.6929532289505005 0
1633963393857 2.155839264392853 0
1633963402565 3.3882391452789307 0
1633963411294 2.1864413022994995 0
1633963419959 1.6034243702888489 0
1633963428620 2.4868139028549194 0
1633963437490 1.0975777804851532 0
1633963446185 1.5189194679260254 0
1633963454874 2.2523316144943237 0
1633963464700 2.0580891370773315 0
1633963473451 1.712241768836975 0
1633963482215 2.439058542251587 0
1633963490949 1.0653147101402283 0
1633963499713 1.2847959399223328 0
1633963508518 1.9678595066070557 0
1633963517220 1.525426983833313 0
1633963525918 1.2503486275672913 0
1633963534628 2.1345617175102234 0
1633963543360 2.028486490249634 0
1633963553982 1.3145206570625305 0
1633963562702 1.5973546504974365 0
1633963571442 1.4619397521018982 0
1633963580200 2.388994038105011 0
1633963588910 1.2460559606552124 0
1633963597606 1.728119969367981 0
1633963606314 1.1457452774047852 0
1633963615072 1.309514045715332 0
1633963623805 1.3196658492088318 0
1633963632494 1.5120455026626587 0
1633963642385 1.4624404907226562 0
1633963651137 2.1030233502388 0
1633963659836 1.4617726802825928 0
1633963668553 2.6831554174423218 0
1633963677271 1.4540961980819702 0
1633963685987 1.2837212681770325 0
1633963694709 1.2125660181045532 0
1633963703424 1.605303943157196 0
1633963712155 1.2589532732963562 0
1633963720874 1.8349940180778503 0
1633963730689 1.9912728071212769 0
1633963739490 1.1647251844406128 0
1633963748263 1.6485393643379211 0
1633963756981 1.2543154954910278 0
1633963765679 2.012471079826355 0
1633963774375 2.567699432373047 0
1633963783060 1.486511766910553 0
1633963791795 1.653613567352295 0
1633963800555 1.5645528435707092 0
1633963809366 1.3492461442947388 0
1633963819533 2.227144241333008 0
1633963828378 1.0804354548454285 0
1633963837160 2.2583805918693542 0
1633963845882 1.271162897348404 0
1633963854582 2.084288001060486 0
1633963863293 1.377478539943695 0
1633963872029 1.033871352672577 0
1633963880812 1.503211259841919 0
1633963889586 2.3030002117156982 0
