1634267333275 1.0416138768196106 0
1634267335306 0.10854828916490078 0
1634267336104 0.32705672830343246 0
1634267336900 0.22148649394512177 0
1634267337684 0.12130830343812704 0
1634267338482 0.1895716249709949 0
1634267339280 0.06696517299860716 0
1634267340089 0.17052613198757172 0
1634267340921 0.019887087866663933 0
1634267341769 0.0382615914568305 0
1634267342556 0.03649444133043289 0
1634267343368 0.018477998673915863 0
1634267344179 0.06123531312914565 0
1634267344993 0.09878521412611008 0
1634267345813 0.023470255313441157 0
1634267346626 0.012930392927955836 0
1634267347453 0.028360764496028423 0
1634267348298 0.00994812196586281 0
1634267349119 0.006343306531562121 0
1634267349997 0.012937294326547999 0
1634267350823 0.007975643209647387 0
1634267352728 0.0028077291790395975 0
1634267353583 0.004213398228785081 0
1634267354441 0.008481326789478771 0
1634267355297 0.0021686139662051573 0
1634267356104 0.0009489444273640402 0
1634267356903 0.0010778821597341448 0
1634267357701 0.010500375065021217 0
1634267358513 0.007660937844775617 0
1634267359323 0.0024976676286314614 0
1634267360124 0.001344977508779266 0
1634267360936 0.023222764975798782 0
1634267361737 0.004876478237520132 0
1634267362571 0.0008849955011100974 0
1634267363401 0.010537613228279952 0
1634267364225 0.020238760509982967 0
1634267365060 0.0023908889934318722 0
1634267365872 0.007373691063548904 0
1634267366684 0.02566577337711351 0
1634267367483 0.03404779687480186 0
1634267368311 0.0009408374272652509 0
1634267370280 0.0038694909017067403 0
1634267371112 0.004520308342762291 0
1634267371931 0.0015278887294698507 0
1634267372727 0.023572359554236755 0
1634267373555 0.0023583921283716336 0
1634267374369 0.0015913051465759054 0
1634267375197 0.002176975423935801 0
1634267376026 0.007366291945800185 0
1634267376839 0.004807653283933178 0
1634267377650 0.005231534014455974 0
1634267378465 0.0032860803767107427 0
1634267379281 0.007725089089944959 0
1634267380070 0.0008794669374765363 0
1634267380868 0.005753310084401164 0
1634267381664 0.0012140010112489108 0
1634267382464 0.005121321155456826 0
1634267383260 0.0020792047725990415 0
1634267384058 0.0025342435255879536 0
1634267384856 0.002654357526807871 0
1634267385653 0.010200718475971371 0
1634267387578 0.00022025025828043 0
1634267388384 0.0023260123452928383 0
1634267389164 0.0013616970682051033 0
1634267389976 0.005898742470890284 0
1634267390807 0.001671231526415795 0
1634267391616 0.002381626167334616 0
1634267392446 0.020760425366461277 0
1634267393259 0.04009045008569956 0
1634267394066 0.05129812855011551 0
1634267394893 0.06263588469300885 0
1634267395695 0.056612592190504074 0
1634267396508 0.01863369159400463 0
1634267397322 0.0019255572697147727 0
1634267398133 0.0039597509312443435 0
1634267398962 0.00750707286351826 0
1634267399790 0.007485478811076973 0
1634267400619 0.0022321531432680786 0
1634267401439 0.0019043703214265406 0
1634267402255 0.010101752028276678 0
1634267403063 0.0021287121053319424 0
1634267405036 0.009507491587498862 0
1634267405842 0.019524080824339762 0
1634267406652 0.002379846206167713 0
1634267407473 0.0014826782862655818 0
1634267408273 0.003955658712584409 0
1634267409086 0.006416423613700317 0
1634267409890 0.0024274637580674607 0
1634267410687 0.0041402052593184635 0
1634267411484 0.0005966997450741474 0
1634267412274 0.001147995855717454 0
1634267413072 0.00035444508284854237 0
1634267413882 0.004121956793824211 0
1634267414677 0.0033668679534457624 0
1634267451103 0.002217318513430655 0
1634267451900 0.000838149746414274 0
1634267452684 9.08740127694152e-05 0
1634267453483 0.004461821401491761 0
1634267454280 0.0014790189597988501 0
1634267455078 0.001685238879872486 0
1634267455876 0.0014236663118936121 0
1634267457786 0.006833706280303886 0
1634267458607 0.004553191638144938 0
1634267459429 0.003126216324744746 0
1634267460237 0.0022330676911224145 0
1634267461068 0.01032631192356348 0
1634267461918 0.003768102586036548 0
1634267462731 0.0008662438804094563 0
1634267463588 0.003211995273886714 0
1634267464435 0.0013005517612327822 0
1634267465244 0.011402257870940957 0
1634267466040 0.006076373637256438 0
1634267466821 0.0011288694513496011 0
1634267467634 0.000948089495068416 0
1634267468419 0.0006861992296762764 0
1634267469217 0.0036160655836283695 0
1634267470015 0.001397123014612589 0
1634267470812 0.0004543701397778932 0
1634267471612 0.0035274464753456414 0
1634267472399 0.002725155095504306 0
1634267473203 0.0033068069596993155 0
1634267475063 0.0021900596329942346 0
1634267475852 0.0015981037286110222 0
1634267476649 0.0005499035323737189 0
1634267477448 0.005221165822149487 0
1634267478246 0.0015910189185888157 0
1634267479043 0.0020127553725615144 0
1634267479840 0.0012454444972718193 0
1634267480622 0.0011363471421645954 0
1634267481421 6.299053302427637e-05 0
1634267482230 0.0004482160911720712 0
1634267483025 0.002676465609283696 0
1634267483804 0.0019770325161516666 0
1634267484602 0.0024237687466666102 0
1634267485399 0.015193003229796886 0
1634267486197 0.0007183526322478428 0
1634267486994 0.0006061954773031175 0
1634267487793 0.0013006838853470981 0
1634267488591 0.0012993055279366672 0
1634267489387 0.007974343694513664 0
1634267490185 0.008056394755840302 0
1634267492179 0.0012345760478638113 0
1634267492977 0.0005847130087204278 0
1634267493774 0.0011214263540750835 0
1634267494571 0.0014805712180532282 0
1634267495369 0.00047457603250222746 0
1634267496166 0.00014310206825030036 0
1634267496964 9.609559492673725e-05 0
1634267497747 0.0001896897520055063 0
1634267498545 0.0006244998512556776 0
1634267499343 0.0008712039198144339 0
1634267500151 0.00020735426369355991 0
1634267500961 0.001782238081432297 0
1634267501758 0.0001998545940296026 0
1634267502558 0.00011740809782168071 0
1634267503373 0.00010168124640586029 0
1634267504194 0.00029950767202535644 0
1634267505028 0.001514558916369424 0
1634267505840 0.002074981362966355 0
1634267506636 0.00045673720887862146 0
1634267507441 0.0009480989829171449 0
1634267509385 0.0004822233022423461 0
1634267510200 0.00011368476498319069 0
1634267511001 0.0006629689469264122 0
1634267511795 6.657627909589792e-05 0
1634267512607 0.0002835451459759497 0
1634267513408 0.0010938371051452123 0
1634267514212 0.0004235328669892624 0
1634267515022 0.0004979975637979805 0
1634267515819 0.0016386512761528138 0
1634267516630 0.0007487698094337247 0
1634267517427 0.004025974281830713 0
1634267518218 0.003487285681785579 0
1634267519022 0.02607629330304917 0
1634267519816 0.014477635821094736 0
1634267520615 0.0017874162876978517 0
1634267521419 0.13806359813315794 0
1634267522226 0.007060428186377976 0
1634267523036 0.0015176171145867556 0
1634267523848 0.014114911784417927 0
1634267524646 0.0025123274826910347 0
1634267526550 0.0008052364864852279 0
1634267527351 0.006505869561806321 0
1634267528169 0.0004830783157103724 0
1634267528966 0.0006425624596886337 0
1634267529785 0.0003354815163447711 0
1634267530616 0.001730398100335151 0
1634267531429 0.0003720678869285621 0
1634267532243 0.0007657765709154774 0
1634267533041 0.0007059441995806992 0
1634267533844 0.0003729888267116621 0
1634267534676 0.00016114799291244708 0
1634267535492 0.0009178143973258557 0
1634267536291 0.0007239950937218964 0
1634267537104 0.0005989071614749264 0
1634267537904 5.329915802576579e-05 0
1634267538701 0.0009476260383962654 0
1634267539507 0.00015268570768967038 0
1634267540319 0.0017435198460589163 0
1634267541101 0.003147807742607256 0
