1634267333265 3.890791893005371 0
1634267335290 3.206279754638672 0
1634267336088 3.215458869934082 0
1634267336885 2.592043161392212 0
1634267337684 2.620800256729126 0
1634267338482 2.7476561069488525 0
1634267339280 2.6216163635253906 0
1634267340080 3.1037023067474365 0
1634267340913 2.7721800804138184 0
1634267341761 2.3536887168884277 0
1634267342556 3.3909153938293457 0
1634267343352 2.612785816192627 0
1634267344179 2.5656380653381348 0
1634267344993 1.8790087699890137 0
1634267345798 2.566225290298462 0
1634267346618 2.590740203857422 0
1634267347445 2.2343521118164062 0
1634267348288 2.853968620300293 0
1634267349111 2.684955358505249 0
1634267349989 2.712392807006836 0
1634267350815 2.8410918712615967 0
1634267352719 2.3434135913848877 0
1634267353575 2.760286808013916 0
1634267354433 2.91410231590271 0
1634267355289 2.7473156452178955 0
1634267356088 2.7069268226623535 0
1634267356886 2.794605255126953 0
1634267357685 2.3356406688690186 0
1634267358505 2.7030131816864014 0
1634267359316 2.8635573387145996 0
1634267360116 2.671668529510498 0
1634267360927 2.7079899311065674 0
1634267361729 3.0590877532958984 0
1634267362562 2.7660646438598633 0
1634267363401 2.5631985664367676 0
1634267364217 2.533297300338745 0
1634267365052 2.77925443649292 0
1634267365872 2.7324793338775635 0
1634267366669 2.8998794555664062 0
1634267367483 3.0496723651885986 0
1634267368311 2.7773351669311523 0
1634267370280 2.405773162841797 0
1634267371104 2.5517520904541016 0
1634267371922 2.7159862518310547 0
1634267372727 2.425649642944336 0
1634267373555 2.7054660320281982 0
1634267374369 2.5135443210601807 0
1634267375197 2.2343909740448 0
1634267376026 2.736478090286255 0
1634267376824 2.601860523223877 0
1634267377634 2.738985061645508 0
1634267378449 2.367626190185547 0
1634267379273 2.83396053314209 0
1634267380070 2.7239327430725098 0
1634267380868 2.8060672283172607 0
1634267381664 2.4272398948669434 0
1634267382464 2.4048056602478027 0
1634267383260 2.9300851821899414 0
1634267384058 3.004210948944092 0
1634267384856 2.795292615890503 0
1634267385653 2.669978141784668 0
1634267387563 2.8767359256744385 0
1634267388376 2.923158884048462 0
1634267389164 2.766265869140625 0
1634267389960 2.5860421657562256 0
1634267390798 2.764806032180786 0
1634267391616 2.8675551414489746 0
1634267392430 2.5449366569519043 0
1634267393244 2.844956398010254 0
1634267394066 2.6276254653930664 0
1634267394885 2.846784830093384 0
1634267395695 2.6062209606170654 0
1634267396493 2.7406086921691895 0
1634267397306 2.709742307662964 0
1634267398133 2.597755193710327 0
1634267398946 2.838481903076172 0
1634267399790 2.6950371265411377 0
1634267400603 2.6631412506103516 0
1634267401423 2.7327446937561035 0
1634267402247 2.4857802391052246 0
1634267403054 2.7736282348632812 0
1634267405021 2.4638876914978027 0
1634267405834 2.7121992111206055 0
1634267406652 2.5186989307403564 0
1634267407465 2.680891752243042 0
1634267408273 2.732410430908203 0
1634267409086 2.789904832839966 0
1634267409874 2.6718077659606934 0
1634267410671 2.6911613941192627 0
1634267411476 2.686095714569092 0
1634267412274 2.717658519744873 0
1634267413072 2.473020076751709 0
1634267413882 2.689760446548462 0
1634267414677 2.6334896087646484 0
1634267451088 2.763246774673462 0
1634267451884 2.809095859527588 0
1634267452684 2.787264108657837 0
1634267453483 2.480877161026001 0
1634267454264 2.789968490600586 0
1634267455062 2.8069300651550293 0
1634267455860 2.6892948150634766 0
1634267457777 2.79012131690979 0
1634267458599 2.8059651851654053 0
1634267459420 2.8444859981536865 0
1634267460237 2.749406337738037 0
1634267461060 2.752624988555908 0
1634267461910 2.9875447750091553 0
1634267462723 2.554945707321167 0
1634267463578 2.7463788986206055 0
1634267464427 2.7965028285980225 0
1634267465236 2.794511079788208 0
1634267466032 2.8250508308410645 0
1634267466821 2.817591905593872 0
1634267467619 2.464393138885498 0
1634267468419 2.744676113128662 0
1634267469217 2.7677886486053467 0
1634267470015 2.7291500568389893 0
1634267470797 2.7201318740844727 0
1634267471604 2.5631744861602783 0
1634267472399 2.4880423545837402 0
1634267473187 2.752469539642334 0
1634267475055 2.4899730682373047 0
1634267475852 2.7859387397766113 0
1634267476649 2.755182981491089 0
1634267477432 2.6766536235809326 0
1634267478230 2.8775992393493652 0
1634267479028 2.8039913177490234 0
1634267479824 2.796454429626465 0
1634267480622 2.7942070960998535 0
1634267481421 2.7664191722869873 0
1634267482222 2.7252204418182373 0
1634267483017 2.8038902282714844 0
1634267483804 2.7482264041900635 0
1634267484602 2.8271734714508057 0
1634267485399 2.7937912940979004 0
1634267486197 2.7659759521484375 0
1634267486994 2.7794787883758545 0
1634267487793 2.5380356311798096 0
1634267488591 2.8896613121032715 0
1634267489387 2.804926872253418 0
1634267490170 2.724686861038208 0
1634267492179 2.4154202938079834 0
1634267492977 2.761876106262207 0
1634267493774 2.7434816360473633 0
1634267494571 2.735346794128418 0
1634267495354 2.7700581550598145 0
1634267496150 2.766016960144043 0
1634267496948 2.7978262901306152 0
1634267497747 2.755930185317993 0
1634267498545 2.7520971298217773 0
1634267499343 2.719256639480591 0
1634267500143 2.410304069519043 0
1634267500953 2.828357696533203 0
1634267501749 2.439220666885376 0
1634267502550 2.788113832473755 0
1634267503364 2.803215980529785 0
1634267504186 2.4562361240386963 0
1634267505020 2.8127501010894775 0
1634267505832 2.7887461185455322 0
1634267506620 2.778721809387207 0
1634267507432 2.724226951599121 0
1634267509376 2.793642520904541 0
1634267510185 2.7376461029052734 0
1634267510993 2.7103075981140137 0
1634267511787 2.718041181564331 0
1634267512591 2.746208667755127 0
1634267513400 2.692873954772949 0
1634267514204 2.4715576171875 0
1634267515014 2.7760732173919678 0
1634267515811 2.7590456008911133 0
1634267516622 2.8075177669525146 0
1634267517419 2.736178159713745 0
1634267518203 2.488171100616455 0
1634267519014 2.753019332885742 0
1634267519808 2.4580681324005127 0
1634267520606 2.7883291244506836 0
1634267521411 2.7150657176971436 0
1634267522211 2.7608802318573 0
1634267523028 2.8932600021362305 0
1634267523840 2.7328333854675293 0
1634267524625 2.400712251663208 0
1634267526541 2.8123645782470703 0
1634267527336 2.4246764183044434 0
1634267528161 2.7442593574523926 0
1634267528958 2.77017879486084 0
1634267529770 2.684929847717285 0
1634267530608 2.7656373977661133 0
1634267531413 2.759373188018799 0
1634267532227 2.482306718826294 0
1634267533041 2.865586280822754 0
1634267533844 2.8037984371185303 0
1634267534668 2.4846441745758057 0
1634267535476 2.7405128479003906 0
1634267536291 2.7698681354522705 0
1634267537088 2.4606056213378906 0
1634267537904 2.5224602222442627 0
1634267538701 2.5056817531585693 0
1634267539507 2.8074655532836914 0
1634267540312 2.765885591506958 0
1634267541101 2.485330581665039 0
