1634267333271 0.49956896901130676 0
1634267335290 0.43602126836776733 0
1634267336088 0.3818550109863281 0
1634267336885 0.28721508383750916 0
1634267337684 0.3408428132534027 0
1634267338482 0.3152119219303131 0
1634267339280 0.34080255031585693 0
1634267340085 0.350597620010376 0
1634267340917 0.32359442114830017 0
1634267341766 0.31980371475219727 0
1634267342556 0.307742178440094 0
1634267343368 0.3075595200061798 0
1634267344179 0.297370582818985 0
1634267344993 0.24607247114181519 0
1634267345798 0.24968187510967255 0
1634267346623 0.25928056240081787 0
1634267347449 0.2954024076461792 0
1634267348295 0.2367640882730484 0
1634267349116 0.28378546237945557 0
1634267349994 0.29507893323898315 0
1634267350820 0.30972516536712646 0
1634267352724 0.23418189585208893 0
1634267353580 0.2819320559501648 0
1634267354438 0.2892669141292572 0
1634267355294 0.24123767018318176 0
1634267356104 0.2401922643184662 0
1634267356902 0.273576557636261 0
1634267357685 0.26926225423812866 0
1634267358510 0.23361793160438538 0
1634267359320 0.26688650250434875 0
1634267360121 0.26648056507110596 0
1634267360932 0.22633738815784454 0
1634267361734 0.29106488823890686 0
1634267362567 0.26767659187316895 0
1634267363401 0.2355872243642807 0
1634267364221 0.2735317647457123 0
1634267365057 0.2668878138065338 0
1634267365872 0.27367985248565674 0
1634267366684 0.2911068797111511 0
1634267367483 0.3178190588951111 0
1634267368311 0.2611514925956726 0
1634267370280 0.23038159310817719 0
1634267371109 0.21921539306640625 0
1634267371927 0.2602233588695526 0
1634267372727 0.22992131114006042 0
1634267373555 0.2613653540611267 0
1634267374369 0.22246377170085907 0
1634267375197 0.2232961803674698 0
1634267376026 0.2190699279308319 0
1634267376824 0.228068009018898 0
1634267377650 0.2324349582195282 0
1634267378465 0.26406750082969666 0
1634267379278 0.25680726766586304 0
1634267380070 0.2582061290740967 0
1634267380868 0.25568705797195435 0
1634267381664 0.2578437924385071 0
1634267382464 0.24884431064128876 0
1634267383260 0.28432098031044006 0
1634267384058 0.2907521724700928 0
1634267384856 0.2319549173116684 0
1634267385653 0.25262022018432617 0
1634267387578 0.2804158926010132 0
1634267388380 0.294112890958786 0
1634267389164 0.27070555090904236 0
1634267389976 0.2861819267272949 0
1634267390804 0.27183011174201965 0
1634267391616 0.26283901929855347 0
1634267392430 0.27104026079177856 0
1634267393244 0.25797146558761597 0
1634267394066 0.2179875373840332 0
1634267394889 0.28659775853157043 0
1634267395695 0.21621905267238617 0
1634267396493 0.22177620232105255 0
1634267397322 0.2634430229663849 0
1634267398133 0.2936868369579315 0
1634267398962 0.24815718829631805 0
1634267399790 0.25869035720825195 0
1634267400619 0.21771098673343658 0
1634267401423 0.24618218839168549 0
1634267402252 0.2636418044567108 0
1634267403059 0.2519599497318268 0
1634267405036 0.24923622608184814 0
1634267405838 0.2173626720905304 0
1634267406652 0.24318042397499084 0
1634267407470 0.24494138360023499 0
1634267408273 0.25844478607177734 0
1634267409086 0.2515845000743866 0
1634267409890 0.21370504796504974 0
1634267410687 0.21934136748313904 0
1634267411480 0.21724256873130798 0
1634267412274 0.2434433400630951 0
1634267413072 0.24949578940868378 0
1634267413882 0.21337980031967163 0
1634267414677 0.2083621770143509 0
1634267451103 0.2568230926990509 0
1634267451884 0.25327157974243164 0
1634267452684 0.25506946444511414 0
1634267453483 0.2505015432834625 0
1634267454280 0.25054341554641724 0
1634267455078 0.2718904912471771 0
1634267455876 0.2049534171819687 0
1634267457782 0.25379958748817444 0
1634267458604 0.2593619227409363 0
1634267459425 0.27476438879966736 0
1634267460237 0.21211205422878265 0
1634267461064 0.2810620665550232 0
1634267461914 0.2787056565284729 0
1634267462728 0.24989424645900726 0
1634267463584 0.2509540319442749 0
1634267464432 0.23960500955581665 0
1634267465241 0.27823853492736816 0
1634267466037 0.24198578298091888 0
1634267466821 0.2512127161026001 0
1634267467619 0.25616341829299927 0
1634267468419 0.24428460001945496 0
1634267469217 0.2515599727630615 0
1634267470015 0.2430977076292038 0
1634267470812 0.20297947525978088 0
1634267471609 0.27142229676246643 0
1634267472399 0.2489127218723297 0
1634267473203 0.24565152823925018 0
1634267475060 0.24472883343696594 0
1634267475852 0.2519439160823822 0
1634267476649 0.23984810709953308 0
1634267477448 0.20514455437660217 0
1634267478230 0.26813724637031555 0
1634267479028 0.23762118816375732 0
1634267479824 0.23742452263832092 0
1634267480622 0.2679469585418701 0
1634267481421 0.20007963478565216 0
1634267482226 0.23765917122364044 0
1634267483022 0.24548295140266418 0
1634267483804 0.2497527003288269 0
1634267484602 0.2464444637298584 0
1634267485399 0.25897327065467834 0
1634267486197 0.24684104323387146 0
1634267486994 0.24979519844055176 0
1634267487793 0.26759254932403564 0
1634267488591 0.2790464460849762 0
1634267489387 0.23732487857341766 0
1634267490185 0.2007647007703781 0
1634267492179 0.19727927446365356 0
1634267492977 0.25289180874824524 0
1634267493774 0.2523448169231415 0
1634267494571 0.20324300229549408 0
1634267495369 0.23732298612594604 0
1634267496166 0.235796719789505 0
1634267496948 0.26209548115730286 0
1634267497747 0.20205485820770264 0
1634267498545 0.19861477613449097 0
1634267499343 0.2442234754562378 0
1634267500148 0.19951683282852173 0
1634267500958 0.26710227131843567 0
1634267501754 0.19581282138824463 0
1634267502555 0.24809788167476654 0
1634267503369 0.26082539558410645 0
1634267504191 0.2341306209564209 0
1634267505025 0.23349080979824066 0
1634267505836 0.2618902623653412 0
1634267506620 0.2356714904308319 0
1634267507437 0.19738732278347015 0
1634267509381 0.27059417963027954 0
1634267510185 0.1940876692533493 0
1634267510998 0.23534364998340607 0
1634267511792 0.19786882400512695 0
1634267512591 0.20634879171848297 0
1634267513405 0.1992279440164566 0
1634267514209 0.23529009521007538 0
1634267515019 0.2362840473651886 0
1634267515816 0.1972026377916336 0
1634267516626 0.23356442153453827 0
1634267517424 0.19382068514823914 0
1634267518218 0.19429656863212585 0
1634267519019 0.2640807032585144 0
1634267519813 0.1988031417131424 0
1634267520611 0.19618259370326996 0
1634267521415 0.19317542016506195 0
1634267522211 0.1956225335597992 0
1634267523033 0.28232237696647644 0
1634267523844 0.19968104362487793 0
1634267524643 0.20123596489429474 0
1634267526546 0.23918242752552032 0
1634267527351 0.19804206490516663 0
1634267528166 0.19715335965156555 0
1634267528963 0.24467821419239044 0
1634267529785 0.19708777964115143 0
1634267530613 0.23046936094760895 0
1634267531429 0.19602134823799133 0
1634267532227 0.2344597727060318 0
1634267533041 0.2633326053619385 0
1634267533844 0.270719975233078 0
1634267534673 0.2332654893398285 0
1634267535476 0.1945689171552658 0
1634267536291 0.23377791047096252 0
1634267537088 0.23949940502643585 0
1634267537904 0.267112135887146 0
1634267538701 0.2299625426530838 0
1634267539507 0.2423548847436905 0
1634267540316 0.23991034924983978 0
1634267541101 0.2308645397424698 0
