1634799860875 1.4706838130950928 0
1634799863224 1.5242933630943298 0
1634799864625 1.586944341659546 0
1634799866019 1.54695725440979 0
1634799867467 1.4175812005996704 0
1634799868876 1.3308917880058289 0
1634799870256 1.1300247311592102 0
1634799871663 1.1658123433589935 0
1634799873031 1.275778591632843 0
1634799874407 1.2427260875701904 0
1634799875784 1.3160567879676819 0
1634799878020 1.1119665503501892 0
1634799879423 1.2853714227676392 0
1634799880816 1.0582149028778076 0
1634799882210 1.2106786966323853 0
1634799883678 1.2335543036460876 0
1634799885129 1.0049285292625427 0
1634799886562 1.0737520456314087 0
1634799888003 1.0209813117980957 0
1634799889467 1.033397614955902 0
1634799890901 0.955940842628479 0
1634799893243 0.9255029261112213 0
1634799894684 1.100461632013321 0
1634799896104 0.7977100610733032 0
1634799897534 1.2557064294815063 0
1634799898976 0.8199620544910431 0
1634799900393 1.0554683804512024 0
1634799901776 0.8675952851772308 0
1634799903151 1.0522890985012054 0
1634799904527 1.101561963558197 0
1634799905903 0.864949569106102 0
1634799908158 1.1306498050689697 0
1634799909551 0.7968625426292419 0
1634799910927 0.9208041429519653 0
1634799912288 0.9906538128852844 0
1634799913665 0.850409746170044 0
1634799915041 0.8512793183326721 0
1634799916421 0.8329798430204391 0
1634799917799 0.9742316603660583 0
1634799919213 1.1071112751960754 0
1634799920685 0.8669627010822296 0
1634799923041 0.9122354388237 0
1634799924459 0.7272097617387772 0
1634799925843 0.7303251028060913 0
1634799927325 0.7449407130479813 0
1634799928718 0.8327372670173645 0
1634799930115 1.0258885622024536 0
1634799931524 0.6595010161399841 0
1634799932930 0.7480818033218384 0
1634799934321 0.7111435979604721 0
1634799935732 0.7010608613491058 0
1634799938017 0.5692919790744781 0
1634799939442 0.7474653124809265 0
1634799940834 0.6724475845694542 0
1634799942264 0.6258078068494797 0
1634799943646 0.8516101837158203 0
1634799945027 0.7846412658691406 0
1634799946403 0.6913504898548126 0
1634799947765 0.7468106150627136 0
1634799949147 0.6978382170200348 0
1634799950507 0.8858176469802856 0
1634799952811 0.6970647871494293 0
1634799954218 0.6594539731740952 0
1634799955663 0.5628961622714996 0
1634799957090 0.6897900551557541 0
1634799958482 0.6644160151481628 0
1634799959853 0.5876771360635757 0
1634799961221 0.8532998263835907 0
1634799962641 0.5978757739067078 0
1634799964017 0.5531334429979324 0
1634799965393 0.5096499621868134 0
1634799967721 0.7683740854263306 0
1634799969089 0.5057541280984879 0
1634799970480 0.6682924330234528 0
1634799971857 0.5058973580598831 0
1634799973236 0.6730082333087921 0
1634799974598 0.48504139482975006 0
1634799975974 0.48229585587978363 0
1634799977352 0.5537697076797485 0
1634799978717 0.5623734295368195 0
1634799980093 0.38862164318561554 0
1634799982353 0.54709692299366 0
1634799983748 0.5825388133525848 0
1634799985124 0.6700722277164459 0
1634799986484 0.4681626558303833 0
1634799987866 0.5815082788467407 0
1634799989242 0.6580108106136322 0
1634799990660 0.4291613847017288 0
1634799992095 0.5207806676626205 0
1634799993527 0.8062360882759094 0
1634799994932 0.5008044689893723 0
1634799997214 0.6096709966659546 0
1634799998650 0.5702487528324127 0
1634800000026 0.4332212060689926 0
1634800001387 0.4458209276199341 0
1634800002810 0.4034608528017998 0
1634800004231 0.6594291925430298 0
1634800005638 0.6124399304389954 0
1634800007014 0.5739337503910065 0
1634800008407 0.4633169025182724 0
1634800009834 0.4036676585674286 0
1634800012183 0.6233628690242767 0
1634800013600 0.7148559093475342 0
1634800015045 0.3993886038661003 0
1634800016439 0.4971645027399063 0
1634800017847 0.43699371814727783 0
1634800019269 0.37578998506069183 0
1634800020679 0.45184797048568726 0
1634800022039 0.5453038811683655 0
1634800023428 0.44920940697193146 0
1634800024806 0.358378104865551 0
1634800027043 0.49552543461322784 0
1634800028426 0.42504800856113434 0
1634800029803 0.4290792942047119 0
1634800031182 0.6560755968093872 0
1634800032558 0.3847131282091141 0
1634800033934 0.45222310721874237 0
1634800035299 0.40642569959163666 0
1634800036675 0.41886983811855316 0
1634800038053 0.42890673875808716 0
1634800039435 0.4151194617152214 0
1634800041662 0.43494726717472076 0
1634800043046 0.3521558344364166 0
1634800044423 0.4904398024082184 0
1634800045799 0.5089172720909119 0
1634800047178 0.45037536323070526 0
1634800048541 0.42597128450870514 0
1634800049915 0.5425719022750854 0
1634800051293 0.3595598638057709 0
1634800052675 0.3981557637453079 0
1634800054040 0.44661619514226913 0
1634800056318 0.37287258356809616 0
1634800057735 0.441009059548378 0
1634800059189 0.39247070997953415 0
1634800060606 0.3397081643342972 0
1634800061996 0.31043335795402527 0
1634800063404 0.35118377208709717 0
1634800064812 0.6544134616851807 0
1634800066214 0.5841102302074432 0
1634800067596 0.36562205851078033 0
1634800069005 0.31956747174263 0
1634800071410 0.4195554107427597 0
1634800072820 0.37753114104270935 0
1634800074215 0.3961024433374405 0
1634800075591 0.3444915860891342 0
1634800076970 0.5093780010938644 0
1634800078346 0.47140201181173325 0
1634800079728 0.49584726989269257 0
1634800081104 0.44544045627117157 0
1634800082467 0.3743387907743454 0
1634800083845 0.34577101469039917 0
1634800086083 0.5058733969926834 0
1634800087488 0.5338097214698792 0
1634800088866 0.44968149065971375 0
1634800090257 0.4635697156190872 0
1634800091661 0.36202822625637054 0
1634800093068 0.3118410035967827 0
1634800094464 0.39423494040966034 0
1634800095870 0.4314306825399399 0
1634800097279 0.3359516113996506 0
1634800098654 0.273297481238842 0
1634800101011 0.3330908566713333 0
1634800102435 0.48028889298439026 0
1634800103844 0.43494848906993866 0
1634800105253 0.4462781250476837 0
1634800106648 0.46929438412189484 0
1634800108086 0.475805401802063 0
1634800109500 0.4728599786758423 0
1634800110899 0.3485841229557991 0
1634800112318 0.3013528063893318 0
1634800113731 0.2698777988553047 0
1634800116022 0.3712966591119766 0
1634800117472 0.33004432916641235 0
1634800118899 0.33342354744672775 0
1634800120318 0.2980010658502579 0
1634800121734 0.3496928885579109 0
1634800123127 0.27043580636382103 0
1634800124534 0.28708992153406143 0
1634800125956 0.4357913136482239 0
1634800127374 0.5274335443973541 0
1634800128811 0.3599582836031914 0
1634800131264 0.351419135928154 0
1634800132658 0.31298351287841797 0
1634800134065 0.3409191966056824 0
1634800135488 0.298524871468544 0
1634800136901 0.3089820072054863 0
1634800138292 0.3223187178373337 0
1634800139719 0.3044675290584564 0
1634800141111 0.44538648426532745 0
1634800142503 0.43641284108161926 0
1634800143904 0.3111698254942894 0
1634800146217 0.4430599510669708 0
1634800147633 0.292684942483902 0
1634800149101 0.42149151861667633 0
1634800150495 0.33524079620838165 0
1634800151891 0.2661478519439697 0
1634800153289 0.4202725291252136 0
1634800154697 0.3538549989461899 0
1634800156089 0.28839975222945213 0
1634800157497 0.3205370157957077 0
1634800158873 0.36331380903720856 0
1634800161165 0.25064419209957123 0
1634800162595 0.40429115295410156 0
1634800164003 0.4120113402605057 0
1634800165410 0.31082215532660484 0
1634800166791 0.22830140218138695 0
1634800168167 0.2827448397874832 0
1634800169533 0.25416044145822525 0
1634800170909 0.3228597939014435 0
1634800172287 0.4430023580789566 0
1634800173665 0.26439380645751953 0
1634800175925 0.38833120465278625 0
1634800177330 0.4087937921285629 0
1634800178707 0.21590955182909966 0
1634800180083 0.2982204854488373 0
1634800181463 0.26269960403442383 0
1634800182829 0.3193143308162689 0
1634800184205 0.3150305598974228 0
1634800185566 0.3815806061029434 0
1634800186954 0.313194677233696 0
1634800188345 0.40254776179790497 0
1634800190631 0.22569144517183304 0
1634800192082 0.3750719726085663 0
1634800193478 0.21759283170104027 0
1634800194855 0.39948736131191254 0
1634800196233 0.2881964221596718 0
1634800197612 0.2434304803609848 0
1634800198976 0.2240494303405285 0
1634800200353 0.26965902745723724 0
1634800201729 0.3515840023756027 0
1634800203099 0.3162020444869995 0
1634800205334 0.1928911656141281 0
1634800206738 0.21849391609430313 0
1634800208114 0.34350989758968353 0
1634800209490 0.228659987449646 0
1634800210851 0.37858428061008453 0
1634800212220 0.2290603294968605 0
1634800213596 0.265106663107872 0
1634800214973 0.4592549130320549 0
1634800216352 0.49255961179733276 0
1634800217714 0.4513881802558899 0
1634800220156 0.5519470572471619 0
1634800221554 0.40854912996292114 0
1634800222930 0.39805252850055695 0
1634800224292 0.4303220510482788 0
1634800225668 0.3867950886487961 0
1634800227045 0.4048595726490021 0
1634800228426 0.41186244785785675 0
1634800229802 0.3929430991411209 0
1634800231165 0.3447353094816208 0
1634800232543 0.34533336758613586 0
1634800234769 0.4406956434249878 0
1634800236160 0.36013321578502655 0
1634800237536 0.33794958889484406 0
1634800238912 0.443528413772583 0
1634800240273 0.38416634500026703 0
1634800241654 0.4115091413259506 0
1634800243030 0.30400924384593964 0
1634800244392 0.4307252913713455 0
1634800245787 0.510210245847702 0
1634800247166 0.347104474902153 0
1634800249398 0.41453003883361816 0
1634800250779 0.31218260526657104 0
1634800252155 0.3752320557832718 0
1634800253532 0.2932034879922867 0
1634800254913 0.4432436227798462 0
1634800256275 0.3348073214292526 0
1634800257651 0.3403245657682419 0
1634800259031 0.47698089480400085 0
1634800260407 0.4436757117509842 0
1634800261768 0.4256898760795593 0
1634800264011 0.34535954892635345 0
1634800265402 0.3782497048377991 0
1634800266779 0.3219550997018814 0
1634800268139 0.28231361508369446 0
1634800269515 0.33919399976730347 0
1634800270899 0.294507697224617 0
1634800272268 0.32167406380176544 0
1634800273631 0.3554864972829819 0
1634800275009 0.32447361946105957 0
1634800276391 0.4168514162302017 0
1634800278660 0.3309965878725052 0
1634800280036 0.2785733789205551 0
1634800281451 0.4056766778230667 0
1634800282913 0.33270326256752014 0
1634800284321 0.4429379105567932 0
1634800285731 0.34383074939250946 0
1634800287156 0.3206905424594879 0
1634800288582 0.3432183861732483 0
1634800290002 0.33449000120162964 0
1634800291414 0.2964777499437332 0
1634800293699 0.2629329636693001 0
1634800295095 0.26040443032979965 0
1634800296474 0.41074514389038086 0
1634800297865 0.3320336192846298 0
1634800299230 0.330528125166893 0
1634800300609 0.2609349563717842 0
1634800301984 0.36175820231437683 0
1634800303360 0.30299048125743866 0
1634800304723 0.30607570707798004 0
1634800306101 0.32398368418216705 0
1634800308379 0.2350875437259674 0
1634800309803 0.31661495566368103 0
1634800311274 0.22388958185911179 0
1634800312738 0.2590875178575516 0
1634800314202 0.27151836454868317 0
1634800315678 0.30759043991565704 0
1634800317120 0.2606227323412895 0
1634800318573 0.27138514816761017 0
1634800320022 0.2805495485663414 0
1634800321455 0.24363116174936295 0
1634800323796 0.2873057648539543 0
1634800325264 0.21203380823135376 0
1634800326723 0.22914064675569534 0
1634800328163 0.2638786509633064 0
1634800329587 0.2242209017276764 0
1634800330999 0.2898329347372055 0
1634800332406 0.3094682842493057 0
1634800333816 0.2784608080983162 0
1634800335225 0.20895017683506012 0
1634800336644 0.3913193941116333 0
1634800339168 0.2445763498544693 0
1634800340590 0.26057717204093933 0
1634800341990 0.34570618718862534 0
1634800343366 0.3183971792459488 0
1634800344728 0.24036259204149246 0
1634800346107 0.2824219688773155 0
1634800347483 0.1959543526172638 0
1634800348859 0.4454377740621567 0
1634800350237 0.30792999267578125 0
1634800351616 0.42866285145282745 0
1634800353853 0.20373296737670898 0
1634800355248 0.3093670755624771 0
1634800356625 0.22224783897399902 0
1634800358019 0.3956534415483475 0
1634800359398 0.30644576251506805 0
1634800360780 0.17451747506856918 0
1634800362152 0.29908138513565063 0
1634800363528 0.2334928810596466 0
1634800364906 0.2147366851568222 0
1634800366282 0.293769970536232 0
1634800368539 0.33568356186151505 0
1634800369926 0.27284377813339233 0
1634800371303 0.28655656427145004 0
1634800372680 0.23926177620887756 0
1634800374059 0.17900989204645157 0
1634800375420 0.20091170817613602 0
1634800376786 0.24225495755672455 0
1634800378165 0.2893250584602356 0
1634800379527 0.21225830167531967 0
1634800380903 0.33580443263053894 0
1634800383141 0.24952203780412674 0
1634800384534 0.32563529908657074 0
1634800385910 0.22934818267822266 0
1634800387288 0.2737434580922127 0
1634800388664 0.3160047382116318 0
1634800390043 0.20203182101249695 0
1634800391424 0.18443691730499268 0
1634800392835 0.19927729666233063 0
1634800394260 0.18125633150339127 0
1634800395664 0.2681705728173256 0
1634800397923 0.25929561257362366 0
1634800399308 0.2649596333503723 0
1634800400699 0.31062860786914825 0
1634800402075 0.3450348824262619 0
1634800403439 0.24567237496376038 0
1634800404818 0.17369258776307106 0
1634800406196 0.14831674098968506 0
1634800407573 0.18955571204423904 0
1634800408933 0.19105195254087448 0
1634800410314 0.19393985718488693 0
1634800412559 0.3048965036869049 0
1634800413942 0.3364781141281128 0
1634800415333 0.14968545734882355 0
1634800416694 0.3348988741636276 0
1634800418085 0.33981476724147797 0
1634800419450 0.2316558063030243 0
1634800420826 0.245990552008152 0
1634800422212 0.36436881124973297 0
1634800423639 0.13473321497440338 0
1634800425101 0.2990545853972435 0
1634800427415 0.13720954582095146 0
1634800428842 0.28877153992652893 0
1634800430248 0.15970295667648315 0
1634800431654 0.22831737995147705 0
1634800433036 0.16433223336935043 0
1634800434464 0.15812402218580246 0
1634800435875 0.3403804302215576 0
1634800437358 0.12267427518963814 0
1634800438793 0.14350050687789917 0
1634800440210 0.12511440739035606 0
1634800442604 0.22823329269886017 0
1634800444044 0.27101022750139236 0
1634800445468 0.22450506687164307 0
1634800446868 0.2654990553855896 0
1634800448265 0.2456708922982216 0
1634800449641 0.24803368747234344 0
1634800451026 0.15385101735591888 0
1634800452397 0.15732546150684357 0
1634800453786 0.21075361967086792 0
1634800455193 0.22944054752588272 0
1634800457579 0.22371823340654373 0
1634800459065 0.350996658205986 0
1634800460500 0.23071389645338058 0
1634800461926 0.15540765970945358 0
1634800463322 0.2204303964972496 0
1634800464706 0.12996772676706314 0
1634800466144 0.2371039018034935 0
1634800467572 0.13891196250915527 0
1634800468956 0.25217222422361374 0
1634800470340 0.217741921544075 0
1634800472970 0.2511640563607216 0
1634800474393 0.20108529925346375 0
1634800475803 0.20969491451978683 0
1634800477216 0.25835538655519485 0
1634800478628 0.17674238234758377 0
1634800480025 0.31093476712703705 0
1634800481460 0.2561788782477379 0
1634800482923 0.3100159540772438 0
1634800484332 0.3028779625892639 0
1634800485724 0.13877903670072556 0
1634800488030 0.23580586165189743 0
1634800489456 0.2955227494239807 0
1634800490867 0.12080778926610947 0
1634800492291 0.29068462550640106 0
1634800493683 0.1806664615869522 0
1634800495093 0.22817426919937134 0
1634800496495 0.1598523035645485 0
1634800497886 0.14264286309480667 0
1634800499263 0.10603346303105354 0
1634800500641 0.18544931709766388 0
1634800502896 0.31092604994773865 0
1634800504295 0.13295796141028404 0
1634800505672 0.12653787434101105 0
1634800507063 0.2644313797354698 0
1634800508443 0.16939005628228188 0
1634800509808 0.2721133306622505 0
1634800511204 0.129832673817873 0
1634800512568 0.30422574281692505 0
1634800513944 0.23846032470464706 0
1634800515338 0.13981931656599045 0
1634800517588 0.11718552559614182 0
1634800518988 0.12201157212257385 0
1634800520368 0.2672242671251297 0
1634800521744 0.15619715303182602 0
1634800523110 0.11941533908247948 0
1634800524503 0.2086625173687935 0
1634800525879 0.17570320889353752 0
1634800527259 0.2236393690109253 0
1634800528651 0.12555667385458946 0
1634800530118 0.2358817681670189 0
1634800532439 0.21753639727830887 0
1634800533861 0.17070282623171806 0
1634800535313 0.20916107669472694 0
1634800536757 0.27438950538635254 0
1634800538192 0.29434485733509064 0
1634800539638 0.26598982512950897 0
1634800541018 0.2461298406124115 0
1634800542402 0.22527507320046425 0
1634800543778 0.11915827542543411 0
1634800545154 0.13441584259271622 0
1634800547415 0.1737816259264946 0
1634800548818 0.21749068424105644 0
1634800550196 0.2916048765182495 0
1634800551572 0.19354210048913956 0
1634800552950 0.09679023921489716 0
1634800554334 0.21098969131708145 0
1634800555710 0.3304150104522705 0
1634800557070 0.17749984189867973 0
1634800558459 0.13535255938768387 0
1634800559835 0.10418914631009102 0
1634800562099 0.13436344638466835 0
1634800563486 0.2833358198404312 0
1634800564878 0.09183560684323311 0
1634800566255 0.1319856010377407 0
1634800567658 0.16752513498067856 0
1634800569118 0.1260574571788311 0
1634800570533 0.09654677286744118 0
1634800571989 0.16202452778816223 0
