1634799860886 0.6599938273429871 0
1634799863224 0.771403968334198 0
1634799864625 0.7671612501144409 0
1634799866035 0.6217374205589294 0
1634799867483 0.6483686566352844 0
1634799868876 0.602870762348175 0
1634799870272 0.39350247383117676 0
1634799871663 0.3846810758113861 0
1634799873046 0.6086494326591492 0
1634799874422 0.37911081314086914 0
1634799875784 0.5467300415039062 0
1634799878020 0.3341413736343384 0
1634799879431 0.5059944987297058 0
1634799880823 0.29694604873657227 0
1634799882225 0.54796302318573 0
1634799883687 0.4800301492214203 0
1634799885136 0.3505311608314514 0
1634799886570 0.3225284218788147 0
1634799888010 0.2448197305202484 0
1634799889483 0.27208322286605835 0
1634799890909 0.2572326362133026 0
1634799893243 0.23800426721572876 0
1634799894691 0.28507620096206665 0
1634799896111 0.21297743916511536 0
1634799897549 0.5770949721336365 0
1634799898983 0.23067912459373474 0
1634799900393 0.4422464370727539 0
1634799901776 0.2506104111671448 0
1634799903151 0.30581527948379517 0
1634799904527 0.4967549741268158 0
1634799905919 0.2177816480398178 0
1634799908158 0.4998398721218109 0
1634799909551 0.22599881887435913 0
1634799910927 0.33073124289512634 0
1634799912304 0.4246668815612793 0
1634799913681 0.17928919196128845 0
1634799915041 0.2168397158384323 0
1634799916421 0.23672249913215637 0
1634799917799 0.4519103467464447 0
1634799919220 0.4619981050491333 0
1634799920685 0.3021785318851471 0
1634799923057 0.3423221707344055 0
1634799924459 0.1673925817012787 0
1634799925858 0.23295649886131287 0
1634799927325 0.16648587584495544 0
1634799928733 0.2319476455450058 0
1634799930131 0.4449854791164398 0
1634799931539 0.20433640480041504 0
1634799932930 0.23913216590881348 0
1634799934337 0.2072121500968933 0
1634799935732 0.2443646490573883 0
1634799938032 0.18652808666229248 0
1634799939442 0.13638463616371155 0
1634799940850 0.10930435359477997 0
1634799942266 0.10005252063274384 0
1634799943646 0.2595195770263672 0
1634799945027 0.29127317667007446 0
1634799946403 0.20628365874290466 0
1634799947765 0.2611866593360901 0
1634799949147 0.15457959473133087 0
1634799950523 0.36304888129234314 0
1634799952818 0.23437628149986267 0
1634799954239 0.17392008006572723 0
1634799955670 0.12324057519435883 0
1634799957090 0.20118007063865662 0
1634799958482 0.21640640497207642 0
1634799959869 0.21381962299346924 0
1634799961237 0.3561056852340698 0
1634799962656 0.15079021453857422 0
1634799964033 0.16200506687164307 0
1634799965410 0.1129077896475792 0
1634799967721 0.34560295939445496 0
1634799969105 0.12460458278656006 0
1634799970496 0.23393569886684418 0
1634799971857 0.12278901040554047 0
1634799973236 0.155726358294487 0
1634799974614 0.1355075240135193 0
1634799975974 0.12417759746313095 0
1634799977352 0.1335107982158661 0
1634799978717 0.19373223185539246 0
1634799980093 0.1556020826101303 0
1634799982353 0.12918072938919067 0
1634799983748 0.13477623462677002 0
1634799985124 0.18879219889640808 0
1634799986500 0.1317017525434494 0
1634799987881 0.29431331157684326 0
1634799989257 0.20912860333919525 0
1634799990676 0.12113167345523834 0
1634799992095 0.14155313372612 0
1634799993527 0.2954946756362915 0
1634799994932 0.14740502834320068 0
1634799997230 0.29314324259757996 0
1634799998650 0.2078353464603424 0
1634800000026 0.10830830782651901 0
1634800001402 0.13336114585399628 0
1634800002825 0.11660546064376831 0
1634800004231 0.32789987325668335 0
1634800005638 0.2821490168571472 0
1634800007030 0.18211111426353455 0
1634800008423 0.1310313642024994 0
1634800009834 0.11410713195800781 0
1634800012199 0.2820122241973877 0
1634800013616 0.30930188298225403 0
1634800015045 0.13121271133422852 0
1634800016439 0.15912878513336182 0
1634800017854 0.12390812486410141 0
1634800019284 0.15076741576194763 0
1634800020679 0.14641153812408447 0
1634800022055 0.1503739356994629 0
1634800023428 0.14833945035934448 0
1634800024806 0.09767085313796997 0
1634800027058 0.1351984143257141 0
1634800028442 0.12591096758842468 0
1634800029819 0.14758001267910004 0
1634800031197 0.26614511013031006 0
1634800032573 0.14354756474494934 0
1634800033934 0.11664490401744843 0
1634800035315 0.1446249634027481 0
1634800036691 0.15083801746368408 0
1634800038053 0.13261079788208008 0
1634800039435 0.09903865307569504 0
1634800041678 0.08517348766326904 0
1634800043061 0.1642969846725464 0
1634800044439 0.1362869292497635 0
1634800045815 0.2576475739479065 0
1634800047178 0.13433405756950378 0
1634800048556 0.14797836542129517 0
1634800049932 0.25999706983566284 0
1634800051293 0.09027981758117676 0
1634800052679 0.10931652784347534 0
1634800054056 0.11834737658500671 0
1634800056318 0.09089598059654236 0
1634800057735 0.1314379870891571 0
1634800059189 0.12910251319408417 0
1634800060606 0.1571848839521408 0
1634800062011 0.09336407482624054 0
1634800063404 0.1325705647468567 0
1634800064812 0.26908546686172485 0
1634800066214 0.24340765178203583 0
1634800067611 0.08175645768642426 0
1634800069006 0.07844729721546173 0
1634800071410 0.1446821242570877 0
1634800072820 0.12325473129749298 0
1634800074215 0.15474674105644226 0
1634800075591 0.09504616260528564 0
1634800076970 0.1476391851902008 0
1634800078346 0.10250115394592285 0
1634800079728 0.1560065746307373 0
1634800081104 0.10278325527906418 0
1634800082482 0.140498548746109 0
1634800083845 0.08820005506277084 0
1634800086098 0.1228661760687828 0
1634800087504 0.244144007563591 0
1634800088866 0.14008796215057373 0
1634800090257 0.2469487190246582 0
1634800091677 0.12285607308149338 0
1634800093084 0.12320484966039658 0
1634800094464 0.13977651298046112 0
1634800095870 0.09280145168304443 0
1634800097279 0.1527387499809265 0
1634800098669 0.07321232557296753 0
1634800101011 0.11860105395317078 0
1634800102435 0.261257141828537 0
1634800103859 0.24016325175762177 0
1634800105268 0.2619718313217163 0
1634800106653 0.1405065655708313 0
1634800108093 0.23477886617183685 0
1634800109507 0.25756484270095825 0
1634800110914 0.08869636058807373 0
1634800112318 0.11825680732727051 0
1634800113731 0.10412397980690002 0
1634800116029 0.1475515067577362 0
1634800117480 0.14563274383544922 0
1634800118906 0.0927540510892868 0
1634800120326 0.143971785902977 0
1634800121741 0.08021712303161621 0
1634800123143 0.06296385824680328 0
1634800124549 0.10265618562698364 0
1634800125956 0.2367716282606125 0
1634800127374 0.25414392352104187 0
1634800128827 0.10585044324398041 0
1634800131264 0.15503284335136414 0
1634800132658 0.14676007628440857 0
1634800134065 0.1448073387145996 0
1634800135488 0.1167890876531601 0
1634800136901 0.10295942425727844 0
1634800138308 0.15283203125 0
1634800139719 0.0659121721982956 0
1634800141111 0.25474727153778076 0
1634800142503 0.25175487995147705 0
1634800143911 0.06010080501437187 0
1634800146217 0.2481096088886261 0
1634800147649 0.0664624348282814 0
1634800149101 0.2461560219526291 0
1634800150511 0.14826743304729462 0
1634800151891 0.09828208386898041 0
1634800153304 0.24406567215919495 0
1634800154697 0.1688869446516037 0
1634800156104 0.06201813742518425 0
1634800157497 0.16740944981575012 0
1634800158873 0.17334680259227753 0
1634800161181 0.10209697484970093 0
1634800162595 0.21684685349464417 0
1634800164003 0.24099944531917572 0
1634800165410 0.0682733952999115 0
1634800166791 0.057709645479917526 0
1634800168182 0.1172732561826706 0
1634800169549 0.07457343488931656 0
1634800170909 0.1449553668498993 0
1634800172303 0.23936127126216888 0
1634800173680 0.10364176332950592 0
1634800175940 0.21275751292705536 0
1634800177330 0.24036240577697754 0
1634800178723 0.07247962057590485 0
1634800180083 0.15160828828811646 0
1634800181463 0.09043347835540771 0
1634800182844 0.14690756797790527 0
1634800184205 0.14608445763587952 0
1634800185582 0.21391169726848602 0
1634800186954 0.14826856553554535 0
1634800188345 0.2340455949306488 0
1634800190646 0.06415224075317383 0
1634800192089 0.23350411653518677 0
1634800193478 0.06943996250629425 0
1634800194855 0.2334025353193283 0
1634800196233 0.08859100937843323 0
1634800197612 0.10169898718595505 0
1634800198991 0.06914253532886505 0
1634800200369 0.09335315227508545 0
1634800201729 0.20528708398342133 0
1634800203099 0.17993605136871338 0
1634800205350 0.08095735311508179 0
1634800206738 0.07123995572328568 0
1634800208114 0.17688332498073578 0
1634800209490 0.10663814842700958 0
1634800210866 0.17644214630126953 0
1634800212236 0.06123649328947067 0
1634800213612 0.06631331145763397 0
1634800214973 0.13179175555706024 0
1634800216352 0.16274988651275635 0
1634800217730 0.16412773728370667 0
1634800220172 0.29076525568962097 0
1634800221554 0.19124582409858704 0
1634800222930 0.1689036786556244 0
1634800224308 0.21773140132427216 0
1634800225668 0.18597200512886047 0
1634800227045 0.20558342337608337 0
1634800228426 0.22081124782562256 0
1634800229802 0.2239905595779419 0
1634800231165 0.17264962196350098 0
1634800232543 0.1077573150396347 0
1634800234785 0.2895030975341797 0
1634800236175 0.15419065952301025 0
1634800237551 0.1854616105556488 0
1634800238912 0.28732869029045105 0
1634800240289 0.23600733280181885 0
1634800241654 0.18597835302352905 0
1634800243030 0.17857405543327332 0
1634800244408 0.2913438677787781 0
1634800245787 0.30692756175994873 0
1634800247166 0.18718746304512024 0
1634800249398 0.2747250199317932 0
1634800250779 0.18850195407867432 0
1634800252155 0.15895962715148926 0
1634800253548 0.12320417165756226 0
1634800254913 0.27817559242248535 0
1634800256290 0.1486610621213913 0
1634800257666 0.18735668063163757 0
1634800259031 0.30976760387420654 0
1634800260407 0.25635287165641785 0
1634800261784 0.26443248987197876 0
1634800264011 0.1863570213317871 0
1634800265402 0.1751866638660431 0
1634800266779 0.18694834411144257 0
1634800268155 0.16019773483276367 0
1634800269531 0.18561701476573944 0
1634800270899 0.1644432544708252 0
1634800272284 0.18742160499095917 0
1634800273647 0.14208516478538513 0
1634800275024 0.16535302996635437 0
1634800276391 0.264978289604187 0
1634800278676 0.20530781149864197 0
1634800280052 0.12496684491634369 0
1634800281467 0.22356586158275604 0
1634800282913 0.20539866387844086 0
1634800284337 0.29581335186958313 0
1634800285731 0.19348329305648804 0
1634800287156 0.19796225428581238 0
1634800288582 0.18472763895988464 0
1634800290009 0.20347915589809418 0
1634800291414 0.1503911167383194 0
1634800293699 0.1384086310863495 0
1634800295110 0.17020568251609802 0
1634800296489 0.25752580165863037 0
1634800297865 0.20535945892333984 0
1634800299246 0.17164896428585052 0
1634800300625 0.15302222967147827 0
1634800301984 0.20581746101379395 0
1634800303360 0.12313660979270935 0
1634800304739 0.17897117137908936 0
1634800306116 0.19742926955223083 0
1634800308379 0.09591206908226013 0
1634800309819 0.1696178913116455 0
1634800311281 0.10342568159103394 0
1634800312738 0.11080509424209595 0
1634800314210 0.10994913429021835 0
1634800315685 0.16556322574615479 0
1634800317128 0.14471998810768127 0
1634800318581 0.11747057735919952 0
1634800320030 0.1716868132352829 0
1634800321455 0.12517894804477692 0
1634800323803 0.1908535659313202 0
1634800325272 0.11074851453304291 0
1634800326741 0.14038780331611633 0
1634800328170 0.14044973254203796 0
1634800329594 0.10896307229995728 0
1634800331007 0.18463781476020813 0
1634800332421 0.17260929942131042 0
1634800333823 0.0841970443725586 0
1634800335232 0.0768141895532608 0
1634800336651 0.25654420256614685 0
1634800339184 0.12077164649963379 0
1634800340606 0.10867788642644882 0
1634800341990 0.24317078292369843 0
1634800343366 0.1616593301296234 0
1634800344743 0.07921266555786133 0
1634800346122 0.07054399698972702 0
1634800347498 0.0712314024567604 0
1634800348859 0.2415526807308197 0
1634800350253 0.10933941602706909 0
1634800351616 0.2199978232383728 0
1634800353868 0.08578148484230042 0
1634800355265 0.10656674951314926 0
1634800356642 0.10543900728225708 0
1634800358019 0.2006366103887558 0
1634800359414 0.2119113653898239 0
1634800360780 0.07760247588157654 0
1634800362152 0.17067191004753113 0
1634800363528 0.08226650208234787 0
1634800364906 0.11335112899541855 0
1634800366282 0.1619068682193756 0
1634800368555 0.21051165461540222 0
1634800369941 0.15914513170719147 0
1634800371303 0.17258894443511963 0
1634800372680 0.16171208024024963 0
1634800374059 0.07317280024290085 0
1634800375435 0.07840253412723541 0
1634800376801 0.14893001317977905 0
1634800378165 0.16145437955856323 0
1634800379542 0.08022816479206085 0
1634800380918 0.1805967539548874 0
1634800383156 0.09361841529607773 0
1634800384550 0.20784108340740204 0
1634800385926 0.07744451612234116 0
1634800387303 0.16283352673053741 0
1634800388664 0.15823610126972198 0
1634800390043 0.10887076705694199 0
1634800391432 0.07062806189060211 0
1634800392835 0.08743387460708618 0
1634800394267 0.07347673177719116 0
1634800395679 0.08872997760772705 0
1634800397923 0.14877304434776306 0
1634800399323 0.11391264200210571 0
1634800400699 0.17140543460845947 0
1634800402075 0.2036534547805786 0
1634800403455 0.1482742875814438 0
1634800404834 0.05713098496198654 0
1634800406196 0.05892094969749451 0
1634800407573 0.12081997096538544 0
1634800408949 0.09047757089138031 0
1634800410330 0.08940006792545319 0
1634800412559 0.1993076503276825 0
1634800413957 0.22325579822063446 0
1634800415333 0.12515050172805786 0
1634800416709 0.22344636917114258 0
1634800418085 0.15510240197181702 0
1634800419450 0.15402841567993164 0
1634800420826 0.1550200879573822 0
1634800422228 0.19894097745418549 0
1634800423639 0.056822068989276886 0
1634800425117 0.1966898888349533 0
1634800427431 0.05953242629766464 0
1634800428842 0.14204882085323334 0
1634800430248 0.06430459022521973 0
1634800431654 0.15640757977962494 0
1634800433036 0.08342551440000534 0
1634800434471 0.08106450736522675 0
1634800435882 0.19471704959869385 0
1634800437365 0.05788484215736389 0
1634800438800 0.04925370216369629 0
1634800440217 0.0561007522046566 0
1634800442611 0.1535658985376358 0
1634800444051 0.1679949164390564 0
1634800445468 0.15340931713581085 0
1634800446876 0.16886208951473236 0
1634800448265 0.14235734939575195 0
1634800449641 0.1544998735189438 0
1634800451026 0.07514625042676926 0
1634800452413 0.08266033232212067 0
1634800453786 0.14159154891967773 0
1634800455200 0.14064541459083557 0
1634800457586 0.14079438149929047 0
1634800459072 0.21700260043144226 0
1634800460507 0.14410832524299622 0
1634800461933 0.06690151244401932 0
1634800463329 0.14056561887264252 0
1634800464706 0.05574376881122589 0
1634800466151 0.13980379700660706 0
1634800467579 0.04949350282549858 0
1634800468956 0.16874413192272186 0
1634800470356 0.14309494197368622 0
1634800472970 0.16760800778865814 0
1634800474400 0.07027153670787811 0
1634800475810 0.13941159844398499 0
1634800477223 0.19118261337280273 0
1634800478635 0.04970260709524155 0
1634800480041 0.1676884889602661 0
1634800481460 0.18926098942756653 0
1634800482923 0.2146972417831421 0
1634800484332 0.21542906761169434 0
1634800485739 0.04602282494306564 0
1634800488030 0.15277868509292603 0
1634800489456 0.16617333889007568 0
1634800490867 0.059972330927848816 0
1634800492291 0.15130126476287842 0
1634800493699 0.04094313085079193 0
1634800495093 0.16601741313934326 0
1634800496495 0.07112695276737213 0
1634800497902 0.07000862807035446 0
1634800499279 0.045583825558423996 0
1634800500657 0.052317917346954346 0
1634800502912 0.16542619466781616 0
1634800504310 0.036780647933483124 0
1634800505688 0.034958939999341965 0
1634800507063 0.19275137782096863 0
1634800508443 0.04484634846448898 0
1634800509824 0.19053170084953308 0
1634800511204 0.0703536868095398 0
1634800512583 0.16561895608901978 0
1634800513959 0.1663266271352768 0
1634800515338 0.06927663087844849 0
1634800517588 0.04684857279062271 0
1634800518988 0.053387533873319626 0
1634800520368 0.1902710646390915 0
1634800521760 0.06716348230838776 0
1634800523126 0.04894276708364487 0
1634800524503 0.15052108466625214 0
1634800525894 0.04383470118045807 0
1634800527259 0.16428010165691376 0
1634800528658 0.04693807661533356 0
1634800530133 0.15135279297828674 0
1634800532446 0.1500125527381897 0
1634800533868 0.04363245889544487 0
1634800535320 0.14924347400665283 0
1634800536772 0.21679994463920593 0
1634800538199 0.164036825299263 0
1634800539641 0.19152924418449402 0
1634800541018 0.1639118641614914 0
1634800542402 0.1635240614414215 0
1634800543793 0.036974065005779266 0
1634800545169 0.06995339691638947 0
1634800547430 0.04366935044527054 0
1634800548834 0.16162951290607452 0
1634800550211 0.1613202542066574 0
1634800551587 0.13471636176109314 0
1634800552966 0.042238056659698486 0
1634800554334 0.1482054889202118 0
1634800555710 0.19479279220104218 0
1634800557086 0.04201371595263481 0
1634800558459 0.07086105644702911 0
1634800559850 0.036491695791482925 0
1634800562114 0.07303614914417267 0
1634800563502 0.22006604075431824 0
1634800564878 0.03383354842662811 0
1634800566255 0.0704498291015625 0
1634800567665 0.03076041303575039 0
1634800569118 0.06882017850875854 0
1634800570540 0.04109823331236839 0
1634800571995 0.03273718059062958 0
