1634799860886 1.5300463438034058 0
1634799863224 1.5617673993110657 0
1634799864625 1.608801782131195 0
1634799866019 1.4190781116485596 0
1634799867483 1.3574405908584595 0
1634799868876 1.4507519602775574 0
1634799870256 0.9911509156227112 0
1634799871663 1.1437279284000397 0
1634799873046 1.323006272315979 0
1634799874407 1.0666157007217407 0
1634799875784 1.1575652956962585 0
1634799878020 0.9033244252204895 0
1634799879426 1.1020394563674927 0
1634799880819 0.8620674014091492 0
1634799882210 1.141501784324646 0
1634799883682 1.1414159834384918 0
1634799885133 0.958136260509491 0
1634799886566 0.9247381687164307 0
1634799888007 0.8676434457302094 0
1634799889483 0.7624958753585815 0
1634799890905 0.8123866021633148 0
1634799893243 0.708078920841217 0
1634799894688 0.9390377998352051 0
1634799896108 0.6314297318458557 0
1634799897534 1.1285749673843384 0
1634799898980 0.7522757947444916 0
1634799900393 0.8652516305446625 0
1634799901776 0.6541368067264557 0
1634799903151 0.9177600741386414 0
1634799904527 0.9821557998657227 0
1634799905903 0.6905069798231125 0
1634799908158 1.1149329245090485 0
1634799909551 0.7111832797527313 0
1634799910927 0.7770009636878967 0
1634799912304 0.9054909348487854 0
1634799913665 0.6692637503147125 0
1634799915041 0.7099510580301285 0
1634799916421 0.6885936856269836 0
1634799917799 0.7710395455360413 0
1634799919216 0.8982140719890594 0
1634799920685 0.7558644115924835 0
1634799923057 0.7949996292591095 0
1634799924459 0.5493128299713135 0
1634799925843 0.5585789978504181 0
1634799927325 0.7201522290706635 0
1634799928718 0.7232680469751358 0
1634799930115 0.9101988971233368 0
1634799931539 0.6254120171070099 0
1634799932930 0.7154677510261536 0
1634799934337 0.636164516210556 0
1634799935732 0.7054179310798645 0
1634799938032 0.5166355073451996 0
1634799939442 0.6478373110294342 0
1634799940834 0.5592932552099228 0
1634799942266 0.5019175559282303 0
1634799943646 0.688341498374939 0
1634799945027 0.6857203543186188 0
1634799946403 0.5977290570735931 0
1634799947765 0.6853322684764862 0
1634799949147 0.5716069787740707 0
1634799950507 0.754565954208374 0
1634799952814 0.6418691277503967 0
1634799954236 0.49703218042850494 0
1634799955667 0.48432694375514984 0
1634799957090 0.534410685300827 0
1634799958482 0.6543832123279572 0
1634799959853 0.4979083836078644 0
1634799961237 0.8069076836109161 0
1634799962641 0.5175749361515045 0
1634799964017 0.5261992812156677 0
1634799965393 0.5255187675356865 0
1634799967721 0.7221523225307465 0
1634799969105 0.45056235790252686 0
1634799970496 0.645394816994667 0
1634799971857 0.47757355868816376 0
1634799973236 0.6036190837621689 0
1634799974598 0.49833470582962036 0
1634799975974 0.44006576389074326 0
1634799977352 0.5630351901054382 0
1634799978717 0.5216356217861176 0
1634799980093 0.48549263179302216 0
1634799982353 0.6029148995876312 0
1634799983748 0.6120357811450958 0
1634799985124 0.5623403489589691 0
1634799986500 0.5140444785356522 0
1634799987881 0.5165705531835556 0
1634799989242 0.5838368386030197 0
1634799990676 0.35698196291923523 0
1634799992095 0.47458043694496155 0
1634799993527 0.667071133852005 0
1634799994932 0.5422056317329407 0
1634799997230 0.6123620569705963 0
1634799998650 0.569612979888916 0
1634800000026 0.46296506375074387 0
1634800001402 0.4343270808458328 0
1634800002810 0.4080894887447357 0
1634800004231 0.6725727617740631 0
1634800005638 0.6102159023284912 0
1634800007014 0.5110233128070831 0
1634800008407 0.3902195394039154 0
1634800009834 0.4404544234275818 0
1634800012199 0.6118010580539703 0
1634800013600 0.7120906412601471 0
1634800015045 0.43098488450050354 0
1634800016439 0.4615459144115448 0
1634800017850 0.42621272057294846 0
1634800019284 0.37841321527957916 0
1634800020679 0.4568764567375183 0
1634800022055 0.4145967662334442 0
1634800023428 0.4420642554759979 0
1634800024806 0.4119093418121338 0
1634800027058 0.41985902190208435 0
1634800028426 0.40828192234039307 0
1634800029819 0.40597866475582123 0
1634800031197 0.6433474123477936 0
1634800032558 0.3885719031095505 0
1634800033934 0.39156685769557953 0
1634800035315 0.40095408260822296 0
1634800036675 0.43749943375587463 0
1634800038053 0.410805344581604 0
1634800039435 0.3859842047095299 0
1634800041678 0.4737713038921356 0
1634800043046 0.3567472994327545 0
1634800044423 0.4411042481660843 0
1634800045799 0.5061283707618713 0
1634800047178 0.40993326902389526 0
1634800048556 0.4456537365913391 0
1634800049932 0.5251921117305756 0
1634800051293 0.35720887780189514 0
1634800052679 0.38262811303138733 0
1634800054056 0.36442624032497406 0
1634800056318 0.3468278646469116 0
1634800057735 0.44802436232566833 0
1634800059189 0.3820255249738693 0
1634800060606 0.3821452111005783 0
1634800062011 0.40706767141819 0
1634800063404 0.3823188543319702 0
1634800064812 0.5738784074783325 0
1634800066214 0.5746317356824875 0
1634800067596 0.31401875615119934 0
1634800069006 0.3183022737503052 0
1634800071410 0.4373631030321121 0
1634800072820 0.38665519654750824 0
1634800074215 0.5341291427612305 0
1634800075591 0.3568460941314697 0
1634800076970 0.44018426537513733 0
1634800078346 0.3428538143634796 0
1634800079728 0.4825967848300934 0
1634800081104 0.36887090653181076 0
1634800082467 0.36133232712745667 0
1634800083845 0.3487447425723076 0
1634800086098 0.45834221690893173 0
1634800087488 0.4899316877126694 0
1634800088866 0.46593189239501953 0
1634800090257 0.49506838619709015 0
1634800091677 0.3589280918240547 0
1634800093068 0.3700043186545372 0
1634800094464 0.3839256763458252 0
1634800095870 0.4167156517505646 0
1634800097279 0.3655867576599121 0
1634800098654 0.31270232796669006 0
1634800101011 0.3012424409389496 0
1634800102435 0.5006674379110336 0
1634800103844 0.44673489034175873 0
1634800105253 0.4385204464197159 0
1634800106651 0.3473730981349945 0
1634800108090 0.4403517097234726 0
1634800109504 0.467805951833725 0
1634800110899 0.3356465846300125 0
1634800112318 0.30622634291648865 0
1634800113731 0.27915066480636597 0
1634800116025 0.39571841061115265 0
1634800117476 0.3639337718486786 0
1634800118902 0.27934952080249786 0
1634800120322 0.3235653191804886 0
1634800121738 0.347494512796402 0
1634800123127 0.26878221333026886 0
1634800124534 0.3016691356897354 0
1634800125956 0.45791351795196533 0
1634800127374 0.5232127010822296 0
1634800128827 0.36429740488529205 0
1634800131264 0.3264000862836838 0
1634800132658 0.32882146537303925 0
1634800134065 0.31061744689941406 0
1634800135488 0.29560744762420654 0
1634800136901 0.3005041927099228 0
1634800138292 0.3483438193798065 0
1634800139719 0.26286032795906067 0
1634800141111 0.41608119010925293 0
1634800142503 0.424032986164093 0
1634800143907 0.31382687017321587 0
1634800146217 0.4160010516643524 0
1634800147649 0.24200814217329025 0
1634800149101 0.3990504741668701 0
1634800150495 0.334433376789093 0
1634800151891 0.28038378059864044 0
1634800153289 0.40307632088661194 0
1634800154697 0.34542350471019745 0
1634800156089 0.3105698190629482 0
1634800157497 0.3502117544412613 0
1634800158873 0.3491997569799423 0
1634800161165 0.28973521292209625 0
1634800162595 0.3902961015701294 0
1634800164003 0.4104478806257248 0
1634800165410 0.30874840915203094 0
1634800166791 0.2393844984471798 0
1634800168167 0.290743350982666 0
1634800169549 0.26736729592084885 0
1634800170909 0.3127789944410324 0
1634800172287 0.4557560235261917 0
1634800173680 0.3052409440279007 0
1634800175940 0.38847602903842926 0
1634800177330 0.41381366550922394 0
1634800178707 0.22718967497348785 0
1634800180083 0.3118460923433304 0
1634800181463 0.25630851089954376 0
1634800182829 0.3023129552602768 0
1634800184205 0.2806639224290848 0
1634800185582 0.38048379123210907 0
1634800186954 0.3131514638662338 0
1634800188345 0.393889918923378 0
1634800190646 0.23094850778579712 0
1634800192085 0.3876001685857773 0
1634800193478 0.21694500744342804 0
1634800194855 0.372158020734787 0
1634800196233 0.23939983546733856 0
1634800197612 0.2318391278386116 0
1634800198976 0.22124779224395752 0
1634800200353 0.24407577514648438 0
1634800201729 0.3542204648256302 0
1634800203099 0.32236041128635406 0
1634800205350 0.251309797167778 0
1634800206738 0.22408706694841385 0
1634800208114 0.38214918971061707 0
1634800209490 0.2873047888278961 0
1634800210866 0.40110908448696136 0
1634800212236 0.24404171854257584 0
1634800213596 0.2577074021100998 0
1634800214973 0.4558766633272171 0
1634800216352 0.40865297615528107 0
1634800217714 0.366410955786705 0
1634800220156 0.5519222021102905 0
1634800221554 0.4475247263908386 0
1634800222930 0.4068017154932022 0
1634800224308 0.4756811410188675 0
1634800225668 0.3929697722196579 0
1634800227045 0.45835787057876587 0
1634800228426 0.4938777983188629 0
1634800229802 0.4756369888782501 0
1634800231165 0.3718606233596802 0
1634800232543 0.3592287451028824 0
1634800234785 0.4656819701194763 0
1634800236160 0.40428709983825684 0
1634800237536 0.34523023664951324 0
1634800238912 0.4851897060871124 0
1634800240289 0.4730064272880554 0
1634800241654 0.41858963668346405 0
1634800243030 0.3739139288663864 0
1634800244408 0.45980872213840485 0
1634800245787 0.5881718099117279 0
1634800247166 0.38207539916038513 0
1634800249398 0.4536304324865341 0
1634800250779 0.3552643358707428 0
1634800252155 0.3537653088569641 0
1634800253548 0.29542337357997894 0
1634800254913 0.49442726373672485 0
1634800256290 0.36942780017852783 0
1634800257651 0.35024285316467285 0
1634800259031 0.48951394855976105 0
1634800260407 0.4597421735525131 0
1634800261784 0.5088813453912735 0
1634800264011 0.3873046487569809 0
1634800265402 0.3690927028656006 0
1634800266779 0.3676895797252655 0
1634800268139 0.329657182097435 0
1634800269531 0.38932637870311737 0
1634800270899 0.3239135295152664 0
1634800272268 0.3920132666826248 0
1634800273647 0.3807254433631897 0
1634800275024 0.34187163412570953 0
1634800276391 0.43744102120399475 0
1634800278660 0.40263731777668 0
1634800280052 0.31812095642089844 0
1634800281467 0.44669677317142487 0
1634800282913 0.3760903626680374 0
1634800284337 0.4799725115299225 0
1634800285731 0.36272113025188446 0
1634800287156 0.3447633981704712 0
1634800288582 0.3547528088092804 0
1634800290005 0.35398997366428375 0
1634800291414 0.32361413538455963 0
1634800293699 0.2786729037761688 0
1634800295095 0.30998726189136505 0
1634800296489 0.43295571208000183 0
1634800297865 0.3380478471517563 0
1634800299246 0.32061538100242615 0
1634800300609 0.3269224464893341 0
1634800301984 0.3550025075674057 0
1634800303360 0.3066244572401047 0
1634800304723 0.3188702166080475 0
1634800306101 0.3284333199262619 0
1634800308379 0.2455095797777176 0
1634800309819 0.3094521462917328 0
1634800311278 0.24238671362400055 0
1634800312738 0.24865952134132385 0
1634800314205 0.2834434434771538 0
1634800315682 0.30530062317848206 0
1634800317124 0.2929133027791977 0
1634800318577 0.2910055071115494 0
1634800320026 0.32118967175483704 0
1634800321455 0.2637801766395569 0
1634800323799 0.3223561495542526 0
1634800325268 0.23961423337459564 0
1634800326723 0.275415763258934 0
1634800328167 0.31963299214839935 0
1634800329590 0.24114848673343658 0
1634800331002 0.3318620026111603 0
1634800332406 0.29959936439991 0
1634800333819 0.2518102824687958 0
1634800335228 0.20467698574066162 0
1634800336648 0.39954644441604614 0
1634800339168 0.27124400436878204 0
1634800340606 0.2766721770167351 0
1634800341990 0.3730961084365845 0
1634800343366 0.3387261927127838 0
1634800344743 0.22489404678344727 0
1634800346107 0.2603711411356926 0
1634800347483 0.1842496395111084 0
1634800348859 0.4052434116601944 0
1634800350237 0.2863621115684509 0
1634800351616 0.4084108769893646 0
1634800353853 0.2356334775686264 0
1634800355248 0.29895103722810745 0
1634800356642 0.23839519917964935 0
1634800358019 0.39234459400177 0
1634800359398 0.3181764706969261 0
1634800360780 0.1879560425877571 0
1634800362152 0.31554844975471497 0
1634800363528 0.2636226490139961 0
1634800364906 0.24251361936330795 0
1634800366282 0.30111920833587646 0
1634800368555 0.35210996866226196 0
1634800369926 0.2900492697954178 0
1634800371303 0.30043238401412964 0
1634800372680 0.28693513572216034 0
1634800374059 0.18258284777402878 0
1634800375420 0.23705077171325684 0
1634800376786 0.26829444617033005 0
1634800378165 0.3328450173139572 0
1634800379542 0.23816630244255066 0
1634800380918 0.3637564927339554 0
1634800383156 0.2727127745747566 0
1634800384550 0.3457994908094406 0
1634800385910 0.25476380437612534 0
1634800387288 0.2957665026187897 0
1634800388664 0.3389011472463608 0
1634800390043 0.2593224421143532 0
1634800391428 0.22569866478443146 0
1634800392835 0.2232755571603775 0
1634800394264 0.20592164993286133 0
1634800395664 0.2603825181722641 0
1634800397923 0.29070569574832916 0
1634800399323 0.2982967793941498 0
1634800400699 0.29921944439411163 0
1634800402075 0.3386413902044296 0
1634800403455 0.25807470083236694 0
1634800404834 0.18367304652929306 0
1634800406196 0.17024105042219162 0
1634800407573 0.23706815391778946 0
1634800408933 0.22031837701797485 0
1634800410314 0.222560852766037 0
1634800412559 0.32124998420476913 0
1634800413942 0.34002409130334854 0
1634800415333 0.24349351227283478 0
1634800416709 0.3406572863459587 0
1634800418085 0.3229302167892456 0
1634800419450 0.2614295855164528 0
1634800420826 0.28081803023815155 0
1634800422228 0.368971049785614 0
1634800423639 0.1516263708472252 0
1634800425101 0.3244277536869049 0
1634800427415 0.1620175689458847 0
1634800428842 0.31070592999458313 0
1634800430248 0.19857190549373627 0
1634800431654 0.2650918662548065 0
1634800433036 0.17938226461410522 0
1634800434468 0.17837029695510864 0
1634800435878 0.36204729974269867 0
1634800437361 0.15820670872926712 0
1634800438797 0.1700102761387825 0
1634800440214 0.14865700528025627 0
1634800442607 0.24924855679273605 0
1634800444047 0.2850894629955292 0
1634800445468 0.26234935224056244 0
1634800446872 0.288685105741024 0
1634800448265 0.25655920058488846 0
1634800449641 0.2748230919241905 0
1634800451026 0.17793644219636917 0
1634800452397 0.18102724105119705 0
1634800453786 0.25460199266672134 0
1634800455196 0.24421758204698563 0
1634800457582 0.23677117377519608 0
1634800459068 0.39762289822101593 0
1634800460503 0.2560853585600853 0
1634800461930 0.1856757402420044 0
1634800463325 0.2364714965224266 0
1634800464706 0.15691105276346207 0
1634800466148 0.24889061599969864 0
1634800467575 0.17238381877541542 0
1634800468956 0.2950718104839325 0
1634800470356 0.23471605777740479 0
1634800472970 0.27942322194576263 0
1634800474396 0.23515422642230988 0
1634800475806 0.22320912033319473 0
1634800477220 0.2772991880774498 0
1634800478631 0.21217413991689682 0
1634800480041 0.33352547883987427 0
1634800481460 0.26868724077939987 0
1634800482923 0.3351444974541664 0
1634800484332 0.3334476128220558 0
1634800485724 0.1675671637058258 0
1634800488030 0.26973942667245865 0
1634800489456 0.3321823626756668 0
1634800490867 0.17672095447778702 0
1634800492291 0.31082311272621155 0
1634800493683 0.20503541827201843 0
1634800495093 0.260375551879406 0
1634800496495 0.18612857908010483 0
1634800497902 0.17769348621368408 0
1634800499263 0.1357964240014553 0
1634800500641 0.21543976664543152 0
1634800502896 0.32606467604637146 0
1634800504310 0.1494014412164688 0
1634800505672 0.14745761826634407 0
1634800507063 0.3021194413304329 0
1634800508443 0.20902710407972336 0
1634800509824 0.3009162098169327 0
1634800511204 0.15680938959121704 0
1634800512583 0.3241731524467468 0
1634800513959 0.26683273166418076 0
1634800515338 0.1834699884057045 0
1634800517588 0.16123756766319275 0
1634800518988 0.15055827423930168 0
1634800520368 0.30731382220983505 0
1634800521744 0.19425316154956818 0
1634800523126 0.17608212679624557 0
1634800524503 0.24331095814704895 0
1634800525879 0.20638276636600494 0
1634800527259 0.256694994866848 0
1634800528654 0.16244961321353912 0
1634800530118 0.271164171397686 0
1634800532442 0.24799252301454544 0
1634800533864 0.20915640518069267 0
1634800535316 0.24125734716653824 0
1634800536757 0.31833557039499283 0
1634800538196 0.3305327594280243 0
1634800539641 0.287555955350399 0
1634800541018 0.2812021002173424 0
1634800542402 0.2803526595234871 0
1634800543793 0.15049374848604202 0
1634800545154 0.17899154871702194 0
1634800547430 0.19753474742174149 0
1634800548818 0.23950593918561935 0
1634800550211 0.32550758123397827 0
1634800551572 0.22444797307252884 0
1634800552950 0.14383895695209503 0
1634800554334 0.23218771815299988 0
1634800555710 0.3470558524131775 0
1634800557086 0.20129608735442162 0
1634800558459 0.18008577078580856 0
1634800559835 0.14617902413010597 0
1634800562099 0.17878558486700058 0
1634800563486 0.3252210319042206 0
1634800564878 0.12592465430498123 0
1634800566255 0.18000200390815735 0
1634800567662 0.19759895466268063 0
1634800569118 0.17408449947834015 0
1634800570536 0.1304539255797863 0
1634800571991 0.2010621875524521 0
