1634799860875 5.23560905456543 0
1634799863209 5.6911301612854 0
1634799864625 6.632327079772949 0
1634799866019 4.1120781898498535 0
1634799867467 4.383420467376709 0
1634799868860 4.240931987762451 0
1634799870256 2.225827932357788 0
1634799871663 2.704991102218628 0
1634799873031 4.154484272003174 0
1634799874407 3.3323140144348145 0
1634799875784 3.949436664581299 0
1634799878020 2.256392478942871 0
1634799879421 2.8353023529052734 0
1634799880814 3.1104576587677 0
1634799882210 3.444157123565674 0
1634799883676 3.6437883377075195 0
1634799885127 2.647634506225586 0
1634799886560 2.9215657711029053 0
1634799888001 3.1031973361968994 0
1634799889467 3.6143484115600586 0
1634799890897 2.4348535537719727 0
1634799893243 3.1190013885498047 0
1634799894683 4.117947578430176 0
1634799896102 2.3663244247436523 0
1634799897534 3.6199612617492676 0
1634799898974 2.383049488067627 0
1634799900393 3.2618167400360107 0
1634799901776 3.6659460067749023 0
1634799903151 2.849860191345215 0
1634799904527 3.3385984897613525 0
1634799905903 3.161160945892334 0
1634799908158 4.072875022888184 0
1634799909536 2.4526093006134033 0
1634799910912 2.793433427810669 0
1634799912288 2.817946195602417 0
1634799913665 2.4215197563171387 0
1634799915041 2.3908069133758545 0
1634799916421 1.9119277000427246 0
1634799917799 3.0292091369628906 0
1634799919211 3.2753286361694336 0
1634799920685 3.2138001918792725 0
1634799923041 2.560502529144287 0
1634799924444 2.7521069049835205 0
1634799925843 2.5647757053375244 0
1634799927309 2.169656753540039 0
1634799928718 2.218674659729004 0
1634799930115 3.4773383140563965 0
1634799931524 2.441131353378296 0
1634799932930 3.0489063262939453 0
1634799934321 2.8579039573669434 0
1634799935732 2.4733986854553223 0
1634799938017 2.2796449661254883 0
1634799939442 2.4644038677215576 0
1634799940834 2.2589101791381836 0
1634799942262 2.5560712814331055 0
1634799943646 2.865004539489746 0
1634799945027 2.428023099899292 0
1634799946388 2.037611484527588 0
1634799947765 3.08780837059021 0
1634799949131 2.9715933799743652 0
1634799950507 2.7639598846435547 0
1634799952809 2.70475697517395 0
1634799954218 2.3233280181884766 0
1634799955661 1.9874728918075562 0
1634799957090 2.5734519958496094 0
1634799958482 2.2409284114837646 0
1634799959853 2.16900634765625 0
1634799961221 2.9718832969665527 0
1634799962641 1.814178705215454 0
1634799964017 2.460155963897705 0
1634799965393 2.384658098220825 0
1634799967705 2.64208984375 0
1634799969089 2.055058479309082 0
1634799970480 2.1250250339508057 0
1634799971857 1.766309142112732 0
1634799973236 1.9169481992721558 0
1634799974598 2.1873626708984375 0
1634799975974 2.0993690490722656 0
1634799977336 2.2730300426483154 0
1634799978717 2.2383275032043457 0
1634799980093 1.6167465448379517 0
1634799982353 2.17295503616333 0
1634799983748 2.204761505126953 0
1634799985124 2.6702470779418945 0
1634799986484 2.702735662460327 0
1634799987866 2.5667920112609863 0
1634799989242 2.4407742023468018 0
1634799990660 1.511668086051941 0
1634799992079 2.0116608142852783 0
1634799993511 2.27988862991333 0
1634799994932 1.9106336832046509 0
1634799997214 2.1670308113098145 0
1634799998650 1.9863779544830322 0
1634800000026 2.333160400390625 0
1634800001387 1.6600446701049805 0
1634800002810 1.481039047241211 0
1634800004231 2.327681303024292 0
1634800005638 2.352142333984375 0
1634800007014 2.0250439643859863 0
1634800008407 1.8518186807632446 0
1634800009818 2.022444725036621 0
1634800012183 2.554945945739746 0
1634800013600 2.615633964538574 0
1634800015045 1.4632220268249512 0
1634800016439 1.4649107456207275 0
1634800017845 1.8064475059509277 0
1634800019269 2.1743979454040527 0
1634800020679 2.176753044128418 0
1634800022039 2.260793447494507 0
1634800023428 1.8646588325500488 0
1634800024806 1.417346715927124 0
1634800027043 1.5741381645202637 0
1634800028426 1.5754791498184204 0
1634800029803 1.8165582418441772 0
1634800031182 2.3391823768615723 0
1634800032558 1.5932416915893555 0
1634800033934 1.8994154930114746 0
1634800035299 1.6640431880950928 0
1634800036675 1.5881954431533813 0
1634800038037 1.7499123811721802 0
1634800039419 1.5555918216705322 0
1634800041662 1.636855125427246 0
1634800043046 1.3220282793045044 0
1634800044423 2.307420015335083 0
1634800045799 2.6009860038757324 0
1634800047178 1.608834147453308 0
1634800048541 1.739112138748169 0
1634800049915 2.5898895263671875 0
1634800051293 1.3195058107376099 0
1634800052673 1.5161759853363037 0
1634800054040 2.1970272064208984 0
1634800056318 1.2074137926101685 0
1634800057735 1.504501223564148 0
1634800059189 1.4828299283981323 0
1634800060590 1.3589686155319214 0
1634800061996 1.7954429388046265 0
1634800063404 1.4450716972351074 0
1634800064812 2.1282947063446045 0
1634800066214 1.8890142440795898 0
1634800067596 1.4479035139083862 0
1634800068989 1.7511245012283325 0
1634800071394 1.3728293180465698 0
1634800072820 1.7884365320205688 0
1634800074215 1.2372654676437378 0
1634800075575 1.2579350471496582 0
1634800076970 1.725997805595398 0
1634800078346 2.146730899810791 0
1634800079713 2.117957592010498 0
1634800081104 2.2590155601501465 0
1634800082467 1.1506534814834595 0
1634800083845 1.1821073293685913 0
1634800086083 1.2905166149139404 0
1634800087488 1.8043696880340576 0
1634800088866 1.846219778060913 0
1634800090257 1.3775222301483154 0
1634800091661 1.7844842672348022 0
1634800093068 0.9296280741691589 0
1634800094464 1.850917100906372 0
1634800095870 1.0604597330093384 0
1634800097264 1.2179174423217773 0
1634800098654 1.5905563831329346 0
1634800101011 1.2714934349060059 0
1634800102435 1.8010348081588745 0
1634800103844 1.2744535207748413 0
1634800105253 1.4675638675689697 0
1634800106646 1.6845874786376953 0
1634800108084 1.8257381916046143 0
1634800109498 1.8103466033935547 0
1634800110899 1.2351692914962769 0
1634800112318 1.181427001953125 0
1634800113731 1.4121168851852417 0
1634800116020 1.5276498794555664 0
1634800117471 1.4427579641342163 0
1634800118897 1.439212679862976 0
1634800120317 1.341850996017456 0
1634800121732 1.1676210165023804 0
1634800123127 1.280138373374939 0
1634800124534 1.531466007232666 0
1634800125956 1.8720685243606567 0
1634800127374 1.74662184715271 0
1634800128811 1.1267101764678955 0
1634800131248 1.2463618516921997 0
1634800132658 1.4081999063491821 0
1634800134065 1.236036777496338 0
1634800135488 1.2330659627914429 0
1634800136901 1.2692474126815796 0
1634800138292 1.4681073427200317 0
1634800139703 0.9653099775314331 0
1634800141111 1.4687190055847168 0
1634800142487 1.688907265663147 0
1634800143902 1.298154592514038 0
1634800146217 1.222494125366211 0
1634800147633 0.9152939915657043 0
1634800149101 1.4549906253814697 0
1634800150495 1.1357704401016235 0
1634800151891 1.1151620149612427 0
1634800153289 1.2457956075668335 0
1634800154697 1.4565411806106567 0
1634800156089 1.0687153339385986 0
1634800157482 1.3666582107543945 0
1634800158873 1.2112433910369873 0
1634800161165 0.919029951095581 0
1634800162595 1.2384822368621826 0
1634800164003 1.414379358291626 0
1634800165410 1.0241297483444214 0
1634800166791 0.8761379718780518 0
1634800168167 1.1583397388458252 0
1634800169533 1.357722520828247 0
1634800170909 1.2071377038955688 0
1634800172287 1.2950994968414307 0
1634800173665 1.4390320777893066 0
1634800175925 1.207908272743225 0
1634800177330 1.3305599689483643 0
1634800178707 0.9004685282707214 0
1634800180083 1.0721296072006226 0
1634800181447 1.186198115348816 0
1634800182829 1.1480045318603516 0
1634800184205 1.1412403583526611 0
1634800185566 1.31447172164917 0
1634800186954 1.1086465120315552 0
1634800188345 1.2870482206344604 0
1634800190631 1.0579816102981567 0
1634800192080 1.2897694110870361 0
1634800193478 0.8450719714164734 0
1634800194855 1.238973617553711 0
1634800196233 1.1783961057662964 0
1634800197596 1.1447474956512451 0
1634800198976 0.9462785720825195 0
1634800200353 0.9759284257888794 0
1634800201713 1.2271243333816528 0
1634800203099 1.2195343971252441 0
1634800205334 0.8859214782714844 0
1634800206738 0.9597688913345337 0
1634800208114 1.2473819255828857 0
1634800209475 0.8114469647407532 0
1634800210851 1.3093246221542358 0
1634800212220 1.0095058679580688 0
1634800213596 0.9690517783164978 0
1634800214958 1.5275118350982666 0
1634800216336 1.6418015956878662 0
1634800217714 1.480220913887024 0
1634800220156 1.9807788133621216 0
1634800221554 1.2943660020828247 0
1634800222930 1.217820405960083 0
1634800224292 1.3288296461105347 0
1634800225668 1.0559124946594238 0
1634800227045 1.380996584892273 0
1634800228426 1.3067373037338257 0
1634800229802 1.4418816566467285 0
1634800231165 1.1858446598052979 0
1634800232543 1.1815088987350464 0
1634800234769 1.4668850898742676 0
1634800236160 1.1203830242156982 0
1634800237536 1.1051511764526367 0
1634800238912 1.2782007455825806 0
1634800240273 1.0454840660095215 0
1634800241654 1.1075167655944824 0
1634800243030 1.0298433303833008 0
1634800244392 1.2266045808792114 0
1634800245787 1.6632272005081177 0
1634800247166 1.051120400428772 0
1634800249398 1.2426652908325195 0
1634800250779 1.1567668914794922 0
1634800252155 1.0561177730560303 0
1634800253532 0.8351194858551025 0
1634800254913 1.440526008605957 0
1634800256275 1.3292670249938965 0
1634800257651 0.946487307548523 0
1634800259031 1.6368838548660278 0
1634800260407 1.6516262292861938 0
1634800261768 1.3227078914642334 0
1634800263996 1.1102403402328491 0
1634800265402 1.25847327709198 0
1634800266779 0.9566836357116699 0
1634800268139 1.2000532150268555 0
1634800269515 1.124213457107544 0
1634800270883 1.1532070636749268 0
1634800272268 1.0216315984725952 0
1634800273631 0.9781848192214966 0
1634800275009 0.9305194616317749 0
1634800276391 1.4464523792266846 0
1634800278660 1.2907490730285645 0
1634800280036 0.8742036819458008 0
1634800281451 1.2017544507980347 0
1634800282897 0.9434762001037598 0
1634800284321 1.2292572259902954 0
1634800285716 0.9964339733123779 0
1634800287156 0.9548112154006958 0
1634800288582 1.2030916213989258 0
1634800290000 0.9702498912811279 0
1634800291414 1.0997604131698608 0
1634800293699 0.8799558877944946 0
1634800295095 0.861767053604126 0
1634800296474 1.1440712213516235 0
1634800297850 0.9110593795776367 0
1634800299230 0.9346288442611694 0
1634800300609 1.0664806365966797 0
1634800301984 1.1229034662246704 0
1634800303360 0.9924148321151733 0
1634800304723 0.9317247867584229 0
1634800306101 0.950671911239624 0
1634800308363 0.8694179058074951 0
1634800309803 0.952235221862793 0
1634800311272 0.8154938220977783 0
1634800312738 0.8619459271430969 0
1634800314200 1.0238176584243774 0
1634800315677 1.065751075744629 0
1634800317118 0.9628235101699829 0
1634800318571 1.39724600315094 0
1634800320020 0.8862449526786804 0
1634800321455 0.8519347310066223 0
1634800323794 1.0044281482696533 0
1634800325262 0.7821898460388184 0
1634800326723 0.8787585496902466 0
1634800328162 0.9547809362411499 0
1634800329585 0.9838824272155762 0
1634800330997 0.8983336687088013 0
1634800332406 0.8574615716934204 0
1634800333814 0.8044275045394897 0
1634800335223 0.7354785799980164 0
1634800336642 1.1265441179275513 0
1634800339168 0.816863477230072 0
1634800340590 0.8151910305023193 0
1634800341990 1.0258049964904785 0
1634800343366 1.019299030303955 0
1634800344728 0.8862475752830505 0
1634800346107 0.8696099519729614 0
1634800347483 0.6925649046897888 0
1634800348859 1.175752878189087 0
1634800350237 1.0219779014587402 0
1634800351601 1.2267565727233887 0
1634800353853 0.7879960536956787 0
1634800355248 0.915902316570282 0
1634800356625 0.8330379128456116 0
1634800358019 1.202528476715088 0
1634800359398 1.0017809867858887 0
1634800360780 0.8420383930206299 0
1634800362152 1.0889869928359985 0
1634800363528 0.8384021520614624 0
1634800364906 0.8206993937492371 0
1634800366282 0.9300850629806519 0
1634800368539 1.0268446207046509 0
1634800369926 0.9827263355255127 0
1634800371303 0.8931272625923157 0
1634800372680 0.9220529794692993 0
1634800374059 0.7254751920700073 0
1634800375420 0.7830667495727539 0
1634800376786 0.9138001203536987 0
1634800378165 1.0149891376495361 0
1634800379527 0.8211853504180908 0
1634800380903 1.003102421760559 0
1634800383141 0.9202937483787537 0
1634800384534 1.0697495937347412 0
1634800385910 0.8797070980072021 0
1634800387288 0.9878801703453064 0
1634800388664 1.0584585666656494 0
1634800390027 0.8630063533782959 0
1634800391423 0.8587169051170349 0
1634800392835 0.8161648511886597 0
1634800394258 0.8194597959518433 0
1634800395664 0.9344439506530762 0
1634800397923 1.044848918914795 0
1634800399308 0.9972640872001648 0
1634800400699 1.0758328437805176 0
1634800402075 1.1678578853607178 0
1634800403439 0.967686653137207 0
1634800404818 0.8290042281150818 0
1634800406196 0.784260630607605 0
1634800407573 0.9059197902679443 0
1634800408933 0.8832480907440186 0
1634800410314 0.9025868773460388 0
1634800412559 1.089564323425293 0
1634800413942 1.1854747533798218 0
1634800415333 0.8488168120384216 0
1634800416694 1.156134843826294 0
1634800418085 1.1254360675811768 0
1634800419450 0.9681752324104309 0
1634800420810 0.9487965106964111 0
1634800422212 1.2083473205566406 0
1634800423639 0.7343077659606934 0
1634800425101 1.1097971200942993 0
1634800427415 0.7550885081291199 0
1634800428842 1.0603934526443481 0
1634800430247 0.8385509848594666 0
1634800431654 0.932735800743103 0
1634800433036 0.7983847856521606 0
1634800434462 0.812843382358551 0
1634800435873 1.1706573963165283 0
1634800437356 0.7942345142364502 0
1634800438791 0.7925441861152649 0
1634800440208 0.7618284225463867 0
1634800442602 0.8866465091705322 0
1634800444042 1.0736219882965088 0
1634800445468 0.9088553786277771 0
1634800446867 1.0231897830963135 0
1634800448249 0.9330067038536072 0
1634800449625 1.0294649600982666 0
1634800451010 0.7952338457107544 0
1634800452397 0.7899664044380188 0
1634800453786 0.9693464040756226 0
1634800455191 0.913536548614502 0
1634800457577 0.9219484329223633 0
1634800459063 1.1914342641830444 0
1634800460498 0.938428521156311 0
1634800461924 0.8109897375106812 0
1634800463320 0.9444137215614319 0
1634800464706 0.758742094039917 0
1634800466142 0.9647586345672607 0
1634800467570 0.7464315295219421 0
1634800468956 1.0470600128173828 0
1634800470340 0.925953209400177 0
1634800472955 0.9682869911193848 0
1634800474391 0.9334345459938049 0
1634800475801 0.9095736742019653 0
1634800477215 1.063997507095337 0
1634800478626 0.8484549522399902 0
1634800480025 1.1074068546295166 0
1634800481460 1.0055763721466064 0
1634800482923 1.142841100692749 0
1634800484332 1.1637446880340576 0
1634800485724 0.8019118905067444 0
1634800488014 0.9768037796020508 0
1634800489456 1.0619912147521973 0
1634800490867 0.7951655983924866 0
1634800492276 1.0914509296417236 0
1634800493683 0.8862206339836121 0
1634800495093 0.9525114893913269 0
1634800496495 0.8353803753852844 0
1634800497886 0.8067659735679626 0
1634800499263 0.7276193499565125 0
1634800500641 0.8774285912513733 0
1634800502896 1.1095354557037354 0
1634800504295 0.7386240363121033 0
1634800505672 0.7471498847007751 0
1634800507063 1.084579348564148 0
1634800508443 0.8663116693496704 0
1634800509808 1.0620782375335693 0
1634800511188 0.770477831363678 0
1634800512568 1.0787056684494019 0
1634800513944 0.9755160212516785 0
1634800515338 0.8356397151947021 0
1634800517588 0.7512432336807251 0
1634800518988 0.7317734956741333 0
1634800520368 1.0147541761398315 0
1634800521744 0.8320233225822449 0
1634800523110 0.7734079957008362 0
1634800524503 0.9391297698020935 0
1634800525879 0.8016372323036194 0
1634800527259 0.9167770147323608 0
1634800528649 0.7625791430473328 0
1634800530118 0.951602578163147 0
1634800532437 0.9180954694747925 0
1634800533859 0.8686357736587524 0
1634800535311 0.9004427194595337 0
1634800536757 1.066513180732727 0
1634800538191 1.0702035427093506 0
1634800539636 1.0371657609939575 0
1634800541018 1.0004628896713257 0
1634800542402 0.9664499759674072 0
1634800543778 0.7476414442062378 0
1634800545154 0.7986066341400146 0
1634800547415 0.8694657683372498 0
1634800548818 0.9158872961997986 0
1634800550196 1.0962319374084473 0
1634800551572 0.9031277894973755 0
1634800552950 0.7042039036750793 0
1634800554318 0.8962160348892212 0
1634800555710 1.1585592031478882 0
1634800557070 0.841113805770874 0
1634800558459 0.8507651686668396 0
1634800559835 0.7404563426971436 0
1634800562099 0.7634468674659729 0
1634800563486 1.1077866554260254 0
1634800564862 0.6755651831626892 0
1634800566255 0.8250142335891724 0
1634800567656 0.8516108393669128 0
1634800569118 0.7638401389122009 0
1634800570531 0.7019215822219849 0
1634800571987 0.8569812774658203 0
