1634525898203 1.9201159477233887 0
1634525900571 0.5870892107486725 0
1634525902119 0.5968528985977173 0
1634525903640 0.41508179903030396 0
1634525905172 0.3309418857097626 0
1634525906700 0.8404721319675446 0
1634525908249 0.5117445439100266 0
1634525909802 0.6877483427524567 0
1634525911335 0.6287290751934052 0
1634525912867 0.7142738997936249 0
1634525914402 1.1656008064746857 0
1634525916768 0.8207965195178986 0
1634525918331 0.8892297446727753 0
1634525919885 0.9758258759975433 0
1634525921479 0.8472534120082855 0
1634525923011 1.0716759860515594 0
1634525924575 0.706340104341507 0
1634525926147 0.7857614159584045 0
1634525927793 1.0658731162548065 0
1634525929487 0.5361735820770264 0
1634525931220 0.5578567981719971 0
