1634532220053 0 0
1634532223123 0 0
1634532224786 0 0
1634532226438 0 0
1634532228096 0 0
1634532229738 0 0
1634532231411 0 0
1634532233086 0 0
1634532234758 0 0
1634532236431 0 0
1634532238105 0 0
1634532241153 0 0
1634532242812 0 0
1634532244486 0 0
1634532246158 0 0
1634532247832 0 0
1634532249586 0 0
1634532251260 0 0
1634532252938 0 0
1634532254616 0 0
1634532256276 0 0
1634532259332 0 0
1634532261020 0 0
1634532262678 0 0
1634532264369 0 0
1634532266042 0 0
1634532267738 0 0
1634532269460 0 0
1634532271124 0 0
1634532272876 0 0
1634532274612 0 0
1634532277677 0 0
1634532279351 0 0
1634532281022 0 0
1634532282696 0 0
1634532284369 0 0
1634532286029 0 0
1634532287706 0 0
1634532289364 0 0
1634532291037 0 0
1634532292711 0 0
1634532295838 0 0
1634532297590 0 0
1634532299347 0 0
1634532301066 0 0
1634532302772 0 0
1634532304488 0 0
1634532306191 0 0
1634532307879 0 0
1634532309560 0 0
1634532311235 0 0
1634532314305 0 0
1634532315970 0 0
1634532317641 0 0
1634532319320 0 0
1634532321003 0 0
1634532322682 0 0
1634532324379 0 0
1634532326065 0 0
1634532327810 0 0
1634532329550 0 0
1634532332724 0 0
1634532334449 0 0
1634532336183 0 0
1634532337873 0 0
1634532339579 0 0
1634532341269 0 0
1634532342982 0 0
1634532345290 0 0
1634532346949 0 0
1634532348622 0 0
1634532351817 0 0
1634532353555 0 0
1634532355293 0 0
1634532357030 0 0
1634532358765 0 0
1634532360484 0 0
1634532362191 0 0
1634532363873 0 0
1634532365593 0 0
1634532367328 0 0
1634532370469 0 0
1634532372186 0 0
1634532373916 0 0
1634532375619 0 0
1634532377340 0 0
1634532379019 0 0
1634532380691 0 0
1634532382363 0 0
1634532384047 0 0
1634532385720 0 0
1634532388771 0 0
1634532390443 0 0
1634532392117 0 0
1634532393776 0 0
1634532395448 0 0
1634532397107 0 0
1634532398781 0 0
1634532400455 0 0
1634532402143 0 0
1634532403800 0 0
1634532406952 0 0
1634532408611 0 0
1634532410284 0 0
1634532411957 0 0
1634532413616 0 0
1634532415290 0 0
1634532416963 0 0
1634532418637 0 0
1634532420325 0 0
1634532421983 0 0
1634532425034 0 0
1634532426691 0 0
1634532428380 0 0
1634532430037 0 0
1634532431711 0 0
1634532433385 0 0
1634532435058 0 0
1634532436715 0 0
1634532438389 0 0
1634532440063 0 0
1634532443110 0 0
1634532444776 0 0
1634532446512 0 0
1634532448255 0 0
1634532450028 0 0
1634532451703 0 0
1634532453428 0 0
1634532455174 0 0
1634532456833 0 0
1634532458608 0 0
1634532461846 0 0
1634532463556 0 0
1634532465275 0 0
1634532466996 0 0
1634532468732 0 0
1634532470436 0 0
1634532472156 0 0
1634532473824 0 0
1634532475512 0 0
1634532477190 0 0
1634532480328 0 0
1634532482048 0 0
1634532483740 0 0
1634532485429 0 0
1634532487087 0 0
1634532488776 0 0
1634532490517 0 0
1634532492257 0 0
1634532493990 0 0
1634532495714 0 0
1634532498886 0 0
1634532500588 0 0
1634532502280 0 0
1634532503989 0 0
1634532505721 0 0
1634532507408 0 0
1634532509140 0 0
1634532510865 0 0
1634532512576 0 0
1634532514248 0 0
1634532517386 0 0
1634532519139 0 0
1634532520908 0 0
1634532522676 0 0
1634532524406 0 0
1634532526159 0 0
1634532527891 0 0
1634532529607 0 0
1634532531292 0 0
1634532533034 0 0
1634532536131 0 0
1634532537859 0 0
1634532539522 0 0
1634532541199 0 0
1634532542885 0 0
1634532544572 0 0
1634532546242 0 0
1634532547916 0 0
1634532549604 0 0
1634532551291 0 0
1634532554529 0 0
1634532556206 0 0
1634532557902 0 0
1634532559568 0 0
1634532561255 0 0
1634532562943 0 0
1634532564625 0 0
1634532566308 0 0
1634532568000 0 0
1634532569676 0 0
1634532572740 0 0
1634532574458 0 0
1634532576137 0 0
1634532577823 0 0
1634532579511 0 0
1634532581199 0 0
1634532582870 0 0
1634532584557 0 0
1634532586237 0 0
1634532587900 0 0
1634532591013 0 0
1634532592679 0 0
1634532594386 0 0
1634532596042 0 0
1634532597730 0 0
1634532599407 0 0
1634532601083 0 0
1634532602777 0 0
1634532604464 0 0
1634532606153 0 0
1634532609211 0 0
1634532610902 0 0
1634532612595 0 0
1634532614259 0 0
1634532615948 0 0
1634532617626 0 0
1634532619308 0 0
1634532621012 0 0
1634532622692 0 0
1634532624370 0 0
1634532627440 0 0
1634532629105 0 0
1634532630808 0 0
1634532632478 0 0
1634532634153 0 0
1634532635840 0 0
1634532637526 0 0
1634532639188 0 0
1634532640893 0 0
1634532642619 0 0
1634532645729 0 0
1634532647481 0 0
1634532649187 0 0
1634532650909 0 0
1634532652660 0 0
1634532654333 0 0
1634532656030 0 0
1634532657724 0 0
1634532659403 0 0
1634532661163 0 0
1634532664427 0 0
1634532666150 0 0
1634532667903 0 0
1634532669637 0 0
1634532671391 0 0
1634532673096 0 0
1634532674816 0 0
1634532676540 0 0
1634532678280 0 0
1634532680063 0 0
1634532683191 0 0
1634532684899 0 0
1634532686620 0 0
1634532688308 0 0
1634532690045 0 0
1634532691761 0 0
1634532693497 0 0
1634532695218 0 0
1634532696906 0 0
1634532698579 0 0
1634532701585 0 0
1634532703253 0 0
1634532704988 0 0
1634532706755 0 0
1634532708522 0 0
1634532710259 0 0
1634532711934 0 0
1634532713635 0 0
1634532715296 0 0
1634532716969 0 0
1634532719972 0 0
1634532721660 0 0
1634532723333 0 0
1634532725008 0 0
1634532726681 0 0
1634532728358 0 0
1634532730016 0 0
1634532731674 0 0
1634532733362 0 0
1634532735036 0 0
1634532738050 0 0
1634532739717 0 0
1634532741392 0 0
1634532743080 0 0
1634532744754 0 0
1634532746427 0 0
1634532748101 0 0
1634532749774 0 0
1634532751446 0 0
1634532753119 0 0
1634532756153 0 0
1634532757832 0 0
1634532759506 0 0
1634532761194 0 0
1634532762867 0 0
1634532764541 0 0
1634532766200 0 0
1634532767872 0 0
1634532769546 0 0
1634532771220 0 0
1634532774218 0 0
1634532775916 0 0
1634532777589 0 0
1634532779279 0 0
1634532780951 0 0
1634532782610 0 0
1634532784287 0 0
1634532785960 0 0
1634532787633 0 0
1634532789306 0 0
1634532792325 0 0
1634532794024 0 0
1634532795683 0 0
1634532797357 0 0
1634532799012 0 0
1634532800670 0 0
1634532802347 0 0
1634532804059 0 0
1634532805759 0 0
1634532807536 0 0
1634532810855 0 0
1634532812590 0 0
1634532814372 0 0
1634532816110 0 0
1634532817813 0 0
1634532819550 0 0
1634532821287 0 0
1634532823023 0 0
1634532824760 0 0
1634532826481 0 0
1634532829582 0 0
1634532831308 0 0
1634532833012 0 0
1634532834749 0 0
1634532836496 0 0
1634532838201 0 0
1634532839922 0 0
1634532841659 0 0
1634532843395 0 0
1634532845083 0 0
1634532848095 0 0
1634532849769 0 0
1634532851441 0 0
1634532853115 0 0
1634532854805 0 0
1634532856481 0 0
1634532858153 0 0
1634532859827 0 0
1634532861500 0 0
1634532863173 0 0
1634532866180 0 0
1634532867853 0 0
1634532869527 0 0
1634532871203 0 0
1634532872876 0 0
1634532874565 0 0
1634532876238 0 0
1634532877895 0 0
1634532879569 0 0
1634532881241 0 0
1634532884238 0 0
1634532885943 0 0
1634532887616 0 0
1634532889273 0 0
1634532890961 0 0
1634532892671 0 0
1634532894409 0 0
1634532896114 0 0
1634532897810 0 0
1634532899524 0 0
1634532902551 0 0
1634532904254 0 0
1634532905936 0 0
1634532907594 0 0
1634532909267 0 0
1634532910929 0 0
1634532912601 0 0
1634532914259 0 0
1634532915933 0 0
1634532917612 0 0
1634532920600 0 0
1634532922272 0 0
1634532923946 0 0
1634532925620 0 0
1634532927293 0 0
1634532928970 0 0
1634532930646 0 0
1634532932320 0 0
1634532933993 0 0
1634532935650 0 0
1634532938662 0 0
1634532940331 0 0
1634532941999 0 0
1634532943656 0 0
1634532945330 0 0
1634532947009 0 0
1634532948666 0 0
1634532950339 0 0
1634532952011 0 0
1634532953684 0 0
1634532956685 0 0
1634532958352 0 0
1634532960079 0 0
1634532961786 0 0
1634532963521 0 0
1634532965268 0 0
1634532966988 0 0
1634532968707 0 0
1634532970432 0 0
1634532972132 0 0
1634532975690 0 0
1634532977426 0 0
1634532979161 0 0
1634532980860 0 0
1634533014704 0 0
1634533016362 0 0
1634533018027 0 0
1634533019712 0 0
1634533021386 0 0
1634533023043 0 0
1634533026028 0 0
1634533027723 0 0
1634533029378 0 0
1634533031047 0 0
1634533032708 0 0
1634533034350 0 0
1634533036009 0 0
1634533037651 0 0
1634533039308 0 0
1634533040951 0 0
1634533043948 0 0
1634533045613 0 0
1634533047270 0 0
1634533048942 0 0
1634533050607 0 0
1634533052264 0 0
1634533053936 0 0
1634533055595 0 0
1634533057267 0 0
1634533058941 0 0
1634533061940 0 0
1634533063613 0 0
1634533065287 0 0
1634533066947 0 0
1634533068619 0 0
1634533070293 0 0
1634533071966 0 0
1634533073623 0 0
1634533075281 0 0
1634533076954 0 0
1634533079934 0 0
1634533081614 0 0
1634533083272 0 0
1634533084961 0 0
1634533086634 0 0
1634533088307 0 0
1634533089965 0 0
1634533091623 0 0
1634533093296 0 0
1634533094970 0 0
1634533098003 0 0
1634533099682 0 0
1634533101427 0 0
1634533103190 0 0
1634533104927 0 0
1634533106603 0 0
1634533108263 0 0
1634533110550 0 0
1634533112209 0 0
1634533113866 0 0
1634533116855 0 0
1634533118531 0 0
1634533120205 0 0
1634533121878 0 0
1634533123550 0 0
1634533125213 0 0
1634533126887 0 0
1634533128560 0 0
1634533130218 0 0
1634533131938 0 0
1634533135006 0 0
1634533136718 0 0
1634533138518 0 0
1634533140255 0 0
1634533141942 0 0
1634533143643 0 0
1634533145350 0 0
1634533147043 0 0
1634533148722 0 0
1634533150411 0 0
1634533153458 0 0
1634533155132 0 0
1634533156839 0 0
1634533158543 0 0
1634533160217 0 0
1634533161905 0 0
1634533163595 0 0
1634533165268 0 0
1634533166941 0 0
1634533168614 0 0
1634533171728 0 0
1634533173420 0 0
1634533175114 0 0
1634533176771 0 0
1634533178466 0 0
1634533180188 0 0
1634533181878 0 0
1634533183612 0 0
1634533185335 0 0
1634533187084 0 0
1634533190242 0 0
1634533191922 0 0
1634533193670 0 0
1634533196277 0 0
