1643264754319 4.570485591888428 0
1643264897488 0.14231592789292336 0
1643265040347 0.24593901634216309 0
1643265181651 0.3167581111192703 0
1643265322771 0.18462737649679184 0
1643265464107 0.35638586431741714 0
1643265605523 0.2106347605586052 0
1643265747931 0.333446741104126 0
1643265889479 0.15777236223220825 0
1643266030859 0.2373538762331009 0
1643266172260 0.48348599672317505 0
1643266313673 0.42716073244810104 0
1643266455405 0.2674548029899597 0
1643266598032 0.2887454926967621 0
1643266739316 0.2716444730758667 0
1643266881910 0.5422939658164978 0
