1643264754319 6.607588529586792 0
1643264897478 0.5759190022945404 0
1643265040335 1.3796906471252441 0
1643265181639 1.2328968346118927 0
1643265322759 1.6010830998420715 0
1643265464095 0.6089238673448563 0
1643265605511 1.4911869764328003 0
1643265747919 1.6561238765716553 0
1643265889469 1.4699577689170837 0
1643266030847 1.2050790190696716 0
1643266172248 0.4043408930301666 0
1643266313661 0.6448893994092941 0
1643266455395 0.7249664068222046 0
1643266598022 0.5753955524414778 0
1643266739304 0.9534436464309692 0
1643266881899 1.79018634557724 0
