1643264754303 18.89181137084961 0
1643264897476 7.339474678039551 0
1643265040335 5.4668684005737305 0
1643265181639 4.3875203132629395 0
1643265322759 7.118105888366699 0
1643265464087 4.420503616333008 0
1643265605511 4.699343204498291 0
1643265747919 5.7609381675720215 0
1643265889459 5.381392002105713 0
1643266030839 4.542318344116211 0
1643266172240 4.742724418640137 0
1643266313661 3.872671127319336 0
1643266455390 5.046199798583984 0
1643266598014 4.0538105964660645 0
1643266739304 4.20350980758667 0
1643266881894 4.663888454437256 0
