1634790542553 0 0
1634790546275 1 0
1634790548558 2 0
1634790550826 3 0
1634790553109 4 0
1634790555479 5 0
1634790557836 6 0
1634790560179 7 0
1634790562478 8 0
1634790564777 9 0
1634790567063 10 0
1634790570785 11 0
1634790573071 12 0
1634790575417 13 0
1634790577769 14 0
1634790580092 15 0
1634790582403 16 0
1634790584743 17 0
1634790587036 18 0
1634790589365 19 0
1634790591702 20 0
1634790595524 21 0
1634790597874 22 0
1634790600231 23 0
1634790602596 24 0
1634790604944 25 0
1634790607338 26 0
1634790609688 27 0
1634790611999 28 0
1634790614310 29 0
1634790616631 30 0
1634790620444 31 0
1634790622781 32 0
1634790625085 33 0
1634790627439 34 0
1634790629769 35 0
1634790632113 36 0
1634790634475 37 0
1634790636884 38 0
1634790639204 39 0
1634790641571 40 0
1634790645502 41 0
1634790647801 42 0
1634790650132 43 0
1634790652492 44 0
1634790654854 45 0
1634790657184 46 0
1634790659500 47 0
1634790661841 48 0
1634790664162 49 0
1634790666444 50 0
1634790670138 51 0
1634790672418 52 0
1634790674686 53 0
1634790676985 54 0
1634790679268 55 0
1634790681567 56 0
1634790683943 57 0
1634790686274 58 0
1634790688573 59 0
1634790690840 60 0
1634790694531 61 0
1634790696815 62 0
1634790699099 63 0
1634790701459 64 0
1634790703813 65 0
1634790706183 66 0
1634790708498 67 0
1634790710860 68 0
1634790713205 69 0
1634790715580 70 0
1634790719519 71 0
1634790721840 72 0
1634790724174 73 0
1634790726513 74 0
1634790728890 75 0
1634790731201 76 0
1634790733569 77 0
1634790735869 78 0
1634790738162 79 0
1634790740446 80 0
1634790744130 81 0
1634790746431 82 0
1634790748709 83 0
1634790751001 84 0
1634790753282 85 0
1634790755569 86 0
1634790757849 87 0
1634790760137 88 0
1634790762436 89 0
1634790764743 90 0
1634790768527 91 0
1634790770905 92 0
1634790773268 93 0
1634790775624 94 0
1634790777905 95 0
1634790780239 96 0
1634790782571 97 0
1634790784928 98 0
1634790787246 99 0
1634790789606 100 0
1634790793483 101 0
1634790795818 102 0
1634790798153 103 0
1634790800520 104 0
1634790802814 105 0
1634790805107 106 0
1634790807396 107 0
1634790809688 108 0
1634790812000 109 0
1634790814349 110 0
1634790818304 111 0
1634790820660 112 0
1634790823042 113 0
1634790825482 114 0
1634790827923 115 0
1634790830428 116 0
1634790833576 117 0
1634790835942 118 0
1634790838168 119 0
1634790840321 120 0
1634790844096 121 0
1634790846389 122 0
1634790848594 123 0
1634790850848 124 0
1634790853068 125 0
1634790855281 126 0
1634790857505 127 0
1634790859765 128 0
1634790862100 129 0
1634790864554 130 0
1634790868709 131 0
1634790871101 132 0
1634790873540 133 0
1634790875962 134 0
1634790878361 135 0
1634790880792 136 0
1634790883144 137 0
1634790885484 138 0
1634790887971 139 0
1634790890328 140 0
1634790894261 141 0
1634790896606 142 0
1634790899007 143 0
1634790901350 144 0
1634790903673 145 0
1634790905979 146 0
1634790908288 147 0
1634790910589 148 0
1634790912896 149 0
1634790915190 150 0
1634790918930 151 0
1634790921323 152 0
1634790923690 153 0
1634790926088 154 0
1634790928477 155 0
1634790930873 156 0
1634790933260 157 0
1634790935654 158 0
1634790938073 159 0
1634790940439 160 0
1634790944391 161 0
1634790946796 162 0
1634790949205 163 0
1634790951545 164 0
1634790953855 165 0
1634790956157 166 0
1634790958471 167 0
1634790960781 168 0
1634790963089 169 0
1634790965459 170 0
1634790969358 171 0
1634790971718 172 0
1634790974064 173 0
1634790976416 174 0
1634790978766 175 0
1634790981123 176 0
1634790983463 177 0
1634790985821 178 0
1634790988174 179 0
1634790990566 180 0
1634790994604 181 0
1634790997019 182 0
1634790999401 183 0
1634791001773 184 0
1634791004124 185 0
1634791006489 186 0
1634791008791 187 0
1634791011233 188 0
1634791013557 189 0
1634791015891 190 0
