1634790542569 0.8741669654846191 0
1634790546290 0.03734664432704449 0
1634790548558 0.04391917958855629 0
1634790550841 0.03367812279611826 0
1634790553109 0.09307499509304762 0
1634790555490 0.032876841723918915 0
1634790557852 0.05381747568026185 0
1634790560195 0.05333699565380812 0
1634790562494 0.009895311202853918 0
1634790564793 0.04811804182827473 0
1634790567079 0.05854235216975212 0
1634790570795 0.042923646455165 0
1634790573081 0.06684432458132505 0
1634790575428 0.06804923713207245 0
1634790577781 0.024252358824014664 0
1634790580107 0.012795515591278672 0
1634790582424 0.012206834275275469 0
1634790584759 0.05367889069020748 0
1634790587060 0.056824831292033195 0
1634790589378 0.15973534062504768 0
1634790591702 0.07294391398318112 0
1634790595537 0.017152646323665977 0
1634790597890 0.06954051740467548 0
1634790600244 0.050666721537709236 0
1634790602607 0.005519333644770086 0
1634790604953 0.09115664102137089 0
1634790607349 0.13688162434846163 0
1634790609704 0.08666199259459972 0
1634790612015 0.04260695353150368 0
1634790614320 0.056725626811385155 0
1634790616636 0.07501694187521935 0
1634790620453 0.09568516002036631 0
1634790622792 0.038490291859488934 0
1634790625101 0.05571745429188013 0
1634790627452 0.15008783154189587 0
1634790629769 0.0021536515560001135 0
1634790632124 0.17144984006881714 0
1634790634489 0.023128231056034565 0
1634790636894 0.025268778204917908 0
1634790639205 0.029839507304131985 0
1634790641582 0.20589324459433556 0
1634790645502 0.023985938634723425 0
1634790647817 0.19798544049263 0
1634790650147 0.16405458189547062 0
1634790652507 0.01597825763747096 0
1634790654854 0.09838359244167805 0
1634790657184 0.0012301855895202607 0
1634790659516 0.047688571736216545 0
1634790661852 0.016463522450067103 0
1634790664177 0.09614897519350052 0
1634790666444 0.06593721196986735 0
1634790670153 0.04343350138515234 0
1634790672418 0.04448044113814831 0
1634790674701 0.013580749975517392 0
1634790677000 0.3944201208651066 0
1634790679284 0.09475845098495483 0
1634790681583 0.053521402180194855 0
1634790683943 0.018275439739227295 0
1634790686290 0.050263190641999245 0
1634790688573 0.02541178371757269 0
1634790690856 0.15806325746234506 0
1634790694546 0.18193592876195908 0
1634790696831 0.06362827587872744 0
1634790699115 0.16777091100811958 0
1634790701474 0.028445610776543617 0
1634790703824 0.3327423557639122 0
1634790706183 0.006757492199540138 0
1634790708514 0.13230144465342164 0
1634790710876 0.013461316470056772 0
1634790713205 0.05961655615828931 0
1634790715596 0.08493691170588136 0
1634790719535 0.052705006673932076 0
1634790721852 0.06523448438383639 0
1634790724185 0.24263319373130798 0
1634790726529 0.2060050405561924 0
1634790728901 0.005909586441703141 0
1634790731213 0.10594222508370876 0
1634790733581 0.0671243267133832 0
1634790735880 0.2464612778276205 0
1634790738173 0.11541774962097406 0
1634790740457 0.03324565594084561 0
1634790744130 0.11821306217461824 0
1634790746431 0.09126263111829758 0
1634790748725 0.05988538637757301 0
1634790751013 0.04128988832235336 0
1634790753298 0.059014735743403435 0
1634790755569 0.040987251326441765 0
1634790757860 0.22128667309880257 0
1634790760153 0.09470312483608723 0
1634790762451 0.02657975908368826 0
1634790764755 0.04679336305707693 0
1634790768537 0.020254777744412422 0
1634790770916 0.03431437164545059 0
1634790773279 0.05977152427658439 0
1634790775636 0.010870579280890524 0
1634790777905 0.05955013842321932 0
1634790780250 0.04420808982104063 0
1634790782584 0.01309070223942399 0
1634790784939 0.0036249959375709295 0
1634790787259 0.021622013300657272 0
1634790789616 0.027883777918759733 0
1634790793492 0.02836218778975308 0
1634790795829 0.05657302588224411 0
1634790798164 0.02763758460059762 0
1634790800532 0.04979148897109553 0
1634790802814 0.014486762345768511 0
1634790805119 0.023566000862047076 0
1634790807407 0.03205106043606065 0
1634790809704 0.016195309639442712 0
1634790812011 0.017904215957969427 0
1634790814361 0.03632288204971701 0
1634790818315 0.1040831592399627 0
1634790820676 0.02674004342406988 0
1634790823042 0.07172095403075218 0
1634790825488 0.027393504045903683 0
1634790827935 0.04710428696125746 0
1634790830440 0.04666665359400213 0
1634790833589 0.01253488752990961 0
1634790835954 0.005263416562229395 0
1634790838168 0.010790563799673691 0
1634790840336 0.021338302525691688 0
1634790844106 0.016571371350437403 0
1634790846401 0.021171214058995247 0
1634790848606 0.05414858205767814 0
1634790850860 0.06470467522740364 0
1634790853080 0.2512339064851403 0
1634790855292 0.017798176617361605 0
1634790857517 0.011585806962102652 0
1634790859776 0.0139181490521878 0
1634790862113 0.02445074822753668 0
1634790864557 0.010338412364944816 0
1634790868721 0.05950331408530474 0
1634790871113 0.05086708255112171 0
1634790873560 0.05134503357112408 0
1634790875975 0.03910715924575925 0
1634790878375 0.04929462727159262 0
1634790880804 0.0023506192374043167 0
1634790883156 0.016967221745289862 0
1634790885489 0.04224684787914157 0
1634790887983 0.024449080228805542 0
1634790890340 0.025765751488506794 0
1634790894272 0.05783561058342457 0
1634790896621 0.06622167117893696 0
1634790899007 0.021545392461121082 0
1634790901356 0.023003523238003254 0
1634790903673 0.03700921963900328 0
1634790905990 0.07499823719263077 0
1634790908288 0.11850835382938385 0
1634790910589 0.09217196702957153 0
1634790912907 0.22461936925537884 0
1634790915206 0.03589846380054951 0
1634790918940 0.1810078606940806 0
1634790921333 0.04129433911293745 0
1634790923690 0.027662017848342657 0
1634790926099 0.030027437955141068 0
1634790928488 0.03692931076511741 0
1634790930889 0.027150741312652826 0
1634790933271 0.02655348915141076 0
1634790935674 0.01772925816476345 0
1634790938073 0.02187632885761559 0
1634790940462 0.0028810841031372547 0
1634790944416 0.02707122638821602 0
1634790946806 0.005835244432091713 0
1634790949216 0.004800080903805792 0
1634790951556 0.03853845130652189 0
1634790953866 0.06543942983262241 0
1634790956180 0.025336412712931633 0
1634790958473 0.030597466975450516 0
1634790960792 0.06520995683968067 0
1634790963089 0.03569672629237175 0
1634790965471 0.015457399655133486 0
1634790969369 0.009373974753543735 0
1634790971729 0.024885018938221037 0
1634790974076 0.014485740335658193 0
1634790976431 0.014487605541944504 0
1634790978779 0.0072980159893631935 0
1634790981135 0.03779476974159479 0
1634790983476 0.003686789539642632 0
1634790985832 0.014158746787870768 0
1634790988185 0.021605152171105146 0
1634790990578 0.011828429938759655 0
1634790994615 0.012136420235037804 0
1634790997034 0.01342511922121048 0
1634790999412 0.028699019690975547 0
1634791001789 0.003470057306913077 0
1634791004142 0.014362902264110744 0
1634791006500 0.026807702612131834 0
1634791008811 0.011805628309957683 0
1634791011244 0.008657217025756836 0
1634791013568 0.006209278246387839 0
1634791015903 0.08340523205697536 0
