1634794581980 0 0
1634794584231 1 0
1634794585480 2 0
1634794586731 3 0
1634794587966 4 0
1634794589202 5 0
1634794590444 6 0
1634794591666 7 0
1634794592907 8 0
1634794594163 9 0
1634794595414 10 0
1634794597541 11 0
1634794598868 12 0
1634794600119 13 0
1634794601383 14 0
1634794602645 15 0
1634794603900 16 0
1634794605174 17 0
1634794606456 18 0
1634794607714 19 0
1634794608984 20 0
1634794611133 21 0
1634794612384 22 0
1634794613724 23 0
1634794614990 24 0
1634794616275 25 0
1634794617542 26 0
1634794618797 27 0
1634794620070 28 0
1634794621346 29 0
1634794622602 30 0
1634794624752 31 0
1634794626021 32 0
1634794627276 33 0
1634794628527 34 0
1634794629764 35 0
1634794631017 36 0
1634794632270 37 0
1634794633509 38 0
1634794634745 39 0
1634794635991 40 0
1634794638182 41 0
1634794639433 42 0
1634794640684 43 0
1634794641935 44 0
1634794643176 45 0
1634794644432 46 0
1634794645667 47 0
1634794646921 48 0
1634794648170 49 0
1634794649421 50 0
1634794651543 51 0
1634794652809 52 0
1634794654045 53 0
1634794655296 54 0
1634794656533 55 0
1634794657784 56 0
1634794659025 57 0
1634794660276 58 0
1634794661529 59 0
1634794662764 60 0
1634794664893 61 0
1634794666162 62 0
1634794667399 63 0
1634794668649 64 0
1634794669900 65 0
1634794671140 66 0
1634794672391 67 0
1634794673664 68 0
1634794674998 69 0
1634794676250 70 0
1634794678483 71 0
1634794679765 72 0
1634794681054 73 0
1634794682321 74 0
1634794683604 75 0
1634794684918 76 0
1634794686175 77 0
1634794687461 78 0
1634794688742 79 0
1634794689997 80 0
1634794692166 81 0
1634794693433 82 0
1634794694763 83 0
1634794696029 84 0
1634794697283 85 0
1634794698567 86 0
1634794699849 87 0
1634794701118 88 0
1634794702386 89 0
1634794703661 90 0
1634794705779 91 0
1634794707083 92 0
1634794708371 93 0
1634794709651 94 0
1634794710933 95 0
1634794712186 96 0
