1634794581995 0.8700525164604187 0
1634794584247 0.6695665121078491 0
1634794585495 0.6183193325996399 0
1634794586731 0.49898311495780945 0
1634794587966 0.48496881127357483 0
1634794589217 0.5434989929199219 0
1634794590444 0.5362507700920105 0
1634794591682 0.5790743231773376 0
1634794592923 0.4249964952468872 0
1634794594178 0.6109413504600525 0
1634794595429 0.47239187359809875 0
1634794597541 0.44220077991485596 0
1634794598883 0.5535197257995605 0
1634794600134 0.5000990033149719 0
1634794601400 0.5258165597915649 0
1634794602661 0.4290187358856201 0
1634794603923 0.4807244539260864 0
1634794605185 0.46855586767196655 0
1634794606458 0.4182826578617096 0
1634794607729 0.5267899036407471 0
1634794608990 0.4499659538269043 0
1634794611149 0.4616371691226959 0
1634794612400 0.5785072445869446 0
1634794613739 0.4520367980003357 0
1634794615006 0.47769272327423096 0
1634794616275 0.5045809149742126 0
1634794617542 0.44046449661254883 0
1634794618813 0.4359603524208069 0
1634794620070 0.5639622211456299 0
1634794621354 0.3980608582496643 0
1634794622620 0.4434967637062073 0
1634794624768 0.5618658065795898 0
1634794626040 0.45582878589630127 0
1634794627292 0.3450484573841095 0
1634794628527 0.4505380690097809 0
1634794629779 0.46776697039604187 0
1634794631033 0.4619238078594208 0
1634794632274 0.45527321100234985 0
1634794633525 0.46199312806129456 0
1634794634761 0.4297035038471222 0
1634794636007 0.47316041588783264 0
1634794638182 0.43951722979545593 0
1634794639449 0.41685131192207336 0
1634794640700 0.3431608974933624 0
1634794641935 0.5401090979576111 0
1634794643192 0.43456172943115234 0
1634794644432 0.4685734808444977 0
1634794645683 0.4402604103088379 0
1634794646936 0.4592384696006775 0
1634794648170 0.4448982775211334 0
1634794649421 0.41545993089675903 0
1634794651558 0.33721479773521423 0
1634794652809 0.3671911060810089 0
1634794654060 0.4370231628417969 0
1634794655311 0.4278099536895752 0
1634794656549 0.4452531635761261 0
1634794657801 0.39128541946411133 0
1634794659041 0.3899628520011902 0
1634794660292 0.4300912916660309 0
1634794661529 0.42607465386390686 0
1634794662780 0.385416179895401 0
1634794664909 0.3996780514717102 0
1634794666162 0.34894222021102905 0
1634794667415 0.39095497131347656 0
1634794668664 0.3416990339756012 0
1634794669900 0.4270676076412201 0
1634794671156 0.2714691162109375 0
1634794672407 0.40228432416915894 0
1634794673664 0.3277410864830017 0
1634794675013 0.3572460114955902 0
1634794676266 0.3976191282272339 0
1634794678498 0.37479689717292786 0
1634794679780 0.3178707957267761 0
1634794681069 0.399078905582428 0
1634794682337 0.3425188660621643 0
1634794683619 0.34161248803138733 0
1634794684918 0.34538719058036804 0
1634794686190 0.3268875181674957 0
1634794687473 0.3567318320274353 0
1634794688742 0.3286624550819397 0
1634794690012 0.2948301136493683 0
1634794692166 0.375797301530838 0
1634794693448 0.45119279623031616 0
1634794694778 0.36015453934669495 0
1634794696045 0.3254682123661041 0
1634794697299 0.2281624972820282 0
1634794698582 0.3333262503147125 0
1634794699849 0.23374345898628235 0
1634794701118 0.3171676993370056 0
1634794702386 0.34440043568611145 0
1634794703661 0.3595346510410309 0
1634794705795 0.3059294819831848 0
1634794707095 0.35328593850135803 0
1634794708378 0.348844051361084 0
1634794709662 0.28078770637512207 0
1634794710949 0.30147722363471985 0
1634794712186 0.3393763601779938 0
