1634794581995 1.6389870047569275 0
1634794584231 1.385993480682373 0
1634794585495 0.9936735332012177 0
1634794586731 1.0107234716415405 0
1634794587966 1.183311015367508 0
1634794589202 1.0697525441646576 0
1634794590444 1.2682306170463562 0
1634794591682 1.1317960023880005 0
1634794592923 0.9355522394180298 0
1634794594178 1.1318045854568481 0
1634794595414 1.1767123341560364 0
1634794597541 0.8112630248069763 0
1634794598883 0.7717688083648682 0
1634794600134 1.0045599341392517 0
1634794601383 0.6815544664859772 0
1634794602661 0.7015565037727356 0
1634794603915 0.7208180129528046 0
1634794605174 0.7233497500419617 0
1634794606458 0.6065168082714081 0
1634794607714 0.7876784652471542 0
1634794608990 0.8684767484664917 0
1634794611149 0.9194505214691162 0
1634794612400 0.7504897564649582 0
1634794613724 0.8129862546920776 0
1634794615006 1.0474188327789307 0
1634794616275 0.8813412487506866 0
1634794617542 0.5730801820755005 0
1634794618813 0.5909432172775269 0
1634794620070 0.69709113240242 0
1634794621352 0.6263692677021027 0
1634794622620 0.8419432938098907 0
1634794624768 0.7677336931228638 0
1634794626040 0.7430263757705688 0
1634794627276 0.7390154004096985 0
1634794628527 0.7735748589038849 0
1634794629764 0.9010105431079865 0
1634794631017 1.0425709784030914 0
1634794632274 0.6669870316982269 0
1634794633509 0.5768274664878845 0
1634794634745 0.7953610718250275 0
1634794635991 0.5462689325213432 0
1634794638182 0.7916028797626495 0
1634794639449 0.5344196110963821 0
1634794640700 0.5648529231548309 0
1634794641935 0.7347067445516586 0
1634794643192 0.639682337641716 0
1634794644432 0.6816692054271698 0
1634794645667 0.6107209175825119 0
1634794646921 0.6728392243385315 0
1634794648170 0.5446394979953766 0
1634794649421 0.7526457607746124 0
1634794651558 0.5424725413322449 0
1634794652809 0.5059912800788879 0
1634794654060 0.7321588397026062 0
1634794655296 0.5967925786972046 0
1634794656549 0.5771170258522034 0
1634794657784 0.7229413986206055 0
1634794659041 0.7166009843349457 0
1634794660276 0.5501556098461151 0
1634794661529 0.560610294342041 0
1634794662780 0.7149580121040344 0
1634794664909 0.48220082372426987 0
1634794666162 0.4427978992462158 0
1634794667399 0.6894336044788361 0
1634794668649 0.44141044467687607 0
1634794669900 0.6004874408245087 0
1634794671140 0.4415903240442276 0
1634794672391 0.5725437700748444 0
1634794673664 0.39911966025829315 0
1634794674998 0.6635136604309082 0
1634794676266 0.5789385437965393 0
1634794678498 0.6911073625087738 0
1634794679765 0.4329163432121277 0
1634794681054 0.4916628748178482 0
1634794682321 0.4045535624027252 0
1634794683604 0.6398037374019623 0
1634794684918 0.6481982469558716 0
1634794686190 0.3974824845790863 0
1634794687467 0.44538335502147675 0
1634794688742 0.6437311470508575 0
1634794690012 0.4023502469062805 0
1634794692166 0.46624936908483505 0
1634794693448 0.5676862150430679 0
1634794694763 0.4464007541537285 0
1634794696029 0.618611216545105 0
1634794697283 0.3659967929124832 0
1634794698582 0.4470164030790329 0
1634794699849 0.3769797384738922 0
1634794701118 0.6097202599048615 0
1634794702386 0.4340996742248535 0
1634794703661 0.43098776787519455 0
1634794705795 0.5976111888885498 0
1634794707089 0.4366212487220764 0
1634794708377 0.4267921447753906 0
1634794709657 0.3598189800977707 0
1634794710933 0.5698055326938629 0
1634794712186 0.47901323437690735 0
