1634794581995 1.9257307648658752 0
1634794584231 0.19052162766456604 0
1634794585495 0.5422701686620712 0
1634794586731 0.39939214289188385 0
1634794587966 0.6359796971082687 0
1634794589202 0.5542953610420227 0
1634794590444 0.6255687922239304 0
1634794591682 0.3562837988138199 0
1634794592923 1.3507433831691742 0
1634794594178 0.5674643367528915 0
1634794595414 0.9837680533528328 0
1634794597541 1.5258658528327942 0
1634794598883 1.1916404068470001 0
1634794600134 1.3552712947130203 0
1634794601399 1.2950894236564636 0
1634794602661 1.2892494797706604 0
1634794603923 1.2349719107151031 0
1634794605174 1.3151028454303741 0
1634794606458 1.2133931517601013 0
1634794607714 0.48505447804927826 0
1634794608990 1.3892000019550323 0
1634794611149 1.530361384153366 0
1634794612400 1.1623880416154861 0
1634794613724 0.5084066689014435 0
1634794615006 1.1324471831321716 0
1634794616275 0.5092146247625351 0
1634794617542 1.2536093592643738 0
1634794618813 1.3360775411128998 0
1634794620070 1.657407283782959 0
1634794621353 1.2944422662258148 0
1634794622620 0.5310178147628903 0
1634794624768 0.18754478637129068 0
1634794626040 0.2664244673214853 0
1634794627292 0.4566523133580631 0
1634794628527 0.027604545699432492 0
1634794629779 0.08204478584229946 0
1634794631033 0.31421126052737236 0
1634794632274 0.052835289388895035 0
1634794633509 0.15328146144747734 0
1634794634745 0.06360131502151489 0
1634794635991 0.17916440218687057 0
1634794638182 0.13277771323919296 0
1634794639449 0.1854629060253501 0
1634794640700 0.6740209087729454 0
1634794641935 0.7692951858043671 0
1634794643192 0.26003842800855637 0
1634794644432 0.3804496228694916 0
1634794645683 0.6306205093860626 0
1634794646936 0.7444875240325928 0
1634794648170 0.9402293264865875 0
1634794649421 0.9304527044296265 0
1634794651558 0.9912618026137352 0
1634794652809 1.2411672174930573 0
1634794654060 0.8714343011379242 0
1634794655311 0.16782650351524353 0
1634794656549 0.5794641226530075 0
1634794657784 0.7249161340296268 0
1634794659041 0.6914700195193291 0
1634794660292 1.0003068149089813 0
1634794661529 0.8423262238502502 0
1634794662780 0.353098526597023 0
1634794664909 0.5648608431220055 0
1634794666162 0.6276797354221344 0
1634794667415 0.8812258243560791 0
1634794668649 0.6346202790737152 0
1634794669900 0.9461366832256317 0
1634794671140 0.598079577088356 0
1634794672391 0.6534450873732567 0
1634794673664 0.3557804003357887 0
1634794675013 0.6461809873580933 0
1634794676266 0.8482230603694916 0
1634794678498 0.6237532645463943 0
1634794679780 0.34515032917261124 0
1634794681069 0.41151589155197144 0
1634794682321 0.6189910341054201 0
1634794683604 0.3532615974545479 0
1634794684918 0.5163272470235825 0
1634794686190 1.0327381193637848 0
1634794687469 0.35502080619335175 0
1634794688742 0.2480330690741539 0
1634794690012 0.41836442798376083 0
1634794692166 0.7160534560680389 0
1634794693448 0.4726995825767517 0
1634794694763 0.2593499422073364 0
1634794696029 0.44960784167051315 0
1634794697299 0.8972618579864502 0
1634794698582 0.37607961893081665 0
1634794699849 0.45003391057252884 0
1634794701118 0.6434134542942047 0
1634794702386 0.6797859519720078 0
1634794703661 0.7603441029787064 0
1634794705795 0.47180135920643806 0
1634794707091 0.766052782535553 0
1634794708378 0.7822956442832947 0
1634794709658 0.9901729673147202 0
1634794710933 0.35944488644599915 0
1634794712186 0.7876653522253036 0
