1634794581995 5.245921611785889 0
1634794584231 2.8780360221862793 0
1634794585495 2.476170539855957 0
1634794586731 2.3200783729553223 0
1634794587966 2.8256967067718506 0
1634794589202 2.4831478595733643 0
1634794590444 2.7499048709869385 0
1634794591682 2.3739614486694336 0
1634794592923 3.1326711177825928 0
1634794594178 2.614170789718628 0
1634794595414 3.1150569915771484 0
1634794597541 3.1006217002868652 0
1634794598868 2.7442073822021484 0
1634794600134 3.2534923553466797 0
1634794601383 2.7076733112335205 0
1634794602645 2.6634058952331543 0
1634794603915 2.6796038150787354 0
1634794605174 2.7597410678863525 0
1634794606458 2.429863452911377 0
1634794607714 2.058889627456665 0
1634794608984 3.1337900161743164 0
1634794611149 3.336992025375366 0
1634794612400 2.670941114425659 0
1634794613724 2.123457193374634 0
1634794615006 3.1124560832977295 0
1634794616275 2.3103668689727783 0
1634794617542 2.4581985473632812 0
1634794618797 2.6032819747924805 0
1634794620070 3.1171839237213135 0
1634794621350 2.5217437744140625 0
1634794622619 2.03993558883667 0
1634794624768 1.699617624282837 0
1634794626040 1.6965787410736084 0
1634794627276 1.8468072414398193 0
1634794628527 1.4930341243743896 0
1634794629764 1.6608389616012573 0
1634794631017 2.2317955493927 0
1634794632274 1.3795127868652344 0
1634794633509 1.4566861391067505 0
1634794634745 1.664764642715454 0
1634794635991 1.3883466720581055 0
1634794638182 1.7368160486221313 0
1634794639433 1.3223155736923218 0
1634794640684 1.863415241241455 0
1634794641935 2.280599594116211 0
1634794643176 1.5283010005950928 0
1634794644432 1.774155855178833 0
1634794645667 1.8832249641418457 0
1634794646921 2.1152660846710205 0
1634794648170 2.1127002239227295 0
1634794649421 2.462985038757324 0
1634794651558 2.122976064682007 0
1634794652809 2.3091211318969727 0
1634794654045 2.236997127532959 0
1634794655296 1.3731893301010132 0
1634794656549 1.7695914506912231 0
1634794657784 2.1855719089508057 0
1634794659025 2.1479313373565674 0
1634794660276 2.1510143280029297 0
1634794661529 2.0021755695343018 0
1634794662780 1.8162519931793213 0
1634794664893 1.5863977670669556 0
1634794666162 1.5655807256698608 0
1634794667399 2.295656681060791 0
1634794668649 1.560293436050415 0
1634794669900 2.183624505996704 0
1634794671140 1.5319689512252808 0
1634794672391 1.8316254615783691 0
1634794673664 1.2012680768966675 0
1634794674998 1.9904687404632568 0
1634794676266 2.023160934448242 0
1634794678498 2.021409511566162 0
1634794679765 1.2240726947784424 0
1634794681054 1.4339661598205566 0
1634794682321 1.4884886741638184 0
1634794683604 1.6490662097930908 0
1634794684918 1.848779320716858 0
1634794686175 1.8723535537719727 0
1634794687465 1.2754918336868286 0
1634794688742 1.5538880825042725 0
1634794689997 1.3068313598632812 0
1634794692166 1.6841771602630615 0
1634794693448 1.6202410459518433 0
1634794694763 1.1890709400177002 0
1634794696029 1.7234561443328857 0
1634794697283 1.682900309562683 0
1634794698567 1.2819825410842896 0
1634794699849 1.2486361265182495 0
1634794701118 1.8951153755187988 0
1634794702386 1.575369954109192 0
1634794703661 1.6732659339904785 0
1634794705779 1.692020297050476 0
1634794707087 1.6803367137908936 0
1634794708375 1.6846672296524048 0
1634794709655 1.7509609460830688 0
1634794710933 1.5164300203323364 0
1634794712186 1.7699763774871826 0
