1634267577978 4.995689868927002 0
1634267580018 4.140995025634766 0
1634267580826 3.490694046020508 0
1634267581617 2.6313326358795166 0
1634267582414 3.0720739364624023 0
1634267583213 2.9410719871520996 0
1634267584011 3.3039727210998535 0
1634267584809 3.1065452098846436 0
1634267585607 2.771766185760498 0
1634267586404 2.932739019393921 0
1634267587202 3.007944107055664 0
1634267587984 2.9704184532165527 0
1634267588796 2.6700892448425293 0
1634267589594 2.360781669616699 0
1634267590389 2.334097385406494 0
1634267591179 2.370718479156494 0
1634267591976 2.9017038345336914 0
1634267592778 2.2408053874969482 0
1634267593561 2.5124266147613525 0
1634267594359 2.857409715652466 0
1634267595170 2.960979700088501 0
1634267597077 2.19549298286438 0
1634267597875 2.74367618560791 0
1634267598680 2.685007095336914 0
1634267599461 2.21332049369812 0
1634267600259 2.316012144088745 0
1634267601056 2.75054931640625 0
1634267601854 2.6458141803741455 0
1634267602650 2.31478214263916 0
1634267603448 2.6288392543792725 0
1634267604245 2.5847971439361572 0
1634267605043 2.3203272819519043 0
1634267605840 2.868662118911743 0
1634267606637 2.5873970985412598 0
1634267607435 2.167825222015381 0
1634267608217 2.4455480575561523 0
1634267609015 2.4413540363311768 0
1634267609813 2.502655506134033 0
1634267610621 2.8072080612182617 0
1634267611415 2.854503631591797 0
1634267612198 2.53867506980896 0
1634267614144 2.145535945892334 0
1634267614946 2.1268298625946045 0
1634267615746 2.5194478034973145 0
1634267616577 2.202925205230713 0
1634267617374 2.476156711578369 0
1634267618197 2.1050033569335938 0
1634267618999 2.2410666942596436 0
1634267619807 2.153808832168579 0
1634267620626 2.112776041030884 0
1634267621474 2.1609175205230713 0
1634267622257 2.5324201583862305 0
1634267623055 2.430044651031494 0
1634267623853 2.435070037841797 0
1634267624650 2.436734199523926 0
1634267625448 2.566865921020508 0
1634267626245 2.45992374420166 0
1634267627042 2.650418758392334 0
1634267627824 2.7815816402435303 0
1634267628622 2.0592434406280518 0
1634267629421 2.0620503425598145 0
1634267631320 2.3941538333892822 0
1634267632117 2.615903377532959 0
1634267632915 2.3518564701080322 0
1634267633712 2.6234898567199707 0
1634267634494 2.3731610774993896 0
1634267635291 2.3583576679229736 0
1634267636089 2.5270607471466064 0
1634267636886 2.44292950630188 0
1634267637684 2.0413730144500732 0
1634267638483 2.6354100704193115 0
1634267639279 2.0605404376983643 0
1634267640077 2.067901611328125 0
1634267640860 2.380678176879883 0
1634267641670 2.6235828399658203 0
1634267642462 2.3375608921051025 0
1634267643260 2.368401527404785 0
1634267644057 1.9676978588104248 0
1634267644839 2.321031332015991 0
1634267645636 2.464547634124756 0
1634267646433 2.405709981918335 0
1634267648359 2.35440993309021 0
1634267649155 1.997923731803894 0
1634267649937 2.3299341201782227 0
1634267650735 2.321876049041748 0
1634267651543 2.4570844173431396 0
1634267652335 2.381791830062866 0
1634267653133 1.9736342430114746 0
1634267653915 1.976269245147705 0
1634267654712 2.024301052093506 0
1634267655510 2.3285179138183594 0
1634267656308 2.3871381282806396 0
1634267657105 1.9557088613510132 0
1634267657902 2.013824701309204 0
1634267658685 2.4433767795562744 0
1634267659483 2.4378762245178223 0
1634267660281 2.4530889987945557 0
1634267661077 2.3402669429779053 0
1634267661875 2.3590967655181885 0
1634267662679 2.622992515563965 0
1634267663472 1.9017809629440308 0
1634267665352 2.5017571449279785 0
1634267666150 2.384836196899414 0
1634267666946 2.584016799926758 0
1634267667744 2.0319716930389404 0
1634267668543 2.621091365814209 0
1634267669340 2.5833206176757812 0
1634267670138 2.3795742988586426 0
1634267670935 2.387324333190918 0
1634267671733 2.27614688873291 0
1634267672532 2.565178394317627 0
1634267673331 2.3183159828186035 0
1634267674117 2.4199256896972656 0
1634267674913 2.3709709644317627 0
1634267675717 2.2901318073272705 0
1634267676507 2.3861143589019775 0
1634267677305 2.283344030380249 0
1634267678103 1.9641389846801758 0
1634267678900 2.6272292137145996 0
1634267679697 2.4341323375701904 0
1634267680495 2.398075580596924 0
1634267682375 2.372528076171875 0
1634267683184 2.4143741130828857 0
1634267683980 2.2912113666534424 0
1634267684774 1.9440950155258179 0
1634267685571 2.577265501022339 0
1634267686369 2.281337022781372 0
1634267687165 2.37585711479187 0
1634267687963 2.5669965744018555 0
1634267688761 1.8776099681854248 0
1634267689544 2.2866015434265137 0
1634267690341 2.3624846935272217 0
1634267691138 2.380269765853882 0
1634267691936 2.3434762954711914 0
1634267692733 2.3764381408691406 0
1634267693531 2.377007484436035 0
1634267694329 2.371305465698242 0
1634267695131 2.6024105548858643 0
1634267695926 2.6438655853271484 0
1634267696710 2.2591700553894043 0
1634267697508 1.925083875656128 0
1634267699459 1.8907166719436646 0
1634267700242 2.3757901191711426 0
1634267701050 2.3756721019744873 0
1634267701855 1.9118335247039795 0
1634267702649 2.2970781326293945 0
1634267703432 2.2805163860321045 0
1634267704230 2.5336618423461914 0
1634267705026 1.9099924564361572 0
1634267705824 1.8888543844223022 0
1634267706622 2.3754935264587402 0
1634267707419 1.8947913646697998 0
1634267708218 2.601337432861328 0
1634267709015 1.8530453443527222 0
1634267709813 2.3490757942199707 0
1634267710616 2.5834271907806396 0
1634267711398 2.2509515285491943 0
1634267712196 2.274567127227783 0
1634267712992 2.532589912414551 0
1634267713792 2.241935968399048 0
1634267714588 1.8973368406295776 0
1634267716469 2.5545241832733154 0
1634267717276 1.8567986488342285 0
1634267718074 2.2576041221618652 0
1634267718873 1.977647304534912 0
1634267719712 1.9214946031570435 0
1634267720550 1.9036478996276855 0
1634267721351 2.287601947784424 0
1634267722170 2.258619546890259 0
1634267723014 1.9196085929870605 0
1634267723847 2.238518238067627 0
1634267724670 1.8602886199951172 0
1634267725472 1.8725695610046387 0
1634267726276 2.5299553871154785 0
1634267727070 1.8742783069610596 0
1634267727883 1.8999547958374023 0
1634267728705 1.8774909973144531 0
1634267729518 1.9042549133300781 0
1634267730320 2.5698561668395996 0
1634267731119 1.9775598049163818 0
1634267731915 1.8739807605743408 0
1634267733882 2.2997374534606934 0
1634267734722 1.8595118522644043 0
1634267735534 1.8728039264678955 0
1634267736369 2.3040263652801514 0
1634267737193 1.8723629713058472 0
1634267738006 2.2381255626678467 0
1634267738822 1.9110593795776367 0
1634267739629 2.2589118480682373 0
1634267740436 2.5631117820739746 0
1634267741245 2.572075366973877 0
1634267742059 2.2147631645202637 0
1634267742864 1.8355178833007812 0
1634267743687 2.241576910018921 0
1634267744530 2.3078463077545166 0
1634267745372 2.535736322402954 0
1634267746202 2.2308928966522217 0
1634267747029 2.3139331340789795 0
1634267747848 2.3056490421295166 0
1634267748640 2.2394051551818848 0
1634267749444 1.8235026597976685 0
1634267751405 2.5199177265167236 0
1634267752209 2.362252712249756 0
1634267753038 2.5042014122009277 0
1634267753865 1.8234167098999023 0
1634267754693 1.8617527484893799 0
1634267755522 2.246245861053467 0
1634267756352 2.5515527725219727 0
1634267757149 1.830240249633789 0
1634267757959 2.280424118041992 0
1634267758765 1.8158496618270874 0
1634267759557 2.520691394805908 0
1634267760369 2.307997703552246 0
1634267761181 2.576554775238037 0
1634267762006 2.296584129333496 0
1634267762806 1.9882923364639282 0
1634267763603 2.30220365524292 0
1634267764401 1.8663508892059326 0
1634267765197 1.9009790420532227 0
1634267765978 2.849189043045044 0
1634267766778 2.3427958488464355 0
1634267768669 2.560072898864746 0
1634267769467 2.5830740928649902 0
1634267770279 2.542060613632202 0
1634267771077 2.5681724548339844 0
1634267771870 2.5388646125793457 0
1634267772689 2.3231842517852783 0
1634267773492 2.2284433841705322 0
1634267774310 1.8832857608795166 0
1634267775142 1.8734333515167236 0
1634267775970 2.220430850982666 0
1634267776794 1.872056484222412 0
1634267777617 2.539220094680786 0
1634267778444 2.5894155502319336 0
1634267779273 2.2565760612487793 0
1634267780093 2.252150058746338 0
1634267780921 1.867523193359375 0
1634267781750 2.527299165725708 0
1634267782581 1.8346993923187256 0
1634267783400 2.246530532836914 0
1634267784230 1.8137099742889404 0
1634267786124 2.231017827987671 0
1634267786972 2.2251157760620117 0
1634267787804 2.539670705795288 0
1634267788638 2.3019378185272217 0
1634267789472 2.274963140487671 0
1634267790309 2.235067367553711 0
1634267791138 2.3386917114257812 0
1634267791935 1.797748327255249 0
1634267792741 1.8176929950714111 0
1634267793548 2.5205721855163574 0
1634267794351 2.2027299404144287 0
1634267795148 2.371380567550659 0
1634267795960 2.246828079223633 0
1634267796766 2.5207533836364746 0
1634267797570 2.2121593952178955 0
1634267798373 2.3102807998657227 0
1634267799163 2.501378059387207 0
1634267799962 1.8112304210662842 0
1634267800775 2.2126572132110596 0
1634267801600 2.2182390689849854 0
1634267803545 2.2199912071228027 0
1634267804335 2.2396488189697266 0
1634267805133 2.2324929237365723 0
1634267805939 2.545261859893799 0
1634267806760 1.8559980392456055 0
1634267807554 1.837367296218872 0
1634267808367 2.519263744354248 0
1634267809163 2.5420169830322266 0
1634267809976 1.7871874570846558 0
1634267810781 1.8203308582305908 0
1634267811587 2.500171184539795 0
1634267812390 1.8021528720855713 0
1634267813186 2.5059964656829834 0
1634267813984 2.5469589233398438 0
1634267814782 2.2104392051696777 0
1634267815597 1.7935127019882202 0
1634267816382 2.195624351501465 0
1634267817180 2.4915192127227783 0
1634267817978 2.2223429679870605 0
1634267818790 2.215458631515503 0
1634267820801 2.2393085956573486 0
1634267821620 1.8257023096084595 0
1634267822428 2.290555477142334 0
1634267823236 2.487694263458252 0
1634267824044 2.2617263793945312 0
1634267824836 2.203479766845703 0
1634267825637 2.212132453918457 0
1634267826444 2.2652945518493652 0
1634267827257 1.7995612621307373 0
1634267828055 2.276757001876831 0
1634267828852 2.1881487369537354 0
1634267829650 2.2785348892211914 0
1634267830448 1.8240747451782227 0
1634267831246 2.1990878582000732 0
1634267832045 2.490572690963745 0
1634267832858 1.8108117580413818 0
1634267833673 2.2837729454040527 0
1634267834481 2.2571494579315186 0
1634267835265 2.5134599208831787 0
1634267836074 2.1898207664489746 0
1634267838159 2.284639358520508 0
1634267838956 1.7902030944824219 0
1634267839794 2.515421152114868 0
1634267840634 2.2311325073242188 0
1634267841454 2.4927120208740234 0
1634267842283 2.5036396980285645 0
1634267843107 2.514147996902466 0
1634267843919 1.7953895330429077 0
1634267844734 2.2096898555755615 0
1634267845570 2.2580974102020264 0
1634267846419 2.5022730827331543 0
1634267847278 2.257089138031006 0
1634267848114 2.5411763191223145 0
1634267848948 2.4973397254943848 0
1634267849775 2.219688653945923 0
1634267850589 1.7831900119781494 0
1634267851404 1.7899603843688965 0
1634267852234 2.5532066822052 0
1634267853064 2.257404327392578 0
1634267853893 1.7851505279541016 0
1634267855855 2.513268232345581 0
1634267856663 1.8383480310440063 0
1634267857468 2.304595470428467 0
1634267858267 2.2626047134399414 0
1634267859073 2.504295825958252 0
1634267859924 2.510084867477417 0
1634267860755 1.7729889154434204 0
1634267861574 2.238852024078369 0
1634267862431 2.186311960220337 0
1634267863283 1.8176970481872559 0
1634267864138 2.4930942058563232 0
1634267864981 2.2367606163024902 0
1634267865802 1.7707407474517822 0
1634267866619 2.232818126678467 0
1634267867461 2.185014247894287 0
1634267868281 1.7590277194976807 0
1634267869113 2.5010135173797607 0
1634267869973 1.790881633758545 0
1634267870823 1.7765905857086182 0
1634267871656 1.8274158239364624 0
1634267873647 2.4968342781066895 0
1634267874446 2.291383743286133 0
1634267875285 2.4842848777770996 0
1634267876145 2.251012086868286 0
1634267876976 2.2466847896575928 0
1634267877806 2.236328125 0
1634267878636 2.478712558746338 0
1634267879457 2.1741743087768555 0
1634267880278 2.491441249847412 0
1634267881099 1.763071894645691 0
1634267881906 2.189046859741211 0
1634267882713 2.208144187927246 0
1634267883527 2.2285587787628174 0
1634267884337 2.245725154876709 0
1634267885147 1.7640643119812012 0
1634267885957 1.7670423984527588 0
1634267886767 1.774362564086914 0
1634267887575 2.251577138900757 0
1634267888399 2.256751537322998 0
1634267889192 2.280744791030884 0
1634267891314 1.7724363803863525 0
1634267892133 2.476494789123535 0
1634267892979 2.4961838722229004 0
1634267893812 2.2363994121551514 0
1634267894632 2.238999128341675 0
1634267895466 2.2504971027374268 0
1634267896297 2.1672658920288086 0
1634267897108 2.2417654991149902 0
1634267897914 2.2147748470306396 0
1634267898725 2.504577398300171 0
1634267899522 2.1803596019744873 0
1634267900337 1.7548425197601318 0
1634267901147 2.4763591289520264 0
1634267901935 1.7732207775115967 0
1634267902749 2.4961562156677246 0
1634267903551 2.4997575283050537 0
1634267904359 2.2170238494873047 0
1634267905166 2.281118154525757 0
1634267905976 2.200363874435425 0
1634267906787 2.2404792308807373 0
1634267908705 2.171572208404541 0
1634267909536 2.478985071182251 0
1634267910352 2.1777889728546143 0
1634267911160 2.2266106605529785 0
1634267911981 2.252987861633301 0
1634267912823 1.7507915496826172 0
1634267913667 1.7746176719665527 0
1634267914477 2.2282679080963135 0
1634267915293 1.7775073051452637 0
1634267916107 2.1875391006469727 0
1634267916933 2.48677396774292 0
1634267917745 2.4830193519592285 0
1634267918574 2.2734334468841553 0
1634267919422 2.4994568824768066 0
1634267920234 2.4979796409606934 0
1634267921040 2.163644313812256 0
1634267921843 2.24698805809021 0
1634267922660 1.7629419565200806 0
1634267923488 2.227721691131592 0
1634267924330 2.252880096435547 0
1634267926327 2.1891555786132812 0
1634267927148 2.216649293899536 0
1634267927967 2.2349557876586914 0
1634267928780 2.1717686653137207 0
1634267929604 2.468693494796753 0
1634267930421 2.563194751739502 0
1634267931231 2.5158143043518066 0
1634267932050 2.2432479858398438 0
1634267932874 2.235581636428833 0
1634267933673 1.742781400680542 0
1634267934496 1.7630863189697266 0
1634267935290 1.7558157444000244 0
1634267936088 2.4708824157714844 0
