1634267577978 13.909451007843018 0
1634267580018 8.488730430603027 0
1634267580824 9.925326347351074 0
1634267581617 8.709269762039185 0
1634267582414 6.138801097869873 0
1634267583213 8.592357635498047 0
1634267584011 6.199270963668823 0
1634267584809 5.970336198806763 0
1634267585607 8.539898872375488 0
1634267586404 5.764498949050903 0
1634267587186 8.770281791687012 0
1634267587984 5.790836334228516 0
1634267588796 5.474708318710327 0
1634267589578 5.160094499588013 0
1634267590388 7.807098388671875 0
1634267591179 7.839544773101807 0
1634267591976 5.686899185180664 0
1634267592778 7.953144788742065 0
1634267593561 7.973231554031372 0
1634267594359 8.328665494918823 0
1634267595168 8.66218113899231 0
1634267597077 4.971437215805054 0
1634267597875 8.200156688690186 0
1634267598678 8.381547927856445 0
1634267599461 7.919906854629517 0
1634267600259 7.769763708114624 0
1634267601056 8.478240489959717 0
1634267601854 5.425411939620972 0
1634267602650 7.767879486083984 0
1634267603448 8.33433985710144 0
1634267604245 8.287845373153687 0
1634267605043 8.021166324615479 0
1634267605840 8.317983865737915 0
1634267606637 8.285648822784424 0
1634267607419 7.612840175628662 0
1634267608217 8.132450103759766 0
1634267609015 8.137920141220093 0
1634267609813 8.188589572906494 0
1634267610620 8.25019359588623 0
1634267611399 8.549500942230225 0
1634267612198 7.98054575920105 0
1634267614142 4.9081339836120605 0
1634267614944 7.819741487503052 0
1634267615746 7.959432125091553 0
1634267616562 4.963652610778809 0
1634267617374 8.167351245880127 0
1634267618195 7.788583278656006 0
1634267618998 5.000953435897827 0
1634267619807 7.845531702041626 0
1634267620624 7.552391290664673 0
1634267621473 7.851210832595825 0
1634267622257 5.2913994789123535 0
1634267623055 8.119463443756104 0
1634267623853 8.124682426452637 0
1634267624650 8.11670446395874 0
1634267625448 5.324518203735352 0
1634267626245 5.217392921447754 0
1634267627042 8.339050769805908 0
1634267627824 8.470189332962036 0
1634267628622 7.495244264602661 0
1634267629421 7.740306377410889 0
1634267631320 8.082229375839233 0
1634267632117 8.303726196289062 0
1634267632915 8.029971361160278 0
1634267633712 5.379800796508789 0
1634267634494 8.06112027168274 0
1634267635291 7.794174432754517 0
1634267636089 5.283633470535278 0
1634267636886 7.878373384475708 0
1634267637684 7.729037046432495 0
1634267638483 8.31509280204773 0
1634267639279 7.7397215366363525 0
1634267640062 7.755433082580566 0
1634267640860 8.058971881866455 0
1634267641668 5.379314422607422 0
1634267642462 8.016953706741333 0
1634267643260 8.055312156677246 0
1634267644042 7.644543409347534 0
1634267644839 8.007197618484497 0
1634267645636 5.219191551208496 0
1634267646433 8.091768503189087 0
1634267648343 5.108703851699829 0
1634267649140 7.431774020195007 0
1634267649937 5.084261178970337 0
1634267650735 7.7558112144470215 0
1634267651541 8.13322901725769 0
1634267652335 8.068163633346558 0
1634267653117 7.64975643157959 0
1634267653915 7.652541637420654 0
1634267654712 7.700556755065918 0
1634267655510 8.004746913909912 0
1634267656308 5.141143560409546 0
1634267657105 7.389455199241638 0
1634267657902 7.447278261184692 0
1634267658685 8.11993145942688 0
1634267659483 8.123417854309082 0
1634267660281 8.138136625289917 0
1634267661077 5.094146490097046 0
1634267661875 8.034533739089966 0
1634267662677 8.307823657989502 0
1634267663472 7.57717502117157 0
1634267665352 8.18643856048584 0
1634267666150 8.069676399230957 0
1634267666946 8.25932502746582 0
1634267667744 7.717017412185669 0
1634267668543 8.054489612579346 0
1634267669340 8.258662700653076 0
1634267670138 5.132926940917969 0
1634267670935 8.062607765197754 0
1634267671733 7.960641384124756 0
1634267672532 7.997944355010986 0
1634267673329 7.993419170379639 0
1634267674117 8.095059871673584 0
1634267674913 5.123950004577637 0
1634267675716 7.965051889419556 0
1634267676507 8.061417818069458 0
1634267677305 7.958463430404663 0
1634267678103 7.64864444732666 0
1634267678900 5.380006790161133 0
1634267679697 5.1871209144592285 0
1634267680495 7.830604076385498 0
1634267682375 5.125328540802002 0
1634267683182 7.846851110458374 0
1634267683978 7.966653108596802 0
1634267684774 7.3767465353012085 0
1634267685571 8.010091066360474 0
1634267686369 7.714221239089966 0
1634267687165 7.808136701583862 0
1634267687948 8.241601467132568 0
1634267688761 7.552006006240845 0
1634267689544 7.718753337860107 0
1634267690341 7.794592618942261 0
1634267691138 8.054746389389038 0
1634267691936 8.017767906188965 0
1634267692733 8.060516357421875 0
1634267693531 7.809154987335205 0
1634267694329 8.046124935150146 0
1634267695130 5.354947805404663 0
1634267695925 8.318720817565918 0
1634267696710 7.94317102432251 0
1634267697508 7.599570035934448 0
1634267699457 4.642979979515076 0
1634267700242 8.059681415557861 0
1634267701050 7.807582139968872 0
1634267701853 7.343684911727905 0
1634267702634 7.7289299964904785 0
1634267703432 7.712335824966431 0
1634267704230 7.965475082397461 0
1634267705026 7.584217309951782 0
1634267705824 7.572881579399109 0
1634267706622 7.807370185852051 0
1634267707419 4.646860837936401 0
1634267708218 8.033185482025146 0
1634267709015 4.605185389518738 0
1634267709813 8.032827854156494 0
1634267710615 8.015169858932495 0
1634267711398 5.002931594848633 0
1634267712196 7.958153247833252 0
1634267712992 7.964203357696533 0
1634267713792 7.915842771530151 0
1634267714588 7.571199297904968 0
1634267716469 8.22836184501648 0
1634267717276 7.540277481079102 0
1634267718058 7.689148426055908 0
1634267718873 7.661050796508789 0
1634267719711 7.353113770484924 0
1634267720548 7.587065696716309 0
1634267721351 5.03935432434082 0
1634267722170 7.690107583999634 0
1634267723012 7.593308448791504 0
1634267723847 7.92188024520874 0
1634267724669 7.534173011779785 0
1634267725472 4.6243860721588135 0
1634267726275 7.961440563201904 0
1634267727070 4.625996351242065 0
1634267727883 7.583249092102051 0
1634267728705 7.3088836669921875 0
1634267729516 7.578083038330078 0
1634267730320 8.253080368041992 0
1634267731119 7.651160001754761 0
1634267731915 4.6257617473602295 0
1634267733880 7.983041286468506 0
1634267734721 4.61125373840332 0
1634267735532 7.546412706375122 0
1634267736367 7.977628469467163 0
1634267737191 7.303731322288513 0
1634267738005 7.669499158859253 0
1634267738820 7.594290256500244 0
1634267739627 5.010528326034546 0
1634267740435 7.994399547576904 0
1634267741244 8.003355503082275 0
1634267742057 4.966339111328125 0
1634267742862 7.508984565734863 0
1634267743686 7.672826528549194 0
1634267744528 5.059385061264038 0
1634267745370 5.287258625030518 0
1634267746200 4.982429504394531 0
1634267747028 7.987568140029907 0
1634267747846 7.736846208572388 0
1634267748640 4.990957736968994 0
1634267749442 7.254653096199036 0
1634267751405 8.202903032302856 0
1634267752207 5.113722324371338 0
1634267753037 8.187209129333496 0
1634267753864 7.4967732429504395 0
1634267754691 7.292861700057983 0
1634267755520 4.997665882110596 0
1634267756350 8.224854469299316 0
1634267757149 7.261305332183838 0
1634267757944 5.031848669052124 0
1634267758763 7.4987872838974 0
1634267759557 7.951783657073975 0
1634267760369 5.05939245223999 0
1634267761181 5.327958583831787 0
1634267762006 7.970013618469238 0
1634267762805 7.419734597206116 0
1634267763603 7.985418319702148 0
1634267764385 4.618006229400635 0
1634267765182 7.584206581115723 0
1634267765978 8.522790670394897 0
1634267766778 5.094581127166748 0
1634267768669 8.23364782333374 0
1634267769467 8.256642818450928 0
1634267770264 5.293645620346069 0
1634267771061 8.251265048980713 0
1634267771870 8.212459564208984 0
1634267772687 8.006300210952759 0
1634267773492 4.979936838150024 0
1634267774310 7.556784391403198 0
1634267775142 7.304637670516968 0
1634267775970 4.971910238265991 0
1634267776792 7.555242538452148 0
1634267777617 8.222306489944458 0
1634267778442 8.272992610931396 0
1634267779257 7.687870502471924 0
1634267780093 5.003621578216553 0
1634267780921 7.2985992431640625 0
1634267781750 7.958383321762085 0
1634267782580 4.586139440536499 0
1634267783400 4.997932195663452 0
1634267784228 7.487076044082642 0
1634267786124 4.982381582260132 0
1634267786970 7.898359298706055 0
1634267787802 7.970717191696167 0
1634267788636 7.984835386276245 0
1634267789471 5.026315689086914 0
1634267790307 4.986384391784668 0
1634267791138 8.021588802337646 0
1634267791935 7.4806201457977295 0
1634267792741 7.490962266921997 0
1634267793545 5.271902322769165 0
1634267794351 4.954064130783081 0
1634267795148 5.1227240562438965 0
1634267795960 7.677838325500488 0
1634267796764 8.19395637512207 0
1634267797570 7.894985914230347 0
1634267798371 5.061564207077026 0
1634267799163 7.932305335998535 0
1634267799962 7.494019269943237 0
1634267800775 7.8954432010650635 0
1634267801584 4.969483375549316 0
1634267803543 7.650924205780029 0
1634267804335 7.922411918640137 0
1634267805133 7.915258884429932 0
1634267805939 8.228038311004639 0
1634267806757 7.529242515563965 0
1634267807554 7.51059889793396 0
1634267808367 5.270506858825684 0
1634267809163 7.972891807556152 0
1634267809976 7.218095183372498 0
1634267810779 7.251203298568726 0
1634267811587 5.2513957023620605 0
1634267812390 7.233024835586548 0
1634267813186 7.936840295791626 0
1634267813984 8.220151901245117 0
1634267814782 7.8932600021362305 0
1634267815595 7.47643506526947 0
1634267816382 7.87839412689209 0
1634267817180 8.174282789230347 0
1634267817978 7.905104637145996 0
1634267818790 4.966654062271118 0
1634267820801 7.922022581100464 0
1634267821620 7.498806595802307 0
1634267822426 7.9636549949646 0
1634267823235 8.160789966583252 0
1634267824042 7.692613124847412 0
1634267824836 7.6343793869018555 0
1634267825637 4.963305473327637 0
1634267826442 7.947999477386475 0
1634267827257 7.23042893409729 0
1634267828055 5.027916669845581 0
1634267828852 4.939309358596802 0
1634267829650 7.95161247253418 0
1634267830448 7.497174263000488 0
1634267831246 7.629922151565552 0
1634267832045 5.241723299026489 0
1634267832858 4.561956882476807 0
1634267833673 7.7146220207214355 0
1634267834481 7.930224180221558 0
1634267835265 8.19613528251648 0
1634267836072 4.9409801959991455 0
1634267838157 5.0357747077941895 0
1634267838956 7.221043586730957 0
1634267839792 5.266552448272705 0
1634267840632 7.904179573059082 0
1634267841454 8.16576862335205 0
1634267842281 8.18629789352417 0
1634267843101 5.265265703201294 0
1634267843918 7.478031516075134 0
1634267844732 4.960805654525757 0
1634267845568 5.009228944778442 0
1634267846417 7.933048248291016 0
1634267847276 7.93014669418335 0
1634267848112 8.22382116317749 0
1634267848946 8.170376300811768 0
1634267849774 4.970768451690674 0
1634267850587 7.4562132358551025 0
1634267851404 7.462986469268799 0
1634267852232 7.98401665687561 0
1634267853063 7.930417060852051 0
1634267853891 7.215922832489014 0
1634267855854 5.264360189437866 0
1634267856662 4.589423298835754 0
1634267857467 7.735383987426758 0
1634267858265 7.693398952484131 0
1634267859071 7.935061454772949 0
1634267859908 5.261150360107422 0
1634267860753 7.445997357368469 0
1634267861574 7.911875247955322 0
1634267862429 4.937396764755249 0
1634267863281 7.500329494476318 0
1634267864137 7.923921823501587 0
1634267864980 7.919376373291016 0
1634267865800 4.521869897842407 0
1634267866618 7.905815601348877 0
1634267867459 4.936096668243408 0
1634267868280 4.510123252868652 0
1634267869111 7.93178915977478 0
1634267869971 7.473486423492432 0
1634267870822 4.52765965461731 0
1634267871654 7.258164286613464 0
1634267873646 7.9276275634765625 0
1634267874444 7.722162246704102 0
1634267875284 8.15724515914917 0
1634267876144 5.002069473266602 0
1634267876975 7.91965651512146 0
1634267877805 7.918901443481445 0
1634267878634 8.151673793792725 0
1634267879455 7.847142219543457 0
1634267880276 7.922168731689453 0
1634267881097 7.193807482719421 0
1634267881904 7.871615409851074 0
1634267882711 7.8810882568359375 0
1634267883525 4.97962212562561 0
1634267884335 4.996789216995239 0
1634267885145 7.194810390472412 0
1634267885956 7.449639081954956 0
1634267886765 4.52539324760437 0
1634267887573 7.682293653488159 0
1634267888398 7.687466621398926 0
1634267889192 5.031786680221558 0
1634267891312 7.455037832260132 0
1634267892133 8.149441242218018 0
1634267892977 8.169175624847412 0
1634267893810 4.987461805343628 0
1634267894631 7.921556234359741 0
1634267895464 7.9330713748931885 0
1634267896295 4.918301582336426 0
1634267897106 4.992784738540649 0
1634267897912 7.8876917362213135 0
1634267898723 7.935288190841675 0
1634267899522 7.853309392929077 0
1634267900336 7.427770376205444 0
1634267901145 8.149304151535034 0
1634267901935 4.524255037307739 0
1634267902747 8.178704738616943 0
1634267903549 8.182309865951538 0
1634267904357 7.889956474304199 0
1634267905164 5.032137393951416 0
1634267905974 7.631073713302612 0
1634267906786 4.99150538444519 0
1634267908703 7.602281093597412 0
1634267909534 8.161537408828735 0
1634267910351 7.850727796554565 0
1634267911158 7.657330513000488 0
1634267911980 7.683675765991211 0
1634267912821 7.181509494781494 0
1634267913665 7.205320358276367 0
1634267914475 7.9108264446258545 0
1634267915291 7.45043420791626 0
1634267916105 7.618274688720703 0
1634267916931 5.237789154052734 0
1634267917744 7.913760662078857 0
1634267918573 7.946359872817993 0
1634267919420 5.25048041343689 0
1634267920232 5.249006986618042 0
1634267921038 7.846169471740723 0
1634267921842 4.997974872589111 0
1634267922659 7.193590760231018 0
1634267923486 7.9102702140808105 0
1634267924328 5.003870964050293 0
1634267926325 7.871686935424805 0
1634267927146 4.9676454067230225 0
1634267927965 7.665620803833008 0
1634267928778 4.922762870788574 0
1634267929602 8.151221513748169 0
1634267930419 5.314189434051514 0
1634267931229 5.266838312149048 0
1634267932049 4.99424934387207 0
1634267932872 7.908503293991089 0
1634267933673 7.425306081771851 0
1634267934495 4.514062404632568 0
1634267935290 7.428741693496704 0
1634267936088 5.221846103668213 0
