1634267577978 16.409297943115234 0
1634267580018 10.773612022399902 0
1634267580821 12.110889434814453 0
1634267581617 10.453304290771484 0
1634267582414 7.981811046600342 0
1634267583198 10.326152801513672 0
1634267583995 8.192205429077148 0
1634267584793 8.323759078979492 0
1634267585607 10.24620246887207 0
1634267586388 7.436047077178955 0
1634267587186 11.156067848205566 0
1634267587984 7.905094623565674 0
1634267588780 7.464980125427246 0
1634267589578 6.652503967285156 0
1634267590384 9.518152236938477 0
1634267591179 9.755094528198242 0
1634267591960 7.323182106018066 0
1634267592774 10.021180152893066 0
1634267593561 9.844199180603027 0
1634267594359 10.14553165435791 0
1634267595163 10.783712387084961 0
1634267597077 6.724998474121094 0
1634267597875 10.01988410949707 0
1634267598675 10.39631175994873 0
1634267599461 9.85888671875 0
1634267600259 9.664758682250977 0
1634267601056 10.546316146850586 0
1634267601854 7.206361293792725 0
1634267602650 9.571256637573242 0
1634267603448 10.420175552368164 0
1634267604245 10.161099433898926 0
1634267605027 10.057086944580078 0
1634267605840 10.308984756469727 0
1634267606622 10.271482467651367 0
1634267607419 9.408159255981445 0
1634267608217 9.903095245361328 0
1634267609015 10.000190734863281 0
1634267609813 10.060908317565918 0
1634267610617 10.285867691040039 0
1634267611399 10.625776290893555 0
1634267612198 9.907740592956543 0
1634267614139 6.860821723937988 0
1634267614941 9.61865234375 0
1634267615746 9.822057723999023 0
1634267616562 6.9438090324401855 0
1634267617374 10.080473899841309 0
1634267618192 9.54991340637207 0
1634267618995 6.683285713195801 0
1634267619807 9.901073455810547 0
1634267620621 9.3585205078125 0
1634267621469 9.921950340270996 0
1634267622257 7.030837535858154 0
1634267623055 10.133306503295898 0
1634267623853 10.067951202392578 0
1634267624650 10.085493087768555 0
1634267625448 7.315790176391602 0
1634267626230 7.149683475494385 0
1634267627026 10.335391998291016 0
1634267627824 10.54991340637207 0
1634267628622 9.46279239654541 0
1634267629421 9.575235366821289 0
1634267631320 10.048737525939941 0
1634267632117 10.370166778564453 0
1634267632914 9.955789566040039 0
1634267633697 7.445981502532959 0
1634267634494 9.870634078979492 0
1634267635291 9.875541687011719 0
1634267636089 7.2772722244262695 0
1634267636886 9.911866188049316 0
1634267637684 9.601000785827637 0
1634267638467 10.296478271484375 0
1634267639264 9.697675704956055 0
1634267640062 9.585379600524902 0
1634267640860 9.922407150268555 0
1634267641665 7.392979621887207 0
1634267642462 10.028091430664062 0
1634267643244 9.924201965332031 0
1634267644042 9.54913330078125 0
1634267644839 9.932558059692383 0
1634267645636 7.202053546905518 0
1634267646433 10.097105026245117 0
1634267648343 7.02760124206543 0
1634267649140 9.371472358703613 0
1634267649937 7.058794975280762 0
1634267650735 9.692403793334961 0
1634267651538 10.069391250610352 0
1634267652319 10.041946411132812 0
1634267653117 9.536169052124023 0
1634267653915 9.562141418457031 0
1634267654712 9.633994102478027 0
1634267655510 9.893789291381836 0
1634267656308 7.096592903137207 0
1634267657105 9.333711624145508 0
1634267657887 9.354069709777832 0
1634267658685 10.072151184082031 0
1634267659483 10.119041442871094 0
1634267660281 10.116857528686523 0
1634267661077 7.061895370483398 0
1634267661875 9.99998664855957 0
1634267662674 10.29415512084961 0
1634267663456 9.478584289550781 0
1634267665352 10.168649673461914 0
1634267666150 10.07620906829834 0
1634267666946 10.24489974975586 0
1634267667744 9.697491645812988 0
1634267668543 9.95761775970459 0
1634267669340 10.421304702758789 0
1634267670138 7.158052921295166 0
1634267670935 10.03805923461914 0
1634267671733 9.929930686950684 0
1634267672517 10.014765739440918 0
1634267673326 9.967998504638672 0
1634267674117 10.115598678588867 0
1634267674913 7.042920112609863 0
1634267675712 9.88516902923584 0
1634267676507 10.01308536529541 0
1634267677305 9.964295387268066 0
1634267678103 9.578840255737305 0
1634267678900 7.39263391494751 0
1634267679697 7.161233901977539 0
1634267680480 9.811540603637695 0
1634267682375 7.127753734588623 0
1634267683179 9.841760635375977 0
1634267683975 9.927116394042969 0
1634267684774 9.3078031539917 0
1634267685555 10.066595077514648 0
1634267686353 9.741676330566406 0
1634267687150 9.802480697631836 0
1634267687948 10.181396484375 0
1634267688746 9.542043685913086 0
1634267689544 9.688435554504395 0
1634267690341 9.807533264160156 0
1634267691138 10.02873706817627 0
1634267691936 9.99549674987793 0
1634267692733 10.04121208190918 0
1634267693531 9.79092788696289 0
1634267694329 10.02865982055664 0
1634267695126 7.352673053741455 0
1634267695922 10.365174293518066 0
1634267696710 9.941431045532227 0
1634267697508 9.550252914428711 0
1634267699454 6.610835075378418 0
1634267700242 10.022994995117188 0
1634267701035 9.744758605957031 0
1634267701850 9.328954696655273 0
1634267702634 9.721084594726562 0
1634267703432 9.646477699279785 0
1634267704230 9.962163925170898 0
1634267705026 9.589786529541016 0
1634267705824 9.55523681640625 0
1634267706622 9.791362762451172 0
1634267707419 6.607240200042725 0
1634267708218 10.058181762695312 0
1634267709015 6.542440891265869 0
1634267709813 10.027294158935547 0
1634267710612 9.958946228027344 0
1634267711398 6.959606170654297 0
1634267712196 9.988825798034668 0
1634267712992 9.937252044677734 0
1634267713792 9.867624282836914 0
1634267714588 9.555183410644531 0
1634267716469 10.17505168914795 0
1634267717261 9.502147674560547 0
1634267718058 9.646820068359375 0
1634267718858 9.60626220703125 0
1634267719708 9.359830856323242 0
1634267720545 9.51848030090332 0
1634267721335 7.056727886199951 0
1634267722154 9.710646629333496 0
1634267723008 9.590121269226074 0
1634267723847 9.919675827026367 0
1634267724666 9.567075729370117 0
1634267725457 6.601541519165039 0
1634267726271 9.914663314819336 0
1634267727070 6.615647315979004 0
1634267727883 9.582846641540527 0
1634267728705 9.275657653808594 0
1634267729513 9.581378936767578 0
1634267730320 10.25193977355957 0
1634267731119 9.642901420593262 0
1634267731915 6.622064590454102 0
1634267733877 9.985339164733887 0
1634267734717 6.586411952972412 0
1634267735529 9.518736839294434 0
1634267736364 9.93665599822998 0
1634267737188 9.257733345031738 0
1634267738001 9.69460391998291 0
1634267738817 9.573898315429688 0
1634267739624 7.0099945068359375 0
1634267740431 9.996574401855469 0
1634267741240 9.978073120117188 0
1634267742053 6.961698055267334 0
1634267742859 9.487215042114258 0
1634267743683 9.648151397705078 0
1634267744525 7.027730464935303 0
1634267745367 7.256840705871582 0
1634267746197 6.978137969970703 0
1634267747025 9.970781326293945 0
1634267747843 9.739619255065918 0
1634267748640 6.961739540100098 0
1634267749439 9.23029899597168 0
1634267751389 10.181644439697266 0
1634267752203 7.118432521820068 0
1634267753033 10.163396835327148 0
1634267753861 9.499763488769531 0
1634267754688 9.265750885009766 0
1634267755517 6.9843950271606445 0
1634267756347 10.270265579223633 0
1634267757149 9.239962577819824 0
1634267757944 6.94119930267334 0
1634267758759 9.433815002441406 0
1634267759557 9.950138092041016 0
1634267760369 7.043984889984131 0
1634267761181 7.30366325378418 0
1634267761991 9.917091369628906 0
1634267762801 9.384598731994629 0
1634267763587 9.995765686035156 0
1634267764385 6.616647243499756 0
1634267765182 9.564359664916992 0
1634267765978 10.516913414001465 0
1634267766778 7.073148727416992 0
1634267768669 10.190851211547852 0
1634267769467 10.241462707519531 0
1634267770264 7.327872276306152 0
1634267771061 10.20930004119873 0
1634267771870 10.176961898803711 0
1634267772668 9.996721267700195 0
1634267773492 6.967711448669434 0
1634267774310 9.518021583557129 0
1634267775142 9.259136199951172 0
1634267775970 6.937187194824219 0
1634267776789 9.522682189941406 0
1634267777617 10.160429000854492 0
1634267778438 10.299327850341797 0
1634267779257 9.691200256347656 0
1634267780093 6.9777069091796875 0
1634267780921 9.290178298950195 0
1634267781734 9.962739944458008 0
1634267782577 6.559994220733643 0
1634267783400 6.984625816345215 0
1634267784225 9.477742195129395 0
1634267786124 6.928423881530762 0
1634267786967 9.900117874145508 0
1634267787798 9.993364334106445 0
1634267788633 9.952268600463867 0
1634267789467 7.005720138549805 0
1634267790304 7.002619743347168 0
1634267791122 9.981119155883789 0
1634267791935 9.44933795928955 0
1634267792725 9.502341270446777 0
1634267793541 7.286048889160156 0
1634267794351 6.979383945465088 0
1634267795148 7.081717491149902 0
1634267795945 9.692619323730469 0
1634267796759 10.204940795898438 0
1634267797554 9.913013458251953 0
1634267798367 7.05876350402832 0
1634267799163 9.920162200927734 0
1634267799962 9.492852210998535 0
1634267800775 9.87264347076416 0
1634267801584 6.921994209289551 0
1634267803539 9.670427322387695 0
1634267804335 9.907734870910645 0
1634267805133 9.914938926696777 0
1634267805939 10.255008697509766 0
1634267806753 9.501066207885742 0
1634267807554 9.443567276000977 0
1634267808367 7.259827136993408 0
1634267809163 9.971858024597168 0
1634267809960 9.194745063781738 0
1634267810775 9.214286804199219 0
1634267811571 7.287573337554932 0
1634267812374 9.22213077545166 0
1634267813186 9.942989349365234 0
1634267813984 10.239540100097656 0
1634267814782 9.855511665344238 0
1634267815592 9.483439445495605 0
1634267816382 9.8694429397583 0
1634267817180 10.14651107788086 0
1634267817978 9.903339385986328 0
1634267818790 6.98907995223999 0
1634267820801 9.92963981628418 0
1634267821605 9.456653594970703 0
1634267822423 9.973213195800781 0
1634267823232 10.153657913208008 0
1634267824039 9.672050476074219 0
1634267824836 9.63646125793457 0
1634267825637 6.976314544677734 0
1634267826439 9.961442947387695 0
1634267827242 9.210489273071289 0
1634267828055 6.989548683166504 0
1634267828852 6.9119133949279785 0
1634267829650 9.90679931640625 0
1634267830448 9.485855102539062 0
1634267831246 9.639148712158203 0
1634267832045 7.257066249847412 0
1634267832842 6.564449787139893 0
1634267833657 9.639848709106445 0
1634267834465 9.908670425415039 0
1634267835265 10.225870132446289 0
1634267836069 6.941823959350586 0
1634267838153 7.0178399085998535 0
1634267838956 9.193164825439453 0
1634267839789 7.2620649337768555 0
1634267840629 9.917543411254883 0
1634267841454 10.137310028076172 0
1634267842278 10.182624816894531 0
1634267843101 7.327431678771973 0
1634267843915 9.443170547485352 0
1634267844729 6.92810583114624 0
1634267845565 7.0395426750183105 0
1634267846414 9.904328346252441 0
1634267847273 9.936419486999512 0
1634267848109 10.216565132141113 0
1634267848943 10.192719459533691 0
1634267849771 6.960573196411133 0
1634267850584 9.41690444946289 0
1634267851404 9.45007038116455 0
1634267852229 9.988165855407715 0
1634267853059 9.957630157470703 0
1634267853888 9.16520881652832 0
1634267855850 7.27762508392334 0
1634267856659 6.602813720703125 0
1634267857463 9.6961669921875 0
1634267858262 9.668949127197266 0
1634267859068 9.884180068969727 0
1634267859908 7.2661895751953125 0
1634267860749 9.432523727416992 0
1634267861574 9.914846420288086 0
1634267862426 6.942756175994873 0
1634267863278 9.501774787902832 0
1634267864133 9.867265701293945 0
1634267864977 9.895490646362305 0
1634267865797 6.556809425354004 0
1634267866615 9.899511337280273 0
1634267867456 6.9178619384765625 0
1634267868277 6.491764068603516 0
1634267869108 9.922384262084961 0
1634267869968 9.429237365722656 0
1634267870819 6.519882678985596 0
1634267871650 9.251482009887695 0
1634267873642 9.929601669311523 0
1634267874441 9.710535049438477 0
1634267875280 10.175310134887695 0
1634267876140 7.006021499633789 0
1634267876971 9.926288604736328 0
1634267877802 9.895752906799316 0
1634267878631 10.150501251220703 0
1634267879452 9.853567123413086 0
1634267880273 9.912555694580078 0
1634267881094 9.212078094482422 0
1634267881901 9.892568588256836 0
1634267882708 9.860588073730469 0
1634267883522 6.9396867752075195 0
1634267884332 6.984668731689453 0
1634267885142 9.207873344421387 0
1634267885953 9.415721893310547 0
1634267886762 6.515005111694336 0
1634267887570 9.656156539916992 0
1634267888394 9.645545959472656 0
1634267889192 6.982818126678467 0
1634267891309 9.418310165405273 0
1634267892133 10.140493392944336 0
1634267892974 10.181133270263672 0
1634267893807 6.964746475219727 0
1634267894627 9.933883666992188 0
1634267895461 9.910635948181152 0
1634267896292 6.899020195007324 0
1634267897103 6.992095947265625 0
1634267897909 9.890663146972656 0
1634267898720 9.903377532958984 0
1634267899522 9.86431884765625 0
1634267900332 9.378961563110352 0
1634267901142 10.176545143127441 0
1634267901935 6.494451999664307 0
1634267902743 10.171014785766602 0
1634267903546 10.1373872756958 0
1634267904355 9.841949462890625 0
1634267905161 6.991297721862793 0
1634267905971 9.595951080322266 0
1634267906783 6.963126182556152 0
1634267908700 9.593064308166504 0
1634267909530 10.135610580444336 0
1634267910347 9.84670639038086 0
1634267911154 9.665264129638672 0
1634267911976 9.686141014099121 0
1634267912818 9.150985717773438 0
1634267913662 9.21029281616211 0
1634267914472 9.90784740447998 0
1634267915287 9.437027931213379 0
1634267916102 9.581387519836426 0
1634267916928 7.211076259613037 0
1634267917740 9.940492630004883 0
1634267918569 9.90805435180664 0
1634267919417 7.197951316833496 0
1634267920229 7.248714447021484 0
1634267921035 9.862607955932617 0
1634267921839 6.968088150024414 0
1634267922655 9.156970977783203 0
1634267923483 9.914828300476074 0
1634267924325 6.968230724334717 0
1634267926322 9.85243034362793 0
1634267927143 6.948859214782715 0
1634267927962 9.630337715148926 0
1634267928775 6.937527179718018 0
1634267929599 10.140975952148438 0
1634267930416 7.296759605407715 0
1634267931226 7.261318206787109 0
1634267932045 7.029606342315674 0
1634267932869 9.891372680664062 0
1634267933673 9.409788131713867 0
1634267934491 6.52116060256958 0
1634267935290 9.430978775024414 0
1634267936088 7.188416957855225 0
