1634267577978 1.0416138768196106 0
1634267580018 0.10441508330404758 0
1634267580829 0.3196925222873688 0
1634267581617 0.32670748233795166 0
1634267582414 0.11343848519027233 0
1634267583213 0.20930611342191696 0
1634267584011 0.07596309948712587 0
1634267584809 0.14592362940311432 0
1634267585607 0.03508860571309924 0
1634267586404 0.04694495163857937 0
1634267587202 0.03104540053755045 0
1634267587999 0.021063586231321096 0
1634267588796 0.052557860675733536 0
1634267589594 0.06356619857251644 0
1634267590392 0.01861346885561943 0
1634267591179 0.013399261340964586 0
1634267591976 0.022955937311053276 0
1634267592778 0.008105710381641984 0
1634267593576 0.003939611913665431 0
1634267594359 0.009704754134872928 0
1634267595173 0.0031723022111691535 0
1634267597077 0.004847345524467528 0
1634267597875 0.0027755202605703744 0
1634267598683 0.018853381974622607 0
1634267599477 0.0005563006416196004 0
1634267600259 0.001338594447588548 0
1634267601056 0.0024392136037931778 0
1634267601854 0.01910922263050452 0
1634267602650 0.012552998479804955 0
1634267603448 0.010188108473812463 0
1634267604245 0.0011486477287689922 0
1634267605043 0.03339075441181194 0
1634267605840 0.001996711467654677 0
1634267606637 0.0002621743733470794 0
1634267607435 0.010800421185194864 0
1634267608217 0.011958761740231694 0
1634267609015 0.002474786106176907 0
1634267609813 0.004896638700756739 0
1634267610625 0.012037052720188512 0
1634267611415 0.0338497783677667 0
1634267612213 0.0007842738630188251 0
1634267614147 0.0013504999587894417 0
1634267614950 0.004877613871940412 0
1634267615746 0.0032741396425990388 0
1634267616577 0.024279808450955898 0
1634267617389 0.0023956470831763 0
1634267618200 0.0015100055315997452 0
1634267619002 0.0025371406227350235 0
1634267619807 0.006886011571623385 0
1634267620629 0.004659675993025303 0
1634267621477 0.006661259103566408 0
1634267622273 0.007716079242527485 0
1634267623055 0.008187402272596955 0
1634267623853 0.001995170950976899 0
1634267624650 0.008537002809902106 0
1634267625448 0.002207140263635665 0
1634267626245 0.008814978820737451 0
1634267627042 0.0005924245633650571 0
1634267627840 0.0010596094653010368 0
1634267628638 0.0035610913109849207 0
1634267629421 0.008135927514103969 0
1634267631320 0.0005686602671630681 0
1634267632117 0.0043213695753365755 0
1634267632915 0.0015754906271467917 0
1634267633712 0.004900611995253712 0
1634267634510 0.001975780905922875 0
1634267635307 0.004547094278677832 0
1634267636089 0.008160084562405245 0
1634267636886 0.007741868636003346 0
1634267637684 0.001673134698648937 0
1634267638483 0.000216688525142672 0
1634267639279 0.005494547229318414 0
1634267640077 0.005051327718774701 0
1634267640875 0.0027094180695712566 0
1634267641673 0.0033423623644921463 0
1634267642462 0.01073436625301838 0
1634267643260 0.005316172260791063 0
1634267644057 0.0016144642431754619 0
1634267644854 0.000917311985631386 0
1634267645636 0.009078125871383236 0
1634267646433 0.0016569946383242495 0
1634267648359 0.007218643273517955 0
1634267649155 0.01654327521828236 0
1634267649953 0.0019277290630270727 0
1634267650751 0.002065745269646868 0
1634267651546 0.004131033318117261 0
1634267652335 0.0037275125098403805 0
1634267653133 0.0027980395243503153 0
1634267653931 0.002160628588171676 0
1634267654729 0.039682287693722174 0
1634267655510 0.04240861686412245 0
1634267656308 0.013641968689626083 0
1634267657105 0.005824983003549278 0
1634267657902 0.004709783010184765 0
1634267658700 0.0019348100177012384 0
1634267659498 0.0005490974072017707 0
1634267660281 2.765000408544438e-05 0
1634267661077 0.003987898235209286 0
1634267661875 0.0013011878763791174 0
1634267662682 0.0032035253243520856 0
1634267663472 0.0019125006274407497 0
1634267665367 0.007779276464134455 0
1634267666165 0.004555735838948749 0
1634267666962 0.0035067617864115164 0
1634267667760 0.00683556473813951 0
1634267668543 0.01059574747341685 0
1634267669340 0.005355400440748781 0
1634267670138 0.0011841706291306764 0
1634267670935 0.0035674928221851587 0
1634267671733 0.0008136276592267677 0
1634267672532 0.014145069289952517 0
1634267673334 0.013340214500203729 0
1634267674117 0.0038719408912584186 0
1634267674913 0.0015277815400622785 0
1634267675721 0.0008804209082882153 0
1634267676507 0.002358634545089444 0
1634267677305 0.0019841795656247996 0
1634267678103 0.0006634187666350044 0
1634267678900 0.004426536557730287 0
1634267679697 0.0020659755555243464 0
1634267680495 0.0023717466538073495 0
1634267682375 0.0016549303545616567 0
1634267683187 0.001141679793363437 0
1634267683983 0.0005758912011515349 0
1634267684774 0.004970352561940672 0
1634267685571 0.0023160669973094627 0
1634267686369 0.0015932861424516886 0
1634267687165 0.0009543959465645457 0
1634267687963 0.0009455911337994394 0
1634267688761 4.569717270896945e-05 0
1634267689559 0.0001813438639146625 0
1634267690357 0.002606446283607511 0
1634267691154 0.0014975670637795702 0
1634267691936 0.0023292963596759364 0
1634267692733 0.008534889668226242 0
1634267693531 0.0005762616465290193 0
1634267694329 0.00043144042501808144 0
1634267695134 0.0006580860208487138 0
1634267695930 0.000616115634329617 0
1634267696710 0.002179800037993118 0
1634267697508 0.0036375339841470122 0
1634267699462 0.0009337000519735739 0
1634267700258 0.000605483102845028 0
1634267701050 0.0013344751023396384 0
1634267701858 0.0013852965566911735 0
1634267702649 0.001100767189200269 0
1634267703447 0.00041266765765612945 0
1634267704230 0.00044109082432441937 0
1634267705026 0.00019742357471841387 0
1634267705840 0.0044866968237329274 0
1634267706638 0.0010828449012478814 0
1634267707419 0.00545821653213352 0
1634267708218 0.0016910090889723506 0
1634267709015 0.0008711372502148151 0
1634267709813 5.63069770578295e-05 0
1634267710620 0.0004359179874882102 0
1634267711413 0.0008404804102610797 0
1634267712196 0.001325602461292874 0
1634267712992 0.0027702683582901955 0
1634267713792 0.0006964257045183331 0
1634267714588 0.0010055972379632294 0
1634267716485 0.00034893637894128915 0
1634267717276 4.7629472419430385e-06 0
1634267718074 0.0002598717846922227 0
1634267718873 0.0002542805959819816 0
1634267719716 0.0002942409992101602 0
1634267720553 0.0016409556264989078 0
1634267721351 0.005595023760179174 0
1634267722170 0.003672977938549593 0
1634267723018 0.0021723509416915476 0
1634267723847 0.0007739248158031842 0
1634267724674 0.0025437410513404757 0
1634267725472 0.0025763476151041687 0
1634267726279 0.010371623287937837 0
1634267727085 0.006337255006656051 0
1634267727899 0.0009218773484462872 0
1634267728705 0.00036989037835155614 0
1634267729521 0.0035375763254705817 0
1634267730320 0.000683181977365166 0
1634267731119 0.002138711395673454 0
1634267731930 0.0006817186367698014 0
1634267733885 0.00015602740677422844 0
1634267734726 0.002114377703946957 0
1634267735537 0.0004490678497859335 0
1634267736373 0.00023707755167379219 0
1634267737196 7.084342223606654e-05 0
1634267738010 0.0009138114110101014 0
1634267738825 0.0006060952673578868 0
1634267739632 1.4000312603457132e-05 0
1634267740440 0.00021679706333088689 0
1634267741249 0.0004067632529540788 0
1634267742063 0.001123695835417493 0
1634267742867 0.0010427027482364792 0
1634267743691 0.0002650772601953122 0
1634267744533 0.002913704272941686 0
1634267745375 0.00014978072249505203 0
1634267746205 0.00015329957943777117 0
1634267747033 0.004521610161418721 0
1634267747851 0.0010184052807744592 0
1634267748640 0.007118017645552754 0
1634267749447 0.009025745268445462 0
1634267751405 0.0006756315851816908 0
1634267752212 0.0002638831429067068 0
1634267753041 0.0004484823439270258 0
1634267753869 0.00010444897452543955 0
1634267754696 0.000195598324353341 0
1634267755525 6.787913298467174e-05 0
1634267756356 0.00045492112803913187 0
1634267757149 0.00011216442726436071 0
1634267757959 0.0018120486492989585 0
1634267758768 0.00044648674520431086 0
1634267759572 0.00035566122187447036 0
1634267760385 0.00029813892615493387 0
1634267761181 0.00015132745693335892 0
1634267762006 0.0009312668412349012 0
1634267762809 0.0010124966238436173 0
1634267763603 0.00039839529199525714 0
1634267764401 0.0009742140464368276 0
1634267765197 0.002142435114365071 0
1634267765994 0.0004032374999951571 0
1634267766794 0.0001404762747370114 0
1634267768685 0.0015543461195193231 0
1634267769482 0.00012020286885672249 0
1634267770279 0.0002134597671101801 0
1634267771077 0.0002106493152496114 0
1634267771870 0.00022617993454332463 0
1634267772693 6.004352042054961e-05 0
1634267773492 0.0002866867926059058 0
1634267774310 0.00019215175416320562 0
1634267775142 0.0006956227807677351 0
1634267775970 0.00035996499354951084 0
1634267776797 0.0015888587658992037 0
1634267777632 0.0017857525308500044 0
1634267778447 0.00035994484642287716 0
1634267779273 5.221094635032841e-05 0
1634267780093 0.0027829427854157984 0
1634267780921 0.0030742316428131744 0
1634267781750 1.1376247584848898e-05 0
1634267782585 0.0011446999924373813 0
1634267783400 0.0006221432722668396 0
1634267784234 1.2084701552339538e-05 0
1634267786124 0.0011451367922745703 0
1634267786975 0.0011603311213548295 0
1634267787807 0.001840857439674437 0
1634267788642 0.0006808646867284551 0
1634267789476 0.00047193719467486517 0
1634267790313 0.0006730926616000943 0
1634267791138 0.0034759063892124686 0
1634267791935 0.0007446867300586746 0
1634267792741 0.002001508721150458 0
1634267793553 0.00012820124175050296 0
1634267794351 0.005205547729929094 0
1634267795164 0.0030228018295019865 0
1634267795960 0.0023078005178831518 0
1634267796770 0.0022733196965418756 0
1634267797570 9.772084047199314e-05 0
1634267798377 0.0036189506063237786 0
1634267799163 0.0006247384299058467 0
1634267799977 0.0034206322802958766 0
1634267800775 0.001010189764201641 0
1634267801600 0.002998422714881599 0
1634267803549 0.0021549414668697864 0
1634267804351 0.0009044871476362459 0
1634267805149 0.0002386732239756384 0
1634267805955 0.0007569231820525602 0
1634267806764 0.001964384940947639 0
1634267807570 0.0018284919788129628 0
1634267808367 0.00042486090933380183 0
1634267809179 0.0012958887473359937 0
1634267809976 0.0031081780907697976 0
1634267810786 0.0007283579725481104 0
1634267811587 0.0013967944541946054 0
1634267812390 0.000518264903803356 0
1634267813202 0.0018403543617750984 0
1634267814000 0.002999872900545597 0
1634267814798 0.0011997991421139886 0
1634267815600 0.0010781125329231145 0
1634267816398 0.00012185726768620952 0
1634267817180 0.0007325622063945048 0
1634267817978 0.00020092245938485576 0
1634267818790 0.00020661133248722763 0
1634267820817 0.0010307756256509037 0
1634267821620 0.00023472390955703304 0
1634267822431 0.000603522247786259 0
1634267823240 0.0004973308277271826 0
1634267824047 0.00019326850178913446 0
1634267824836 0.0003664581936391187 0
1634267825637 0.00013059259697456582 0
1634267826447 2.1595572434307542e-05 0
1634267827257 0.0001340218486802769 0
1634267828055 0.0006698377492284635 0
1634267828852 0.0006512839981809293 0
1634267829650 0.0011529814009918482 0
1634267830448 0.00040845544208423235 0
1634267831246 0.00031621337336673605 0
1634267832061 0.00047541959065711126 0
1634267832858 0.0008957190002547577 0
1634267833673 0.0011158961533510592 0
1634267834481 0.0001288560979446629 0
1634267835280 0.0004004968061508407 0
1634267836077 0.0003660244544789748 0
1634267838163 0.00010200418648764753 0
1634267838956 0.0001458412793908792 0
1634267839797 0.00010104964167112485 0
1634267840637 6.347389080474386e-05 0
1634267841454 0.000316906749503687 0
1634267842286 7.665187513339333e-05 0
1634267843110 0.0007012625193070221 0
1634267843923 0.0005933719785389258 0
1634267844737 5.6840433899196796e-05 0
1634267845573 0.00033871633786475286 0
1634267846422 0.0006024619506206363 0
1634267847281 1.3759892681264319e-05 0
1634267848117 0.0006585785013157874 0
1634267848951 0.00016138009050337132 0
1634267849779 0.00011009779018422705 0
1634267850592 0.00015461373050129623 0
1634267851404 0.00010838653861355851 0
1634267852238 4.608040234188593e-05 0
1634267853067 0.00020245599080226384 0
1634267853896 0.00044922848474016064 0
1634267855859 0.0006756731849577591 0
1634267856667 0.0006574456601811107 0
1634267857471 0.0003103554317931412 0
1634267858270 0.0009244925477105426 0
1634267859076 0.00029140466585886315 0
1634267859924 7.636266377630818e-05 0
1634267860759 9.971507051886874e-05 0
1634267861590 0.00026011091358668637 0
1634267862434 7.21910528227454e-05 0
1634267863286 0.00016181358648736932 0
1634267864142 0.0005043637345352181 0
1634267864985 0.0005848815000888408 0
1634267865805 0.00020199290338496212 0
1634267866623 0.0002493756690000737 0
1634267867464 5.110117308504414e-05 0
1634267868285 8.762965580899618e-05 0
1634267869116 3.803541221714113e-05 0
1634267869976 0.0007316610826819669 0
1634267870827 0.00011137455294374377 0
1634267871659 0.0003181553203717158 0
1634267873651 0.0008585364848840982 0
1634267874449 0.0003079107694929917 0
1634267875288 0.001140209640681178 0
1634267876149 0.00030893437724444084 0
1634267876980 7.994342740857974e-05 0
1634267877810 0.003517361736157909 0
1634267878639 0.00011739035926439101 0
1634267879460 0.0003945842081520823 0
1634267880281 0.0003570402623154223 0
1634267881102 0.0002722965482462314 0
1634267881909 0.002263737909743213 0
1634267882716 6.233703788893763e-05 0
1634267883530 0.0002525804338802118 0
1634267884340 0.0012441689905244857 0
1634267885150 0.012077609717380255 0
1634267885961 0.0008071734628174454 0
1634267886770 0.0006284271075855941 0
1634267887578 0.002668916858965531 0
1634267888402 0.00037599429560941644 0
1634267889192 0.0010496940813027322 0
1634267891317 0.0005312802386470139 0
1634267892148 0.00019208424328098772 0
1634267892982 0.0023380127968266606 0
1634267893815 0.00168565395870246 0
1634267894635 0.007860048848669976 0
1634267895469 0.0007173640442488249 0
1634267896300 0.0008248610138252843 0
1634267897111 8.45926351757953e-05 0
1634267897917 0.0010703721782192588 0
1634267898728 0.00014458352598012425 0
1634267899522 3.0205421808204846e-05 0
1634267900340 0.000663165965306689 0
1634267901150 0.00023293602680496406 0
1634267901950 0.002840475127186437 0
1634267902753 0.00010576566637610085 0
1634267903554 0.00020272994879633188 0
1634267904360 0.00029263766919029877 0
1634267905169 0.0022472953496617265 0
1634267905979 0.0003578812511477736 0
1634267906791 0.0025740191631484777 0
1634267908708 3.7738737773906905e-05 0
1634267909539 0.0001943185634445399 0
1634267910355 0.0025672231568023562 0
1634267911163 0.030902635466190986 0
1634267911984 0.0020173239026917145 0
1634267912826 0.002312498581886757 0
1634267913670 0.0011460504538263194 0
1634267914480 2.4770295567577705e-05 0
1634267915296 0.0004292256030566932 0
1634267916112 0.0008722171478439122 0
1634267916936 0.0014308352619991638 0
1634267917749 0.0002723279570204795 0
1634267918578 0.001082872303413751 0
1634267919425 0.0008053841884247959 0
1634267920237 0.00047208447358570993 0
1634267921043 0.00035453231316751044 0
1634267921847 0.0004237454049871303 0
1634267922664 0.0007386441238850239 0
1634267923491 0.0017392814115737565 0
1634267924333 0.00019666706066345796 0
1634267926330 5.463854540721513e-05 0
1634267927152 0.00044438317854655907 0
1634267927970 0.0008007352662389167 0
1634267928783 0.000609924101922843 0
1634267929607 0.00026126635252410324 0
1634267930425 0.00010113409865653011 0
1634267931234 8.371655943051337e-05 0
1634267932053 0.0009059410074598873 0
1634267932878 0.00011046545989756851 0
1634267933688 6.115616736224183e-05 0
1634267934499 0.00020710553810232568 0
1634267935290 0.0001226091761736825 0
1634267936088 0.00030041892429721884 0
