1630931640016 0 0
1630931893594 1 0
1630932152951 2 0
1630932409203 3 0
1630932665450 4 0
1630932921276 5 0
1630933175005 6 0
1630933427385 7 0
1630933680018 8 0
1630933933410 9 0
1630934202389 10 0
1630934461430 11 0
1630934719796 12 0
1630934979561 13 0
1630935238686 14 0
1630935498900 15 0
1630935759471 16 0
1630936019186 17 0
1630936278917 18 0
1630936539820 19 0
1630936805396 20 0
1630937066480 21 0
1630937335909 22 0
1630937589636 23 0
1630937841042 24 0
1630938098570 25 0
1630938356958 26 0
1630938614521 27 0
1630938872866 28 0
1630939130859 29 0
1630939401692 30 0
1630939657673 31 0
1630939915375 32 0
1630940175189 33 0
1630940432914 34 0
1630940690169 35 0
1630940948579 36 0
1630941204795 37 0
1630941465049 38 0
1630941730881 39 0
1630942001311 40 0
1630942266879 41 0
1630942530558 42 0
1630942794043 43 0
1630943060296 44 0
1630943324586 45 0
1630943591603 46 0
1630943858929 47 0
1630944122242 48 0
1630944381696 49 0
1630944655141 50 0
1630944913336 51 0
1630945170504 52 0
1630945427860 53 0
1630945685429 54 0
1630945944351 55 0
1630946203263 56 0
1630946460683 57 0
1630946718801 58 0
1630946976830 59 0
1630947236881 60 0
1630947494933 61 0
1630947750878 62 0
1630948009567 63 0
1630948268550 64 0
1630948525773 65 0
1630948783820 66 0
1630949039915 67 0
1630949295756 68 0
1630949552885 69 0
1630949824788 70 0
1630950081894 71 0
1630950342258 72 0
1630950603419 73 0
1630950861814 74 0
1630951121865 75 0
1630951379473 76 0
1630951638693 77 0
1630951896592 78 0
1630952157461 79 0
1630952418703 80 0
1630952681946 81 0
1630952941803 82 0
1630953201765 83 0
1630953461366 84 0
1630953721603 85 0
1630953982059 86 0
1630954241233 87 0
1630954502022 88 0
1630954764497 89 0
1630955037393 90 0
1630955296823 91 0
1630955557408 92 0
1630955816958 93 0
1630956076049 94 0
1630956336683 95 0
1630956597186 96 0
1630956858513 97 0
1630957118981 98 0
1630957381657 99 0
1630957645408 100 0
1630957906964 101 0
1630958167505 102 0
1630958430513 103 0
1630958690237 104 0
1630958953816 105 0
1630959213836 106 0
1630959474216 107 0
1630959734146 108 0
1630959997688 109 0
1630960278585 110 0
1630960539724 111 0
1630960803536 112 0
1630961066356 113 0
1630961330096 114 0
1630961591997 115 0
1630961857630 116 0
1630962120610 117 0
1630962384245 118 0
1630962647771 119 0
1630962913945 120 0
1630963178142 121 0
1630963443925 122 0
1630963706517 123 0
1630963970671 124 0
1630964236034 125 0
1630964497193 126 0
1630964759987 127 0
1630965025139 128 0
1630965287337 129 0
1630965566073 130 0
1630965829702 131 0
1630966097633 132 0
1630966364504 133 0
1630966630452 134 0
1630966893113 135 0
1630967156190 136 0
1630967420393 137 0
1630967680252 138 0
1630967940187 139 0
1630968201775 140 0
1630968460241 141 0
1630968713996 142 0
1630968971346 143 0
1630969228397 144 0
1630969484521 145 0
1630969738180 146 0
1630969994662 147 0
1630970249786 148 0
1630970507817 149 0
1630970779297 150 0
1630971037138 151 0
1630971295401 152 0
1630971552628 153 0
1630971810513 154 0
1630972070953 155 0
1630972328057 156 0
1630972587336 157 0
1630972848287 158 0
1630973109694 159 0
1630973690330 160 0
1630973943343 161 0
1630974191482 162 0
1630974446324 163 0
1630974706119 164 0
1630974965139 165 0
1630975226784 166 0
1630975486727 167 0
1630975748975 168 0
1630977652474 169 0
1630977918155 170 0
1630978182063 171 0
1630978441342 172 0
1630978700729 173 0
1630978962361 174 0
1630979220998 175 0
1630979482083 176 0
1630979744611 177 0
1630988065500 178 0
1630988604841 179 0
1630988874652 180 0
1630989135538 181 0
1630989396681 182 0
1630989657119 183 0
1630989920820 184 0
1630990175570 185 0
1630990431398 186 0
1630990680703 187 0
1630990940221 188 0
1630991202977 189 0
1630991520151 190 0
1630991777606 191 0
1630992038693 192 0
1630992298887 193 0
1630992558135 194 0
1630992822683 195 0
1630993087816 196 0
1630993347788 197 0
1630993610056 198 0
1630993869192 199 0
