1630931640031 0.20393943714808271 0
1630931893610 0.20446561582117195 0
1630932152951 0.20484417748738473 0
1630932409203 0.19841713969966018 0
1630932665450 0.20007439083363632 0
1630932921276 0.19524351372776264 0
1630933175005 0.19399558564266517 0
1630933427385 0.18910262670861672 0
1630933680018 0.18784334393868976 0
1630933933425 0.1862469161131297 0
1630934202389 0.18525736339120968 0
1630934461446 0.18295698496232554 0
1630934719796 0.1818596577069845 0
1630934979577 0.18158508926989095 0
1630935238701 0.18080202534974335 0
1630935498916 0.18240854000470713 0
1630935759471 0.18105469087520282 0
1630936019186 0.17602145097341887 0
1630936278917 0.17276165032961288 0
1630936539836 0.17195126342486186 0
1630936805411 0.17793874819594693 0
1630937066495 0.1744543342705233 0
1630937335909 0.17156605655888477 0
1630937589636 0.17618234294006627 0
1630937841042 0.17523905670786485 0
1630938098570 0.1782815858542201 0
1630938356974 0.1732402856809547 0
1630938614521 0.1704919453126839 0
1630938872866 0.17444983340171444 0
1630939130875 0.17296016683061444 0
1630939401708 0.16970625842910217 0
1630939657673 0.16575084357376552 0
1630939915391 0.16361997860023775 0
1630940175204 0.1604725233761661 0
1630940432930 0.1604214109570146 0
1630940690169 0.15771446134670677 0
1630940948579 0.15661819368959912 0
1630941204795 0.15713884959737945 0
1630941465049 0.1602599233029837 0
1630941730897 0.1606352002505797 0
1630942001311 0.16612230007907003 0
1630942266895 0.16473049140838247 0
1630942530558 0.16019075965306842 0
1630942794058 0.15568207509546392 0
1630943060311 0.15483200334640873 0
1630943324602 0.1537689677922123 0
1630943591603 0.1583143917911024 0
1630943858944 0.15497837440077084 0
1630944122258 0.1576619776616614 0
1630944381696 0.15597502007541886 0
1630944655157 0.1579339737633624 0
1630944913351 0.15203215163874334 0
1630945170504 0.14961702565112744 0
1630945427875 0.1479490858962737 0
1630945685445 0.1463074027055718 0
1630945944351 0.14530653874558147 0
1630946203278 0.14469514194741312 0
1630946460699 0.14415988218353454 0
1630946718817 0.14337232349866844 0
1630946976845 0.14283091907041617 0
1630947236881 0.14552537540355362 0
1630947494933 0.14263060222189108 0
1630947750878 0.14157141511698804 0
1630948009583 0.14086092272436765 0
1630948268550 0.14027282667447283 0
1630948525789 0.13985617081803015 0
1630948783835 0.13936062965048363 0
1630949039930 0.13984535329313155 0
1630949295772 0.13891994594091406 0
1630949552901 0.1385401853595871 0
1630949824803 0.1383385453597609 0
1630950081909 0.13808045329817795 0
1630950342258 0.13894330629383222 0
1630950603419 0.13984901431095165 0
1630950861829 0.1385305807533035 0
1630951121880 0.1370725204427558 0
1630951379488 0.13675623521747363 0
1630951638693 0.135489086788821 0
1630951896592 0.13507988330829573 0
1630952157461 0.1347730475735952 0
1630952418703 0.14025547202811178 0
1630952681946 0.13735110896179475 0
1630952941818 0.13596075234642946 0
1630953201781 0.13509576579174357 0
1630953461381 0.13656771721610111 0
1630953721619 0.13471194204077658 0
1630953982075 0.13355281913136863 0
1630954241233 0.1328688834805087 0
1630954502037 0.1338203398578138 0
1630954764497 0.13368049623018283 0
1630955037393 0.1330244225191782 0
1630955296839 0.13284916080624215 0
1630955557424 0.13320348600307144 0
1630955816974 0.13195949182452932 0
1630956076064 0.13367929803319722 0
1630956336699 0.13175775667270997 0
1630956597202 0.13183992921587928 0
1630956858513 0.13190887275948582 0
1630957118997 0.13098567365163788 0
1630957381657 0.130259765199868 0
1630957645424 0.13022083079958544 0
1630957906964 0.1299412315150341 0
1630958167505 0.13032144200370968 0
1630958430529 0.13061617081423843 0
1630958690237 0.13037917125655937 0
1630958953832 0.1299876290631581 0
1630959213851 0.12927209469209236 0
1630959474232 0.12874767040631854 0
1630959734162 0.12907220872051745 0
1630959997704 0.13001985470932637 0
1630960278600 0.12867438864995193 0
1630960539740 0.1331060600568014 0
1630960803552 0.12983983934643747 0
1630961066372 0.12855969925960864 0
1630961330096 0.1279177557991213 0
1630961592012 0.12758907388491805 0
1630961857645 0.1271925442908184 0
1630962120626 0.12724643263472127 0
1630962384260 0.12771559551537756 0
1630962647771 0.12881030267979726 0
1630962913945 0.12781804656407925 0
1630963178157 0.12826715499521726 0
1630963443941 0.12788813085441125 0
1630963706533 0.12631360558142152 0
1630963970687 0.12599608409835636 0
1630964236034 0.12542893369513816 0
1630964497208 0.125618691903999 0
1630964759987 0.12547726229012737 0
1630965025154 0.12571668409439452 0
1630965287337 0.1259741546159767 0
1630965566088 0.1250807890690954 0
1630965829702 0.1264911653047585 0
1630966097648 0.1260510173188634 0
1630966364519 0.12515451821936185 0
1630966630468 0.12477263161935004 0
1630966893128 0.12458300841860029 0
1630967156205 0.12453199653740388 0
1630967420409 0.12441076212618726 0
1630967680268 0.13161845846348502 0
1630967940187 0.12904637692922563 0
1630968201791 0.12715172372668626 0
1630968460257 0.12459088556737788 0
1630968714012 0.1250719848167465 0
1630968971362 0.12350153635783372 0
1630969228397 0.123155432293214 0
1630969484537 0.12349179746156715 0
1630969738180 0.12332785668143306 0
1630969994678 0.12397359006376156 0
1630970249802 0.12290536316044359 0
1630970507817 0.12238289218351063 0
1630970779297 0.12381429449621448 0
1630971037154 0.1234915899225028 0
1630971295401 0.12248114397726863 0
1630971552643 0.12245647447655002 0
1630971810513 0.12217332584312163 0
1630972070969 0.12230822982558286 0
1630972328073 0.12259975111628156 0
1630972587352 0.12223850962627364 0
1630972848302 0.12184076100946908 0
1630973109705 0.12336117855037552 0
1630973690330 0.12220069406980488 0
1630973943343 0.12217749888638413 0
1630974191482 0.12166154887302814 0
1630974446340 0.12156703996371077 0
1630974706119 0.12154627600348136 0
1630974965155 0.12164007468395924 0
1630975226784 0.12117471393332421 0
1630975486727 0.12179919359195665 0
1630975748991 0.12134659613471435 0
1630977652490 0.12099839549466784 0
1630977918170 0.12131282256310248 0
1630978182079 0.12593090282865313 0
1630978441358 0.1228015580809261 0
1630978700745 0.12344607100429303 0
1630978962377 0.12239894881305922 0
1630979220998 0.12141547756022719 0
1630979482099 0.12068302839635367 0
1630979744611 0.12211912511342979 0
1630988065632 0.1204090779086193 0
1630988604856 0.11987391796456766 0
1630988874667 0.11942286412399936 0
1630989135554 0.11993509746459595 0
1630989396696 0.11968348507421564 0
1630989657134 0.12000308087073175 0
1630989920836 0.12374033949461331 0
1630990175570 0.12129141731434556 0
1630990431414 0.11980368286730297 0
1630990680719 0.11965277862836077 0
1630990940237 0.1199223578694355 0
1630991202998 0.11939201836126401 0
1630991520151 0.11901274072118553 0
1630991777621 0.11938317927969505 0
1630992038709 0.11915462814181682 0
1630992298903 0.1210339349436473 0
1630992558135 0.11915787120899522 0
1630992822698 0.1189530251255955 0
1630993087832 0.11893436133143417 0
1630993347803 0.11961428264537496 0
1630993610072 0.11897134565445314 0
1630993869207 0.11877909015460189 0
