1634107371682 14.917569160461426 0
1634107383875 8.90445327758789 0
1634107395996 9.532148361206055 0
1634107408030 8.156163215637207 0
1634107419929 7.721946716308594 0
1634107431889 8.974180221557617 0
1634107443788 8.228086471557617 0
1634107455692 7.510395050048828 0
1634107467835 6.631504058837891 0
1634107479811 7.039205551147461 0
1634107491742 6.59461784362793 0
1634107503767 6.185304641723633 0
1634107515670 8.732598304748535 0
1634107527576 6.841678619384766 0
1634107539596 6.069731712341309 0
1634107551498 7.00733757019043 0
1634107564047 6.696052551269531 0
