1634009843837 0 0
1634010000132 0 0
1634010156958 0 0
1634010311921 0 0
1634010466933 0 0
1634010621916 0 0
1634010776922 0 0
1634010931866 0 0
1634011086790 0 0
1634011241876 0 0
1634011396867 0 0
1634011551836 0 0
1634011706839 0 0
1634011861832 0 0
1634012016793 0 0
1634012171809 0 0
1634012326842 0 0
1634012481826 0 0
1634012636876 0 0
1634012791845 0 0
1634012946821 0 0
1634013103073 0 0
1634013258079 0 0
1634013413066 0 0
1634013568054 0 0
1634013723045 0 0
1634013878021 0 0
1634014033042 0 0
1634014187959 0 0
1634014342860 0 0
1634014497846 0 0
1634014652818 0 0
1634014807837 0 0
1634014962787 0 0
1634015117755 0 0
1634015272698 0 0
1634015427657 0 0
1634015582586 0 0
1634015737581 0 0
1634015892578 0 0
1634016047600 0 0
1634016203925 0 0
1634016358938 0 0
1634016513923 0 0
1634016668928 0 0
1634016823961 0 0
1634016979004 0 0
1634017134031 0 0
1634017289036 0 0
1634017444018 0 0
1634017598976 0 0
1634017753953 0 0
1634017909008 0 0
1634018063980 0 0
1634018218996 0 0
1634018374057 0 0
1634018529057 0 0
1634018684087 0 0
1634018839117 0 0
1634018994070 0 0
1634019148953 0 0
1634019305226 0 0
1634019460206 0 0
1634019615168 0 0
1634019770205 0 0
1634019925191 0 0
1634020080141 0 0
1634020235146 0 0
1634020390186 0 0
1634020545191 0 0
1634020700185 0 0
1634020855227 0 0
1634021010171 0 0
1634021165168 0 0
1634021320160 0 0
1634021475177 0 0
1634021630187 0 0
1634021785185 0 0
1634021940176 0 0
1634022095142 0 0
1634022250121 0 0
1634022406405 0 0
1634022561437 0 0
1634022716456 0 0
1634022871454 0 0
1634023026456 0 0
1634023181477 0 0
1634023336434 0 0
1634023491435 0 0
1634023646379 0 0
1634023801404 0 0
1634023956376 0 0
1634024111340 0 0
1634024266370 0 0
1634024421345 0 0
1634024576308 0 0
1634024731269 0 0
1634024886301 0 0
1634025041249 0 0
1634025196222 0 0
1634025351226 0 0
1634025507475 0 0
1634025662534 0 0
1634025817461 0 0
1634025972460 0 0
1634026127489 0 0
1634026282471 0 0
1634026437434 0 0
1634026592378 0 0
1634026747359 0 0
1634026902386 0 0
1634027057390 0 0
1634027212375 0 0
1634027367374 0 0
1634027522378 0 0
1634027677399 0 0
1634027832461 0 0
1634027987475 0 0
1634028142467 0 0
1634028297468 0 0
1634028452506 0 0
1634028608729 0 0
1634028763694 0 0
1634028918676 0 0
1634029073629 0 0
1634029228580 0 0
1634029383546 0 0
1634029538512 0 0
1634029693540 0 0
1634029848539 0 0
1634030003525 0 0
1634030158454 0 0
1634030313483 0 0
1634030468529 0 0
1634030623581 0 0
1634030778544 0 0
1634030933524 0 0
1634031088438 0 0
1634031243326 0 0
1634031398256 0 0
1634031553247 0 0
1634031709440 0 0
1634031864424 0 0
1634032019395 0 0
1634032174427 0 0
1634032329425 0 0
1634032484420 0 0
1634032639437 0 0
1634032794403 0 0
1634032949302 0 0
1634033104216 0 0
1634033259112 0 0
1634033414116 0 0
1634033569077 0 0
1634033723979 0 0
1634033878947 0 0
1634034033834 0 0
1634034188707 0 0
1634034343643 0 0
1634034498563 0 0
1634034653492 0 0
1634034809651 0 0
1634034964595 0 0
1634035119515 0 0
1634035274469 0 0
1634035429363 0 0
1634035584342 0 0
1634035739311 0 0
1634035894308 0 0
1634036049272 0 0
1634036204253 0 0
1634036359158 0 0
1634036514065 0 0
1634036669030 0 0
1634036824064 0 0
1634036979066 0 0
1634037134098 0 0
1634037289105 0 0
1634037444128 0 0
1634037599164 0 0
1634037754193 0 0
1634037910405 0 0
1634038065341 0 0
1634038220270 0 0
1634038375267 0 0
1634038530235 0 0
1634038685223 0 0
1634038840213 0 0
1634038995174 0 0
1634039150151 0 0
1634039305086 0 0
1634039460077 0 0
1634039615134 0 0
1634039770083 0 0
1634039925025 0 0
1634040080016 0 0
1634040234968 0 0
1634040389929 0 0
1634040544917 0 0
1634040699889 0 0
1634040854840 0 0
1634041011086 0 0
1634041166027 0 0
1634041320918 0 0
1634041475888 0 0
1634041630851 0 0
1634041785786 0 0
1634041940746 0 0
1634042095725 0 0
1634042250695 0 0
1634042405662 0 0
1634042560622 0 0
1634042715528 0 0
1634042870456 0 0
1634043025338 0 0
1634043180288 0 0
1634043335176 0 0
1634043490097 0 0
1634043645033 0 0
1634043800034 0 0
1634043955054 0 0
1634044111304 0 0
1634044266202 0 0
1634044421145 0 0
1634044576102 0 0
1634044731032 0 0
1634044885977 0 0
1634045040905 0 0
1634045195822 0 0
1634045350787 0 0
1634045505709 0 0
1634045660670 0 0
1634045815586 0 0
1634045970485 0 0
1634046125417 0 0
1634046280372 0 0
1634046435313 0 0
1634046590287 0 0
1634046745281 0 0
1634046900189 0 0
1634047055161 0 0
1634047211407 0 0
1634047366376 0 0
1634047521341 0 0
1634047676281 0 0
1634047831285 0 0
1634047986321 0 0
1634048141367 0 0
1634048296390 0 0
1634048451347 0 0
1634048606314 0 0
1634048761286 0 0
1634048916264 0 0
1634049071218 0 0
1634049226095 0 0
1634049381126 0 0
1634049536152 0 0
1634049691116 0 0
1634049846087 0 0
1634050001073 0 0
1634050156099 0 0
1634050312365 0 0
1634050467390 0 0
1634050622329 0 0
1634050777308 0 0
1634050932294 0 0
1634051087293 0 0
1634051242230 0 0
1634051397172 0 0
1634051552117 0 0
1634051707142 0 0
1634051862141 0 0
1634052017158 0 0
1634052172181 0 0
1634052327235 0 0
1634052482266 0 0
1634052637263 0 0
1634052792227 0 0
1634052947189 0 0
1634053102138 0 0
1634053257176 0 0
1634053413510 0 0
1634053568489 0 0
1634053723522 0 0
1634053878465 0 0
1634054033479 0 0
1634054188509 0 0
1634054343527 0 0
1634054498430 0 0
1634054653289 0 0
1634054808163 0 0
1634054963116 0 0
1634055118007 0 0
1634055272881 0 0
1634055427824 0 0
1634055582721 0 0
1634055737671 0 0
1634055892629 0 0
1634056047510 0 0
1634056202374 0 0
1634056357374 0 0
1634056513548 0 0
1634056668415 0 0
1634056823302 0 0
1634056978169 0 0
1634057133102 0 0
1634057288008 0 0
1634057442884 0 0
1634057597804 0 0
1634057752768 0 0
1634057907767 0 0
1634058062688 0 0
1634058217597 0 0
1634058372565 0 0
1634058527572 0 0
1634058682602 0 0
1634058837667 0 0
1634058992717 0 0
1634059147660 0 0
1634059302676 0 0
1634059457698 0 0
1634059613991 0 0
1634059768935 0 0
1634059923936 0 0
1634060078929 0 0
1634060233897 0 0
1634060388821 0 0
1634060543753 0 0
1634060698717 0 0
1634060853675 0 0
1634061008657 0 0
1634061163636 0 0
1634061318606 0 0
1634061473603 0 0
1634061628513 0 0
1634061783451 0 0
1634061938398 0 0
1634062093313 0 0
1634062248343 0 0
1634062403296 0 0
1634062558260 0 0
1634062714515 0 0
1634062869512 0 0
1634063024489 0 0
1634063179522 0 0
1634063334501 0 0
1634063489525 0 0
1634063644512 0 0
1634063799485 0 0
1634063954503 0 0
1634064109479 0 0
1634064264447 0 0
1634064419463 0 0
1634064574425 0 0
1634064729435 0 0
1634064884425 0 0
1634065039436 0 0
1634065194434 0 0
1634065349357 0 0
1634065504275 0 0
1634065659233 0 0
1634065815473 0 0
1634065970487 0 0
1634066125502 0 0
1634066280469 0 0
1634066435465 0 0
1634066590453 0 0
1634066745458 0 0
1634066900464 0 0
1634067055310 0 0
1634067210187 0 0
1634067365075 0 0
1634067520011 0 0
1634067674975 0 0
1634067829961 0 0
1634067984828 0 0
1634068139838 0 0
1634068294931 0 0
1634068450010 0 0
1634068605008 0 0
1634068759994 0 0
1634068916335 0 0
1634069071293 0 0
1634069226199 0 0
1634069381153 0 0
1634069536048 0 0
1634069690951 0 0
1634069845844 0 0
1634070000713 0 0
1634070155630 0 0
1634070310493 0 0
1634070465374 0 0
1634070620215 0 0
1634070775050 0 0
1634070930026 0 0
1634071085010 0 0
1634071240009 0 0
1634071395045 0 0
1634071550019 0 0
1634071704931 0 0
1634071859780 0 0
1634072015913 0 0
1634072170781 0 0
1634072325715 0 0
1634072480710 0 0
1634072635729 0 0
1634072790664 0 0
1634072945542 0 0
1634073100560 0 0
1634073255557 0 0
1634073410535 0 0
1634073565520 0 0
1634073720526 0 0
1634073875487 0 0
1634074030577 0 0
1634074185517 0 0
1634074340506 0 0
1634074495482 0 0
1634074650425 0 0
1634074805327 0 0
1634074960329 0 0
1634075116553 0 0
1634075271582 0 0
1634075426516 0 0
1634075581511 0 0
1634075736501 0 0
1634075891491 0 0
1634076046480 0 0
1634076201478 0 0
1634076356468 0 0
1634076511407 0 0
1634076666278 0 0
1634076821265 0 0
1634076976238 0 0
1634077131249 0 0
1634077286250 0 0
1634077441246 0 0
1634077596247 0 0
1634077751249 0 0
1634077906283 0 0
1634078061295 0 0
1634078217613 0 0
1634078372605 0 0
1634078527599 0 0
1634078682591 0 0
1634078837629 0 0
1634078992589 0 0
1634079147497 0 0
1634079302427 0 0
1634079457483 0 0
1634079612478 0 0
1634079767466 0 0
1634079922516 0 0
1634080077545 0 0
1634080232654 0 0
1634080387734 0 0
1634080542725 0 0
1634080697749 0 0
1634080852746 0 0
1634081007821 0 0
1634081162799 0 0
1634081319113 0 0
1634081474188 0 0
1634081629140 0 0
1634081784169 0 0
1634081939263 0 0
1634082094215 0 0
1634082249173 0 0
1634082404223 0 0
1634082559262 0 0
1634082714278 0 0
1634082869247 0 0
1634083024131 0 0
1634083179002 0 0
1634083333859 0 0
1634083488729 0 0
1634083643597 0 0
1634083798460 0 0
1634083953361 0 0
1634084108292 0 0
1634084263180 0 0
1634084419312 0 0
1634084574221 0 0
1634084729182 0 0
1634084884203 0 0
1634085039140 0 0
1634085194032 0 0
1634085348966 0 0
1634085503931 0 0
1634085658959 0 0
1634085813963 0 0
1634085968940 0 0
1634086123830 0 0
1634086278784 0 0
1634086433735 0 0
1634086588716 0 0
1634086743687 0 0
1634086898734 0 0
1634087053750 0 0
1634087208786 0 0
1634087363790 0 0
1634087520037 0 0
1634087675042 0 0
1634087830029 0 0
1634087985054 0 0
1634088140078 0 0
1634088295035 0 0
1634088449987 0 0
1634088604936 0 0
1634088759863 0 0
1634088914807 0 0
1634089069739 0 0
1634089224697 0 0
1634089379642 0 0
1634089534595 0 0
1634089689500 0 0
1634089844393 0 0
1634089999337 0 0
1634090154288 0 0
1634090309233 0 0
1634090464184 0 0
1634090620413 0 0
1634090775395 0 0
1634090930389 0 0
1634091085375 0 0
1634091240264 0 0
1634091395273 0 0
1634091550225 0 0
1634091705167 0 0
1634091860130 0 0
1634092015131 0 0
1634092170048 0 0
1634092325033 0 0
1634092480002 0 0
1634092635012 0 0
1634092789977 0 0
1634092944971 0 0
1634093099955 0 0
1634093254966 0 0
1634093409969 0 0
1634093564958 0 0
1634093721190 0 0
1634093876156 0 0
1634094031161 0 0
1634094186131 0 0
1634094341149 0 0
1634094496084 0 0
1634094650985 0 0
1634094805981 0 0
1634094960942 0 0
1634095115874 0 0
1634095270801 0 0
1634095425644 0 0
1634095580557 0 0
1634095735561 0 0
1634095890479 0 0
1634096045397 0 0
1634096200422 0 0
1634096355287 0 0
1634096510145 0 0
1634096665061 0 0
1634096821325 0 0
1634096976306 0 0
1634097131302 0 0
1634097286218 0 0
1634097441211 0 0
1634097596220 0 0
1634097751244 0 0
1634097906304 0 0
1634098061354 0 0
1634098216330 0 0
1634098371285 0 0
1634098526353 0 0
1634098681387 0 0
1634098836416 0 0
1634098991464 0 0
1634099146392 0 0
1634099301302 0 0
1634099456235 0 0
1634099611186 0 0
1634099766137 0 0
1634099922398 0 0
1634100077410 0 0
1634100232447 0 0
1634100387414 0 0
1634100542441 0 0
1634100697455 0 0
1634100852441 0 0
1634101007391 0 0
1634101162315 0 0
1634101317289 0 0
1634101472232 0 0
1634101627215 0 0
1634101782214 0 0
1634101937132 0 0
1634102092102 0 0
1634102247059 0 0
1634102402064 0 0
1634102556947 0 0
1634102711859 0 0
1634102866780 0 0
1634103022933 0 0
1634103177904 0 0
1634103332893 0 0
1634103487867 0 0
1634103643366 0 0
1634103802772 0 0
1634103960517 0 0
1634104117808 0 0
1634104501777 0 0
1634104660421 0 0
