1634009843837 0 0
1634010000132 1 0
1634010156958 2 0
1634010311921 3 0
1634010466933 4 0
1634010621916 5 0
1634010776922 6 0
1634010931851 7 0
1634011086790 8 0
1634011241876 9 0
1634011396867 10 0
1634011551836 11 0
1634011706839 12 0
1634011861832 13 0
1634012016778 14 0
1634012171809 15 0
1634012326842 16 0
1634012481826 17 0
1634012636876 18 0
1634012791830 19 0
1634012946821 20 0
1634013103073 21 0
1634013258079 22 0
1634013413066 23 0
1634013568054 24 0
1634013723029 25 0
1634013878021 26 0
1634014033042 27 0
1634014187959 28 0
1634014342860 29 0
1634014497846 30 0
1634014652818 31 0
1634014807837 32 0
1634014962787 33 0
1634015117755 34 0
1634015272682 35 0
1634015427657 36 0
1634015582579 37 0
1634015737565 38 0
1634015892578 39 0
1634016047584 40 0
1634016203925 41 0
1634016358923 42 0
1634016513923 43 0
1634016668928 44 0
1634016823961 45 0
1634016979004 46 0
1634017134031 47 0
1634017289036 48 0
1634017444018 49 0
1634017598976 50 0
1634017753953 51 0
1634017909008 52 0
1634018063980 53 0
1634018218996 54 0
1634018374057 55 0
1634018529042 56 0
1634018684087 57 0
1634018839117 58 0
1634018994070 59 0
1634019148953 60 0
1634019305226 61 0
1634019460190 62 0
1634019615168 63 0
1634019770205 64 0
1634019925191 65 0
1634020080141 66 0
1634020235146 67 0
1634020390186 68 0
1634020545191 69 0
1634020700185 70 0
1634020855211 71 0
1634021010171 72 0
1634021165152 73 0
1634021320160 74 0
1634021475177 75 0
1634021630187 76 0
1634021785185 77 0
1634021940176 78 0
1634022095142 79 0
1634022250121 80 0
1634022406405 81 0
1634022561437 82 0
1634022716440 83 0
1634022871454 84 0
1634023026456 85 0
1634023181477 86 0
1634023336434 87 0
1634023491435 88 0
1634023646379 89 0
1634023801404 90 0
1634023956376 91 0
1634024111324 92 0
1634024266370 93 0
1634024421345 94 0
1634024576308 95 0
1634024731269 96 0
1634024886301 97 0
1634025041249 98 0
1634025196222 99 0
1634025351210 100 0
1634025507475 101 0
1634025662518 102 0
1634025817461 103 0
1634025972460 104 0
1634026127489 105 0
1634026282455 106 0
1634026437434 107 0
1634026592378 108 0
1634026747359 109 0
1634026902386 110 0
1634027057390 111 0
1634027212375 112 0
1634027367374 113 0
1634027522378 114 0
1634027677399 115 0
1634027832445 116 0
1634027987475 117 0
1634028142467 118 0
1634028297468 119 0
1634028452490 120 0
1634028608714 121 0
1634028763694 122 0
1634028918676 123 0
1634029073614 124 0
1634029228580 125 0
1634029383546 126 0
1634029538512 127 0
1634029693540 128 0
1634029848539 129 0
1634030003525 130 0
1634030158454 131 0
1634030313483 132 0
1634030468529 133 0
1634030623581 134 0
1634030778544 135 0
1634030933524 136 0
1634031088438 137 0
1634031243326 138 0
1634031398256 139 0
1634031553247 140 0
1634031709425 141 0
1634031864424 142 0
1634032019395 143 0
1634032174411 144 0
1634032329425 145 0
1634032484420 146 0
1634032639437 147 0
1634032794403 148 0
1634032949302 149 0
1634033104216 150 0
1634033259112 151 0
1634033414116 152 0
1634033569061 153 0
1634033723979 154 0
1634033878947 155 0
1634034033834 156 0
1634034188707 157 0
1634034343628 158 0
1634034498563 159 0
1634034653476 160 0
1634034809651 161 0
1634034964595 162 0
1634035119515 163 0
1634035274469 164 0
1634035429363 165 0
1634035584326 166 0
1634035739311 167 0
1634035894308 168 0
1634036049272 169 0
1634036204253 170 0
1634036359158 171 0
1634036514065 172 0
1634036669014 173 0
1634036824064 174 0
1634036979066 175 0
1634037134098 176 0
1634037289105 177 0
1634037444128 178 0
1634037599164 179 0
1634037754193 180 0
1634037910405 181 0
1634038065341 182 0
1634038220270 183 0
1634038375267 184 0
1634038530235 185 0
1634038685223 186 0
1634038840213 187 0
1634038995174 188 0
1634039150151 189 0
1634039305086 190 0
1634039460077 191 0
1634039615134 192 0
1634039770083 193 0
1634039925025 194 0
1634040080016 195 0
1634040234968 196 0
1634040389913 197 0
1634040544917 198 0
1634040699889 199 0
1634040854840 200 0
1634041011086 201 0
1634041166027 202 0
1634041320918 203 0
1634041475888 204 0
1634041630851 205 0
1634041785786 206 0
1634041940746 207 0
1634042095725 208 0
1634042250679 209 0
1634042405646 210 0
1634042560622 211 0
1634042715513 212 0
1634042870456 213 0
1634043025338 214 0
1634043180288 215 0
1634043335176 216 0
1634043490097 217 0
1634043645033 218 0
1634043800034 219 0
1634043955054 220 0
1634044111304 221 0
1634044266202 222 0
1634044421145 223 0
1634044576087 224 0
1634044731032 225 0
1634044885977 226 0
1634045040890 227 0
1634045195822 228 0
1634045350787 229 0
1634045505709 230 0
1634045660654 231 0
1634045815571 232 0
1634045970485 233 0
1634046125417 234 0
1634046280372 235 0
1634046435313 236 0
1634046590287 237 0
1634046745281 238 0
1634046900189 239 0
1634047055161 240 0
1634047211407 241 0
1634047366376 242 0
1634047521325 243 0
1634047676281 244 0
1634047831285 245 0
1634047986321 246 0
1634048141367 247 0
1634048296390 248 0
1634048451347 249 0
1634048606314 250 0
1634048761286 251 0
1634048916264 252 0
1634049071218 253 0
1634049226095 254 0
1634049381126 255 0
1634049536152 256 0
1634049691100 257 0
1634049846087 258 0
1634050001073 259 0
1634050156099 260 0
1634050312365 261 0
1634050467390 262 0
1634050622329 263 0
1634050777308 264 0
1634050932294 265 0
1634051087293 266 0
1634051242230 267 0
1634051397172 268 0
1634051552117 269 0
1634051707142 270 0
1634051862141 271 0
1634052017142 272 0
1634052172181 273 0
1634052327235 274 0
1634052482266 275 0
1634052637263 276 0
1634052792227 277 0
1634052947189 278 0
1634053102138 279 0
1634053257176 280 0
1634053413510 281 0
1634053568489 282 0
1634053723522 283 0
1634053878465 284 0
1634054033479 285 0
1634054188509 286 0
1634054343527 287 0
1634054498430 288 0
1634054653289 289 0
1634054808163 290 0
1634054963116 291 0
1634055118007 292 0
1634055272881 293 0
1634055427809 294 0
1634055582721 295 0
1634055737671 296 0
1634055892629 297 0
1634056047510 298 0
1634056202374 299 0
1634056357374 300 0
1634056513548 301 0
1634056668415 302 0
1634056823302 303 0
1634056978169 304 0
1634057133102 305 0
1634057288008 306 0
1634057442884 307 0
1634057597804 308 0
1634057752753 309 0
1634057907767 310 0
1634058062672 311 0
1634058217597 312 0
1634058372549 313 0
1634058527572 314 0
1634058682602 315 0
1634058837667 316 0
1634058992717 317 0
1634059147660 318 0
1634059302676 319 0
1634059457698 320 0
1634059613991 321 0
1634059768935 322 0
1634059923936 323 0
1634060078929 324 0
1634060233882 325 0
1634060388821 326 0
1634060543753 327 0
1634060698717 328 0
1634060853675 329 0
1634061008657 330 0
1634061163636 331 0
1634061318606 332 0
1634061473588 333 0
1634061628497 334 0
1634061783451 335 0
1634061938398 336 0
1634062093313 337 0
1634062248343 338 0
1634062403296 339 0
1634062558260 340 0
1634062714515 341 0
1634062869512 342 0
1634063024489 343 0
1634063179522 344 0
1634063334501 345 0
1634063489525 346 0
1634063644512 347 0
1634063799485 348 0
1634063954503 349 0
1634064109479 350 0
1634064264431 351 0
1634064419463 352 0
1634064574410 353 0
1634064729435 354 0
1634064884425 355 0
1634065039436 356 0
1634065194418 357 0
1634065349357 358 0
1634065504275 359 0
1634065659233 360 0
1634065815457 361 0
1634065970487 362 0
1634066125502 363 0
1634066280469 364 0
1634066435465 365 0
1634066590453 366 0
1634066745458 367 0
1634066900464 368 0
1634067055310 369 0
1634067210187 370 0
1634067365075 371 0
1634067520011 372 0
1634067674975 373 0
1634067829961 374 0
1634067984828 375 0
1634068139838 376 0
1634068294931 377 0
1634068450010 378 0
1634068605008 379 0
1634068759994 380 0
1634068916335 381 0
1634069071277 382 0
1634069226199 383 0
1634069381153 384 0
1634069536048 385 0
1634069690951 386 0
1634069845844 387 0
1634070000698 388 0
1634070155615 389 0
1634070310493 390 0
1634070465374 391 0
1634070620215 392 0
1634070775050 393 0
1634070930026 394 0
1634071085010 395 0
1634071240009 396 0
1634071395045 397 0
1634071550019 398 0
1634071704931 399 0
1634071859764 400 0
1634072015913 401 0
1634072170781 402 0
1634072325715 403 0
1634072480710 404 0
1634072635714 405 0
1634072790664 406 0
1634072945542 407 0
1634073100560 408 0
1634073255542 409 0
1634073410535 410 0
1634073565520 411 0
1634073720526 412 0
1634073875487 413 0
1634074030577 414 0
1634074185517 415 0
1634074340506 416 0
1634074495482 417 0
1634074650425 418 0
1634074805327 419 0
1634074960329 420 0
1634075116553 421 0
1634075271582 422 0
1634075426516 423 0
1634075581495 424 0
1634075736501 425 0
1634075891475 426 0
1634076046465 427 0
1634076201478 428 0
1634076356453 429 0
1634076511407 430 0
1634076666278 431 0
1634076821265 432 0
1634076976238 433 0
1634077131249 434 0
1634077286250 435 0
1634077441246 436 0
1634077596247 437 0
1634077751249 438 0
1634077906283 439 0
1634078061295 440 0
1634078217613 441 0
1634078372605 442 0
1634078527599 443 0
1634078682591 444 0
1634078837629 445 0
1634078992589 446 0
1634079147482 447 0
1634079302427 448 0
1634079457483 449 0
1634079612478 450 0
1634079767466 451 0
1634079922516 452 0
1634080077545 453 0
1634080232654 454 0
1634080387734 455 0
1634080542725 456 0
1634080697749 457 0
1634080852746 458 0
1634081007821 459 0
1634081162799 460 0
1634081319113 461 0
1634081474173 462 0
1634081629140 463 0
1634081784169 464 0
1634081939263 465 0
1634082094215 466 0
1634082249173 467 0
1634082404208 468 0
1634082559262 469 0
1634082714278 470 0
1634082869231 471 0
1634083024116 472 0
1634083179002 473 0
1634083333859 474 0
1634083488729 475 0
1634083643582 476 0
1634083798460 477 0
1634083953345 478 0
1634084108292 479 0
1634084263180 480 0
1634084419312 481 0
1634084574221 482 0
1634084729182 483 0
1634084884203 484 0
1634085039140 485 0
1634085194032 486 0
1634085348966 487 0
1634085503931 488 0
1634085658959 489 0
1634085813963 490 0
1634085968924 491 0
1634086123830 492 0
1634086278784 493 0
1634086433735 494 0
1634086588716 495 0
1634086743687 496 0
1634086898734 497 0
1634087053750 498 0
1634087208786 499 0
1634087363790 500 0
1634087520037 501 0
1634087675042 502 0
1634087830029 503 0
1634087985054 504 0
1634088140078 505 0
1634088295035 506 0
1634088449972 507 0
1634088604936 508 0
1634088759863 509 0
1634088914807 510 0
1634089069739 511 0
1634089224697 512 0
1634089379642 513 0
1634089534595 514 0
1634089689500 515 0
1634089844393 516 0
1634089999337 517 0
1634090154288 518 0
1634090309233 519 0
1634090464184 520 0
1634090620413 521 0
1634090775395 522 0
1634090930389 523 0
1634091085359 524 0
1634091240264 525 0
1634091395273 526 0
1634091550209 527 0
1634091705167 528 0
1634091860130 529 0
1634092015131 530 0
1634092170048 531 0
1634092325033 532 0
1634092479986 533 0
1634092635012 534 0
1634092789977 535 0
1634092944971 536 0
1634093099940 537 0
1634093254966 538 0
1634093409969 539 0
1634093564958 540 0
1634093721190 541 0
1634093876156 542 0
1634094031161 543 0
1634094186131 544 0
1634094341149 545 0
1634094496084 546 0
1634094650985 547 0
1634094805981 548 0
1634094960942 549 0
1634095115874 550 0
1634095270801 551 0
1634095425644 552 0
1634095580557 553 0
1634095735561 554 0
1634095890479 555 0
1634096045397 556 0
1634096200422 557 0
1634096355271 558 0
1634096510129 559 0
1634096665061 560 0
1634096821325 561 0
1634096976306 562 0
1634097131302 563 0
1634097286218 564 0
1634097441196 565 0
1634097596220 566 0
1634097751244 567 0
1634097906288 568 0
1634098061354 569 0
1634098216330 570 0
1634098371285 571 0
1634098526353 572 0
1634098681387 573 0
1634098836416 574 0
1634098991464 575 0
1634099146392 576 0
1634099301302 577 0
1634099456235 578 0
1634099611186 579 0
1634099766137 580 0
1634099922398 581 0
1634100077410 582 0
1634100232447 583 0
1634100387414 584 0
1634100542425 585 0
1634100697455 586 0
1634100852441 587 0
1634101007391 588 0
1634101162315 589 0
1634101317289 590 0
1634101472232 591 0
1634101627215 592 0
1634101782214 593 0
1634101937132 594 0
1634102092102 595 0
1634102247043 596 0
1634102402064 597 0
1634102556947 598 0
1634102711859 599 0
1634102866780 600 0
1634103022933 601 0
1634103177888 602 0
1634103332893 603 0
1634103487867 604 0
1634103643366 605 0
1634103802770 606 0
1634103960517 607 0
1634104117806 608 0
1634104501777 609 0
1634104660421 610 0
