1634009843852 2.1898577213287354 0
1634010000148 1.6681943535804749 0
1634010156974 1.802671194076538 0
1634010311921 1.9494330883026123 0
1634010466933 1.7532246112823486 0
1634010621916 1.7972649335861206 0
1634010776922 1.9041645526885986 0
1634010931866 2.0584343671798706 0
1634011086805 2.0553200244903564 0
1634011241876 2.0341615080833435 0
1634011396867 1.9831053018569946 0
1634011551852 1.93906569480896 0
1634011706855 1.874766230583191 0
1634011861832 2.002248227596283 0
1634012016793 1.9886850118637085 0
1634012171809 2.021060585975647 0
1634012326842 1.833615779876709 0
1634012481842 1.7448399662971497 0
1634012636876 1.9060996174812317 0
1634012791845 1.9173312187194824 0
1634012946831 1.893056333065033 0
1634013103073 1.7761499881744385 0
1634013258079 1.8087359070777893 0
1634013413081 1.8737293481826782 0
1634013568070 1.8342432379722595 0
1634013723045 1.8933109641075134 0
1634013878037 1.7824745774269104 0
1634014033042 1.927290439605713 0
1634014187959 2.028502345085144 0
1634014342860 2.0269358158111572 0
1634014497862 1.9859631061553955 0
1634014652818 1.9961602091789246 0
1634014807845 2.0225477814674377 0
1634014962803 1.9421729445457458 0
1634015117755 1.9550862312316895 0
1634015272698 1.9255831241607666 0
1634015427657 1.645026445388794 0
1634015582586 1.9368000030517578 0
1634015737581 1.9729570150375366 0
1634015892578 1.9737909436225891 0
1634016047600 1.7682648301124573 0
1634016203925 1.9994030594825745 0
1634016358938 1.8698067665100098 0
1634016513938 1.9311096668243408 0
1634016668928 1.8675739169120789 0
1634016823961 1.849443256855011 0
1634016979004 1.867337167263031 0
1634017134031 1.94633948802948 0
1634017289036 1.963568925857544 0
1634017444018 1.5356557965278625 0
1634017598976 1.8622460961341858 0
1634017753953 1.9394484758377075 0
1634017909008 2.0087952613830566 0
1634018063996 1.925294816493988 0
1634018219011 2.0232571363449097 0
1634018374057 1.9271093606948853 0
1634018529057 1.9098204970359802 0
1634018684087 1.9380376935005188 0
1634018839117 2.023686408996582 0
1634018994070 2.0450990796089172 0
1634019148953 1.9683269262313843 0
1634019305226 1.9454110264778137 0
1634019460206 1.9830380082130432 0
1634019615168 2.0292080640792847 0
1634019770205 2.032104015350342 0
1634019925191 1.9302582144737244 0
1634020080157 1.9111992120742798 0
1634020235146 1.8927512168884277 0
1634020390186 2.001872479915619 0
1634020545191 1.8928512334823608 0
1634020700185 2.0072081089019775 0
1634020855227 2.0285595655441284 0
1634021010171 1.824392855167389 0
1634021165168 1.9904345870018005 0
1634021320176 1.8712871074676514 0
1634021475177 1.9450477361679077 0
1634021630187 1.9902650713920593 0
1634021785185 1.8886368870735168 0
1634021940176 2.8225648403167725 0
1634022095142 1.9908678531646729 0
1634022250121 2.048720121383667 0
1634022406405 1.9531977772712708 0
1634022561437 1.938439130783081 0
1634022716456 1.9073517322540283 0
1634022871454 2.054192304611206 0
1634023026456 1.941810429096222 0
1634023181477 1.9521698355674744 0
1634023336434 1.84097021818161 0
1634023491435 1.914412498474121 0
1634023646379 2.0103723406791687 0
1634023801404 1.8900724649429321 0
1634023956376 1.8347913026809692 0
1634024111340 1.7793540358543396 0
1634024266370 1.9345478415489197 0
1634024421345 1.868729591369629 0
1634024576308 1.977046012878418 0
1634024731284 2.0426639318466187 0
1634024886301 2.084853768348694 0
1634025041249 1.9976192116737366 0
1634025196222 1.8992332220077515 0
1634025351226 2.0717607736587524 0
1634025507475 1.9238858819007874 0
1634025662534 1.9672199487686157 0
1634025817461 2.0438461899757385 0
1634025972476 1.88252454996109 0
1634026127489 1.9630898833274841 0
1634026282471 1.9004860520362854 0
1634026437434 1.9435304999351501 0
1634026592378 1.9655579924583435 0
1634026747359 1.9269362688064575 0
1634026902386 2.0163509249687195 0
1634027057390 1.9782517552375793 0
1634027212375 2.0494020581245422 0
1634027367390 1.9593486189842224 0
1634027522378 1.9391775131225586 0
1634027677399 2.044891893863678 0
1634027832461 1.9668920040130615 0
1634027987475 1.9547271728515625 0
1634028142467 2.067495107650757 0
1634028297468 1.9227572679519653 0
1634028452506 2.0821263790130615 0
1634028608729 2.1265398263931274 0
1634028763694 2.0041475892066956 0
1634028918676 2.0192224383354187 0
1634029073629 1.8796340227127075 0
1634029228595 2.0412312746047974 0
1634029383546 2.1003966331481934 0
1634029538512 1.9373940229415894 0
1634029693540 1.9592196941375732 0
1634029848539 1.911375641822815 0
1634030003541 2.0252822041511536 0
1634030158454 2.025943636894226 0
1634030313483 1.971199870109558 0
1634030468544 1.9700658917427063 0
1634030623596 2.0136855840682983 0
1634030778560 2.02325439453125 0
1634030933524 1.948785662651062 0
1634031088438 1.8157748579978943 0
1634031243326 2.0690943002700806 0
1634031398256 1.8540316224098206 0
1634031553263 2.059299945831299 0
1634031709440 1.9458635449409485 0
1634031864424 1.878167450428009 0
1634032019395 1.9681380987167358 0
1634032174427 1.9648106694221497 0
1634032329425 1.9627243280410767 0
1634032484420 1.9723175764083862 0
1634032639437 1.754787564277649 0
1634032794403 1.927933931350708 0
1634032949317 2.0435351133346558 0
1634033104216 2.0000851154327393 0
1634033259112 1.9898186922073364 0
1634033414116 1.8819668292999268 0
1634033569077 1.9720455408096313 0
1634033723979 1.9886797070503235 0
1634033878947 1.9965940713882446 0
1634034033834 1.8881832361221313 0
1634034188707 1.9741266369819641 0
1634034343643 2.0559366941452026 0
1634034498579 1.874883234500885 0
1634034653492 2.0032607316970825 0
1634034809666 1.9734210968017578 0
1634034964611 1.9443373680114746 0
1634035119515 1.972106397151947 0
1634035274484 2.0186113119125366 0
1634035429363 1.9667572975158691 0
1634035584342 1.98102605342865 0
1634035739327 1.9910573363304138 0
1634035894308 1.9818812012672424 0
1634036049272 1.9709731936454773 0
1634036204253 1.9829337000846863 0
1634036359158 1.8738255500793457 0
1634036514065 2.0634249448776245 0
1634036669030 2.0120582580566406 0
1634036824064 2.039682388305664 0
1634036979066 1.930144727230072 0
1634037134098 2.0534969568252563 0
1634037289105 1.9731008410453796 0
1634037444128 2.0922385454177856 0
1634037599180 2.0040249824523926 0
1634037754209 1.9391977787017822 0
1634037910405 2.0319424867630005 0
1634038065357 1.9904271960258484 0
1634038220285 1.9247225522994995 0
1634038375267 2.0147393941879272 0
1634038530235 2.0524141788482666 0
1634038685223 1.931549847126007 0
1634038840213 1.998334527015686 0
1634038995189 1.984715461730957 0
1634039150151 1.9433382749557495 0
1634039305102 1.9417662024497986 0
1634039460093 1.9527381658554077 0
1634039615134 2.0519765615463257 0
1634039770099 1.925834059715271 0
1634039925041 2.031216621398926 0
1634040080016 1.9951029419898987 0
1634040234984 2.045363128185272 0
1634040389929 1.900493860244751 0
1634040544917 2.0070908069610596 0
1634040699904 2.045051097869873 0
1634040854840 1.978972613811493 0
1634041011086 1.9751715064048767 0
1634041166027 2.0257606506347656 0
1634041320933 1.9979348182678223 0
1634041475888 2.0120044350624084 0
1634041630851 2.008105158805847 0
1634041785802 2.0156893730163574 0
1634041940746 2.0156255960464478 0
1634042095725 2.0102697014808655 0
1634042250695 2.0134456157684326 0
1634042405662 2.0037829875946045 0
1634042560622 1.9781209230422974 0
1634042715528 1.9334606528282166 0
1634042870456 1.8394983410835266 0
1634043025338 1.9958171844482422 0
1634043180288 2.0053508281707764 0
1634043335191 1.8697348833084106 0
1634043490097 1.9606963992118835 0
1634043645049 2.039495587348938 0
1634043800034 1.9882444143295288 0
1634043955070 2.051717519760132 0
1634044111304 2.0397791862487793 0
1634044266202 2.013268232345581 0
1634044421161 2.0156304836273193 0
1634044576102 2.0272467136383057 0
1634044731032 2.0193952322006226 0
1634044885977 2.0022833347320557 0
1634045040905 2.0573233366012573 0
1634045195822 2.0153778791427612 0
1634045350787 2.0078186988830566 0
1634045505709 2.0657525062561035 0
1634045660670 1.9423821568489075 0
1634045815586 1.9250665307044983 0
1634045970485 1.9130971431732178 0
1634046125417 1.9947140216827393 0
1634046280372 1.9976061582565308 0
1634046435313 2.0090789794921875 0
1634046590287 1.9911662936210632 0
1634046745281 2.030368447303772 0
1634046900205 1.9616483449935913 0
1634047055177 2.02776300907135 0
1634047211407 1.9879949688911438 0
1634047366376 2.0438872575759888 0
1634047521341 2.057421922683716 0
1634047676281 2.0417537689208984 0
1634047831285 2.0045355558395386 0
1634047986337 1.9145258069038391 0
1634048141382 1.943223237991333 0
1634048296390 1.9861310720443726 0
1634048451362 1.9805158376693726 0
1634048606330 1.9172217845916748 0
1634048761286 1.9314460158348083 0
1634048916264 1.9810981750488281 0
1634049071218 2.0286943316459656 0
1634049226095 2.0164270401000977 0
1634049381141 2.0133966207504272 0
1634049536167 1.9388933181762695 0
1634049691116 1.9814800024032593 0
1634049846087 1.9371185898780823 0
1634050001088 1.8848771452903748 0
1634050156099 2.0630441904067993 0
1634050312365 1.9939535856246948 0
1634050467390 2.040565013885498 0
1634050622329 2.0290141105651855 0
1634050777308 1.9319619536399841 0
1634050932294 1.935278594493866 0
1634051087293 1.9518604278564453 0
1634051242230 1.949531614780426 0
1634051397172 2.0399560928344727 0
1634051552117 2.003414750099182 0
1634051707142 1.9512265920639038 0
1634051862141 1.9930229783058167 0
1634052017158 1.9412726163864136 0
1634052172181 1.9415768384933472 0
1634052327235 1.9711947441101074 0
1634052482266 2.049118757247925 0
1634052637279 2.0244863629341125 0
1634052792227 1.979626476764679 0
1634052947189 2.016993284225464 0
1634053102138 1.927721619606018 0
1634053257176 1.966552197933197 0
1634053413510 1.9561461210250854 0
1634053568505 1.9407800436019897 0
1634053723522 2.0113649368286133 0
1634053878481 1.9644853472709656 0
1634054033479 1.9673947095870972 0
1634054188524 2.0227644443511963 0
1634054343527 2.093697667121887 0
1634054498430 1.9768805503845215 0
1634054653289 1.9502204656600952 0
1634054808163 1.964112102985382 0
1634054963116 1.9656463861465454 0
1634055118007 1.9870508313179016 0
1634055272881 1.9278877973556519 0
1634055427824 2.0148069858551025 0
1634055582737 2.0430357456207275 0
1634055737671 1.9982197284698486 0
1634055892629 2.0070960521698 0
1634056047510 1.9688502550125122 0
1634056202390 1.9649980068206787 0
1634056357374 1.9993268251419067 0
1634056513548 1.992855191230774 0
1634056668415 2.032718539237976 0
1634056823317 1.966616690158844 0
1634056978185 1.9437663555145264 0
1634057133102 1.930410921573639 0
1634057288008 1.9730485677719116 0
1634057442884 2.0129207372665405 0
1634057597804 1.9665942788124084 0
1634057752768 1.9111338257789612 0
1634057907784 1.973274052143097 0
1634058062688 2.005488395690918 0
1634058217597 1.9250524044036865 0
1634058372565 1.9888511300086975 0
1634058527572 1.9520771503448486 0
1634058682602 2.0335980653762817 0
1634058837667 1.9949573874473572 0
1634058992733 1.9900792837142944 0
1634059147660 1.9013559222221375 0
1634059302692 1.9608550071716309 0
1634059457698 1.949794590473175 0
1634059613991 1.9750301241874695 0
1634059768951 2.009944438934326 0
1634059923936 2.029193341732025 0
1634060078929 2.02144992351532 0
1634060233897 2.0056737661361694 0
1634060388837 2.037023603916168 0
1634060543753 1.989674985408783 0
1634060698717 1.974934697151184 0
1634060853675 1.9034085273742676 0
1634061008657 1.941528081893921 0
1634061163636 1.9596196413040161 0
1634061318606 1.9526894092559814 0
1634061473603 1.9040773510932922 0
1634061628513 1.9907557368278503 0
1634061783467 1.9753869771957397 0
1634061938398 1.9660108089447021 0
1634062093329 2.0083189010620117 0
1634062248343 2.027372717857361 0
1634062403296 2.029914140701294 0
1634062558260 1.9883623719215393 0
1634062714515 1.9703992009162903 0
1634062869512 1.900657057762146 0
1634063024489 1.967941164970398 0
1634063179522 1.971883773803711 0
1634063334501 2.0220521092414856 0
1634063489525 1.9508428573608398 0
1634063644512 2.027438998222351 0
1634063799485 1.9996734857559204 0
1634063954503 1.9937958717346191 0
1634064109479 1.99608314037323 0
1634064264447 2.0039297342300415 0
1634064419463 2.060643792152405 0
1634064574425 2.0023655891418457 0
1634064729435 1.9848229885101318 0
1634064884425 2.015492796897888 0
1634065039452 1.935551941394806 0
1634065194434 1.8872817754745483 0
1634065349372 2.018072485923767 0
1634065504275 1.923576831817627 0
1634065659233 1.9861946105957031 0
1634065815473 2.0147476196289062 0
1634065970487 2.036782681941986 0
1634066125502 2.045328974723816 0
1634066280484 2.0335038900375366 0
1634066435465 2.001676321029663 0
1634066590453 1.928777813911438 0
1634066745458 2.095500946044922 0
1634066900464 1.989955484867096 0
1634067055310 1.945264458656311 0
1634067210203 2.004753887653351 0
1634067365075 2.0063446760177612 0
1634067520011 1.985435426235199 0
1634067674975 1.9639277458190918 0
1634067829961 1.9664093255996704 0
1634067984828 2.0184881687164307 0
1634068139853 1.9369609355926514 0
1634068294931 2.0109065771102905 0
1634068450010 1.9666802883148193 0
1634068605008 2.0251222252845764 0
1634068759994 2.0166412591934204 0
1634068916335 1.9972149729728699 0
1634069071293 2.0157511234283447 0
1634069226215 1.964070737361908 0
1634069381153 2.0052835941314697 0
1634069536063 2.022746443748474 0
1634069690951 1.9526788592338562 0
1634069845844 2.0034499764442444 0
1634070000713 2.023538112640381 0
1634070155630 1.997493028640747 0
1634070310493 2.0152817368507385 0
1634070465374 1.978285312652588 0
1634070620215 2.0082139372825623 0
1634070775050 1.9942114353179932 0
1634070930026 2.004826068878174 0
1634071085010 2.004020094871521 0
1634071240009 2.029162883758545 0
1634071395045 1.9623956680297852 0
1634071550019 1.9561291337013245 0
1634071704931 1.9300749897956848 0
1634071859780 2.028618097305298 0
1634072015913 1.9610517024993896 0
1634072170781 1.988925039768219 0
1634072325715 1.9658237099647522 0
1634072480710 1.9317784905433655 0
1634072635729 2.0310670733451843 0
1634072790664 1.985463798046112 0
1634072945558 1.9565861225128174 0
1634073100560 2.0020946264266968 0
1634073255557 1.950718641281128 0
1634073410550 2.052075505256653 0
1634073565536 1.9731490015983582 0
1634073720542 1.9575461149215698 0
1634073875487 2.0276074409484863 0
1634074030577 1.9607774019241333 0
1634074185517 2.0148619413375854 0
1634074340506 2.00631183385849 0
1634074495482 2.0375940799713135 0
1634074650440 1.9816492199897766 0
1634074805327 2.076001524925232 0
1634074960345 1.9968429207801819 0
1634075116553 1.988642394542694 0
1634075271582 1.9477893114089966 0
1634075426516 1.9341017007827759 0
1634075581511 1.9921022653579712 0
1634075736501 1.9992063641548157 0
1634075891491 1.9557377696037292 0
1634076046480 2.0411739349365234 0
1634076201478 1.9487128853797913 0
1634076356468 1.9256254434585571 0
1634076511407 1.9554752111434937 0
1634076666294 2.000851631164551 0
1634076821281 1.9896712899208069 0
1634076976254 2.0719237327575684 0
1634077131249 1.9614557027816772 0
1634077286250 1.9873737692832947 0
1634077441262 2.0183104872703552 0
1634077596247 2.018117904663086 0
1634077751249 1.9954134821891785 0
1634077906283 1.9152535200119019 0
1634078061311 1.9826819896697998 0
1634078217613 2.016226649284363 0
1634078372621 1.9537250995635986 0
1634078527614 2.044878363609314 0
1634078682591 1.9774733185768127 0
1634078837629 1.993527114391327 0
1634078992605 1.9558733105659485 0
1634079147497 2.0009093284606934 0
1634079302427 2.0250314474105835 0
1634079457483 2.032834053039551 0
1634079612478 2.0586324334144592 0
1634079767466 2.01664936542511 0
1634079922516 1.968095302581787 0
1634080077561 2.0302062034606934 0
1634080232654 2.0055984258651733 0
1634080387734 2.03618586063385 0
1634080542725 2.0121943950653076 0
1634080697749 1.9441789388656616 0
1634080852746 1.9698720574378967 0
1634081007821 2.017154574394226 0
1634081162799 1.9862523078918457 0
1634081319129 2.0026184916496277 0
1634081474188 2.0299285650253296 0
1634081629140 1.9645826816558838 0
1634081784185 2.0079976320266724 0
1634081939279 2.038059949874878 0
1634082094215 2.038477063179016 0
1634082249189 2.040465831756592 0
1634082404223 2.003696918487549 0
1634082559262 1.9950579404830933 0
1634082714293 2.0216366052627563 0
1634082869247 2.0102572441101074 0
1634083024131 2.0037407875061035 0
1634083179002 2.002674698829651 0
1634083333859 2.0189958810806274 0
1634083488729 2.0423014163970947 0
1634083643597 2.014647603034973 0
1634083798460 1.9907165169715881 0
1634083953361 2.094708204269409 0
1634084108292 1.9738009572029114 0
1634084263196 1.9955969452857971 0
1634084419312 2.003684639930725 0
1634084574236 2.0161272287368774 0
1634084729182 2.011698007583618 0
1634084884203 2.007723093032837 0
1634085039140 2.0173738598823547 0
1634085194032 1.992706298828125 0
1634085348981 1.9938462972640991 0
1634085503947 2.0400243997573853 0
1634085658959 1.9873318076133728 0
1634085813963 2.0225095748901367 0
1634085968940 2.004967212677002 0
1634086123830 1.9515877962112427 0
1634086278784 2.029275417327881 0
1634086433750 2.0141788125038147 0
1634086588716 1.9879707098007202 0
1634086743687 2.0140010118484497 0
1634086898750 1.9897422194480896 0
1634087053750 2.018446981906891 0
1634087208802 1.9824450016021729 0
1634087363790 1.9533434510231018 0
1634087520053 2.007163882255554 0
1634087675042 2.07941734790802 0
1634087830029 2.0064437985420227 0
1634087985054 1.9999950528144836 0
1634088140078 2.0234562158584595 0
1634088295051 2.034490466117859 0
1634088449987 1.9711214900016785 0
1634088604936 2.0209776163101196 0
1634088759879 1.9912914633750916 0
1634088914822 1.9690223336219788 0
1634089069739 1.9820340871810913 0
1634089224697 1.9939510226249695 0
1634089379642 1.9812145829200745 0
1634089534611 2.039482593536377 0
1634089689500 1.9937520623207092 0
1634089844393 1.985417664051056 0
1634089999337 1.9801128506660461 0
1634090154288 1.9509605169296265 0
1634090309233 1.976664960384369 0
1634090464184 2.0536720752716064 0
1634090620413 2.002582311630249 0
1634090775395 2.083019733428955 0
1634090930389 2.017886221408844 0
1634091085375 1.9635788202285767 0
1634091240280 2.0241990089416504 0
1634091395273 1.9781581163406372 0
1634091550225 2.0541311502456665 0
1634091705182 1.9916313886642456 0
1634091860130 2.0024749040603638 0
1634092015131 1.9731488227844238 0
1634092170063 2.0120657086372375 0
1634092325048 1.9510641694068909 0
1634092480002 1.9971485137939453 0
1634092635012 2.029817581176758 0
1634092789992 1.9838485717773438 0
1634092944987 1.9676506519317627 0
1634093099955 1.9968221187591553 0
1634093254966 2.003693103790283 0
1634093409984 1.9842368960380554 0
1634093564958 2.061266779899597 0
1634093721206 1.9742898344993591 0
1634093876171 1.9401211142539978 0
1634094031161 2.0393556356430054 0
1634094186131 2.053721785545349 0
1634094341149 2.020544469356537 0
1634094496084 1.9933205842971802 0
1634094651001 2.0284528732299805 0
1634094805981 2.048302710056305 0
1634094960942 2.003587007522583 0
1634095115874 2.007569909095764 0
1634095270801 2.01632022857666 0
1634095425660 2.003517270088196 0
1634095580557 1.9914731979370117 0
1634095735561 2.013324499130249 0
1634095890479 2.0199337005615234 0
1634096045412 1.9636887311935425 0
1634096200422 2.029627203941345 0
1634096355287 1.966152846813202 0
1634096510145 2.0366445779800415 0
1634096665061 1.9912156462669373 0
1634096821325 2.0592347383499146 0
1634096976306 1.9798381328582764 0
1634097131302 2.000921607017517 0
1634097286218 2.018475830554962 0
1634097441211 1.9772851467132568 0
1634097596220 1.9756824374198914 0
1634097751244 2.003730058670044 0
1634097906304 2.025419235229492 0
1634098061354 2.016826331615448 0
1634098216330 1.945757806301117 0
1634098371285 1.9869322776794434 0
1634098526353 2.0378153324127197 0
1634098681403 1.9997976422309875 0
1634098836416 1.991222321987152 0
1634098991464 1.9799946546554565 0
1634099146392 1.9920913577079773 0
1634099301318 1.9926128387451172 0
1634099456235 2.019460439682007 0
1634099611186 1.9961461424827576 0
1634099766153 2.0149916410446167 0
1634099922398 2.035623073577881 0
1634100077410 2.035715341567993 0
1634100232447 2.0564759969711304 0
1634100387429 1.9680083394050598 0
1634100542441 1.9100180864334106 0
1634100697471 1.9967092871665955 0
1634100852457 1.9880792498588562 0
1634101007406 1.980032205581665 0
1634101162331 1.9723284244537354 0
1634101317289 2.012134313583374 0
1634101472232 2.0151214599609375 0
1634101627231 1.9585518836975098 0
1634101782229 2.024957537651062 0
1634101937147 2.024483323097229 0
1634102092102 2.01570463180542 0
1634102247059 1.9244396090507507 0
1634102402080 2.0046820640563965 0
1634102556947 2.003119707107544 0
1634102711859 2.009700894355774 0
1634102866780 1.9744036197662354 0
1634103022933 1.9544623494148254 0
1634103177904 1.98445063829422 0
1634103332908 2.034634828567505 0
1634103487867 1.995670199394226 0
1634103643366 2.0356913805007935 0
1634103802775 2.0399707555770874 0
1634103960517 1.9834851026535034 0
1634104117811 1.9874489903450012 0
1634104501777 2.0174479484558105 0
1634104660437 2.0160022974014282 0
