1634009843852 8.56038212776184 0
1634010000148 2.2426880598068237 0
1634010156974 1.5980263352394104 0
1634010311921 1.6100645065307617 0
1634010466933 1.5193727016448975 0
1634010621916 0.9218379259109497 0
1634010776922 1.2426382303237915 0
1634010931866 0.9462497234344482 0
1634011086805 1.0873365998268127 0
1634011241876 0.9806073904037476 0
1634011396867 1.0083999931812286 0
1634011551852 0.7629364281892776 0
1634011706855 0.7700159847736359 0
1634011861832 1.165033996105194 0
1634012016793 1.1143428981304169 0
1634012171809 0.7020695209503174 0
1634012326842 1.1818156838417053 0
1634012481846 0.7835210263729095 0
1634012636891 0.6257933378219604 0
1634012791845 0.9612541496753693 0
1634012946831 0.5906606018543243 0
1634013103073 0.6279224753379822 0
1634013258079 0.6718111634254456 0
1634013413081 0.7755410671234131 0
1634013568070 1.0493878722190857 0
1634013723045 1.0964829325675964 0
1634013878037 1.2972939014434814 0
1634014033042 0.7049682438373566 0
1634014187959 0.6532182395458221 0
1634014342860 0.7956839501857758 0
1634014497862 0.6762404441833496 0
1634014652818 0.7550322115421295 0
1634014807845 0.7424941658973694 0
1634014962803 0.5954224318265915 0
1634015117755 0.6587589979171753 0
1634015272698 0.7825154364109039 0
1634015427657 0.49268049001693726 0
1634015582586 0.5026243478059769 0
1634015737581 0.648979052901268 0
1634015892578 0.6555666625499725 0
1634016047600 0.690685898065567 0
1634016203941 0.5964469313621521 0
1634016358938 0.854438990354538 0
1634016513938 0.5279394537210464 0
1634016668928 0.5305987447500229 0
1634016823961 0.573370948433876 0
1634016979004 0.5330372527241707 0
1634017134031 0.7973829507827759 0
1634017289036 0.44688738882541656 0
1634017444018 0.4954036772251129 0
1634017598976 0.6811505854129791 0
1634017753953 0.5242997705936432 0
1634017909008 0.4196765571832657 0
1634018063996 0.5200856328010559 0
1634018219011 0.6018219590187073 0
1634018374057 0.5514122247695923 0
1634018529057 0.4758676588535309 0
1634018684087 0.48714008927345276 0
1634018839117 0.7252937108278275 0
1634018994070 0.6541881263256073 0
1634019148969 0.5871586203575134 0
1634019305226 0.5318651050329208 0
1634019460206 0.5658885091543198 0
1634019615184 0.5358651429414749 0
1634019770205 0.5641467571258545 0
1634019925191 0.45460256934165955 0
1634020080157 0.5199618339538574 0
1634020235146 0.3838752657175064 0
1634020390186 0.44721172749996185 0
1634020545191 0.41200368106365204 0
1634020700185 0.4736175239086151 0
1634020855227 0.4999390244483948 0
1634021010171 0.39384015649557114 0
1634021165168 0.4425898492336273 0
1634021320176 0.4470199793577194 0
1634021475177 0.47576554119586945 0
1634021630187 0.6743309795856476 0
1634021785201 0.6603493764996529 0
1634021940192 2.2183229625225067 0
1634022095142 0.4384138882160187 0
1634022250121 0.38077086210250854 0
1634022406405 0.3780856281518936 0
1634022561437 0.63783398270607 0
1634022716456 0.485801637172699 0
1634022871469 0.5120622962713242 0
1634023026456 5.738661408424377 0
1634023181477 0.36494962871074677 0
1634023336434 0.4304315000772476 0
1634023491435 0.4659421667456627 0
1634023646379 0.5044301226735115 0
1634023801404 0.6803469657897949 0
1634023956376 0.4838501960039139 0
1634024111340 0.4569016695022583 0
1634024266370 0.5996088683605194 0
1634024421345 0.7100117206573486 0
1634024576308 0.5121965855360031 0
1634024731284 0.46575379371643066 0
1634024886301 0.5345689207315445 0
1634025041249 0.4268299341201782 0
1634025196222 0.6518841087818146 0
1634025351226 0.412172332406044 0
1634025507475 0.3335299640893936 0
1634025662534 0.5565714985132217 0
1634025817461 0.427580863237381 0
1634025972476 0.5634072571992874 0
1634026127489 0.43455970287323 0
1634026282471 0.3289835453033447 0
1634026437434 0.5553961098194122 0
1634026592378 0.3880931884050369 0
1634026747359 0.6918375492095947 0
1634026902386 0.4318280667066574 0
1634027057390 0.5227979421615601 0
1634027212375 0.609996885061264 0
1634027367390 0.40825505554676056 0
1634027522378 0.35387593507766724 0
1634027677399 0.4262593388557434 0
1634027832461 0.46489647775888443 0
1634027987475 0.5381762385368347 0
1634028142467 0.46794378757476807 0
1634028297468 0.39912445843219757 0
1634028452506 0.47163284569978714 0
1634028608729 0.38197634369134903 0
1634028763694 0.4564829021692276 0
1634028918676 0.2994503974914551 0
1634029073629 0.5267374813556671 0
1634029228595 0.6030934602022171 0
1634029383546 0.4853162467479706 0
1634029538512 0.36451106518507004 0
1634029693540 0.4932224750518799 0
1634029848539 0.3077298402786255 0
1634030003541 0.42009682953357697 0
1634030158454 0.3210174888372421 0
1634030313483 0.41329482197761536 0
1634030468544 0.28180311620235443 0
1634030623596 0.2921901121735573 0
1634030778560 0.272869773209095 0
1634030933524 0.9929608702659607 0
1634031088438 0.35530897229909897 0
1634031243326 0.4580802097916603 0
1634031398256 0.40108636021614075 0
1634031553263 0.46207135915756226 0
1634031709440 0.36629363894462585 0
1634031864424 0.35693860799074173 0
1634032019411 0.5483790785074234 0
1634032174427 0.5276948064565659 0
1634032329425 0.6236799657344818 0
1634032484420 0.38430242240428925 0
1634032639437 0.4620804190635681 0
1634032794403 0.3668036013841629 0
1634032949317 0.30371229350566864 0
1634033104216 0.370203897356987 0
1634033259112 0.4473252594470978 0
1634033414116 0.3741839751601219 0
1634033569077 0.3033594936132431 0
1634033723979 0.3173220232129097 0
1634033878947 0.3925963342189789 0
1634034033834 0.4685889258980751 0
1634034188707 0.3648539185523987 0
1634034343643 0.30799221992492676 0
1634034498579 0.3504953384399414 0
1634034653492 0.3461762070655823 0
1634034809666 0.3964845836162567 0
1634034964611 0.40245575457811356 0
1634035119515 0.39338111877441406 0
1634035274484 0.34213799238204956 0
1634035429363 0.41088050603866577 0
1634035584342 0.36150436103343964 0
1634035739327 0.45679648220539093 0
1634035894308 0.3194977641105652 0
1634036049272 0.4102220982313156 0
1634036204253 0.37825873494148254 0
1634036359158 0.39579910039901733 0
1634036514065 0.9303144812583923 0
1634036669030 0.3170540928840637 0
1634036824064 0.30927468836307526 0
1634036979066 0.3690569996833801 0
1634037134098 0.2655005380511284 0
1634037289105 0.34781137853860855 0
1634037444128 0.28849508613348007 0
1634037599180 0.37833236157894135 0
1634037754209 0.4917246550321579 0
1634037910405 0.2981117516756058 0
1634038065357 0.2819196954369545 0
1634038220285 0.32009897381067276 0
1634038375267 0.29675712436437607 0
1634038530235 0.4275331273674965 0
1634038685223 0.3466479480266571 0
1634038840213 0.34288522601127625 0
1634038995189 0.3488292992115021 0
1634039150151 0.437666192650795 0
1634039305102 0.3773622065782547 0
1634039460093 0.2690935879945755 0
1634039615134 0.3477934002876282 0
1634039770099 0.320559486746788 0
1634039925041 0.3852759078145027 0
1634040080032 0.3825270012021065 0
1634040234984 0.41092655062675476 0
1634040389929 0.278787337243557 0
1634040544917 0.3154095634818077 0
1634040699905 0.4173017144203186 0
1634040854840 0.32961489260196686 0
1634041011086 0.3652028664946556 0
1634041166042 0.342030867934227 0
1634041320933 0.3251752406358719 0
1634041475888 0.3313981741666794 0
1634041630851 0.31984955817461014 0
1634041785802 0.2905953526496887 0
1634041940762 0.26831718534231186 0
1634042095725 0.3143810033798218 0
1634042250695 0.3371395617723465 0
1634042405662 0.2682928703725338 0
1634042560622 0.26084188371896744 0
1634042715528 0.38035525381565094 0
1634042870456 0.3170148953795433 0
1634043025338 0.27810703217983246 0
1634043180303 0.2866678982973099 0
1634043335191 0.42912666499614716 0
1634043490097 0.2812389060854912 0
1634043645049 0.35390155017375946 0
1634043800034 0.24019519984722137 0
1634043955070 0.4288663864135742 0
1634044111304 0.31610311567783356 0
1634044266202 0.3187285475432873 0
1634044421161 0.5527316629886627 0
1634044576102 0.34380221366882324 0
1634044731032 0.3662313371896744 0
1634044885992 0.3474496752023697 0
1634045040905 0.3232172727584839 0
1634045195822 0.33193986117839813 0
1634045350787 0.28122299164533615 0
1634045505709 0.27944090217351913 0
1634045660670 0.406508207321167 0
1634045815586 0.3625410348176956 0
1634045970485 0.34180670976638794 0
1634046125417 0.271454356610775 0
1634046280388 0.361088328063488 0
1634046435313 0.32491349428892136 0
1634046590287 0.29861488193273544 0
1634046745297 0.37023064494132996 0
1634046900205 0.2937537655234337 0
1634047055177 0.4183117598295212 0
1634047211407 0.2973624989390373 0
1634047366376 0.2502514570951462 0
1634047521341 0.35109248757362366 0
1634047676281 0.3527160808444023 0
1634047831285 0.26343443989753723 0
1634047986337 0.3171195760369301 0
1634048141382 0.3638343811035156 0
1634048296390 0.34228286892175674 0
1634048451362 0.26761966198682785 0
1634048606330 0.3285112828016281 0
1634048761286 0.44517505168914795 0
1634048916264 0.3290551230311394 0
1634049071218 0.3158462271094322 0
1634049226095 0.3202819749712944 0
1634049381141 0.3432358279824257 0
1634049536167 0.37688082456588745 0
1634049691116 0.25627514347434044 0
1634049846087 0.2658976539969444 0
1634050001088 0.3484014645218849 0
1634050156099 0.3056577295064926 0
1634050312365 0.2723129354417324 0
1634050467390 0.31791068613529205 0
1634050622344 0.2796599045395851 0
1634050777323 0.29412464797496796 0
1634050932294 0.4070889949798584 0
1634051087293 0.3496703803539276 0
1634051242230 0.2947101294994354 0
1634051397172 0.4039987772703171 0
1634051552117 0.23615843430161476 0
1634051707142 0.44700899720191956 0
1634051862141 0.22496634721755981 0
1634052017158 0.23018180578947067 0
1634052172181 0.3045224957168102 0
1634052327235 0.32391806691884995 0
1634052482266 0.3232286423444748 0
1634052637279 0.3618839532136917 0
1634052792227 0.26191848516464233 0
1634052947189 0.2303454875946045 0
1634053102138 0.2312334179878235 0
1634053257176 0.2430519089102745 0
1634053413510 0.2979161739349365 0
1634053568505 0.25824250280857086 0
1634053723522 0.3041365295648575 0
1634053878481 0.314176507294178 0
1634054033479 0.33731263875961304 0
1634054188524 0.30853334069252014 0
1634054343527 0.2926371246576309 0
1634054498430 0.31227949261665344 0
1634054653289 0.4398128092288971 0
1634054808163 0.30025648325681686 0
1634054963116 0.2778986692428589 0
1634055118007 0.2254139855504036 0
1634055272896 0.24933239817619324 0
1634055427824 0.23741914331912994 0
1634055582737 0.4126487374305725 0
1634055737671 0.263533852994442 0
1634055892629 0.25154271721839905 0
1634056047526 0.23704540729522705 0
1634056202390 0.3744014799594879 0
1634056357374 0.24625445157289505 0
1634056513548 0.26320499181747437 0
1634056668431 0.2528062015771866 0
1634056823317 0.3295719176530838 0
1634056978185 0.44547514617443085 0
1634057133102 0.3394150286912918 0
1634057288008 0.25506260246038437 0
1634057442884 0.39307451248168945 0
1634057597819 0.2603108510375023 0
1634057752768 0.3495277836918831 0
1634057907785 0.24103642255067825 0
1634058062688 0.2711515501141548 0
1634058217597 0.2416127324104309 0
1634058372565 0.282303586602211 0
1634058527572 0.24756617844104767 0
1634058682617 0.2782033830881119 0
1634058837667 0.36446723341941833 0
1634058992733 0.2662472277879715 0
1634059147660 0.2370317131280899 0
1634059302692 0.279271699488163 0
1634059457713 0.2223247066140175 0
1634059613991 0.24231696873903275 0
1634059768951 0.31690655648708344 0
1634059923936 0.5778781771659851 0
1634060078929 0.23061205446720123 0
1634060233897 0.21001773327589035 0
1634060388837 0.25146712362766266 0
1634060543768 0.33159007132053375 0
1634060698717 0.2560221999883652 0
1634060853675 0.24865151941776276 0
1634061008657 0.24136079847812653 0
1634061163636 0.2697300836443901 0
1634061318606 0.21905608475208282 0
1634061473603 0.33427123725414276 0
1634061628513 0.23928706347942352 0
1634061783467 0.29271024465560913 0
1634061938398 0.2977067083120346 0
1634062093329 0.2763063982129097 0
1634062248343 0.2409585490822792 0
1634062403296 0.30047423392534256 0
1634062558260 0.302383154630661 0
1634062714515 0.29822132736444473 0
1634062869512 0.20915691182017326 0
1634063024489 0.23094990104436874 0
1634063179522 0.25901637971401215 0
1634063334501 0.3453797325491905 0
1634063489525 0.24041558802127838 0
1634063644512 0.24399841576814651 0
1634063799485 0.35446935147047043 0
1634063954503 0.23019783198833466 0
1634064109479 0.2281620018184185 0
1634064264447 0.31694042682647705 0
1634064419463 0.21216610074043274 0
1634064574425 0.18983778730034828 0
1634064729435 0.2015461027622223 0
1634064884425 0.232402041554451 0
1634065039452 0.2723464369773865 0
1634065194434 0.2581656873226166 0
1634065349372 0.21194825321435928 0
1634065504275 0.27169544994831085 0
1634065659233 0.23860779404640198 0
1634065815473 0.22053705155849457 0
1634065970487 0.3272242471575737 0
1634066125502 0.22526868805289268 0
1634066280484 0.20500362664461136 0
1634066435465 0.21302174031734467 0
1634066590453 0.23493720591068268 0
1634066745458 0.32371994853019714 0
1634066900464 0.24016404896974564 0
1634067055310 0.30869412422180176 0
1634067210203 0.27476966381073 0
1634067365075 0.22641521692276 0
1634067520011 0.2169339582324028 0
1634067674975 0.25034764409065247 0
1634067829961 0.20155813917517662 0
1634067984828 0.1833813115954399 0
1634068139853 0.24347209930419922 0
1634068294931 0.2596433162689209 0
1634068450010 0.28502603620290756 0
1634068605008 0.29735927283763885 0
1634068759994 0.22814662009477615 0
1634068916335 0.37849530577659607 0
1634069071293 0.3799339085817337 0
1634069226215 0.20862654596567154 0
1634069381168 0.2572726830840111 0
1634069536063 0.2668512687087059 0
1634069690951 0.20126346871256828 0
1634069845860 0.20489071309566498 0
1634070000713 0.2042536400258541 0
1634070155630 0.24892733246088028 0
1634070310493 0.2802467495203018 0
1634070465389 0.37081047892570496 0
1634070620215 0.2753438949584961 0
1634070775050 0.21403677016496658 0
1634070930042 0.22712751477956772 0
1634071085010 0.21140652894973755 0
1634071240024 0.2627509832382202 0
1634071395061 0.18817010521888733 0
1634071550035 0.199675552546978 0
1634071704931 0.16979533061385155 0
1634071859780 0.19246866554021835 0
1634072015913 0.20169828459620476 0
1634072170781 0.25005779415369034 0
1634072325715 0.28638969361782074 0
1634072480710 0.34307055175304413 0
1634072635729 0.21634256839752197 0
1634072790664 0.2970397621393204 0
1634072945558 0.16737790405750275 0
1634073100576 0.22647731006145477 0
1634073255557 0.1879393644630909 0
1634073410550 0.1924808882176876 0
1634073565536 0.3965221345424652 0
1634073720542 0.18513160571455956 0
1634073875487 0.2235158383846283 0
1634074030577 0.18125993013381958 0
1634074185517 0.26067667454481125 0
1634074340522 0.2631823271512985 0
1634074495482 0.2191978543996811 0
1634074650440 0.2529267966747284 0
1634074805327 0.2210531234741211 0
1634074960345 0.16471903771162033 0
1634075116553 0.20334436744451523 0
1634075271582 0.3269145041704178 0
1634075426516 0.37090960144996643 0
1634075581511 0.2262488529086113 0
1634075736501 0.19893856346607208 0
1634075891491 0.211866594851017 0
1634076046480 0.2616766020655632 0
1634076201478 0.260092131793499 0
1634076356468 0.1830003634095192 0
1634076511407 0.23111285269260406 0
1634076666294 0.29230601340532303 0
1634076821281 0.19931649416685104 0
1634076976254 0.20079927146434784 0
1634077131249 0.24264953285455704 0
1634077286250 0.18301495909690857 0
1634077441262 0.30907103419303894 0
1634077596247 0.24380432441830635 0
1634077751264 0.26735392957925797 0
1634077906283 0.2221376821398735 0
1634078061311 0.18926770985126495 0
1634078217613 0.18431463092565536 0
1634078372621 0.26014168560504913 0
1634078527614 0.25596705079078674 0
1634078682606 0.20415055006742477 0
1634078837629 0.21028562635183334 0
1634078992605 0.196559838950634 0
1634079147497 0.2129540517926216 0
1634079302427 0.23543190211057663 0
1634079457483 0.2004743069410324 0
1634079612478 0.2593683674931526 0
1634079767466 0.2139376550912857 0
1634079922516 0.21248435974121094 0
1634080077561 0.3099614381790161 0
1634080232654 0.21117035299539566 0
1634080387734 0.19434311985969543 0
1634080542741 0.3424156531691551 0
1634080697749 0.2266680747270584 0
1634080852746 0.2595798075199127 0
1634081007821 0.20197205245494843 0
1634081162814 0.19849470257759094 0
1634081319129 0.20247308164834976 0
1634081474188 0.2268725410103798 0
1634081629155 0.1814599111676216 0
1634081784185 0.21645928919315338 0
1634081939279 0.19921944290399551 0
1634082094231 0.19309119880199432 0
1634082249189 0.21132462471723557 0
1634082404223 0.19631915912032127 0
1634082559262 0.20691334456205368 0
1634082714294 0.24670284986495972 0
1634082869247 0.17050189524888992 0
1634083024131 0.18734607100486755 0
1634083179002 0.2228296399116516 0
1634083333859 0.2547493278980255 0
1634083488729 0.2383047714829445 0
1634083643597 0.24792785942554474 0
1634083798475 0.32267285883426666 0
1634083953361 0.19449948519468307 0
1634084108292 0.32182635366916656 0
1634084263196 0.1671082302927971 0
1634084419312 0.18104776740074158 0
1634084574236 0.2766580209136009 0
1634084729182 0.32412292808294296 0
1634084884203 0.21795058250427246 0
1634085039140 0.19459106773138046 0
1634085194032 0.16141970455646515 0
1634085348981 0.1728084646165371 0
1634085503947 0.18991848081350327 0
1634085658959 0.14520150050520897 0
1634085813963 0.20009418576955795 0
1634085968940 0.22941699624061584 0
1634086123830 0.17623010277748108 0
1634086278784 0.1869272068142891 0
1634086433750 0.20444269105792046 0
1634086588716 0.2803211361169815 0
1634086743687 0.18516838550567627 0
1634086898750 0.3039696738123894 0
1634087053750 0.17209452390670776 0
1634087208802 0.21367614716291428 0
1634087363790 0.23484832793474197 0
1634087520053 0.17176812514662743 0
1634087675042 0.4084240049123764 0
1634087830029 0.18344541266560555 0
1634087985070 0.336268812417984 0
1634088140078 0.20663774758577347 0
1634088295051 0.2200183942914009 0
1634088449987 0.1933780163526535 0
1634088604936 0.1750979758799076 0
1634088759879 0.17525405436754227 0
1634088914822 0.21918871626257896 0
1634089069739 0.19295727461576462 0
1634089224697 0.21343805640935898 0
1634089379642 0.23202649503946304 0
1634089534611 0.19442301988601685 0
1634089689500 0.2209564745426178 0
1634089844393 0.24254071712493896 0
1634089999337 0.4375019073486328 0
1634090154288 0.23110734298825264 0
1634090309249 0.3860931843519211 0
1634090464184 0.26829521358013153 0
1634090620413 0.23768797889351845 0
1634090775395 0.27932003140449524 0
1634090930389 0.2026597410440445 0
1634091085375 0.21835758537054062 0
1634091240280 0.23434419929981232 0
1634091395273 0.18752598762512207 0
1634091550225 0.22872545570135117 0
1634091705182 0.23598237335681915 0
1634091860130 0.1836191676557064 0
1634092015131 0.2246294766664505 0
1634092170063 0.2282169982790947 0
1634092325048 0.15563105791807175 0
1634092480002 0.21059392020106316 0
1634092635012 0.18498703092336655 0
1634092789992 0.21960166841745377 0
1634092944987 0.22993498295545578 0
1634093099955 0.418929859995842 0
1634093254981 0.18222884461283684 0
1634093409984 0.18378371745347977 0
1634093564958 0.3115461990237236 0
1634093721206 0.17946650087833405 0
1634093876171 0.19335826486349106 0
1634094031177 0.19617599621415138 0
1634094186131 0.1599498614668846 0
1634094341149 0.22224287688732147 0
1634094496084 0.2871931716799736 0
1634094651001 0.30372652411460876 0
1634094805981 0.15343936532735825 0
1634094960942 0.20087843760848045 0
1634095115874 0.2071857750415802 0
1634095270801 0.18435035645961761 0
1634095425660 0.23158041387796402 0
1634095580557 0.2146219164133072 0
1634095735561 0.17513837665319443 0
1634095890479 0.2092733532190323 0
1634096045412 0.1930549219250679 0
1634096200422 0.2222074382007122 0
1634096355287 0.1834360770881176 0
1634096510145 0.20259692147374153 0
1634096665061 0.22859812900424004 0
1634096821325 0.23113129287958145 0
1634096976306 0.22636998444795609 0
1634097131302 0.19315508753061295 0
1634097286218 0.24131591618061066 0
1634097441211 0.16619396209716797 0
1634097596220 0.21836913377046585 0
1634097751259 0.2028113305568695 0
1634097906304 0.19668667018413544 0
1634098061354 0.17189380899071693 0
1634098216330 0.22082285955548286 0
1634098371301 0.1982356309890747 0
1634098526368 0.21913893520832062 0
1634098681403 0.20679838955402374 0
1634098836416 0.15774282068014145 0
1634098991464 0.23697999864816666 0
1634099146392 0.2089308202266693 0
1634099301318 0.20514920353889465 0
1634099456251 0.2912367507815361 0
1634099611186 0.1753125600516796 0
1634099766153 0.2783288285136223 0
1634099922398 0.2108464390039444 0
1634100077426 0.253573514521122 0
1634100232447 0.1711648739874363 0
1634100387429 0.20521917939186096 0
1634100542441 0.16131000220775604 0
1634100697471 0.2092721313238144 0
1634100852457 0.178305521607399 0
1634101007406 0.22291214019060135 0
1634101162331 0.19629034399986267 0
1634101317289 0.1979457288980484 0
1634101472232 0.1788896657526493 0
1634101627231 0.2022755779325962 0
1634101782229 0.20634825527668 0
1634101937147 0.23767410963773727 0
1634102092102 0.25809139758348465 0
1634102247059 0.1618460714817047 0
1634102402080 0.20399614796042442 0
1634102556947 0.2318027913570404 0
1634102711859 0.17385457828640938 0
1634102866780 0.2494134157896042 0
1634103022933 0.24528352171182632 0
1634103177904 0.1857827827334404 0
1634103332908 0.15780160203576088 0
1634103487867 0.19474737346172333 0
1634103643366 0.20142140984535217 0
1634103802777 0.23991624265909195 0
1634103960517 0.21966929733753204 0
1634104117813 0.15625416487455368 0
1634104501777 0.24698727577924728 0
1634104660439 0.19765705987811089 0
