1634009843852 8.057123184204102 0
1634010000132 3.1984338760375977 0
1634010156974 2.9915170669555664 0
1634010311921 3.214695453643799 0
1634010466933 2.9466280937194824 0
1634010621916 2.419264554977417 0
1634010776922 2.7246408462524414 0
1634010931866 2.7128660678863525 0
1634011086805 2.8906633853912354 0
1634011241876 2.684108257293701 0
1634011396867 2.6993768215179443 0
1634011551852 2.424694299697876 0
1634011706839 2.356252670288086 0
1634011861832 2.8811419010162354 0
1634012016793 2.6831884384155273 0
1634012171809 2.5006580352783203 0
1634012326842 2.6830458641052246 0
1634012481842 2.258976697921753 0
1634012636876 2.2816052436828613 0
1634012791845 2.6297919750213623 0
1634012946821 2.290922164916992 0
1634013103073 2.209733247756958 0
1634013258079 2.2505381107330322 0
1634013413081 2.4045324325561523 0
1634013568070 2.6710503101348877 0
1634013723045 2.6582577228546143 0
1634013878021 2.7421910762786865 0
1634014033042 2.379136800765991 0
1634014187959 2.422199010848999 0
1634014342860 2.6095330715179443 0
1634014497862 2.4343271255493164 0
1634014652818 2.5248467922210693 0
1634014807845 2.4726877212524414 0
1634014962787 2.3193042278289795 0
1634015117755 2.3600664138793945 0
1634015272698 2.456869602203369 0
1634015427657 1.9696381092071533 0
1634015582586 2.260104179382324 0
1634015737581 2.35870623588562 0
1634015892578 2.4475979804992676 0
1634016047600 2.2258994579315186 0
1634016203925 2.4216437339782715 0
1634016358938 2.4081454277038574 0
1634016513938 2.261946201324463 0
1634016668928 2.228746175765991 0
1634016823961 2.213170289993286 0
1634016979004 2.190380096435547 0
1634017134031 2.475743055343628 0
1634017289036 2.2498393058776855 0
1634017444018 1.861379623413086 0
1634017598976 2.3366105556488037 0
1634017753953 2.2769813537597656 0
1634017909008 2.269937038421631 0
1634018063996 2.247864246368408 0
1634018219011 2.4008302688598633 0
1634018374057 2.2753939628601074 0
1634018529057 2.2200767993927 0
1634018684087 2.249500036239624 0
1634018839117 2.4742798805236816 0
1634018994070 2.4908673763275146 0
1634019148953 2.369345188140869 0
1634019305226 2.300675868988037 0
1634019460206 2.3287880420684814 0
1634019615168 2.386082172393799 0
1634019770205 2.422637939453125 0
1634019925191 2.226527452468872 0
1634020080157 2.2797179222106934 0
1634020235146 2.147631883621216 0
1634020390186 2.3072805404663086 0
1634020545191 2.1621031761169434 0
1634020700185 2.324803113937378 0
1634020855227 2.342576742172241 0
1634021010171 2.0677413940429688 0
1634021165168 2.291926622390747 0
1634021320176 2.1454806327819824 0
1634021475177 2.2521541118621826 0
1634021630187 2.4111390113830566 0
1634021785185 2.2730391025543213 0
1634021940176 4.17100715637207 0
1634022095142 2.2777836322784424 0
1634022250121 2.298093795776367 0
1634022406405 2.203650951385498 0
1634022561437 2.4376659393310547 0
1634022716456 2.2585678100585938 0
1634022871454 2.3536558151245117 0
1634023026456 7.510085582733154 0
1634023181477 2.189826488494873 0
1634023336434 2.137413263320923 0
1634023491435 2.1868503093719482 0
1634023646379 2.319056749343872 0
1634023801404 2.353645086288452 0
1634023956376 2.1782925128936768 0
1634024111340 2.120434522628784 0
1634024266370 2.3723855018615723 0
1634024421345 2.449748992919922 0
1634024576308 2.302011728286743 0
1634024731284 2.3649258613586426 0
1634024886301 2.4753284454345703 0
1634025041249 2.253798484802246 0
1634025196222 2.3898189067840576 0
1634025351226 2.349158763885498 0
1634025507475 2.132202625274658 0
1634025662534 2.3334476947784424 0
1634025817461 2.306040048599243 0
1634025972476 2.335054397583008 0
1634026127489 2.2444331645965576 0
1634026282471 2.1091690063476562 0
1634026437434 2.3405632972717285 0
1634026592378 2.1936023235321045 0
1634026747359 2.5048539638519287 0
1634026902386 2.286151647567749 0
1634027057390 2.3865811824798584 0
1634027212375 2.501878261566162 0
1634027367374 2.237299680709839 0
1634027522378 2.1580557823181152 0
1634027677399 2.328429698944092 0
1634027832461 2.2533669471740723 0
1634027987475 2.351313352584839 0
1634028142467 2.397841453552246 0
1634028297468 2.2053658962249756 0
1634028452506 2.3783178329467773 0
1634028608729 2.3595693111419678 0
1634028763694 2.351440668106079 0
1634028918676 2.2322521209716797 0
1634029073629 2.2698004245758057 0
1634029228580 2.5422286987304688 0
1634029383546 2.470618963241577 0
1634029538512 2.1677675247192383 0
1634029693540 2.341019868850708 0
1634029848539 2.1278233528137207 0
1634030003541 2.2998721599578857 0
1634030158454 2.2396466732025146 0
1634030313483 2.2480993270874023 0
1634030468529 2.1580724716186523 0
1634030623581 2.2039999961853027 0
1634030778544 2.19081449508667 0
1634030933524 2.481142520904541 0
1634031088438 2.0430898666381836 0
1634031243326 2.358854293823242 0
1634031398256 2.1071090698242188 0
1634031553247 2.3795340061187744 0
1634031709440 2.1757960319519043 0
1634031864424 2.116325855255127 0
1634032019395 2.308741331100464 0
1634032174427 2.2972583770751953 0
1634032329425 2.4516000747680664 0
1634032484420 2.230982542037964 0
1634032639437 2.086880683898926 0
1634032794403 2.1843111515045166 0
1634032949317 2.227696180343628 0
1634033104216 2.258554458618164 0
1634033259112 2.286424398422241 0
1634033414116 2.1299853324890137 0
1634033569077 2.155165195465088 0
1634033723979 2.1988680362701416 0
1634033878947 2.2661285400390625 0
1634034033834 2.171013832092285 0
1634034188707 2.2368316650390625 0
1634034343643 2.24874210357666 0
1634034498579 2.1152162551879883 0
1634034653492 2.2376255989074707 0
1634034809666 2.2436141967773438 0
1634034964611 2.187781810760498 0
1634035119515 2.267132520675659 0
1634035274484 2.247608184814453 0
1634035429363 2.2678611278533936 0
1634035584342 2.2320077419281006 0
1634035739327 2.3333334922790527 0
1634035894308 2.213602066040039 0
1634036049272 2.242917537689209 0
1634036204253 2.2716355323791504 0
1634036359158 2.173275947570801 0
1634036514065 2.7465555667877197 0
1634036669030 2.21828031539917 0
1634036824064 2.230083703994751 0
1634036979066 2.1700568199157715 0
1634037134098 2.229605197906494 0
1634037289105 2.2091124057769775 0
1634037444128 2.2908031940460205 0
1634037599164 2.2869038581848145 0
1634037754193 2.3415167331695557 0
1634037910405 2.228621244430542 0
1634038065357 2.169926166534424 0
1634038220285 2.132307767868042 0
1634038375267 2.204824447631836 0
1634038530235 2.3106374740600586 0
1634038685223 2.1411232948303223 0
1634038840213 2.216920852661133 0
1634038995174 2.209829568862915 0
1634039150151 2.227511167526245 0
1634039305102 2.1822350025177 0
1634039460093 2.110666275024414 0
1634039615134 2.2811594009399414 0
1634039770099 2.122948169708252 0
1634039925041 2.2801625728607178 0
1634040080016 2.2425432205200195 0
1634040234968 2.3264474868774414 0
1634040389929 2.072646141052246 0
1634040544917 2.1986963748931885 0
1634040699889 2.3327226638793945 0
1634040854840 2.185385227203369 0
1634041011086 2.1898157596588135 0
1634041166027 2.239941358566284 0
1634041320933 2.2099609375 0
1634041475888 2.2461960315704346 0
1634041630851 2.2222373485565186 0
1634041785786 2.2067322731018066 0
1634041940746 2.18572735786438 0
1634042095725 2.2246506214141846 0
1634042250695 2.2726995944976807 0
1634042405662 2.1674699783325195 0
1634042560622 2.146315336227417 0
1634042715528 2.214566469192505 0
1634042870456 2.0330920219421387 0
1634043025338 2.1828930377960205 0
1634043180288 2.1986072063446045 0
1634043335191 2.1572861671447754 0
1634043490097 2.1312100887298584 0
1634043645049 2.2923712730407715 0
1634043800034 2.1345925331115723 0
1634043955054 2.307361125946045 0
1634044111304 2.2496392726898193 0
1634044266202 2.2020506858825684 0
1634044421161 2.456961154937744 0
1634044576102 2.2803969383239746 0
1634044731032 2.291361093521118 0
1634044885977 2.21002459526062 0
1634045040905 2.2820775508880615 0
1634045195822 2.2344319820404053 0
1634045350787 2.207941770553589 0
1634045505709 2.239514112472534 0
1634045660670 2.246065139770508 0
1634045815586 2.143066883087158 0
1634045970485 2.1609299182891846 0
1634046125417 2.171767473220825 0
1634046280372 2.2306323051452637 0
1634046435313 2.2206196784973145 0
1634046590287 2.171070098876953 0
1634046745281 2.254523515701294 0
1634046900205 2.1369197368621826 0
1634047055177 2.299992322921753 0
1634047211407 2.1635947227478027 0
1634047366376 2.20419979095459 0
1634047521341 2.2950117588043213 0
1634047676281 2.2791693210601807 0
1634047831285 2.1655004024505615 0
1634047986321 2.1031606197357178 0
1634048141382 2.2006967067718506 0
1634048296390 2.2122507095336914 0
1634048451362 2.166327476501465 0
1634048606330 2.1378931999206543 0
1634048761286 2.291661024093628 0
1634048916264 2.1948232650756836 0
1634049071218 2.2323765754699707 0
1634049226095 2.2169415950775146 0
1634049381141 2.2444276809692383 0
1634049536152 2.2367026805877686 0
1634049691116 2.1379342079162598 0
1634049846087 2.1040241718292236 0
1634050001073 2.108903646469116 0
1634050156099 2.259831666946411 0
1634050312365 2.154533624649048 0
1634050467390 2.231921911239624 0
1634050622329 2.203315496444702 0
1634050777308 2.112485647201538 0
1634050932294 2.2309937477111816 0
1634051087293 2.230212926864624 0
1634051242230 2.145782232284546 0
1634051397172 2.306624412536621 0
1634051552117 2.1484599113464355 0
1634051707142 2.3074584007263184 0
1634051862141 2.13559889793396 0
1634052017158 2.088090419769287 0
1634052172181 2.122713565826416 0
1634052327235 2.167595863342285 0
1634052482266 2.280820369720459 0
1634052637279 2.296253204345703 0
1634052792227 2.152132749557495 0
1634052947189 2.1629161834716797 0
1634053102138 2.074282169342041 0
1634053257176 2.1213438510894775 0
1634053413510 2.1493232250213623 0
1634053568489 2.1105458736419678 0
1634053723522 2.2366387844085693 0
1634053878465 2.182887554168701 0
1634054033479 2.20377516746521 0
1634054188509 2.2132229804992676 0
1634054343527 2.3006346225738525 0
1634054498430 2.19140887260437 0
1634054653289 2.2923777103424072 0
1634054808163 2.1590330600738525 0
1634054963116 2.1441891193389893 0
1634055118007 2.1369504928588867 0
1634055272881 2.0880866050720215 0
1634055427824 2.1655433177948 0
1634055582721 2.375340223312378 0
1634055737671 2.1765217781066895 0
1634055892629 2.1722872257232666 0
1634056047510 2.1348018646240234 0
1634056202374 2.1957318782806396 0
1634056357374 2.158677577972412 0
1634056513548 2.1657729148864746 0
1634056668415 2.19966197013855 0
1634056823317 2.2071685791015625 0
1634056978169 2.274596691131592 0
1634057133102 2.137310743331909 0
1634057288008 2.136263132095337 0
1634057442884 2.2951667308807373 0
1634057597804 2.122648239135742 0
1634057752768 2.1389307975769043 0
1634057907782 2.1233155727386475 0
1634058062688 2.1852426528930664 0
1634058217597 2.0745086669921875 0
1634058372565 2.1992781162261963 0
1634058527572 2.123995304107666 0
1634058682602 2.2157680988311768 0
1634058837667 2.2590205669403076 0
1634058992733 2.1595890522003174 0
1634059147660 2.060525894165039 0
1634059302692 2.1446917057037354 0
1634059457698 2.092984199523926 0
1634059613991 2.1403615474700928 0
1634059768951 2.261383533477783 0
1634059923936 2.4206650257110596 0
1634060078929 2.1624596118927 0
1634060233897 2.1493489742279053 0
1634060388821 2.2187843322753906 0
1634060543753 2.2355425357818604 0
1634060698717 2.1495425701141357 0
1634060853675 2.0622365474700928 0
1634061008657 2.089888095855713 0
1634061163636 2.1535561084747314 0
1634061318606 2.1111862659454346 0
1634061473603 2.129394769668579 0
1634061628513 2.147141933441162 0
1634061783451 2.176652669906616 0
1634061938398 2.1551480293273926 0
1634062093313 2.1917612552642822 0
1634062248343 2.194524049758911 0
1634062403296 2.233355760574341 0
1634062558260 2.1888976097106934 0
1634062714515 2.1551878452301025 0
1634062869512 2.0329785346984863 0
1634063024489 2.1059536933898926 0
1634063179522 2.1482787132263184 0
1634063334501 2.2533392906188965 0
1634063489525 2.1112430095672607 0
1634063644512 2.188612222671509 0
1634063799485 2.233109474182129 0
1634063954503 2.1518208980560303 0
1634064109479 2.136345386505127 0
1634064264447 2.2171125411987305 0
1634064419463 2.2025508880615234 0
1634064574425 2.1276309490203857 0
1634064729435 2.113365888595581 0
1634064884425 2.166224718093872 0
1634065039436 2.1301186084747314 0
1634065194434 2.0484862327575684 0
1634065349357 2.1492021083831787 0
1634065504275 2.1174654960632324 0
1634065659233 2.1289291381835938 0
1634065815473 2.1519172191619873 0
1634065970487 2.2600910663604736 0
1634066125502 2.185180425643921 0
1634066280469 2.1692187786102295 0
1634066435465 2.148594617843628 0
1634066590453 2.0776114463806152 0
1634066745458 2.3200581073760986 0
1634066900464 2.145026683807373 0
1634067055310 2.1675703525543213 0
1634067210187 2.164931058883667 0
1634067365075 2.162606716156006 0
1634067520011 2.1288647651672363 0
1634067674975 2.121796131134033 0
1634067829961 2.0922560691833496 0
1634067984828 2.137923240661621 0
1634068139853 2.105780839920044 0
1634068294931 2.1900432109832764 0
1634068450010 2.1654481887817383 0
1634068605008 2.2437219619750977 0
1634068759994 2.1618566513061523 0
1634068916335 2.2798655033111572 0
1634069071293 2.3063228130340576 0
1634069226199 2.107038736343384 0
1634069381153 2.177708625793457 0
1634069536048 2.201657295227051 0
1634069690951 2.0753252506256104 0
1634069845844 2.1339828968048096 0
1634070000713 2.1481423377990723 0
1634070155630 2.168436288833618 0
1634070310493 2.2108025550842285 0
1634070465374 2.242732048034668 0
1634070620215 2.190082311630249 0
1634070775050 2.141812324523926 0
1634070930026 2.1495144367218018 0
1634071085010 2.144566059112549 0
1634071240009 2.205265760421753 0
1634071395045 2.0845816135406494 0
1634071550019 2.0913686752319336 0
1634071704931 2.0406315326690674 0
1634071859780 2.15336275100708 0
1634072015913 2.08549427986145 0
1634072170781 2.155888319015503 0
1634072325715 2.1708438396453857 0
1634072480710 2.202894926071167 0
1634072635729 2.1784064769744873 0
1634072790664 2.188788890838623 0
1634072945558 2.0639753341674805 0
1634073100560 2.139279365539551 0
1634073255557 2.0714540481567383 0
1634073410535 2.17317533493042 0
1634073565520 2.2703962326049805 0
1634073720526 2.077003002166748 0
1634073875487 2.165952205657959 0
1634074030577 2.0759003162384033 0
1634074185517 2.188678741455078 0
1634074340506 2.1852831840515137 0
1634074495482 2.1922872066497803 0
1634074650440 2.1414926052093506 0
1634074805327 2.219768762588501 0
1634074960345 2.1033198833465576 0
1634075116553 2.121671676635742 0
1634075271582 2.188974380493164 0
1634075426516 2.2176175117492676 0
1634075581511 2.1463019847869873 0
1634075736501 2.1340126991271973 0
1634075891491 2.09936261177063 0
1634076046480 2.2289326190948486 0
1634076201478 2.1224825382232666 0
1634076356468 2.049856185913086 0
1634076511407 2.1168594360351562 0
1634076666294 2.206399440765381 0
1634076821265 2.127089023590088 0
1634076976238 2.197105884552002 0
1634077131249 2.1383590698242188 0
1634077286250 2.1072001457214355 0
1634077441262 2.251063346862793 0
1634077596247 2.1627001762390137 0
1634077751249 2.162627696990967 0
1634077906283 2.071913957595825 0
1634078061311 2.107870578765869 0
1634078217613 2.1433768272399902 0
1634078372621 2.1126797199249268 0
1634078527614 2.224910020828247 0
1634078682591 2.1200966835021973 0
1634078837629 2.1237099170684814 0
1634078992605 2.0912981033325195 0
1634079147497 2.1386666297912598 0
1634079302427 2.1832423210144043 0
1634079457483 2.1641898155212402 0
1634079612478 2.2325305938720703 0
1634079767466 2.1449286937713623 0
1634079922516 2.1033389568328857 0
1634080077561 2.264986038208008 0
1634080232654 2.1375579833984375 0
1634080387734 2.1654653549194336 0
1634080542725 2.2417309284210205 0
1634080697749 2.1032321453094482 0
1634080852746 2.160468816757202 0
1634081007821 2.1500566005706787 0
1634081162799 2.107736349105835 0
1634081319113 2.142866611480713 0
1634081474188 2.194356918334961 0
1634081629140 2.0852396488189697 0
1634081784185 2.150315284729004 0
1634081939263 2.174351692199707 0
1634082094215 2.1635239124298096 0
1634082249189 2.1839001178741455 0
1634082404223 2.1292006969451904 0
1634082559262 2.1221964359283447 0
1634082714278 2.1917197704315186 0
1634082869247 2.123375415802002 0
1634083024131 2.133085012435913 0
1634083179002 2.139761209487915 0
1634083333859 2.1907222270965576 0
1634083488729 2.209836483001709 0
1634083643597 2.1892001628875732 0
1634083798460 2.248525857925415 0
1634083953361 2.224322557449341 0
1634084108292 2.209963321685791 0
1634084263196 2.1027262210845947 0
1634084419312 2.1187996864318848 0
1634084574236 2.2034854888916016 0
1634084729182 2.2226037979125977 0
1634084884203 2.1647136211395264 0
1634085039140 2.142618179321289 0
1634085194032 2.0952274799346924 0
1634085348981 2.101346731185913 0
1634085503947 2.163362503051758 0
1634085658959 2.082218885421753 0
1634085813963 2.159074306488037 0
1634085968940 2.1507906913757324 0
1634086123830 2.059871196746826 0
1634086278784 2.1519522666931152 0
1634086433750 2.138730525970459 0
1634086588716 2.178480386734009 0
1634086743687 2.131356954574585 0
1634086898750 2.1771063804626465 0
1634087053750 2.1322484016418457 0
1634087208802 2.114295721054077 0
1634087363790 2.1242895126342773 0
1634087520037 2.1227450370788574 0
1634087675042 2.4307098388671875 0
1634087830029 2.11633563041687 0
1634087985054 2.274609327316284 0
1634088140078 2.175227403640747 0
1634088295035 2.184631824493408 0
1634088449987 2.098560094833374 0
1634088604936 2.1362833976745605 0
1634088759879 2.1114156246185303 0
1634088914807 2.106630802154541 0
1634089069739 2.110780954360962 0
1634089224697 2.1373372077941895 0
1634089379642 2.155846118927002 0
1634089534611 2.158250093460083 0
1634089689500 2.1463797092437744 0
1634089844393 2.125314474105835 0
1634089999337 2.2453789710998535 0
1634090154288 2.094028949737549 0
1634090309233 2.1965725421905518 0
1634090464184 2.2240707874298096 0
1634090620413 2.1463544368743896 0
1634090775395 2.266892671585083 0
1634090930389 2.1402814388275146 0
1634091085375 2.114158868789673 0
1634091240264 2.17612886428833 0
1634091395273 2.0942084789276123 0
1634091550225 2.204789638519287 0
1634091705167 2.1577634811401367 0
1634091860130 2.1140565872192383 0
1634092015131 2.134693145751953 0
1634092170048 2.1584339141845703 0
1634092325048 2.052401065826416 0
1634092480002 2.123983144760132 0
1634092635012 2.1514596939086914 0
1634092789992 2.1248245239257812 0
1634092944987 2.108161687850952 0
1634093099955 2.3374409675598145 0
1634093254966 2.1148602962493896 0
1634093409969 2.103891372680664 0
1634093564958 2.2646846771240234 0
1634093721206 2.091691255569458 0
1634093876171 2.075256109237671 0
1634094031161 2.1552278995513916 0
1634094186131 2.1535816192626953 0
1634094341149 2.1665995121002197 0
1634094496084 2.1886491775512695 0
1634094651001 2.2478654384613037 0
1634094805981 2.149146318435669 0
1634094960942 2.1314449310302734 0
1634095115874 2.1353719234466553 0
1634095270801 2.133596897125244 0
1634095425660 2.1434736251831055 0
1634095580557 2.129560708999634 0
1634095735561 2.119615077972412 0
1634095890479 2.146151304244995 0
1634096045412 2.0821056365966797 0
1634096200422 2.1611499786376953 0
1634096355287 2.0793614387512207 0
1634096510145 2.1570141315460205 0
1634096665061 2.1255972385406494 0
1634096821325 2.1987438201904297 0
1634096976306 2.134648084640503 0
1634097131302 2.1286723613739014 0
1634097286218 2.1926066875457764 0
1634097441211 2.084420680999756 0
1634097596220 2.122375965118408 0
1634097751244 2.1376259326934814 0
1634097906304 2.1553640365600586 0
1634098061354 2.123324394226074 0
1634098216330 2.0869739055633545 0
1634098371285 2.117818593978882 0
1634098526353 2.193556547164917 0
1634098681403 2.1360113620758057 0
1634098836416 2.1002349853515625 0
1634098991464 2.1506168842315674 0
1634099146392 2.1375696659088135 0
1634099301302 2.129009485244751 0
1634099456235 2.222749948501587 0
1634099611186 2.1056008338928223 0
1634099766153 2.1887319087982178 0
1634099922398 2.181732416152954 0
1634100077410 2.220757007598877 0
1634100232447 2.1633481979370117 0
1634100387429 2.094064712524414 0
1634100542441 2.013317346572876 0
1634100697471 2.121446371078491 0
1634100852441 2.100476026535034 0
1634101007391 2.1292154788970947 0
1634101162331 2.0887138843536377 0
1634101317289 2.1322569847106934 0
1634101472232 2.1307413578033447 0
1634101627231 2.082426071166992 0
1634101782229 2.1620776653289795 0
1634101937132 2.1674318313598633 0
1634102092102 2.1981754302978516 0
1634102247059 2.026907444000244 0
1634102402064 2.135734796524048 0
1634102556947 2.159013509750366 0
1634102711859 2.1126394271850586 0
1634102866780 2.1323299407958984 0
1634103022933 2.1008217334747314 0
1634103177904 2.10357928276062 0
1634103332893 2.129992723464966 0
1634103487867 2.115415334701538 0
1634103643366 2.169539213180542 0
1634103802774 2.1788361072540283 0
1634103960517 2.120126485824585 0
1634104117810 2.086928367614746 0
1634104501777 2.173877000808716 0
1634104660421 2.140240430831909 0
