1634527044439 1.0718336701393127 0
1634527047381 0.31524658203125 0
1634527049051 0.19438636302947998 0
1634527050698 0.12501123547554016 0
1634527052293 0.19999877363443375 0
1634527053896 0.18527841567993164 0
1634527055470 0.1720765233039856 0
1634527057080 0.22722889482975006 0
1634527058666 0.2449825257062912 0
1634527060246 0.5105663985013962 0
1634527061825 0.5089426338672638 0
1634527064746 0.24062884598970413 0
1634527066332 0.2800402045249939 0
1634527067965 0.49323226511478424 0
1634527069560 0.35180994868278503 0
1634527071171 0.34239644557237625 0
1634527072752 0.37865108251571655 0
1634527074333 0.4211147427558899 0
1634527075918 0.24687504023313522 0
1634527077497 0.21149618178606033 0
1634527079073 0.33244989812374115 0
1634527082056 0.4329935163259506 0
1634527083653 0.3586372956633568 0
1634527085264 0.457513764500618 0
1634527086858 0.19725021719932556 0
1634527088463 0.3557613641023636 0
1634527090026 0.4973766505718231 0
1634527091590 0.3947795033454895 0
1634527093168 0.4382525160908699 0
1634527094734 0.45872505009174347 0
1634527096298 0.4111039489507675 0
1634527099226 0.5514404475688934 0
1634527100811 0.21283269673585892 0
1634527102374 0.5371597409248352 0
1634527103954 0.4101073369383812 0
1634527105519 0.19239547103643417 0
1634527107098 0.23541593551635742 0
1634527108671 0.4764283299446106 0
1634527110234 0.3163426071405411 0
1634527111813 0.35890620946884155 0
1634527113378 0.3657388985157013 0
1634527116377 0.41002169251441956 0
1634527117955 0.2940692603588104 0
1634527119536 0.436568945646286 0
1634527121099 0.26560764014720917 0
1634527122678 0.2964538633823395 0
1634527124241 0.2890883684158325 0
1634527125804 0.37737494707107544 0
1634527127385 0.30608178675174713 0
1634527128949 0.4562789052724838 0
1634527130512 0.4046032577753067 0
1634527133459 0.521631732583046 0
1634527135038 0.4087442010641098 0
1634527136617 0.37071655690670013 0
1634527138183 0.4152369052171707 0
1634527139762 0.40585391223430634 0
1634527141326 0.43412573635578156 0
1634527142905 0.43627727031707764 0
1634527144469 0.42409002780914307 0
1634527146032 0.38252119719982147 0
1634527147611 0.3344772160053253 0
1634527150559 0.3726380318403244 0
1634527152138 0.4358624666929245 0
1634527153717 0.3583667576313019 0
1634527155280 0.44398726522922516 0
1634527156859 0.35017456114292145 0
1634527158424 0.4835766553878784 0
1634527159988 0.3457157760858536 0
1634527161567 0.5461556315422058 0
1634527163130 0.46028752624988556 0
1634527164695 0.37485170364379883 0
1634527167711 0.36995045840740204 0
1634527169290 0.44933800399303436 0
1634527170853 0.42169032990932465 0
1634527172433 0.4619695842266083 0
1634527173998 0.3376181125640869 0
1634527175561 0.5601023733615875 0
1634527177140 0.38692109286785126 0
1634527178705 0.32366766035556793 0
1634527180283 0.4003319889307022 0
1634527181848 0.282553281635046 0
1634527184788 0.37290696799755096 0
1634527186367 0.21652571856975555 0
1634527187946 0.46148091554641724 0
1634527189526 0.49861669540405273 0
1634527191089 0.46014314889907837 0
1634527192653 0.493784099817276 0
1634527194234 0.34698349237442017 0
1634527195797 0.31270796060562134 0
1634527197376 0.4367086589336395 0
1634527198940 0.329707533121109 0
1634527201882 0.3648119270801544 0
1634527203447 0.5413070619106293 0
1634527205052 0.35152195394039154 0
1634527206663 0.44379937648773193 0
1634527208273 0.43872788548469543 0
1634527209869 0.36354172229766846 0
1634527211464 0.3456646054983139 0
1634527213043 0.4851078540086746 0
1634527214651 0.4363854229450226 0
1634527216261 0.2961760461330414 0
1634527219366 0.5307039767503738 0
1634527221003 0.6056859940290451 0
1634527222595 0.3344799354672432 0
1634527224177 0.6084125638008118 0
1634527225766 0.6203781366348267 0
1634527227351 0.5125637352466583 0
1634527228944 0.41024331748485565 0
1634527230554 0.2719331830739975 0
1634527232195 0.4279301315546036 0
1634527233839 0.43697628378868103 0
1634527236902 0.5910036563873291 0
1634527238482 0.22915662080049515 0
1634527240078 0.501026526093483 0
1634527241704 0.40749260783195496 0
1634527243315 0.45658090710639954 0
1634527244926 0.544985294342041 0
1634527246552 0.24062418937683105 0
1634527248194 0.43309400975704193 0
1634527249805 0.5153580009937286 0
1634527251382 0.4869030863046646 0
1634527254389 0.4031546264886856 0
1634527256031 0.5390587449073792 0
1634527257625 0.42779408395290375 0
1634527259221 0.48524853587150574 0
1634527260847 0.32981184124946594 0
1634527262475 0.48096394538879395 0
1634527264099 0.32703807950019836 0
1634527265695 0.4584592580795288 0
1634527267353 0.6095211356878281 0
1634527268964 0.35722146183252335 0
1634527272063 0.302754744887352 0
1634527273674 0.4271140545606613 0
1634527275274 0.26211048662662506 0
1634527276883 0.3756437748670578 0
1634527278463 0.2718619182705879 0
1634527280063 0.4913533926010132 0
1634527281659 0.53392493724823 0
1634527283238 0.4860016107559204 0
1634527284836 0.4088110625743866 0
1634527286400 0.6208428740501404 0
1634527289319 0.5583082437515259 0
1634527290901 0.46739038825035095 0
1634527292464 0.4672132283449173 0
1634527294043 0.42993614077568054 0
1634527295606 0.48536086082458496 0
1634527297185 0.4745321273803711 0
1634527298750 0.5123526751995087 0
1634527300329 0.3586471378803253 0
1634527301893 0.4610785245895386 0
1634527303458 0.28797008097171783 0
1634527306404 0.30629292130470276 0
1634527307983 0.40818095207214355 0
1634527309546 0.38451728224754333 0
1634527311125 0.37139663100242615 0
1634527312690 0.33937810361385345 0
1634527314270 0.4397662729024887 0
1634527315833 0.5473039448261261 0
1634527317397 0.38855084776878357 0
1634527318977 0.45371463894844055 0
1634527320540 0.47801701724529266 0
1634527323475 0.4801052361726761 0
1634527325055 0.39290279150009155 0
1634527326634 0.42237941920757294 0
1634527328197 0.5526566803455353 0
1634527329777 0.45653635263442993 0
1634527331340 0.3940183222293854 0
1634527332919 0.2967720031738281 0
1634527334484 0.48626765608787537 0
1634527336048 0.39581529796123505 0
1634527337628 0.3384401500225067 0
1634527340578 0.4584173113107681 0
1634527342157 0.3671716898679733 0
1634527343721 0.6481114327907562 0
1634527345300 0.5148437917232513 0
1634527346865 0.48380008339881897 0
1634527348443 0.4363866299390793 0
1634527350008 0.34417054057121277 0
1634527351571 0.3388509601354599 0
1634527353150 0.5534670799970627 0
1634527354713 0.34714221954345703 0
1634527357827 0.3275754302740097 0
1634527359407 0.3763338327407837 0
1634527360971 0.5258851051330566 0
1634527362550 0.3743330240249634 0
1634527364114 0.42309804260730743 0
1634527365693 0.35332202911376953 0
1634527367258 0.37892912328243256 0
1634527368837 0.4174898862838745 0
1634527370400 0.44950295984745026 0
1634527371979 0.4019145369529724 0
1634527374907 0.4527611583471298 0
1634527376486 0.46431364119052887 0
1634527378065 0.22000161185860634 0
1634527379631 0.20072803646326065 0
1634527381194 0.22251242399215698 0
1634527382773 0.28631503880023956 0
1634527384337 0.3076946288347244 0
1634527385916 0.15177402272820473 0
1634527387479 0.3181231915950775 0
1634527389060 0.14769115298986435 0
1634527392007 0.2597014456987381 0
1634527393587 0.20237651467323303 0
1634527395166 0.35436515510082245 0
1634527396729 0.32327553629875183 0
1634527398333 0.3042086660861969 0
1634527399976 0.33577053248882294 0
1634527401586 0.40059804916381836 0
1634527403182 0.4039624333381653 0
1634527404767 0.34070347249507904 0
1634527406388 0.290591336786747 0
1634527409397 0.3992832154035568 0
1634527410992 0.3492509722709656 0
1634527412587 0.2765759006142616 0
1634527414163 0.3091491609811783 0
1634527415763 0.40667760372161865 0
1634527417326 0.38921527564525604 0
1634527418907 0.2651752270758152 0
1634527420483 0.329143725335598 0
1634527422046 0.3258288502693176 0
1634527423609 0.39408381283283234 0
1634527426550 0.3549111634492874 0
1634527428129 0.3442324548959732 0
1634527429708 0.44281862676143646 0
1634527431271 0.39204537868499756 0
1634527432851 0.2235843613743782 0
1634527434416 0.40830087661743164 0
1634527435995 0.3397412598133087 0
1634527437558 0.4045928716659546 0
1634527439138 0.3793291449546814 0
1634527440702 0.38319309055805206 0
1634527443616 0.3715302646160126 0
1634527445195 0.3919672220945358 0
1634527446774 0.44447697699069977 0
1634527448337 0.35254181176424026 0
1634527449917 0.5893343091011047 0
1634527451496 0.3265588879585266 0
1634527453060 0.5895808935165405 0
1634527454641 0.3001408614218235 0
1634527456204 0.5665968060493469 0
1634527457783 0.3002968728542328 0
1634527460857 0.4102969616651535 0
1634527462438 0.560066282749176 0
1634527464020 0.30627238750457764 0
1634527465654 0.4088616222143173 0
1634527467264 0.36157257854938507 0
1634527468841 0.40082286298274994 0
1634527470455 0.31290579587221146 0
1634527472056 0.5258275270462036 0
1634527473640 0.4286997765302658 0
1634527475243 0.383405938744545 0
1634527478200 0.638737678527832 0
1634527479807 0.596732497215271 0
1634527481390 0.42693206667900085 0
1634527482968 0.4283508062362671 0
1634527484584 0.4582441449165344 0
1634527486312 0.4265765845775604 0
1634527487914 0.3460644483566284 0
1634527489542 0.5520190894603729 0
1634527491175 0.5362361073493958 0
1634527492786 0.38666220009326935 0
1634527495731 0.37641243636608124 0
1634527497333 0.39941003918647766 0
1634527498944 0.4843558371067047 0
1634527500525 0.42820410430431366 0
1634527502162 0.3431556522846222 0
1634527503805 0.4006657302379608 0
1634527505446 0.2620345950126648 0
1634527507088 0.4819619506597519 0
1634527508714 0.4585728943347931 0
1634527510324 0.37815506756305695 0
1634527513350 0.4599151909351349 0
1634527514947 0.576998308300972 0
1634527516573 0.5156681537628174 0
1634527518174 0.35639747232198715 0
1634527519761 0.5629382431507111 0
1634527521341 0.5406522750854492 0
1634527522920 0.45959728956222534 0
1634527524499 0.6375882625579834 0
1634527526132 0.41391970217227936 0
1634527527792 0.4555164724588394 0
1634527530762 0.5558038949966431 0
1634527532343 0.5850807130336761 0
1634527533915 0.48673348128795624 0
1634527535497 0.30609280616045 0
1634527537168 0.5824962705373764 0
1634527538781 0.6100948452949524 0
1634527540395 0.4413187801837921 0
1634527542038 0.5150102972984314 0
1634527543693 0.4937395453453064 0
1634527545285 0.4699852913618088 0
1634527548266 0.2988710179924965 0
1634527549870 0.6602634489536285 0
1634527551513 0.5424573421478271 0
1634527553150 0.4560530036687851 0
1634527554792 0.5926849544048309 0
1634527556417 0.44701941311359406 0
1634527558014 0.5914791077375412 0
1634527559658 0.38113103806972504 0
1634527561285 0.628061443567276 0
1634527562868 0.47023481130599976 0
1634527565815 0.4383990615606308 0
1634527567394 0.6363503932952881 0
1634527568958 0.3463103324174881 0
1634527570537 0.49595338106155396 0
1634527572101 0.4211263805627823 0
1634527573680 0.4395934194326401 0
1634527575244 0.6566372215747833 0
1634527576824 0.5325214117765427 0
1634527578387 0.5933939814567566 0
1634527579953 0.6938219666481018 0
1634527582869 0.5331030189990997 0
1634527584449 0.6651106178760529 0
1634527586013 0.4779887795448303 0
1634527587591 0.4337613731622696 0
1634527589156 0.520485132932663 0
1634527590735 0.48538948595523834 0
1634527592300 0.5096154659986496 0
1634527593865 0.6685601472854614 0
1634527595443 0.5889440327882767 0
1634527597007 0.6222393810749054 0
1634527600175 0.5669256746768951 0
1634527601757 0.581038236618042 0
1634527603322 0.6188189834356308 0
1634527604886 0.637412816286087 0
1634527606451 0.4276767298579216 0
1634527608030 0.48442234098911285 0
1634527609594 0.5949650853872299 0
1634527611173 0.26662006229162216 0
1634527612738 0.3893751800060272 0
1634527614317 0.5073574185371399 0
1634527617245 0.3703094720840454 0
1634527618825 0.5107483565807343 0
1634527620392 0.3918231129646301 0
1634527621955 0.5041839778423309 0
1634527623535 0.46233342587947845 0
1634527625100 0.6591036319732666 0
1634527626679 0.6119506657123566 0
1634527628242 0.3891817629337311 0
1634527629821 0.6318483948707581 0
1634527631386 0.34418724477291107 0
1634527634317 0.6060437858104706 0
1634527635896 0.4472963660955429 0
1634527637476 0.46728217601776123 0
1634527639040 0.5829464942216873 0
1634527640622 0.5714467465877533 0
1634527642197 0.46105603873729706 0
1634527643817 0.3497947156429291 0
1634527645444 0.5468181520700455 0
1634527647071 0.43956513702869415 0
1634527648664 0.46103329956531525 0
1634527651600 0.4787966310977936 0
1634527653177 0.4790663570165634 0
1634527654811 0.3963318467140198 0
1634527656438 0.3023283928632736 0
1634527658081 0.6384711861610413 0
1634527659722 0.5311751961708069 0
1634527661319 0.47505754232406616 0
1634527662961 0.6144549548625946 0
1634527664605 0.569562092423439 0
1634527666247 0.6556296646595001 0
1634527669249 0.5524182319641113 0
1634527670906 0.4997366666793823 0
1634527672548 0.5696870982646942 0
1634527674175 0.4531918913125992 0
1634527675775 0.5958784818649292 0
1634527677384 0.6407061219215393 0
1634527679028 0.5429162979125977 0
1634527680672 0.6059176027774811 0
1634527682273 0.608587771654129 0
1634527683860 0.6412143409252167 0
1634527686841 0.5970914959907532 0
1634527688484 0.5248266309499741 0
1634527690079 0.5814706385135651 0
1634527691716 0.5965676307678223 0
1634527693375 0.5824251770973206 0
1634527694964 0.5624281167984009 0
1634527696529 0.640302300453186 0
1634527698128 0.6059339642524719 0
1634527699789 0.34390000998973846 0
1634527701385 0.458155557513237 0
1634527704387 0.6559635996818542 0
1634527706018 0.6038830280303955 0
1634527707658 0.6441306471824646 0
1634527709240 0.564245879650116 0
1634527710824 0.49792851507663727 0
1634527712408 0.7423586547374725 0
1634527713986 0.49137306213378906 0
1634527715563 0.6584880650043488 0
1634527717145 0.6766668856143951 0
1634527718735 0.7090635001659393 0
1634527721723 0.6730461567640305 0
1634527723314 0.561068594455719 0
1634527724905 0.7367533445358276 0
1634527726527 0.7086621522903442 0
1634527728154 0.678351491689682 0
1634527729753 0.5530880838632584 0
1634527731373 0.6099673211574554 0
1634527732985 0.4767034500837326 0
1634527734588 0.580560564994812 0
1634527736201 0.5194111466407776 0
1634527739231 0.5480569899082184 0
1634527740870 0.7794241011142731 0
1634527742511 0.41208507120609283 0
1634527744121 0.3879160135984421 0
1634527745763 0.6438960582017899 0
1634527747351 0.468612477183342 0
1634527748971 0.49383223056793213 0
1634527750585 0.5115948021411896 0
1634527752212 0.5353998988866806 0
1634527753807 0.5356429815292358 0
1634527757119 0.45179642736911774 0
1634527758757 0.29119395837187767 0
1634527760400 0.604033350944519 0
1634527762057 0.6609343588352203 0
1634527763704 0.5769876539707184 0
1634527765317 0.6094117164611816 0
1634527766971 0.49238675832748413 0
1634527768576 0.5410930961370468 0
1634527770236 0.5988324880599976 0
1634527771877 0.6385895311832428 0
1634527774828 0.5584500133991241 0
1634527776448 0.5135913789272308 0
1634527778038 0.5294942259788513 0
1634527779621 0.6233591288328171 0
1634527781197 0.6433853507041931 0
1634527782827 0.5430943667888641 0
1634527784462 0.5772254765033722 0
1634527786056 0.607226699590683 0
1634527787685 0.592430591583252 0
1634527789288 0.6519523859024048 0
1634527792216 0.6718088388442993 0
1634527793808 0.6499335169792175 0
1634527795390 0.5392240881919861 0
1634527797014 0.5867277979850769 0
1634527798585 0.6203002631664276 0
1634527800150 0.6213783323764801 0
1634527801724 0.6230921298265457 0
1634527803307 0.6381481289863586 0
1634527804879 0.5808715522289276 0
1634527806434 0.6783152222633362 0
1634527809352 0.642926424741745 0
1634527810923 0.6691179275512695 0
1634527812501 0.41287994384765625 0
1634527814079 0.6333180367946625 0
1634527815641 0.6196396350860596 0
1634527817212 0.4509785622358322 0
1634527818802 0.4215086102485657 0
1634527820378 0.4147539734840393 0
1634527821951 0.6087388843297958 0
1634527823522 0.6764068603515625 0
1634527826433 0.57297383248806 0
1634527828011 0.6024989485740662 0
1634527829591 0.4549969881772995 0
1634527831214 0.4672427922487259 0
1634527832770 0.4807393252849579 0
1634527834355 0.6354471147060394 0
1634527835928 0.4895594120025635 0
1634527837499 0.46242035925388336 0
1634527839066 0.3114764057099819 0
1634527840636 0.42924775183200836 0
1634527843560 0.4852200895547867 0
1634527845135 0.576501190662384 0
1634527846707 0.44973307847976685 0
1634527848325 0.6350977718830109 0
1634527849895 0.5604805648326874 0
1634527851477 0.5549494326114655 0
1634527853041 0.49195611476898193 0
1634527854637 0.6088047623634338 0
1634527856198 0.40241996943950653 0
1634527857778 0.5951814651489258 0
1634527860690 0.3343924432992935 0
1634527862271 0.5783043801784515 0
1634527863842 0.4863632023334503 0
1634527865434 0.4245847165584564 0
1634527867061 0.4176233857870102 0
1634527868632 0.4389581084251404 0
1634527870244 0.3811698257923126 0
1634527871903 0.44124825298786163 0
1634527873498 0.3814987391233444 0
1634527875110 0.27692287415266037 0
1634527878007 0.5869797170162201 0
1634527879578 0.4929659366607666 0
1634527881159 0.43754392862319946 0
1634527882722 0.4957626760005951 0
1634527884301 0.6487076878547668 0
1634527885866 0.6223222017288208 0
1634527887445 0.4691595435142517 0
1634527889008 0.49939198791980743 0
1634527890573 0.49662426114082336 0
1634527892153 0.7363995313644409 0
1634527895055 0.720711424946785 0
1634527896632 0.7380997538566589 0
1634527898211 0.7338124215602875 0
1634527899790 0.4931470453739166 0
1634527901353 0.5700715631246567 0
1634527902980 0.42412374913692474 0
1634527904567 0.47913454473018646 0
1634527906195 0.48730453848838806 0
1634527907821 0.6280644088983536 0
1634527909432 0.6417656391859055 0
1634527912399 0.4218946099281311 0
1634527914034 0.6509894728660583 0
1634527915691 0.5474018156528473 0
1634527917318 0.6105535179376602 0
1634527918944 0.5675917267799377 0
1634527920589 0.5068910121917725 0
1634527922215 0.5220763087272644 0
1634527923857 0.6143952012062073 0
1634527925450 0.53313347697258 0
1634527927088 0.6526665389537811 0
1634527930091 0.46284767985343933 0
1634527931678 0.5432356297969818 0
1634527933265 0.5270714461803436 0
1634527934847 0.496132031083107 0
1634527936432 0.494409516453743 0
1634527938018 0.5915033221244812 0
1634527939596 0.4548202306032181 0
1634527941190 0.6287120282649994 0
1634527942769 0.5560111105442047 0
1634527944346 0.4912073314189911 0
1634527947764 0.6161176860332489 0
1634527949372 0.5690939724445343 0
1634527950973 0.48402297496795654 0
1634527952573 0.5537995398044586 0
1634527954164 0.6266234219074249 0
1634527955839 0.5940565764904022 0
1634527957487 0.6428366601467133 0
1634527959065 0.6244093775749207 0
1634527960665 0.5605440884828568 0
1634527962269 0.42085403203964233 0
1634527965207 0.5153019428253174 0
1634527966801 0.6103149354457855 0
1634527968378 0.6015267372131348 0
1634527969974 0.5514185726642609 0
1634527971558 0.6256731450557709 0
1634527973146 0.6090104281902313 0
1634527974728 0.6481047570705414 0
1634527976310 0.6130270510911942 0
1634527977903 0.629375547170639 0
1634527979495 0.5155939310789108 0
1634527982428 0.6237238645553589 0
1634527984024 0.592435210943222 0
1634527985611 0.6451898217201233 0
1634527987220 0.6100813299417496 0
1634527988794 0.6163549721240997 0
1634527990376 0.6149734407663345 0
1634527991961 0.6317418217658997 0
1634527993556 0.6036432087421417 0
1634527995199 0.5953688323497772 0
1634527996864 0.5609544813632965 0
1634527999842 0.5987631678581238 0
1634528001482 0.6042349636554718 0
1634528003072 0.6582160294055939 0
1634528004695 0.614582896232605 0
1634528006305 0.6037338674068451 0
1634528007935 0.6124701052904129 0
1634528009541 0.5571577996015549 0
1634528011185 0.5722479373216629 0
1634528012826 0.6072822064161301 0
1634528014469 0.6336733996868134 0
1634528017466 0.5620626211166382 0
1634528019099 0.646431177854538 0
1634528020703 0.6220604777336121 0
1634528022345 0.6279081404209137 0
1634528023955 0.6100107133388519 0
1634528025582 0.6177063137292862 0
1634528027209 0.6167568862438202 0
1634528028852 0.6015007197856903 0
1634528030448 0.5980649292469025 0
1634528032011 0.6206490993499756 0
1634528034974 0.616728276014328 0
1634528036570 0.6148691028356552 0
1634528038149 0.611146554350853 0
1634528039728 0.6267918944358826 0
1634528041340 0.6339342892169952 0
1634528042935 0.6086891889572144 0
1634528044574 0.6018379777669907 0
1634528046164 0.5840830504894257 0
1634528047790 0.6688350737094879 0
1634528049416 0.6248924136161804 0
1634528052336 0.6335870623588562 0
1634528053931 0.6099697798490524 0
1634528055515 0.6157188713550568 0
1634528057098 0.6071532219648361 0
1634528058729 0.6302858293056488 0
1634528060316 0.6087521016597748 0
1634528061897 0.5961438119411469 0
1634528063479 0.6080054342746735 0
1634528065070 0.6125007569789886 0
1634528066646 0.6207144856452942 0
1634528069579 0.5708771646022797 0
1634528071170 0.6147042065858841 0
1634528072739 0.644020140171051 0
1634528074302 0.592335656285286 0
1634528075881 0.6183541864156723 0
1634528077460 0.6180230677127838 0
1634528079045 0.592623382806778 0
1634528080642 0.6130885183811188 0
1634528082253 0.6059254854917526 0
1634528083868 0.5467319339513779 0
1634528086849 0.654823511838913 0
1634528088456 0.5919638127088547 0
1634528090118 0.6312018632888794 0
1634528091743 0.6515263020992279 0
1634528093314 0.6021177172660828 0
1634528094885 0.58697509765625 0
1634528096502 0.6543579697608948 0
1634528098076 0.628246009349823 0
1634528099684 0.63899165391922 0
1634528101302 0.6347527503967285 0
1634528104288 0.6308828592300415 0
1634528105925 0.5996294021606445 0
1634528107494 0.6292585134506226 0
1634528109062 0.6408270597457886 0
1634528110633 0.626444399356842 0
1634528112210 0.6119744330644608 0
1634528113798 0.613966777920723 0
1634528115362 0.5920528620481491 0
1634528116926 0.6042704582214355 0
1634528118508 0.587472528219223 0
1634528121401 0.5844751745462418 0
1634528122981 0.60285983979702 0
1634528124545 0.5659817606210709 0
1634528126125 0.5940542221069336 0
1634528127688 0.6268583238124847 0
1634528129268 0.645178496837616 0
1634528130832 0.663186639547348 0
1634528132411 0.602208822965622 0
1634528133975 0.6077455580234528 0
1634528135555 0.5697909295558929 0
1634528138456 0.6033725738525391 0
1634528140028 0.5554425567388535 0
1634528141609 0.3786410987377167 0
1634528143172 0.4521452933549881 0
1634528144811 0.5504166632890701 0
1634528146440 0.5106890797615051 0
1634528148013 0.5479313731193542 0
1634528149639 0.6072809547185898 0
1634528151239 0.6435545086860657 0
1634528152906 0.605879619717598 0
1634528155858 0.694249302148819 0
1634528157438 0.5264995396137238 0
1634528159001 0.5011930763721466 0
1634528160581 0.6102851927280426 0
1634528162144 0.6320787370204926 0
1634528163730 0.4687241166830063 0
1634528165328 0.5472955852746964 0
1634528166942 0.6341772377490997 0
1634528168529 0.6358965933322906 0
1634528170143 0.5873720347881317 0
1634528173254 0.5784818381071091 0
1634528174878 0.6146835088729858 0
1634528176477 0.47153033316135406 0
1634528178077 0.6186957657337189 0
1634528179746 0.6031534671783447 0
1634528181405 0.6610624194145203 0
1634528182984 0.4990287274122238 0
1634528184610 0.4938129484653473 0
1634528186293 0.5421327501535416 0
1634528187910 0.45749156177043915 0
1634528191456 0.6481733322143555 0
1634528193066 0.6456738412380219 0
1634528194715 0.6213590651750565 0
1634528196378 0.6012411117553711 0
1634528197939 0.5916493237018585 0
1634528199511 0.6413725316524506 0
1634528201142 0.630086749792099 0
1634528202729 0.4106811136007309 0
1634528204303 0.6416076123714447 0
1634528205887 0.5232873260974884 0
1634528208836 0.5235009342432022 0
1634528210405 0.6534974724054337 0
1634528212007 0.5787211954593658 0
1634528213617 0.6008471697568893 0
1634528215193 0.35263122618198395 0
1634528216791 0.6225586533546448 0
1634528218365 0.6325075626373291 0
1634528219938 0.46291011571884155 0
1634528221511 0.3997592031955719 0
1634528223081 0.5940191000699997 0
1634528226012 0.578607589006424 0
1634528227636 0.5869731307029724 0
1634528229239 0.6091035604476929 0
1634528230830 0.6267366707324982 0
1634528232410 0.524864673614502 0
1634528233980 0.468555212020874 0
1634528235553 0.506448358297348 0
1634528237148 0.411389023065567 0
1634528238730 0.4741280674934387 0
1634528240314 0.3322971314191818 0
1634528243197 0.6410018503665924 0
1634528244784 0.589019775390625 0
1634528246390 0.4541683495044708 0
1634528247972 0.2958180718123913 0
1634528249542 0.5134934484958649 0
1634528251105 0.5995180010795593 0
1634528252684 0.55535688996315 0
1634528254248 0.45077621936798096 0
1634528255813 0.30283813178539276 0
1634528257395 0.4405831843614578 0
1634528260304 0.5513919293880463 0
1634528261884 0.5658534169197083 0
1634528263447 0.5003502368927002 0
1634528265010 0.48635007441043854 0
1634528266589 0.5155611783266068 0
1634528268152 0.6202351152896881 0
1634528269733 0.461638867855072 0
1634528271297 0.46818140149116516 0
1634528272876 0.4635903388261795 0
1634528274444 0.5330898761749268 0
1634528277448 0.5899554193019867 0
1634528279070 0.5961315631866455 0
1634528280682 0.46571844816207886 0
1634528282285 0.45943430066108704 0
1634528283869 0.47847966849803925 0
1634528285441 0.44263114035129547 0
1634528286996 0.6479464471340179 0
1634528288604 0.40623655915260315 0
1634528290213 0.4443160593509674 0
1634528291779 0.341108962893486 0
1634528294697 0.48459748923778534 0
1634528296280 0.5331179350614548 0
1634528297844 0.56759013235569 0
1634528299408 0.5213835090398788 0
1634528300976 0.4331905394792557 0
1634528302557 0.6589764058589935 0
1634528304122 0.4740588366985321 0
1634528305685 0.353337898850441 0
1634528307265 0.43153227865695953 0
1634528308828 0.4336620271205902 0
1634528311711 0.570426806807518 0
1634528313302 0.5963451266288757 0
1634528314881 0.5376856327056885 0
1634528316444 0.6365485787391663 0
1634528318007 0.6288309693336487 0
1634528319586 0.6286854445934296 0
1634528321151 0.48275262117385864 0
1634528322730 0.5379118621349335 0
1634528324294 0.5899910777807236 0
1634528325859 0.5652488768100739 0
1634528328772 0.5269503891468048 0
1634528330349 0.49289655685424805 0
1634528331913 0.5747414231300354 0
1634528333477 0.45694394409656525 0
1634528335058 0.5419873595237732 0
1634528336622 0.495262086391449 0
1634528338185 0.37348083406686783 0
1634528339764 0.6950620412826538 0
1634528341329 0.536480724811554 0
1634528342892 0.7185530662536621 0
1634528345789 0.51322802901268 0
1634528347369 0.779164731502533 0
1634528348935 0.7561976313591003 0
1634528350514 0.6823400557041168 0
1634528352079 0.6319205611944199 0
1634528353658 0.7004960030317307 0
1634528355221 0.7203211486339569 0
1634528356801 0.7480053305625916 0
1634528358366 0.6950019747018814 0
1634528359929 0.6897540390491486 0
1634528362824 0.7234208583831787 0
1634528364402 0.7530914843082428 0
1634528365967 0.7237671315670013 0
1634528367546 0.7074865996837616 0
1634528369109 0.7211723029613495 0
1634528370689 0.5241240411996841 0
1634528372254 0.686890184879303 0
1634528373817 0.624103769659996 0
1634528375381 0.6046222448348999 0
1634528376960 0.6542531847953796 0
1634528379865 0.4572983384132385 0
1634528381431 0.6531843841075897 0
1634528383010 0.4367278963327408 0
1634528384574 0.4942764341831207 0
1634528386138 0.48552317917346954 0
1634528387723 0.7449707090854645 0
1634528389341 0.40200237929821014 0
1634528390932 0.499215230345726 0
1634528392519 0.715218260884285 0
1634528394083 0.6484523415565491 0
1634528396998 0.4805492162704468 0
1634528398587 0.46921388804912567 0
1634528400163 0.7346417605876923 0
1634528401735 0.537306934595108 0
1634528403304 0.6084630340337753 0
1634528404880 0.36274972558021545 0
1634528406453 0.49410058557987213 0
1634528408027 0.47051428258419037 0
1634528409628 0.4960222989320755 0
1634528411228 0.2544492185115814 0
1634528414163 0.5311513692140579 0
1634528415788 0.35994648933410645 0
1634528417360 0.4913610517978668 0
1634528418962 0.5068838894367218 0
1634528420532 0.5006419271230698 0
1634528422122 0.6050148904323578 0
1634528423694 0.5032433271408081 0
1634528425268 0.4705503582954407 0
1634528426838 0.5106409788131714 0
1634528428410 0.401978462934494 0
1634528431342 0.6412781029939651 0
1634528432950 0.5149082839488983 0
1634528434515 0.6024112105369568 0
1634528436115 0.4847574532032013 0
1634528437709 0.3866058737039566 0
1634528439325 0.5505438446998596 0
1634528440934 0.5012842118740082 0
1634528442568 0.5591285228729248 0
1634528444199 0.4704245328903198 0
1634528445855 0.7017912268638611 0
1634528448886 0.6772058308124542 0
1634528450528 0.5691763758659363 0
1634528452170 0.6902381777763367 0
1634528453812 0.732175886631012 0
1634528455488 0.6393953412771225 0
1634528457127 0.7128296047449112 0
