1634527044420 12.792617797851562 0
1634527047381 9.651413917541504 0
1634527049051 8.823559761047363 0
1634527050698 7.372987747192383 0
1634527052293 6.851131439208984 0
1634527053880 7.269087791442871 0
1634527055470 5.513487815856934 0
1634527057080 5.493297100067139 0
1634527058666 5.826321601867676 0
1634527060246 5.511430263519287 0
1634527061809 5.159539222717285 0
1634527064730 5.683845520019531 0
1634527066328 5.4405999183654785 0
1634527067965 4.112776756286621 0
1634527069560 5.471816062927246 0
1634527071171 4.924101829528809 0
1634527072752 5.907003402709961 0
1634527074316 5.665797233581543 0
1634527075918 4.633148670196533 0
1634527077497 6.368590354919434 0
1634527079060 4.5915069580078125 0
1634527082041 5.015570640563965 0
1634527083638 5.52237606048584 0
1634527085264 5.399636745452881 0
1634527086858 5.745399475097656 0
1634527088447 5.612247467041016 0
1634527090026 4.720462322235107 0
1634527091590 5.306525707244873 0
1634527093153 4.4747514724731445 0
1634527094734 5.5620269775390625 0
1634527096298 6.329430103302002 0
1634527099226 4.710502624511719 0
1634527100811 4.197521209716797 0
1634527102374 4.8339948654174805 0
1634527103954 6.143703460693359 0
1634527105519 6.249943733215332 0
1634527107098 6.22312593460083 0
1634527108671 4.544257164001465 0
1634527110234 4.675296783447266 0
1634527111798 4.947248458862305 0
1634527113378 4.584504127502441 0
1634527116377 6.342538833618164 0
1634527117955 5.347270965576172 0
1634527119520 5.660381317138672 0
1634527121099 5.670172691345215 0
1634527122662 4.744410037994385 0
1634527124241 5.839587688446045 0
1634527125804 5.0938215255737305 0
1634527127369 3.5316154956817627 0
1634527128949 4.095029354095459 0
1634527130512 4.261127471923828 0
1634527133459 4.770602703094482 0
1634527135038 4.109768390655518 0
1634527136602 5.1212968826293945 0
1634527138183 5.043238639831543 0
1634527139747 6.262267112731934 0
1634527141326 4.701784133911133 0
1634527142889 5.264250755310059 0
1634527144469 4.949392318725586 0
1634527146032 5.615067958831787 0
1634527147611 4.804399490356445 0
1634527150559 6.048462867736816 0
1634527152138 4.2993927001953125 0
1634527153701 6.050769805908203 0
1634527155280 5.5373148918151855 0
1634527156844 4.033205509185791 0
1634527158424 4.84876012802124 0
1634527159988 5.0816450119018555 0
1634527161552 4.193039894104004 0
1634527163130 4.957366943359375 0
1634527164695 5.794390678405762 0
1634527167711 5.539915084838867 0
1634527169290 3.8935980796813965 0
1634527170853 4.379729270935059 0
1634527172418 5.294716835021973 0
1634527173998 4.457016468048096 0
1634527175561 5.4570417404174805 0
1634527177124 3.707035541534424 0
1634527178705 6.039623737335205 0
1634527180268 3.7913403511047363 0
1634527181848 4.433592796325684 0
1634527184788 5.760628700256348 0
1634527186367 6.060821533203125 0
1634527187946 4.790658950805664 0
1634527189511 3.5369367599487305 0
1634527191089 3.119126796722412 0
1634527192653 2.8054542541503906 0
1634527194234 3.9019243717193604 0
1634527195797 4.058563232421875 0
1634527197361 4.828235626220703 0
1634527198940 5.11153507232666 0
1634527201866 4.173272132873535 0
1634527203447 3.206902265548706 0
1634527205052 4.34358549118042 0
1634527206663 4.785231590270996 0
1634527208273 4.613861560821533 0
1634527209869 4.639547824859619 0
1634527211464 3.867489814758301 0
1634527213028 4.82347297668457 0
1634527214651 3.3041391372680664 0
1634527216261 3.36599063873291 0
1634527219366 3.2576918601989746 0
1634527220987 4.508250713348389 0
1634527222595 3.5915653705596924 0
1634527224161 3.1095547676086426 0
1634527225751 4.292090892791748 0
1634527227336 2.633115530014038 0
1634527228944 4.382047653198242 0
1634527230538 5.050335884094238 0
1634527232195 3.224132776260376 0
1634527233823 4.240524768829346 0
1634527236902 3.706071138381958 0
1634527238482 3.470400333404541 0
1634527240078 4.270391464233398 0
1634527241704 3.491011619567871 0
1634527243315 3.2619547843933105 0
1634527244926 4.352241516113281 0
1634527246537 4.852989673614502 0
1634527248178 4.300714015960693 0
1634527249805 3.2237446308135986 0
1634527251382 3.846500873565674 0
1634527254374 3.915144443511963 0
1634527256015 4.897152423858643 0
1634527257625 3.0628271102905273 0
1634527259221 3.5565521717071533 0
1634527260847 2.8961892127990723 0
1634527262475 5.910212516784668 0
1634527264099 4.699030876159668 0
1634527265695 3.796924591064453 0
1634527267337 2.71392822265625 0
1634527268964 3.2144935131073 0
1634527272063 5.106435775756836 0
1634527273674 4.667348384857178 0
1634527275274 5.001865863800049 0
1634527276883 4.424616813659668 0
1634527278463 3.6456055641174316 0
1634527280063 3.9818451404571533 0
1634527281659 4.340226173400879 0
1634527283238 3.9906110763549805 0
1634527284821 4.641196250915527 0
1634527286400 3.3798508644104004 0
1634527289319 4.573468208312988 0
1634527290901 2.539202928543091 0
1634527292464 2.6279454231262207 0
1634527294043 3.471872329711914 0
1634527295606 3.793506622314453 0
1634527297185 4.103341102600098 0
1634527298750 3.3232221603393555 0
1634527300313 3.533599853515625 0
1634527301893 3.0577526092529297 0
1634527303458 5.160852432250977 0
1634527306404 3.7517518997192383 0
1634527307983 4.233441352844238 0
1634527309546 3.2583465576171875 0
1634527311110 3.813977003097534 0
1634527312690 3.599583148956299 0
1634527314254 4.319647789001465 0
1634527315833 3.2258195877075195 0
1634527317397 3.099539041519165 0
1634527318961 2.8660638332366943 0
1634527320540 3.9990768432617188 0
1634527323475 3.98042368888855 0
1634527325055 3.161573886871338 0
1634527326634 3.4834952354431152 0
1634527328197 3.720233917236328 0
1634527329761 5.157381057739258 0
1634527331340 2.2202553749084473 0
1634527332904 3.608208656311035 0
1634527334468 3.8461079597473145 0
1634527336048 2.4243390560150146 0
1634527337613 2.957986831665039 0
1634527340578 2.790635585784912 0
1634527342157 2.773009777069092 0
1634527343721 3.836578607559204 0
1634527345300 3.454526901245117 0
1634527346865 3.4385087490081787 0
1634527348428 2.5495288372039795 0
1634527350008 3.874573230743408 0
1634527351571 3.8896379470825195 0
1634527353150 2.433506488800049 0
1634527354713 2.8224401473999023 0
1634527357827 2.4963955879211426 0
1634527359392 3.10611629486084 0
1634527360971 3.528055191040039 0
1634527362534 2.5631771087646484 0
1634527364114 2.005906581878662 0
1634527365677 4.136824131011963 0
1634527367258 3.8330936431884766 0
1634527368821 3.715604782104492 0
1634527370400 2.6916232109069824 0
1634527371963 4.01898717880249 0
1634527374907 4.974970817565918 0
1634527376486 3.209667921066284 0
1634527378050 5.025989532470703 0
1634527379631 3.1994576454162598 0
1634527381194 4.858016490936279 0
1634527382758 4.0848565101623535 0
1634527384337 2.718853235244751 0
1634527385900 3.586414337158203 0
1634527387479 3.8783516883850098 0
1634527389045 3.34841251373291 0
1634527392007 3.2810609340667725 0
1634527393587 2.779895305633545 0
1634527395150 3.1083035469055176 0
1634527396729 3.66792368888855 0
1634527398333 4.104825019836426 0
1634527399976 3.3797571659088135 0
1634527401586 4.29057502746582 0
1634527403182 3.946625232696533 0
1634527404767 2.601181983947754 0
1634527406388 2.6018495559692383 0
1634527409397 3.2154572010040283 0
1634527410976 3.403851270675659 0
1634527412587 3.147148609161377 0
1634527414163 2.7835330963134766 0
1634527415748 3.8696601390838623 0
1634527417326 3.208069086074829 0
1634527418907 2.877408504486084 0
1634527420467 2.5077953338623047 0
1634527422046 2.791712999343872 0
1634527423609 2.4799904823303223 0
1634527426534 3.49709415435791 0
1634527428129 4.124785900115967 0
1634527429692 3.4867424964904785 0
1634527431271 2.2361230850219727 0
1634527432836 2.980342149734497 0
1634527434416 3.4080305099487305 0
1634527435979 2.553889036178589 0
1634527437558 3.745201587677002 0
1634527439123 2.4263854026794434 0
1634527440702 2.9056894779205322 0
1634527443616 2.78531813621521 0
1634527445195 3.058483600616455 0
1634527446758 2.4628238677978516 0
1634527448337 2.0187692642211914 0
1634527449917 3.0800769329071045 0
1634527451481 2.9313530921936035 0
1634527453060 2.082756519317627 0
1634527454626 2.178476333618164 0
1634527456204 2.0942273139953613 0
1634527457768 2.9068901538848877 0
1634527460857 2.741337776184082 0
1634527462438 2.793217182159424 0
1634527464020 2.5927412509918213 0
1634527465654 2.474320650100708 0
1634527467264 2.821080207824707 0
1634527468841 3.6585779190063477 0
1634527470450 2.292149543762207 0
1634527472040 1.9148272275924683 0
1634527473625 2.025479316711426 0
1634527475238 3.5867106914520264 0
1634527478196 4.538943290710449 0
1634527479802 2.569702625274658 0
1634527481385 2.359081506729126 0
1634527482968 2.2231643199920654 0
1634527484580 2.7778797149658203 0
1634527486308 2.302692413330078 0
1634527487914 1.8304362297058105 0
1634527489538 3.5508437156677246 0
1634527491175 3.3063035011291504 0
1634527492786 3.156369924545288 0
1634527495716 3.2421178817749023 0
1634527497333 2.991006851196289 0
1634527498944 2.0569748878479004 0
1634527500525 2.0947022438049316 0
1634527502162 2.2764081954956055 0
1634527503789 2.738135814666748 0
1634527505446 2.594191074371338 0
1634527507072 3.2872323989868164 0
1634527508714 2.700432062149048 0
1634527510324 2.227503776550293 0
1634527513350 1.949876308441162 0
1634527514947 2.08817458152771 0
1634527516557 3.282038688659668 0
1634527518174 1.77720046043396 0
1634527519745 1.7538477182388306 0
1634527521341 2.0781545639038086 0
1634527522920 2.2926735877990723 0
1634527524499 2.4587178230285645 0
1634527526128 2.5073721408843994 0
1634527527792 1.7970783710479736 0
1634527530757 2.2227349281311035 0
1634527532324 2.401327610015869 0
1634527533915 4.068451881408691 0
1634527535493 2.43084979057312 0
1634527537164 2.8138461112976074 0
1634527538776 2.327671766281128 0
1634527540390 2.641005039215088 0
1634527542034 2.67712140083313 0
1634527543689 3.76650333404541 0
1634527545285 1.3158499002456665 0
1634527548262 3.077000379562378 0
1634527549866 2.882192850112915 0
1634527551509 2.4402692317962646 0
1634527553150 2.9600915908813477 0
1634527554792 2.031836986541748 0
1634527556402 2.798452377319336 0
1634527558014 2.9814229011535645 0
1634527559658 2.803013801574707 0
1634527561270 2.333226203918457 0
1634527562868 2.6178011894226074 0
1634527565815 2.098585367202759 0
1634527567394 2.156646728515625 0
1634527568958 1.6781857013702393 0
1634527570537 2.0011892318725586 0
1634527572101 1.8471897840499878 0
1634527573664 2.3745670318603516 0
1634527575244 2.097846031188965 0
1634527576808 1.9677624702453613 0
1634527578387 2.3774611949920654 0
1634527579953 2.603195905685425 0
1634527582869 2.06172513961792 0
1634527584449 1.8176301717758179 0
1634527586013 2.6294922828674316 0
1634527587576 1.9565755128860474 0
1634527589156 1.8851048946380615 0
1634527590719 1.9270989894866943 0
1634527592300 1.8447315692901611 0
1634527593865 1.5959668159484863 0
1634527595428 2.4442644119262695 0
1634527597007 1.840062141418457 0
1634527600175 1.595172643661499 0
1634527601741 2.4855971336364746 0
1634527603306 1.8048419952392578 0
1634527604886 1.374118447303772 0
1634527606451 1.6729867458343506 0
1634527608030 1.9134187698364258 0
1634527609594 2.5847361087799072 0
1634527611173 1.9262723922729492 0
1634527612738 1.6431567668914795 0
1634527614301 1.327754020690918 0
1634527617245 1.6055736541748047 0
1634527618810 1.3615756034851074 0
1634527620392 2.872114419937134 0
1634527621955 2.0006651878356934 0
1634527623535 2.555175542831421 0
1634527625100 2.608043670654297 0
1634527626663 2.5110294818878174 0
1634527628242 2.198328971862793 0
1634527629806 1.5692254304885864 0
1634527631386 1.8061184883117676 0
1634527634317 1.8520641326904297 0
1634527635896 1.643906831741333 0
1634527637460 1.5984481573104858 0
1634527639025 1.5030221939086914 0
1634527640606 2.4607625007629395 0
1634527642181 1.7644935846328735 0
1634527643817 2.9642040729522705 0
1634527645444 2.487076759338379 0
1634527647056 1.8603875637054443 0
1634527648648 1.8834283351898193 0
1634527651600 2.1455039978027344 0
1634527653177 1.8684695959091187 0
1634527654811 3.8963847160339355 0
1634527656422 1.4253584146499634 0
1634527658065 2.497826099395752 0
1634527659722 2.8594462871551514 0
1634527661319 2.0345678329467773 0
1634527662961 1.8165805339813232 0
1634527664589 2.518374443054199 0
1634527666247 2.419808864593506 0
1634527669249 2.2395615577697754 0
1634527670906 1.7021496295928955 0
1634527672532 1.9255601167678833 0
1634527674159 1.8970215320587158 0
1634527675775 1.343474268913269 0
1634527677384 2.0376102924346924 0
1634527679023 3.3772220611572266 0
1634527680672 1.5296849012374878 0
1634527682269 2.5036215782165527 0
1634527683856 2.148343801498413 0
1634527686841 1.4079300165176392 0
1634527688484 2.3454928398132324 0
1634527690063 2.0266647338867188 0
1634527691700 1.6204659938812256 0
1634527693375 2.3244118690490723 0
1634527694949 1.3930087089538574 0
1634527696529 1.8012361526489258 0
1634527698122 1.9049381017684937 0
1634527699785 1.9460457563400269 0
1634527701381 1.9556612968444824 0
1634527704382 1.5135107040405273 0
1634527706014 2.0005009174346924 0
1634527707654 1.833549976348877 0
1634527709236 1.6069254875183105 0
1634527710820 3.261211395263672 0
1634527712404 1.5567759275436401 0
1634527713981 1.7512683868408203 0
1634527715558 1.4600419998168945 0
1634527717141 1.4759876728057861 0
1634527718730 1.2161928415298462 0
1634527721718 1.5744625329971313 0
1634527723310 2.4276695251464844 0
1634527724905 1.5542020797729492 0
1634527726511 1.820791244506836 0
1634527728150 2.508753776550293 0
1634527729753 1.8914134502410889 0
1634527731373 2.0845839977264404 0
1634527732985 1.9017722606658936 0
1634527734588 1.3420205116271973 0
1634527736185 1.6953098773956299 0
1634527739216 2.424856185913086 0
1634527740870 2.038379192352295 0
1634527742496 1.5104188919067383 0
1634527744121 1.516520619392395 0
1634527745747 2.2692747116088867 0
1634527747351 2.0711214542388916 0
1634527748971 1.419342279434204 0
1634527750585 2.095794200897217 0
1634527752212 2.0446643829345703 0
1634527753807 1.5031037330627441 0
1634527757119 2.405299663543701 0
1634527758757 1.2478456497192383 0
1634527760400 1.5053884983062744 0
1634527762057 3.03914737701416 0
1634527763689 1.0826537609100342 0
1634527765317 1.7129679918289185 0
1634527766956 2.1562516689300537 0
1634527768576 2.055450677871704 0
1634527770220 1.339111566543579 0
1634527771862 1.2347979545593262 0
1634527774823 1.9749841690063477 0
1634527776444 1.2603172063827515 0
1634527778038 1.398909330368042 0
1634527779617 1.6643342971801758 0
1634527781192 2.340066909790039 0
1634527782823 1.1602839231491089 0
1634527784458 1.918927550315857 0
1634527786052 1.457343578338623 0
1634527787681 1.5341399908065796 0
1634527789284 1.5345529317855835 0
1634527792212 2.4502596855163574 0
1634527793791 1.765631914138794 0
1634527795385 3.1626508235931396 0
1634527797010 2.174858570098877 0
1634527798581 2.2156856060028076 0
1634527800134 2.2615652084350586 0
1634527801708 1.5823166370391846 0
1634527803303 1.6379377841949463 0
1634527804864 2.0977373123168945 0
1634527806434 2.601522922515869 0
1634527809347 1.9441025257110596 0
1634527810923 1.4523658752441406 0
1634527812497 1.772799015045166 0
1634527814075 1.5344752073287964 0
1634527815641 1.4688379764556885 0
1634527817212 1.697739839553833 0
1634527818786 3.094539165496826 0
1634527820362 1.7311091423034668 0
1634527821935 1.4295628070831299 0
1634527823517 1.5820415019989014 0
1634527826429 2.4576241970062256 0
1634527828007 1.0875455141067505 0
1634527829587 1.2271032333374023 0
1634527831209 1.2915704250335693 0
1634527832770 1.207541823387146 0
1634527834350 1.3764896392822266 0
1634527835924 1.8118782043457031 0
1634527837495 2.245739698410034 0
1634527839062 1.883400797843933 0
1634527840632 1.090512990951538 0
1634527843560 2.0571348667144775 0
1634527845135 1.314943790435791 0
1634527846707 1.2757914066314697 0
1634527848321 1.2267796993255615 0
1634527849895 1.2430171966552734 0
1634527851477 1.69106924533844 0
1634527853041 3.1430249214172363 0
1634527854632 2.7993834018707275 0
1634527856198 1.2884883880615234 0
1634527857778 1.3727421760559082 0
1634527860686 2.1100945472717285 0
1634527862267 1.8647300004959106 0
1634527863842 1.230268955230713 0
1634527865430 1.1624833345413208 0
1634527867056 2.119168281555176 0
1634527868632 1.283764362335205 0
1634527870244 1.3010897636413574 0
1634527871888 2.1261119842529297 0
1634527873498 1.2139863967895508 0
1634527875110 2.3110318183898926 0
1634527877992 0.9922286868095398 0
1634527879578 2.168508529663086 0
1634527881143 1.281934142112732 0
1634527882722 2.3615150451660156 0
1634527884301 2.1178619861602783 0
1634527885866 1.5210591554641724 0
1634527887429 1.4174937009811401 0
1634527889008 1.0371736288070679 0
1634527890573 1.452711582183838 0
1634527892137 1.0973682403564453 0
1634527895055 2.6789495944976807 0
1634527896632 1.5255193710327148 0
1634527898211 0.8964807987213135 0
1634527899774 0.978775680065155 0
1634527901353 1.3092349767684937 0
1634527902965 1.5679506063461304 0
1634527904567 1.144690990447998 0
1634527906180 0.950019121170044 0
1634527907806 0.8863407373428345 0
1634527909416 1.3143857717514038 0
1634527912399 1.3427693843841553 0
1634527914019 1.938008427619934 0
1634527915676 1.4969485998153687 0
1634527917318 1.2346266508102417 0
1634527918944 1.4311672449111938 0
1634527920589 2.4166367053985596 0
1634527922215 1.0724196434020996 0
1634527923857 1.4456462860107422 0
1634527925435 1.249519944190979 0
1634527927084 1.195786714553833 0
1634527930087 1.042147159576416 0
1634527931678 1.773893117904663 0
1634527933261 1.1130225658416748 0
1634527934843 1.0152723789215088 0
1634527936428 2.211203098297119 0
1634527938014 1.693812608718872 0
1634527939591 1.241157054901123 0
1634527941186 1.0846798419952393 0
1634527942765 0.9622095227241516 0
1634527944341 1.1752361059188843 0
1634527947759 2.8329474925994873 0
1634527949368 1.3434333801269531 0
1634527950968 1.3075251579284668 0
1634527952569 1.4188694953918457 0
1634527954159 1.9018208980560303 0
1634527955835 1.1383599042892456 0
1634527957483 1.4726016521453857 0
1634527959061 1.1406382322311401 0
1634527960660 1.663055419921875 0
1634527962265 1.264681100845337 0
1634527965203 1.0363246202468872 0
1634527966797 1.4003350734710693 0
1634527968378 1.041777491569519 0
1634527969969 1.1435019969940186 0
1634527971554 1.112351894378662 0
1634527973142 2.1844611167907715 0
1634527974727 1.1371715068817139 0
1634527976306 0.9116737842559814 0
1634527977899 1.8620953559875488 0
1634527979490 1.8317267894744873 0
1634527982425 1.5048590898513794 0
1634527984020 1.771247386932373 0
1634527985611 1.5337190628051758 0
1634527987216 2.835904598236084 0
1634527988794 1.2394717931747437 0
1634527990376 1.1259129047393799 0
1634527991961 1.028458833694458 0
1634527993552 1.2981739044189453 0
1634527995195 1.248716115951538 0
1634527996859 1.5035325288772583 0
1634527999842 1.788572072982788 0
1634528001482 1.4413137435913086 0
1634528003056 1.5950464010238647 0
1634528004695 1.9100985527038574 0
1634528006305 1.3731987476348877 0
1634528007935 1.9159213304519653 0
1634528009525 0.8731333017349243 0
1634528011169 1.6599019765853882 0
1634528012826 1.7852269411087036 0
1634528014453 1.924912452697754 0
1634528017466 0.9909154176712036 0
1634528019084 1.38764488697052 0
1634528020703 1.2589335441589355 0
1634528022329 1.25432288646698 0
1634528023955 1.481006145477295 0
1634528025582 1.017478346824646 0
1634528027209 1.373740792274475 0
1634528028836 0.9678701758384705 0
1634528030432 1.1216564178466797 0
1634528032011 1.1782636642456055 0
1634528034974 1.992946743965149 0
1634528036554 1.2506065368652344 0
1634528038149 1.8085746765136719 0
1634528039728 0.8944799900054932 0
1634528041340 1.9036970138549805 0
1634528042935 1.6703803539276123 0
1634528044570 1.0062665939331055 0
1634528046148 0.92833411693573 0
1634528047790 2.750526189804077 0
1634528049400 1.6351306438446045 0
1634528052336 1.699987769126892 0
1634528053931 1.2081676721572876 0
1634528055499 1.2550504207611084 0
1634528057098 1.3838229179382324 0
1634528058725 1.2331758737564087 0
1634528060312 1.4967119693756104 0
1634528061897 1.6496918201446533 0
1634528063479 1.1441439390182495 0
1634528065065 1.0518012046813965 0
1634528066646 0.8391186594963074 0
1634528069563 2.078927993774414 0
1634528071166 1.0896735191345215 0
1634528072739 1.5876450538635254 0
1634528074302 3.062732696533203 0
1634528075881 1.8821426630020142 0
1634528077460 1.2906063795089722 0
1634528079029 1.1290253400802612 0
1634528080637 2.0253186225891113 0
1634528082249 1.0075671672821045 0
1634528083863 2.2365102767944336 0
1634528086844 1.2875372171401978 0
1634528088452 2.054460048675537 0
1634528090114 0.9470324516296387 0
1634528091738 1.6522538661956787 0
1634528093310 0.9572385549545288 0
1634528094880 1.0111265182495117 0
1634528096497 1.7655606269836426 0
1634528098072 1.6069369316101074 0
1634528099680 1.2335582971572876 0
1634528101298 2.023655891418457 0
1634528104288 1.0300564765930176 0
1634528105921 1.4490058422088623 0
1634528107490 1.9783880710601807 0
1634528109058 2.2165026664733887 0
1634528110629 1.091700553894043 0
1634528112210 2.8608932495117188 0
1634528113783 1.2791328430175781 0
1634528115362 2.039771318435669 0
1634528116926 1.0096956491470337 0
1634528118492 1.5867812633514404 0
1634528121401 1.7431199550628662 0
1634528122966 1.1826523542404175 0
1634528124545 0.7520456910133362 0
1634528126109 1.9233478307724 0
1634528127688 2.398303508758545 0
1634528129253 1.3641009330749512 0
1634528130832 1.266271710395813 0
1634528132395 0.9699426889419556 0
1634528133975 1.2817988395690918 0
1634528135540 1.4650421142578125 0
1634528138456 1.1675925254821777 0
1634528140028 0.9542367458343506 0
1634528141609 2.6368768215179443 0
1634528143172 1.0761405229568481 0
1634528144807 1.7495331764221191 0
1634528146424 0.9379860758781433 0
1634528148013 2.7028255462646484 0
1634528149635 1.9811015129089355 0
1634528151235 1.7613519430160522 0
1634528152902 1.0253523588180542 0
1634528155858 2.2949304580688477 0
1634528157438 1.1173696517944336 0
1634528159001 0.9304689168930054 0
1634528160565 1.3193649053573608 0
1634528162144 1.7947478294372559 0
1634528163726 1.2794530391693115 0
1634528165324 0.8998311161994934 0
1634528166938 2.1705057621002197 0
1634528168529 2.754495143890381 0
1634528170139 1.9459699392318726 0
1634528173250 1.2750144004821777 0
1634528174874 1.315903663635254 0
1634528176472 0.9355707168579102 0
1634528178073 0.848300576210022 0
1634528179746 0.7289915084838867 0
1634528181401 1.688852310180664 0
1634528182980 1.0414825677871704 0
1634528184606 1.2412983179092407 0
1634528186289 0.9718483090400696 0
1634528187906 1.7958121299743652 0
1634528191452 1.0756500959396362 0
1634528193062 1.4979636669158936 0
1634528194709 0.9527871608734131 0
1634528196374 1.0141525268554688 0
1634528197939 1.290344476699829 0
1634528199511 1.1740942001342773 0
1634528201138 0.9445558786392212 0
1634528202725 1.9590249061584473 0
1634528204299 1.0570437908172607 0
1634528205883 1.6954593658447266 0
1634528208832 1.187826156616211 0
1634528210405 1.946950912475586 0
1634528212003 2.147284507751465 0
1634528213612 1.3709347248077393 0
1634528215177 1.1583490371704102 0
1634528216787 1.6477015018463135 0
1634528218361 1.6813147068023682 0
1634528219934 1.969218373298645 0
1634528221507 1.4374090433120728 0
1634528223077 1.3733372688293457 0
1634528226012 0.9192098379135132 0
1634528227632 1.2771854400634766 0
1634528229239 1.5976974964141846 0
1634528230826 0.7832940816879272 0
1634528232394 0.7676130533218384 0
1634528233976 1.129951000213623 0
1634528235548 0.9969549775123596 0
1634528237133 0.946456789970398 0
1634528238730 2.0149893760681152 0
1634528240314 2.0083930492401123 0
1634528243197 1.8506532907485962 0
1634528244779 1.7881267070770264 0
1634528246386 0.976767897605896 0
1634528247968 0.7302008867263794 0
1634528249527 1.7833653688430786 0
1634528251105 2.017194986343384 0
1634528252669 0.9342691898345947 0
1634528254248 1.2535144090652466 0
1634528255813 0.8065139055252075 0
1634528257395 1.0106725692749023 0
1634528260304 1.8857340812683105 0
1634528261868 0.995403528213501 0
1634528263447 1.460574984550476 0
1634528265010 0.9395562410354614 0
1634528266589 1.8818241357803345 0
1634528268152 1.6182200908660889 0
1634528269717 0.7738581299781799 0
1634528271297 2.0846495628356934 0
1634528272872 0.9300304651260376 0
1634528274444 1.1315115690231323 0
1634528277448 1.2544323205947876 0
1634528279066 0.9224916696548462 0
1634528280677 0.9655563831329346 0
1634528282280 1.0132209062576294 0
1634528283865 1.5155142545700073 0
1634528285437 0.7807557582855225 0
1634528286996 1.877655267715454 0
1634528288600 1.0904850959777832 0
1634528290209 1.7683565616607666 0
1634528291764 0.859336256980896 0
1634528294697 0.9429835081100464 0
1634528296264 0.8776025176048279 0
1634528297829 2.1383180618286133 0
1634528299408 1.3464815616607666 0
1634528300976 0.987623929977417 0
1634528302541 0.9366099238395691 0
1634528304122 1.8660509586334229 0
1634528305685 0.7117438316345215 0
1634528307250 1.2426657676696777 0
1634528308828 0.696807861328125 0
1634528311711 0.8645129203796387 0
1634528313302 1.1708061695098877 0
1634528314865 2.1307594776153564 0
1634528316444 0.8104125261306763 0
1634528318007 0.7713601589202881 0
1634528319586 1.7110097408294678 0
1634528321151 0.846298098564148 0
1634528322730 0.9706404209136963 0
1634528324294 1.2077722549438477 0
1634528325859 0.8292157053947449 0
1634528328772 1.1765475273132324 0
1634528330334 0.8169616460800171 0
1634528331913 1.055516004562378 0
1634528333477 0.7409980297088623 0
1634528335042 0.8116657733917236 0
1634528336622 1.3781604766845703 0
1634528338185 1.0947587490081787 0
1634528339749 1.199939489364624 0
1634528341329 1.882885217666626 0
1634528342892 1.3707988262176514 0
1634528345789 1.3706114292144775 0
1634528347369 1.7783968448638916 0
1634528348935 1.8086425065994263 0
1634528350514 1.3104753494262695 0
1634528352079 1.909909725189209 0
1634528353642 1.2020890712738037 0
1634528355221 0.7561991214752197 0
1634528356786 2.557826519012451 0
1634528358366 1.8026299476623535 0
1634528359929 1.8167622089385986 0
1634528362824 2.0422260761260986 0
1634528364402 1.0531197786331177 0
1634528365967 0.7594735026359558 0
1634528367546 1.8784005641937256 0
1634528369109 1.083191990852356 0
1634528370674 0.956782341003418 0
1634528372238 1.0709391832351685 0
1634528373817 0.789617657661438 0
1634528375381 0.7682189345359802 0
1634528376960 0.779350221157074 0
1634528379850 0.9123896360397339 0
1634528381431 1.8092855215072632 0
1634528382995 0.8913750052452087 0
1634528384574 0.8136328458786011 0
1634528386138 0.7991087436676025 0
1634528387723 1.3330122232437134 0
1634528389337 0.8023113012313843 0
1634528390932 1.6462072134017944 0
1634528392514 0.808671772480011 0
1634528394083 0.8275496959686279 0
1634528396993 1.0381053686141968 0
1634528398583 1.422650694847107 0
1634528400158 1.0208758115768433 0
1634528401716 1.203160285949707 0
1634528403288 1.8876335620880127 0
1634528404865 0.8984931111335754 0
1634528406449 1.4840314388275146 0
1634528408022 0.8581204414367676 0
1634528409628 1.8781388998031616 0
1634528411224 0.7718334197998047 0
1634528414159 0.8820193409919739 0
1634528415783 1.807506799697876 0
1634528417356 1.0010892152786255 0
1634528418958 0.7694402933120728 0
1634528420532 0.9150208830833435 0
1634528422117 0.7844719886779785 0
1634528423690 0.8329002261161804 0
1634528425263 0.8612687587738037 0
1634528426834 1.3075356483459473 0
1634528428405 1.4917454719543457 0
1634528431338 1.0362991094589233 0
1634528432945 1.2954319715499878 0
1634528434515 1.290759563446045 0
1634528436111 1.195364236831665 0
1634528437704 1.5151357650756836 0
1634528439325 1.088263988494873 0
1634528440934 1.4744423627853394 0
1634528442564 1.5074341297149658 0
1634528444183 0.7865487337112427 0
1634528445851 0.7609798908233643 0
1634528448886 0.7374821901321411 0
1634528450528 1.5192437171936035 0
1634528452170 1.3307077884674072 0
1634528453796 1.7384995222091675 0
1634528455484 0.9192613363265991 0
1634528457127 1.5778419971466064 0
