1634527044436 14.883855819702148 0
1634527047381 12.17140245437622 0
1634527049051 11.080935955047607 0
1634527050698 8.855327129364014 0
1634527052293 8.302869319915771 0
1634527053880 8.13840389251709 0
1634527055470 6.781579256057739 0
1634527057080 6.8643479347229 0
1634527058666 7.383754253387451 0
1634527060246 7.992220640182495 0
1634527061809 7.276975631713867 0
1634527064746 7.39931058883667 0
1634527066331 7.3431971073150635 0
1634527067965 5.450565934181213 0
1634527069560 7.469875335693359 0
1634527071171 6.742207288742065 0
1634527072752 8.122647762298584 0
1634527074333 7.808829069137573 0
1634527075918 6.331276774406433 0
1634527077497 7.7285051345825195 0
1634527079073 6.367279291152954 0
1634527082056 6.614265203475952 0
1634527083638 7.580249547958374 0
1634527085264 6.706617116928101 0
1634527086858 7.1145994663238525 0
1634527088447 6.85150933265686 0
1634527090026 6.5027817487716675 0
1634527091590 6.6887147426605225 0
1634527093168 6.577467918395996 0
1634527094734 7.50346302986145 0
1634527096298 8.096843242645264 0
1634527099226 7.089188456535339 0
1634527100811 6.108718991279602 0
1634527102374 6.702280044555664 0
1634527103954 8.035213947296143 0
1634527105519 8.15233325958252 0
1634527107098 7.929103374481201 0
1634527108671 6.477620840072632 0
1634527110234 5.937006711959839 0
1634527111813 6.7502453327178955 0
1634527113378 6.368125796318054 0
1634527116377 8.449187755584717 0
1634527117955 7.3707664012908936 0
1634527119536 7.5104780197143555 0
1634527121099 7.814645767211914 0
1634527122678 6.740278244018555 0
1634527124241 7.6806111335754395 0
1634527125804 6.891487121582031 0
1634527127385 5.288012206554413 0
1634527128949 5.63664174079895 0
1634527130512 6.031867861747742 0
1634527133459 6.351664066314697 0
1634527135038 5.698462009429932 0
1634527136602 7.038166284561157 0
1634527138183 6.3499603271484375 0
1634527139762 8.079753398895264 0
1634527141326 6.5432939529418945 0
1634527142905 7.101521730422974 0
1634527144469 6.804924726486206 0
1634527146032 7.794507741928101 0
1634527147611 6.107886075973511 0
1634527150559 7.668543815612793 0
1634527152138 5.779507398605347 0
1634527153717 7.5944130420684814 0
1634527155280 7.303698778152466 0
1634527156859 5.824626445770264 0
1634527158424 6.0397632122039795 0
1634527159988 6.806665897369385 0
1634527161567 5.962379217147827 0
1634527163130 6.645310878753662 0
1634527164695 7.456762313842773 0
1634527167711 7.01804518699646 0
1634527169290 5.094776153564453 0
1634527170853 6.08927321434021 0
1634527172433 6.961812496185303 0
1634527173998 5.761360049247742 0
1634527175561 6.72568416595459 0
1634527177140 5.254674553871155 0
1634527178705 7.551419973373413 0
1634527180283 5.388162851333618 0
1634527181848 5.638272285461426 0
1634527184788 7.216634035110474 0
1634527186367 8.046589851379395 0
1634527187946 6.447641849517822 0
1634527189511 5.220870733261108 0
1634527191089 4.465391278266907 0
1634527192653 4.098683297634125 0
1634527194234 5.238102674484253 0
1634527195797 5.302164912223816 0
1634527197376 6.3428566455841064 0
1634527198940 6.780209302902222 0
1634527201882 5.620393872261047 0
1634527203447 4.919932126998901 0
1634527205052 5.880706310272217 0
1634527206663 6.451976299285889 0
1634527208273 6.244235515594482 0
1634527209869 6.270975589752197 0
1634527211464 5.814926743507385 0
1634527213043 6.128202438354492 0
1634527214651 4.402284622192383 0
1634527216261 4.9755367040634155 0
1634527219366 4.90406596660614 0
1634527220987 6.638446569442749 0
1634527222595 5.257898569107056 0
1634527224177 4.717179656028748 0
1634527225766 6.044747352600098 0
1634527227351 3.9546770453453064 0
1634527228944 5.479109048843384 0
1634527230554 5.754508018493652 0
1634527232195 4.794578909873962 0
1634527233823 5.820245146751404 0
1634527236902 5.2590930461883545 0
1634527238482 4.777057647705078 0
1634527240078 5.627004623413086 0
1634527241704 5.09244441986084 0
1634527243315 4.616238355636597 0
1634527244926 5.615967750549316 0
1634527246537 6.303371429443359 0
1634527248194 5.432508945465088 0
1634527249805 4.642958164215088 0
1634527251382 5.396755814552307 0
1634527254389 5.820225715637207 0
1634527256031 6.132778882980347 0
1634527257625 4.603353142738342 0
1634527259221 5.095695734024048 0
1634527260847 4.1942466497421265 0
1634527262475 7.5129077434539795 0
1634527264099 6.04933762550354 0
1634527265695 5.2972729206085205 0
1634527267337 4.214846730232239 0
1634527268964 4.645690441131592 0
1634527272063 6.466420412063599 0
1634527273674 5.910669565200806 0
1634527275274 6.368156433105469 0
1634527276883 5.78450083732605 0
1634527278463 5.174456715583801 0
1634527280063 5.284260511398315 0
1634527281659 6.16754937171936 0
1634527283238 5.737308025360107 0
1634527284821 6.032803773880005 0
1634527286400 4.8103649616241455 0
1634527289319 6.251006364822388 0
1634527290901 3.8920539021492004 0
1634527292464 3.6053595542907715 0
1634527294043 5.028571605682373 0
1634527295606 5.337627530097961 0
1634527297185 5.020732402801514 0
1634527298750 4.921400964260101 0
1634527300313 5.029975056648254 0
1634527301893 4.8551114201545715 0
1634527303458 6.597136497497559 0
1634527306404 5.0247520208358765 0
1634527307983 5.609140157699585 0
1634527309546 5.039468288421631 0
1634527311125 5.063646554946899 0
1634527312690 5.209168076515198 0
1634527314270 5.58108925819397 0
1634527315833 4.634379267692566 0
1634527317397 4.60126668214798 0
1634527318977 3.898207426071167 0
1634527320540 5.2981404066085815 0
1634527323475 4.9014294147491455 0
1634527325055 4.484317302703857 0
1634527326634 4.853307723999023 0
1634527328197 4.695149660110474 0
1634527329777 6.292545318603516 0
1634527331340 3.1142993569374084 0
1634527332904 4.81820011138916 0
1634527334484 5.457002639770508 0
1634527336048 3.6741129755973816 0
1634527337613 4.261429667472839 0
1634527340578 4.107976317405701 0
1634527342157 4.204606652259827 0
1634527343721 5.207085132598877 0
1634527345300 4.639835715293884 0
1634527346865 4.829558849334717 0
1634527348428 4.0050488114356995 0
1634527350008 5.1810996532440186 0
1634527351571 5.622668981552124 0
1634527353150 3.7789136171340942 0
1634527354713 4.316559314727783 0
1634527357827 3.5228766202926636 0
1634527359407 4.283160448074341 0
1634527360971 4.991828799247742 0
1634527362550 4.080413281917572 0
1634527364114 2.8465259671211243 0
1634527365693 5.312466144561768 0
1634527367258 4.923692941665649 0
1634527368837 4.777047157287598 0
1634527370400 3.8018675446510315 0
1634527371963 5.467681646347046 0
1634527374907 6.269466400146484 0
1634527376486 4.5956631898880005 0
1634527378065 5.908764123916626 0
1634527379631 4.054519414901733 0
1634527381194 6.15018367767334 0
1634527382773 4.818673729896545 0
1634527384337 3.572899341583252 0
1634527385916 4.994871497154236 0
1634527387479 4.791055083274841 0
1634527389060 4.602255642414093 0
1634527392007 4.278733849525452 0
1634527393587 3.9368963837623596 0
1634527395166 3.912882447242737 0
1634527396729 4.873643159866333 0
1634527398333 5.351989507675171 0
1634527399976 4.577272653579712 0
1634527401586 5.472066879272461 0
1634527403182 5.158261775970459 0
1634527404767 3.5333028435707092 0
1634527406388 3.453473389148712 0
1634527409397 4.5006550550460815 0
1634527410992 4.188195466995239 0
1634527412587 4.49802041053772 0
1634527414163 3.6748974323272705 0
1634527415763 5.070005416870117 0
1634527417326 4.042098045349121 0
1634527418907 3.881085157394409 0
1634527420467 3.344380497932434 0
1634527422046 4.029424667358398 0
1634527423609 3.5779778361320496 0
1634527426550 4.747757792472839 0
1634527428129 5.315355062484741 0
1634527429708 4.807466268539429 0
1634527431271 3.026249647140503 0
1634527432851 3.994797945022583 0
1634527434416 4.735578656196594 0
1634527435995 3.6076724529266357 0
1634527437558 5.230088949203491 0
1634527439138 3.344287693500519 0
1634527440702 4.20405638217926 0
1634527443616 4.062161684036255 0
1634527445195 4.274425268173218 0
1634527446774 3.4336702823638916 0
1634527448337 2.8035078048706055 0
1634527449917 4.551864385604858 0
1634527451496 3.8520870208740234 0
1634527453060 2.9137551188468933 0
1634527454626 3.0079156160354614 0
1634527456204 3.072560131549835 0
1634527457783 3.722012996673584 0
1634527460857 4.149958312511444 0
1634527462438 3.9286004304885864 0
1634527464020 3.6612942814826965 0
1634527465654 3.5623056292533875 0
1634527467264 3.9918339252471924 0
1634527468841 4.6527180671691895 0
1634527470453 3.1866044998168945 0
1634527472056 2.8730846643447876 0
1634527473625 3.1431331634521484 0
1634527475241 4.966567754745483 0
1634527478199 5.94261908531189 0
1634527479805 3.673454761505127 0
1634527481388 3.0028947591781616 0
1634527482968 3.059095859527588 0
1634527484583 3.705595374107361 0
1634527486311 3.0326822996139526 0
1634527487914 2.9539144933223724 0
1634527489541 4.735475301742554 0
1634527491175 4.22589111328125 0
1634527492786 4.17837119102478 0
1634527495731 4.310678005218506 0
1634527497333 4.06014609336853 0
1634527498944 2.8443737030029297 0
1634527500525 3.086651563644409 0
1634527502162 3.3712655305862427 0
1634527503805 4.156019389629364 0
1634527505446 3.944863796234131 0
1634527507088 4.1641199588775635 0
1634527508714 3.5757663249969482 0
1634527510324 3.1041871905326843 0
1634527513350 3.0497815012931824 0
1634527514947 2.7734800577163696 0
1634527516557 4.147442817687988 0
1634527518174 2.742301821708679 0
1634527519761 2.6215881407260895 0
1634527521341 3.0715984106063843 0
1634527522920 3.1491347551345825 0
1634527524499 3.1074851751327515 0
1634527526131 3.4377851486206055 0
1634527527792 2.699000656604767 0
1634527530760 2.889516830444336 0
1634527532342 3.3364652395248413 0
1634527533915 5.257339954376221 0
1634527535495 3.5012964606285095 0
1634527537166 3.808584213256836 0
1634527538779 3.3200356364250183 0
1634527540393 3.872887134552002 0
1634527542036 3.417791962623596 0
1634527543692 4.5251418352127075 0
1634527545285 1.778320074081421 0
1634527548265 3.9592766761779785 0
1634527549869 3.7841598987579346 0
1634527551511 3.648572325706482 0
1634527553150 3.9022021293640137 0
1634527554792 2.6949228048324585 0
1634527556417 4.01453709602356 0
1634527558014 3.9223560094833374 0
1634527559658 3.516156792640686 0
1634527561285 3.3127678632736206 0
1634527562868 3.933037042617798 0
1634527565815 2.8526611328125 0
1634527567394 2.9890536069869995 0
1634527568958 2.3817107677459717 0
1634527570537 2.4404616355895996 0
1634527572101 2.7203229665756226 0
1634527573680 3.1432411670684814 0
1634527575244 3.0707926154136658 0
1634527576824 2.7907126545906067 0
1634527578387 3.3274526596069336 0
1634527579953 3.3662723302841187 0
1634527582869 2.965886950492859 0
1634527584449 2.6385399103164673 0
1634527586013 3.5377434492111206 0
1634527587591 2.495532751083374 0
1634527589156 2.719284474849701 0
1634527590735 2.8325077295303345 0
1634527592300 2.6399717330932617 0
1634527593865 1.985616385936737 0
1634527595443 2.9445960521698 0
1634527597007 2.3896178007125854 0
1634527600175 2.2905341386795044 0
1634527601741 3.210875391960144 0
1634527603322 2.558526575565338 0
1634527604886 2.1021635830402374 0
1634527606451 2.539333939552307 0
1634527608030 2.4491803646087646 0
1634527609594 3.4296250343322754 0
1634527611173 2.0506705045700073 0
1634527612738 2.1651617884635925 0
1634527614301 1.902536690235138 0
1634527617245 2.1029032468795776 0
1634527618825 1.8452348113059998 0
1634527620392 3.697948455810547 0
1634527621955 2.4644380807876587 0
1634527623535 3.0145636796951294 0
1634527625100 3.458752393722534 0
1634527626679 3.2354806661605835 0
1634527628242 3.2460269927978516 0
1634527629806 2.3251073360443115 0
1634527631386 2.33824223279953 0
1634527634317 2.715550482273102 0
1634527635896 2.2125641107559204 0
1634527637460 1.9510172605514526 0
1634527639040 2.082872211933136 0
1634527640622 2.9611533880233765 0
1634527642181 2.3023358583450317 0
1634527643817 3.9405767917633057 0
1634527645444 2.8626458644866943 0
1634527647071 2.767000436782837 0
1634527648664 2.4921876192092896 0
1634527651600 3.1254714131355286 0
1634527653177 2.1765681505203247 0
1634527654811 4.7705137729644775 0
1634527656422 1.952157735824585 0
1634527658065 3.5469859838485718 0
1634527659722 3.5679614543914795 0
1634527661319 2.7537617683410645 0
1634527662961 2.403888523578644 0
1634527664605 3.2123690843582153 0
1634527666247 2.8601644039154053 0
1634527669249 2.8715267181396484 0
1634527670906 2.7852136492729187 0
1634527672532 2.535642981529236 0
1634527674175 2.595313847064972 0
1634527675775 1.8327405750751495 0
1634527677384 2.5242667198181152 0
1634527679026 4.080868482589722 0
1634527680672 2.0415730476379395 0
1634527682272 3.385245680809021 0
1634527683859 2.658540368080139 0
1634527686841 1.9129663705825806 0
1634527688484 2.8630863428115845 0
1634527690063 2.9372990131378174 0
1634527691700 2.1544997692108154 0
1634527693375 2.577563524246216 0
1634527694949 1.7520593404769897 0
1634527696529 2.379702627658844 0
1634527698126 2.4258919954299927 0
1634527699787 2.8114013671875 0
1634527701384 2.7965006828308105 0
1634527704385 1.9363523721694946 0
1634527706016 2.8597429394721985 0
1634527707656 2.647185981273651 0
1634527709239 2.3255200386047363 0
1634527710823 3.801027536392212 0
1634527712407 2.2117111682891846 0
1634527713984 2.6542169749736786 0
1634527715561 2.0507434606552124 0
1634527717144 2.053594946861267 0
1634527718733 1.7553988993167877 0
1634527721721 2.187208652496338 0
1634527723312 2.7258963584899902 0
1634527724905 2.2048965096473694 0
1634527726527 2.7182778120040894 0
1634527728153 3.0467981100082397 0
1634527729753 2.611350119113922 0
1634527731373 2.5755563378334045 0
1634527732985 2.253797769546509 0
1634527734588 1.8302627801895142 0
1634527736201 2.3395713567733765 0
1634527739231 2.9652488231658936 0
1634527740870 2.2600297927856445 0
1634527742511 2.111532688140869 0
1634527744121 1.893556296825409 0
1634527745763 2.8457140922546387 0
1634527747351 2.684967041015625 0
1634527748971 1.8334698677062988 0
1634527750585 2.3665714263916016 0
1634527752212 2.3961013555526733 0
1634527753807 2.014803946018219 0
1634527757119 2.7730484008789062 0
1634527758757 1.4762367010116577 0
1634527760400 1.974562644958496 0
1634527762057 3.499382972717285 0
1634527763704 1.3400638103485107 0
1634527765317 2.4093258380889893 0
1634527766971 2.4718905687332153 0
1634527768576 2.4392203092575073 0
1634527770236 1.81401526927948 0
1634527771877 1.7552369832992554 0
1634527774826 2.422554850578308 0
1634527776447 1.7071737051010132 0
1634527778038 1.7376530766487122 0
1634527779620 2.4591391682624817 0
1634527781195 2.7158432006835938 0
1634527782826 1.4898390471935272 0
1634527784461 2.245604157447815 0
1634527786055 1.770885169506073 0
1634527787684 1.9048494100570679 0
1634527789287 2.2870995104312897 0
1634527792215 3.0420347452163696 0
1634527793806 1.9269065260887146 0
1634527795388 3.486112356185913 0
1634527797012 2.4478265047073364 0
1634527798584 2.5740760564804077 0
1634527800150 2.5840821266174316 0
1634527801724 2.022788345813751 0
1634527803306 2.4239170849323273 0
1634527804864 2.5728931427001953 0
1634527806434 2.8897745013237 0
1634527809350 2.132931172847748 0
1634527810923 1.868511974811554 0
1634527812500 1.9746453762054443 0
1634527814078 1.791681170463562 0
1634527815641 1.7193156480789185 0
1634527817212 2.364411026239395 0
1634527818802 3.3747669458389282 0
1634527820362 2.015222430229187 0
1634527821951 1.6493021845817566 0
1634527823520 1.6722429990768433 0
1634527826432 2.7796393632888794 0
1634527828010 1.250603437423706 0
1634527829590 1.5303298234939575 0
1634527831212 1.6203250586986542 0
1634527832770 1.3512681126594543 0
1634527834353 1.4746384620666504 0
1634527835927 2.0936763286590576 0
1634527837498 2.531133770942688 0
1634527839065 2.1185853481292725 0
1634527840635 1.3951505422592163 0
1634527843560 2.517751932144165 0
1634527845135 1.5749260187149048 0
1634527846707 1.3775306940078735 0
1634527848324 1.5522457659244537 0
1634527849895 1.383459448814392 0
1634527851477 2.095365881919861 0
1634527853041 2.496454894542694 0
1634527854635 3.3674765825271606 0
1634527856198 1.478802740573883 0
1634527857778 1.7722353637218475 0
1634527860689 2.251303493976593 0
1634527862270 2.018335521221161 0
1634527863842 1.4685813188552856 0
1634527865433 1.13289412856102 0
1634527867059 2.1766147017478943 0
1634527868632 1.4909113645553589 0
1634527870244 1.5671154260635376 0
1634527871903 2.0575923323631287 0
1634527873498 1.2504139244556427 0
1634527875110 2.522024393081665 0
1634527878007 1.0081021785736084 0
1634527879578 2.5103219747543335 0
1634527881159 1.6254644393920898 0
1634527882722 2.7201462984085083 0
1634527884301 2.2955195903778076 0
1634527885866 2.143300324678421 0
1634527887445 1.655992031097412 0
1634527889008 1.1631250977516174 0
1634527890573 1.6918943524360657 0
1634527892153 1.133404552936554 0
1634527895055 2.7274875044822693 0
1634527896632 1.7986798286437988 0
1634527898211 0.9457215666770935 0
1634527899790 1.0355132222175598 0
1634527901353 1.3464484810829163 0
1634527902980 2.067218095064163 0
1634527904567 1.3267688155174255 0
1634527906195 1.0610261857509613 0
1634527907821 0.8945247828960419 0
1634527909432 1.400351643562317 0
1634527912399 1.5291699171066284 0
1634527914019 2.266339659690857 0
1634527915691 1.6281967759132385 0
1634527917318 1.4607269763946533 0
1634527918944 1.8458051979541779 0
1634527920589 2.908421516418457 0
1634527922215 1.2539740204811096 0
1634527923857 1.6334614157676697 0
1634527925450 1.5129483342170715 0
1634527927087 1.49259352684021 0
1634527930090 1.0327584743499756 0
1634527931678 2.3083940148353577 0
1634527933264 1.2701633870601654 0
1634527934846 1.0843097567558289 0
1634527936431 2.4699554443359375 0
1634527938017 2.207724392414093 0
1634527939594 1.2766593098640442 0
1634527941189 1.2390693426132202 0
1634527942768 0.9004821181297302 0
1634527944344 1.2187176644802094 0
1634527947762 2.9984326362609863 0
1634527949371 1.6474050879478455 0
1634527950972 1.5910071730613708 0
1634527952572 1.9184395670890808 0
1634527954162 2.238039016723633 0
1634527955837 1.3453997671604156 0
1634527957486 1.5617732405662537 0
1634527959064 1.263911873102188 0
1634527960664 1.8400028347969055 0
1634527962268 1.2925299406051636 0
1634527965206 1.1069583594799042 0
1634527966800 1.4445222616195679 0
1634527968378 1.2156822681427002 0
1634527969972 1.2987293601036072 0
1634527971557 1.1625378727912903 0
1634527973145 2.658229112625122 0
1634527974728 1.3666475713253021 0
1634527976308 0.99531489610672 0
1634527977902 1.9681761860847473 0
1634527979493 1.9571188688278198 0
1634527982428 1.6191548705101013 0
1634527984023 1.8717921376228333 0
1634527985611 1.6000258922576904 0
1634527987219 3.045988142490387 0
1634527988794 1.2027170360088348 0
1634527990376 1.240675687789917 0
1634527991961 1.2815018892288208 0
1634527993554 1.3943093419075012 0
1634527995198 1.2141721844673157 0
1634527996862 1.4609225988388062 0
1634527999842 1.876393735408783 0
1634528001482 1.7024294137954712 0
1634528003072 1.7708402276039124 0
1634528004695 2.091307759284973 0
1634528006305 1.498934805393219 0
1634528007935 2.0499825477600098 0
1634528009541 0.8112793564796448 0
1634528011169 1.720906913280487 0
1634528012826 1.741125464439392 0
1634528014453 2.098751664161682 0
1634528017466 1.0954323410987854 0
1634528019099 1.589451014995575 0
1634528020703 1.3814578652381897 0
1634528022345 1.5778683423995972 0
1634528023955 1.638100028038025 0
1634528025582 1.0022783875465393 0
1634528027209 1.5307790637016296 0
1634528028852 0.9046066701412201 0
1634528030448 1.3081313371658325 0
1634528032011 1.5079653859138489 0
1634528034974 2.1744704246520996 0
1634528036554 1.6652007699012756 0
1634528038149 1.930511713027954 0
1634528039728 0.8680257201194763 0
1634528041340 1.8874357342720032 0
1634528042935 1.9794613122940063 0
1634528044573 1.090676724910736 0
1634528046164 0.860308051109314 0
1634528047790 2.9999886751174927 0
1634528049400 1.6265335083007812 0
1634528052336 1.6779779195785522 0
1634528053931 1.3824138343334198 0
1634528055515 1.3076202869415283 0
1634528057098 1.7736847400665283 0
1634528058727 1.241132378578186 0
1634528060315 1.8757760524749756 0
1634528061897 1.6759846806526184 0
1634528063479 1.130084753036499 0
1634528065068 1.199703574180603 0
1634528066646 0.8342376947402954 0
1634528069578 2.0495523810386658 0
1634528071169 1.2045910358428955 0
1634528072739 1.6174005270004272 0
1634528074302 3.369721293449402 0
1634528075881 1.9802616834640503 0
1634528077460 1.6807690560817719 0
1634528079029 1.1655277013778687 0
1634528080640 2.1800532937049866 0
1634528082252 1.1022403240203857 0
1634528083866 2.638875722885132 0
1634528086847 1.4112368822097778 0
1634528088455 2.0868544578552246 0
1634528090117 0.918992668390274 0
1634528091741 1.9063906073570251 0
1634528093313 0.8975237607955933 0
1634528094883 1.0934392213821411 0
1634528096500 1.8509643375873566 0
1634528098075 1.6600669622421265 0
1634528099683 1.2999584078788757 0
1634528101300 2.1185299158096313 0
1634528104288 1.078540325164795 0
1634528105924 1.8031052947044373 0
1634528107493 1.997400939464569 0
1634528109061 2.483726978302002 0
1634528110632 1.0615028142929077 0
1634528112210 3.1565449237823486 0
1634528113798 1.2336165606975555 0
1634528115362 2.077788233757019 0
1634528116926 1.024225264787674 0
1634528118492 1.9216094613075256 0
1634528121401 1.8438487648963928 0
1634528122981 1.4940235018730164 0
1634528124545 0.8727936744689941 0
1634528126125 1.9419389069080353 0
1634528127688 2.8041720390319824 0
1634528129253 1.4554768800735474 0
1634528130832 1.6998395919799805 0
1634528132395 1.0499351918697357 0
1634528133975 1.2640625834465027 0
1634528135540 1.531391680240631 0
1634528138456 1.1824204921722412 0
1634528140028 0.9839853346347809 0
1634528141609 2.6503835320472717 0
1634528143172 1.081016629934311 0
1634528144810 1.7243508100509644 0
1634528146440 0.9893900752067566 0
1634528148013 2.789380431175232 0
1634528149638 2.0000734329223633 0
1634528151238 1.8042021989822388 0
1634528152905 1.1840090155601501 0
1634528155858 2.5727429389953613 0
1634528157438 1.192260503768921 0
1634528159001 0.9827637374401093 0
1634528160581 1.4191576838493347 0
1634528162144 1.7631413042545319 0
1634528163728 1.2757636904716492 0
1634528165327 0.8317201435565948 0
1634528166941 2.4826313257217407 0
1634528168529 2.905515491962433 0
1634528170142 1.999432384967804 0
1634528173253 1.5789504647254944 0
1634528174877 1.2980371117591858 0
1634528176475 0.9788517355918884 0
1634528178076 0.8045493960380554 0
1634528179746 0.7266888320446014 0
1634528181404 1.6855655908584595 0
1634528182983 1.0808432698249817 0
1634528184608 1.557703971862793 0
1634528186292 1.0764333605766296 0
1634528187909 1.7714057564735413 0
1634528191455 1.235312134027481 0
1634528193065 1.6055293679237366 0
1634528194713 0.8744764029979706 0
1634528196376 1.068795084953308 0
1634528197939 1.5841034650802612 0
1634528199511 1.239552915096283 0
1634528201141 1.0945858359336853 0
1634528202728 2.0114341974258423 0
1634528204302 1.1520256996154785 0
1634528205886 1.73806694149971 0
1634528208835 1.1175540685653687 0
1634528210405 2.016396224498749 0
1634528212006 2.2967243790626526 0
1634528213615 1.695109784603119 0
1634528215177 1.343658834695816 0
1634528216790 1.6087194085121155 0
1634528218364 1.828525424003601 0
1634528219937 2.0052640438079834 0
1634528221510 1.3645341992378235 0
1634528223080 1.3176626861095428 0
1634528226012 0.9447642266750336 0
1634528227635 1.3713330626487732 0
1634528229239 1.5872631669044495 0
1634528230829 0.72948357462883 0
1634528232394 0.7630190253257751 0
1634528233978 1.0795025527477264 0
1634528235551 0.9400178790092468 0
1634528237148 0.9126130938529968 0
1634528238730 2.039665102958679 0
1634528240314 1.9552046656608582 0
1634528243197 1.8878746628761292 0
1634528244782 2.1211013793945312 0
1634528246389 1.0209327340126038 0
1634528247971 0.6911287009716034 0
1634528249542 1.7606580555438995 0
1634528251105 1.993118166923523 0
1634528252684 0.8482690155506134 0
1634528254248 1.2646592259407043 0
1634528255813 0.8795518577098846 0
1634528257395 1.0638255178928375 0
1634528260304 1.8180390000343323 0
1634528261868 1.0161713063716888 0
1634528263447 1.7801706790924072 0
1634528265010 1.034080982208252 0
1634528266589 1.950704574584961 0
1634528268152 1.658945381641388 0
1634528269717 0.7692500650882721 0
1634528271297 2.10621976852417 0
1634528272875 0.8675450384616852 0
1634528274444 1.1020936369895935 0
1634528277448 1.3159171342849731 0
1634528279069 0.8595595359802246 0
1634528280680 1.0431305766105652 0
1634528282283 1.149383395910263 0
1634528283868 1.4608574211597443 0
1634528285440 0.7765788733959198 0
1634528286996 1.9394548535346985 0
1634528288603 1.1031689643859863 0
1634528290212 1.8344170451164246 0
1634528291779 0.7955792844295502 0
1634528294697 0.8978666663169861 0
1634528296264 0.8251409232616425 0
1634528297844 2.272897958755493 0
1634528299408 1.3274117708206177 0
1634528300976 0.978100597858429 0
1634528302557 0.9135625064373016 0
1634528304122 1.8703277111053467 0
1634528305685 0.6166886389255524 0
1634528307265 1.452105462551117 0
1634528308828 0.6329399943351746 0
1634528311711 0.8555996119976044 0
1634528313302 1.4702788293361664 0
1634528314865 2.198367714881897 0
1634528316444 0.7411462366580963 0
1634528318007 0.6981786489486694 0
1634528319586 1.6327996850013733 0
1634528321151 0.8060489296913147 0
1634528322730 0.8709655702114105 0
1634528324294 1.4807791709899902 0
1634528325859 0.8204995393753052 0
1634528328772 1.1376822292804718 0
1634528330334 0.904216542840004 0
1634528331913 1.064803957939148 0
1634528333477 0.6846758425235748 0
1634528335058 0.7863648235797882 0
1634528336622 1.6410531997680664 0
1634528338185 1.1231517493724823 0
1634528339764 1.2782451510429382 0
1634528341329 1.890741914510727 0
1634528342892 1.398029088973999 0
1634528345789 1.4429000616073608 0
1634528347369 1.974758803844452 0
1634528348935 1.8547223806381226 0
1634528350514 1.5501054525375366 0
1634528352079 1.9182833433151245 0
1634528353658 1.2460349798202515 0
1634528355221 0.7777544260025024 0
1634528356786 2.6313711404800415 0
1634528358366 1.8356718719005585 0
1634528359929 2.1208295822143555 0
1634528362824 2.2304899096488953 0
1634528364402 1.3904946446418762 0
1634528365967 0.8105998933315277 0
1634528367546 1.878267526626587 0
1634528369109 1.061659961938858 0
1634528370674 0.9898900985717773 0
1634528372254 1.3656191527843475 0
1634528373817 0.7737545073032379 0
1634528375381 0.6967593133449554 0
1634528376960 0.8038536310195923 0
1634528379865 0.9868051409721375 0
1634528381431 1.839762806892395 0
1634528383010 1.2014642506837845 0
1634528384574 0.9167916178703308 0
1634528386138 0.8146511316299438 0
1634528387723 1.6166176795959473 0
1634528389340 0.7748455107212067 0
1634528390932 1.8224653005599976 0
1634528392517 0.7657225430011749 0
1634528394083 0.8056640028953552 0
1634528396996 1.1412532329559326 0
1634528398586 1.4886970221996307 0
1634528400161 1.1840405464172363 0
1634528401734 1.1873064637184143 0
1634528403304 2.0761062502861023 0
1634528404865 0.8674952387809753 0
1634528406452 1.5912576913833618 0
1634528408025 0.9150615632534027 0
1634528409628 1.7802854180335999 0
1634528411226 0.7044238448143005 0
1634528414162 0.7874230444431305 0
1634528415786 1.688056617975235 0
1634528417359 0.9485279023647308 0
1634528418961 0.7704809606075287 0
1634528420532 0.9501572847366333 0
1634528422120 0.7360637485980988 0
1634528423693 0.7498862743377686 0
1634528425266 0.7885983884334564 0
1634528426837 1.3537341952323914 0
1634528428408 1.7559438347816467 0
1634528431341 1.0401501655578613 0
1634528432948 1.307821273803711 0
1634528434515 1.2529488801956177 0
1634528436114 1.3379525542259216 0
1634528437707 1.792669951915741 0
1634528439325 1.0070342421531677 0
1634528440934 1.4579491019248962 0
1634528442567 1.5197501182556152 0
1634528444199 0.7873117029666901 0
1634528445854 0.7663874626159668 0
1634528448886 0.8220250904560089 0
1634528450528 1.4977673292160034 0
1634528452170 1.3706220090389252 0
1634528453812 1.9826945066452026 0
1634528455486 0.8865648508071899 0
1634528457127 1.6430273056030273 0
