1634793967348 0.8111516833305359 0
1634793969516 0.48422548174858093 0
1634793970769 0.47363412380218506 0
1634793972019 0.3224191665649414 0
1634793973239 0.32489269971847534 0
1634793974476 0.45783910155296326 0
1634793975711 0.2887096405029297 0
1634793976950 0.2821245789527893 0
1634793978186 0.3012325167655945 0
1634793979423 0.1975759118795395 0
1634793980658 0.4523391127586365 0
1634793982789 0.2496599406003952 0
1634793984047 0.2581130862236023 0
1634793985359 0.24793800711631775 0
1634793986610 0.16895434260368347 0
1634793987878 0.2521359920501709 0
1634793989130 0.3147064447402954 0
1634793990383 0.4299832582473755 0
1634793991632 0.2408190369606018 0
1634793992883 0.31091398000717163 0
1634793994172 0.11252661794424057 0
1634793996317 0.3043000102043152 0
1634793997587 0.21244347095489502 0
1634793998881 0.23089079558849335 0
1634794000163 0.41476619243621826 0
1634794001478 0.08592703938484192 0
1634794002768 0.0938168615102768 0
1634794004048 0.2956887185573578 0
1634794005298 0.20128712058067322 0
1634794006535 0.4060288369655609 0
1634794007786 0.08310306817293167 0
1634794009917 0.1192108616232872 0
1634794011200 0.2861493229866028 0
1634794012456 0.2826070785522461 0
1634794013775 0.15523159503936768 0
1634794015041 0.2789841294288635 0
1634794016301 0.15946891903877258 0
1634794017562 0.42261987924575806 0
1634794018842 0.20564749836921692 0
1634794020116 0.13713783025741577 0
1634794021417 0.11672060191631317 0
1634794023651 0.12989066541194916 0
1634794024954 0.18821501731872559 0
1634794026281 0.21239212155342102 0
1634794027559 0.3892918527126312 0
1634794028815 0.10502316802740097 0
1634794030114 0.4173797070980072 0
1634794031417 0.41072916984558105 0
1634794032837 0.18743346631526947 0
1634794034131 0.08158382773399353 0
1634794035408 0.4067760407924652 0
1634794037601 0.1890116184949875 0
1634794038875 0.3863280713558197 0
1634794040156 0.18343369662761688 0
1634794041416 0.40740951895713806 0
1634794042678 0.18450850248336792 0
1634794043939 0.2655620574951172 0
1634794045234 0.19700226187705994 0
1634794046519 0.25977301597595215 0
1634794047808 0.2526566982269287 0
1634794049073 0.06771610677242279 0
1634794051236 0.08817818760871887 0
1634794052518 0.15586017072200775 0
1634794053775 0.1017107218503952 0
1634794055036 0.05986986309289932 0
1634794056313 0.16848307847976685 0
1634794057574 0.3511371612548828 0
1634794058852 0.09593206644058228 0
1634794060137 0.3468935191631317 0
1634794061408 0.08361513912677765 0
1634794062685 0.22786009311676025 0
