1634793967335 4.953934669494629 0
1634793969516 3.4756925106048584 0
1634793970753 4.474360942840576 0
1634793972003 2.9652259349823 0
1634793973239 2.489978075027466 0
1634793974476 4.123639106750488 0
1634793975695 2.8116800785064697 0
1634793976950 3.267305612564087 0
1634793978186 3.4396140575408936 0
1634793979407 3.2905232906341553 0
1634793980643 2.968865394592285 0
1634793982774 2.9211907386779785 0
1634793984031 2.8060617446899414 0
1634793985343 3.3777990341186523 0
1634793986610 2.5998165607452393 0
1634793987878 6.20281982421875 0
1634793989114 2.6012258529663086 0
1634793990368 3.0689077377319336 0
1634793991617 2.76438570022583 0
1634793992883 2.7955315113067627 0
1634793994163 3.122352361679077 0
1634793996302 2.644538402557373 0
1634793997571 3.24409818649292 0
1634793998881 3.2881345748901367 0
1634794000148 2.9507622718811035 0
1634794001462 3.234311103820801 0
1634794002752 2.3460094928741455 0
1634794004032 1.6452395915985107 0
1634794005282 1.8702471256256104 0
1634794006535 2.3616104125976562 0
1634794007786 1.7858036756515503 0
1634794009917 1.2652844190597534 0
1634794011184 1.6498188972473145 0
1634794012456 2.197268486022949 0
1634794013759 1.9170961380004883 0
1634794015026 2.1310858726501465 0
1634794016301 1.6629536151885986 0
1634794017562 2.0675506591796875 0
1634794018825 2.2506332397460938 0
1634794020107 1.7627825736999512 0
1634794021408 2.046248435974121 0
1634794023643 1.5957531929016113 0
1634794024946 1.4819536209106445 0
1634794026273 2.262845277786255 0
1634794027550 2.5482943058013916 0
1634794028807 1.676875352859497 0
1634794030105 2.3679940700531006 0
1634794031402 2.7146267890930176 0
1634794032829 2.1415350437164307 0
1634794034131 1.9332040548324585 0
1634794035399 2.6224911212921143 0
1634794037592 2.472429037094116 0
1634794038860 2.6595826148986816 0
1634794040141 2.289715528488159 0
1634794041415 2.773564338684082 0
1634794042678 2.5872180461883545 0
1634794043923 2.134310245513916 0
1634794045226 2.4197325706481934 0
1634794046511 2.553004503250122 0
1634794047799 2.2132787704467773 0
1634794049057 1.7105913162231445 0
1634794051220 2.293152332305908 0
1634794052510 2.1188666820526123 0
1634794053766 1.6953961849212646 0
1634794055036 1.4791938066482544 0
1634794056304 2.1494195461273193 0
1634794057566 2.3503122329711914 0
1634794058844 1.8553285598754883 0
1634794060129 2.1512093544006348 0
1634794061400 1.8917391300201416 0
1634794062677 1.9535976648330688 0
