1634794532753 0.8111516833305359 0
1634794534961 0.48422548174858093 0
1634794536202 0.47363412380218506 0
1634794537438 0.3224191665649414 0
1634794538702 0.32489269971847534 0
1634794540009 0.45783910155296326 0
1634794541281 0.2887096405029297 0
1634794542545 0.2821245789527893 0
1634794543797 0.3012325167655945 0
1634794545051 0.1975759118795395 0
1634794546313 0.4523391127586365 0
1634794548462 0.2496599406003952 0
1634794549743 0.2581130862236023 0
1634794551011 0.24793800711631775 0
1634794552288 0.16895434260368347 0
1634794553536 0.2521359920501709 0
1634794554805 0.3147064447402954 0
1634794556060 0.4299832582473755 0
1634794557306 0.2408190369606018 0
1634794558631 0.31091398000717163 0
1634794559891 0.11252661794424057 0
