1634794532735 4.953934669494629 0
1634794534945 3.4756925106048584 0
1634794536202 4.474360942840576 0
1634794537422 2.9652259349823 0
1634794538693 2.489978075027466 0
1634794540001 4.123639106750488 0
1634794541265 2.8116800785064697 0
1634794542529 3.267305612564087 0
1634794543797 3.4396140575408936 0
1634794545035 3.2905232906341553 0
1634794546297 2.968865394592285 0
1634794548447 2.9211907386779785 0
1634794549743 2.8060617446899414 0
1634794551011 3.3777990341186523 0
1634794552272 2.5998165607452393 0
1634794553536 6.20281982421875 0
1634794554789 2.6012258529663086 0
1634794556044 3.0689077377319336 0
1634794557306 2.76438570022583 0
1634794558631 2.7955315113067627 0
1634794559882 3.122352361679077 0
