1634797085732 0 0
1634797089280 1 0
1634797091422 2 0
1634797093586 3 0
1634797095735 4 0
1634797097889 5 0
1634797100071 6 0
1634797102309 7 0
1634797104509 8 0
1634797106702 9 0
1634797108859 10 0
1634797112458 11 0
1634797114647 12 0
1634797116927 13 0
1634797119166 14 0
1634797121354 15 0
1634797123606 16 0
1634797125855 17 0
1634797128100 18 0
1634797130356 19 0
1634797132576 20 0
1634797136306 21 0
1634797138505 22 0
1634797140810 23 0
1634797143095 24 0
1634797145336 25 0
1634797147568 26 0
1634797149794 27 0
1634797152001 28 0
1634797154209 29 0
1634797156384 30 0
1634797160030 31 0
1634797162233 32 0
1634797164478 33 0
1634797166687 34 0
1634797168935 35 0
1634797171130 36 0
1634797173348 37 0
1634797175567 38 0
1634797177852 39 0
1634797180093 40 0
1634797183936 41 0
1634797186186 42 0
