1634797085747 1.571368932723999 0
1634797089296 1.223359763622284 0
1634797091437 0.9956852495670319 0
1634797093602 0.9189560115337372 0
1634797095751 1.1192633509635925 0
1634797097904 0.7611294686794281 0
1634797100087 0.8035059869289398 0
1634797102309 0.7526766359806061 0
1634797104524 0.7541536390781403 0
1634797106718 0.7882452756166458 0
1634797108859 0.9368589818477631 0
1634797112474 0.6966028213500977 0
1634797114647 0.7082377821207047 0
1634797116943 0.688696026802063 0
1634797119182 0.6252357661724091 0
1634797121370 0.65141461789608 0
1634797123617 0.7266226261854172 0
1634797125879 0.7317761480808258 0
1634797128116 0.5718321353197098 0
1634797130371 0.5680855363607407 0
1634797132590 0.8945617079734802 0
1634797136306 0.8828611671924591 0
1634797138510 0.691834419965744 0
1634797140810 0.6566480398178101 0
1634797143095 0.8945606052875519 0
1634797145336 0.8759996294975281 0
1634797147584 0.5307993292808533 0
1634797149804 0.5784331560134888 0
1634797152012 0.6995069235563278 0
1634797154209 0.5915536284446716 0
1634797156400 0.5927829593420029 0
1634797160030 0.6826506108045578 0
1634797162245 0.6788112074136734 0
1634797164493 0.5930377244949341 0
1634797166687 0.6821370422840118 0
1634797168935 0.6748499721288681 0
1634797171141 0.8361243605613708 0
1634797173364 0.6673167943954468 0
1634797175584 0.6045225858688354 0
1634797177852 0.8366212844848633 0
1634797180104 0.5713010728359222 0
1634797183951 0.834173709154129 0
1634797186202 0.5760772973299026 0
