1631062173867 0.7945536515080789 0
1631062436052 0.7217191989163318 0
1631062698242 0.6873115146734629 0
1631062959489 0.6846997396773603 0
1631063220299 0.6908489422625808 0
1631063481577 0.677669636815427 0
1631063745714 0.6857628391449709 0
1631064013186 0.6926432162164207 0
1631064280892 0.7021021735237306 0
1631064548783 0.7053078215524373 0
1631064831982 0.7138888796409925 0
1631065100081 0.720422493047025 0
1631065368187 0.7248648265040065 0
1631065635981 0.7305055673582006 0
1631065903707 0.7377584673554063 0
1631066180205 0.739374366151281 0
1631066457224 0.7459274368831907 0
1631066731258 0.753335126193173 0
1631067003839 0.7550166622701897 0
1631067279357 0.759205953543445 0
1631067556684 0.7626550517168389 0
1631067829062 0.7680220758340446 0
1631068104572 0.7696240558681722 0
1631068376785 0.7671601556869877 0
1631068648627 0.7744344138955493 0
1631068924060 0.7724657755300223 0
1631069196442 0.7746448283454025 0
1631069470006 0.7791883654623151 0
1631069744759 0.7841371125485518 0
1631070019847 0.788854073329144 0
1631070310252 0.7915645295596985 0
1631070584296 0.7937813175011825 0
1631070859770 0.7895755559565073 0
1631071132290 0.7935602848070217 0
1631071404668 0.797570957476834 0
1631071678700 0.8027297272739637 0
1631071951391 0.8042402389537858 0
1631072222765 0.8057063347603904 0
1631072494960 0.8060902576130554 0
1631072769948 0.8051321542406659 0
1631073046993 0.8083302619227447 0
1631073320588 0.8100820761847208 0
1631073597432 0.8112272200096086 0
1631073870025 0.8141765727336149 0
1631074141938 0.8130287025348253 0
1631074419236 0.813490064747362 0
1631074694027 0.8128703042685264 0
1631074966534 0.8071838261851344 0
1631075239239 0.8125373060444754 0
1631075516190 0.8189525500119453 0
1631084614854 0.8200452374406604 0
1631084906211 0.8253056399793509 0
1631085174192 0.828529761139169 0
1631085442129 0.8307897753744238 0
1631085715823 0.8328048281640892 0
1631085981361 0.8339812647865482 0
1631086247654 0.8350051989756432 0
1631086512619 0.8360611254192258 0
1631086778820 0.8374532051833277 0
1631087044645 0.8383492802280975 0
1631087312772 0.8375293468854512 0
1631087577584 0.8397704571126452 0
1631087842818 0.8411470360784647 0
1631088108295 0.8416997758020833 0
1631088374486 0.841933680945132 0
1631088640312 0.8430732919509151 0
1631088906106 0.8444672506975841 0
1631089172229 0.8436773200351071 0
1631089438122 0.8437758001936488 0
1631089704219 0.8457487663590765 0
1631089985346 0.8469126411231164 0
1631090251061 0.8474847308124406 0
1631090516619 0.8476826164377741 0
1631090782622 0.8487884818789468 0
1631091048964 0.8503854138305392 0
1631091314930 0.851113896413022 0
1631091581896 0.8503397297428312 0
1631091847903 0.8492059686097755 0
1631092113826 0.8515496379639732 0
1631092379760 0.8532754825540336 0
1631092648163 0.8544229315706048 0
1631092914692 0.8528542166732878 0
1631093181617 0.854407749621265 0
1631093448661 0.8548110723495482 0
1631093715163 0.8552990631166715 0
1631093981520 0.8562032163861287 0
1631094248023 0.8563422783311593 0
1631094514582 0.8580528138631798 0
1631094781143 0.8583057601767848 0
1631095048160 0.8590133840061092 0
1631095326939 0.8593042015311227 0
1631095593426 0.8592142200613598 0
1631095860136 0.8579949966396193 0
1631096126915 0.8579528213265429 0
1631096394068 0.8570658539433075 0
1631096660430 0.8595046993479669 0
1631096927683 0.8607530367661669 0
1631097194742 0.8613952789680068 0
1631097461473 0.8630610086831704 0
1631097727963 0.8638117665267856 0
1631097996930 0.8641822909016206 0
1631098264004 0.8645428709955099 0
1631098531364 0.8615708071065236 0
1631098798303 0.8625147701746011 0
1631099065712 0.8637734978313905 0
1631099333027 0.8640208606978499 0
1631099600414 0.8650115649384187 0
1631099867491 0.8659123045852382 0
1631100134931 0.866465815937663 0
1631100401853 0.8655867199581793 0
1631100682885 0.8663579171680541 0
1631100949305 0.8662896411246565 0
1631101248957 0.8672042298747831 0
1631101526767 0.8642378707966168 0
1631101802942 0.8670297828783475 0
1631102075357 0.8678689818066286 0
1631102349276 0.8689145151391087 0
1631102625290 0.8688985895679655 0
1631102898032 0.8695000000746854 0
1631103172014 0.8698623000857337 0
1631103448781 0.8695549444261804 0
1631103723902 0.8701151350894609 0
1631103997498 0.8701850204582674 0
1631104272494 0.8696132399231552 0
1631104548851 0.8699573906789341 0
1631104821994 0.8709860512291092 0
1631105097398 0.8715991069035359 0
1631105371708 0.8714734017848973 0
1631105647630 0.8682209971439406 0
1631105923226 0.8660182525594551 0
1631146118647 0.8699325832975915 0
1631146394003 0.8711680238505441 0
1631146659917 0.872286849352251 0
1631146925982 0.8728182096797296 0
1631147192494 0.8733946390180702 0
1631147459079 0.8729737490774635 0
1631147725497 0.8727354048246361 0
1631147991699 0.8737000568085407 0
1631148271630 0.8692848887070114 0
1631148544973 0.8706902315817685 0
1631148821585 0.870605632483241 0
1631149094966 0.8733112786907745 0
1631149369931 0.8733119623488693 0
1631149644696 0.8717699384832954 0
1631149916365 0.8740847254373941 0
1631150186087 0.8747784696429611 0
1631150454369 0.8754697452826672 0
1631150722475 0.8752453643155385 0
1631150990128 0.8757466357874585 0
1631151257069 0.8764174009662073 0
1631151543051 0.8755034251385423 0
1631176837826 0.870147960731782 0
1631177320636 0.8745639959731734 0
1631177580354 0.8759594800242456 0
1631177840277 0.8766443955611037 0
1631178099910 0.8769128423139272 0
1631178360424 0.8767074396811334 0
1631178620817 0.8772031898240009 0
1631178881628 0.877458178853414 0
1631179142577 0.8772164705287977 0
1631179445355 0.8772882165679012 0
1631179705857 0.8766231770256917 0
1631179966684 0.8769712071102782 0
1631180226839 0.8778038312153639 0
1631180486834 0.877614292394684 0
1631180747425 0.8775966282350471 0
1631181009084 0.8782464861869815 0
1631181268345 0.8785040841763277 0
1631181527608 0.8787051259753216 0
1631181786495 0.8786901885486513 0
1631182048042 0.8773158903581549 0
1631182308352 0.8749239631446011 0
1631182568182 0.8761434249849203 0
1631182827902 0.8690130319221908 0
1631190197382 0.8721160788133919 0
1631190468895 0.8764101974217288 0
1631190736497 0.8777245541653002 0
1631191004430 0.8788884949971393 0
1631191270800 0.8792436754847147 0
1631191536532 0.8798690466995696 0
1631191817648 0.8804846861994411 0
1631192086380 0.8801978244838945 0
1631192354893 0.8800485284931687 0
1631192622016 0.8801074491207856 0
1631192888048 0.8719525024833448 0
1631193156153 0.8768786902887278 0
1631193421930 0.87823148771941 0
1631193687476 0.8800949874412585 0
1631193953474 0.8800982398441036 0
1631194213773 0.8803083989993638 0
1631194474566 0.8808794402214419 0
1631194732720 0.880940489740257 0
1631195612990 0.8812623900103279 0
1631195877534 0.8787407383143183 0
1631196290635 0.880775323833328 0
1631196558358 0.881657326795969 0
1631196825949 0.8813977184065851 0
1631197089658 0.8805485252874443 0
1631197359158 0.8810395824621963 0
1631197621868 0.8813357410660712 0
