1634533352228 0 0
1634533355278 1 0
1634533356959 2 0
1634533358621 3 0
1634533360338 4 0
1634533362098 5 0
1634533363755 6 0
1634533365444 7 0
1634533367091 8 0
1634533368748 9 0
1634533370391 10 0
1634533373371 11 0
1634533375041 12 0
1634533376699 13 0
1634533378341 14 0
1634533380013 15 0
1634533381687 16 0
1634533383345 17 0
1634533385027 18 0
1634533386684 19 0
1634533388348 20 0
1634533391437 21 0
1634533393101 22 0
1634533394774 23 0
1634533396490 24 0
1634533398200 25 0
1634533399904 26 0
1634533401589 27 0
1634533403330 28 0
1634533405027 29 0
1634533406686 30 0
1634533409744 31 0
1634533411403 32 0
1634533413078 33 0
1634533414736 34 0
1634533416395 35 0
1634533418052 36 0
1634533419725 37 0
1634533421381 38 0
1634533423054 39 0
1634533424712 40 0
1634533427780 41 0
1634533429450 42 0
1634533431108 43 0
1634533432782 44 0
1634533434440 45 0
1634533436112 46 0
1634533437802 47 0
1634533439475 48 0
1634533441158 49 0
1634533442913 50 0
1634533446057 51 0
1634533447748 52 0
1634533449452 53 0
1634533451149 54 0
1634533452902 55 0
1634533454637 56 0
1634533456331 57 0
1634533458004 58 0
1634533459688 59 0
1634533461370 60 0
1634533464461 61 0
1634533466120 62 0
1634533467801 63 0
1634533469540 64 0
1634533471217 65 0
1634533472949 66 0
1634533474738 67 0
1634533476478 68 0
1634533478164 69 0
1634533479859 70 0
1634533483046 71 0
1634533484692 72 0
1634533486367 73 0
1634533488042 74 0
1634533489705 75 0
1634533491415 76 0
1634533493104 77 0
1634533494776 78 0
1634533496440 79 0
1634533498115 80 0
1634533501240 81 0
1634533502924 82 0
1634533504598 83 0
1634533506300 84 0
1634533508020 85 0
1634533509734 86 0
1634533511418 87 0
1634533513115 88 0
1634533514819 89 0
1634533516525 90 0
1634533519702 91 0
1634533521391 92 0
1634533523112 93 0
1634533524812 94 0
1634533526486 95 0
1634533528169 96 0
1634533529858 97 0
1634533531515 98 0
1634533533212 99 0
1634533534885 100 0
1634533538091 101 0
1634533539801 102 0
1634533541491 103 0
1634533543188 104 0
1634533544884 105 0
1634533546593 106 0
1634533548324 107 0
1634533550051 108 0
1634533551770 109 0
1634533553460 110 0
1634533556619 111 0
1634533558363 112 0
1634533560083 113 0
1634533863052 114 0
