1634533352228 14.069578170776367 0
1634533355278 11.479918003082275 0
1634533356959 11.127248287200928 0
1634533358628 7.196867346763611 0
1634533360338 8.450218915939331 0
1634533362114 7.403126239776611 0
1634533363771 6.985348105430603 0
1634533365444 6.089074611663818 0
1634533367091 8.272859334945679 0
1634533368748 6.375796556472778 0
1634533370391 7.857536792755127 0
1634533373387 5.721238374710083 0
1634533375041 8.921485424041748 0
1634533376699 5.44272518157959 0
1634533378356 9.199953556060791 0
1634533380013 5.950840950012207 0
1634533381687 5.948722720146179 0
1634533383369 8.151033639907837 0
1634533385027 5.725500702857971 0
1634533386700 5.5617101192474365 0
1634533388364 4.151273608207703 0
1634533391437 6.857807159423828 0
1634533393117 6.827917814254761 0
1634533394774 4.972416520118713 0
1634533396506 8.15101432800293 0
1634533398200 6.481545448303223 0
1634533399919 7.3606812953948975 0
1634533401605 6.635207653045654 0
1634533403346 6.477480888366699 0
1634533405027 6.987790107727051 0
1634533406701 5.029139280319214 0
1634533409760 8.436076641082764 0
1634533411421 5.182925462722778 0
1634533413094 6.831235647201538 0
1634533414752 9.331504344940186 0
1634533416411 5.443715214729309 0
1634533418068 5.081757307052612 0
1634533419737 5.0262967348098755 0
1634533421397 8.407937049865723 0
1634533423054 7.744888544082642 0
1634533424712 6.770807266235352 0
1634533427796 6.613954067230225 0
1634533429450 3.459165871143341 0
1634533431125 5.665079355239868 0
1634533432782 4.297493517398834 0
1634533434455 5.67903995513916 0
1634533436129 7.614898443222046 0
1634533437802 4.791972815990448 0
1634533439475 5.5992512702941895 0
1634533441173 6.883831143379211 0
1634533442929 7.428249835968018 0
1634533446057 6.801576852798462 0
1634533447748 4.011338829994202 0
1634533449452 4.371520757675171 0
1634533451165 5.427808880805969 0
1634533452918 6.253445863723755 0
1634533454637 6.018699407577515 0
1634533456347 6.6011199951171875 0
1634533458004 6.102037191390991 0
1634533459693 4.128847301006317 0
1634533461385 7.5370471477508545 0
1634533464461 5.1114397048950195 0
1634533466120 6.3972309827804565 0
1634533467819 4.052911818027496 0
1634533469555 6.104499459266663 0
1634533471217 5.0691081285476685 0
1634533472958 5.245628476142883 0
1634533474762 7.023424863815308 0
1634533476494 4.783972263336182 0
1634533478180 4.023324936628342 0
1634533479875 3.894792824983597 0
1634533483046 6.738774538040161 0
1634533484708 4.859386503696442 0
1634533486383 5.411229610443115 0
1634533488042 3.9189052283763885 0
1634533489705 4.926599502563477 0
1634533491430 3.6112014055252075 0
1634533493104 3.1015095710754395 0
1634533494776 4.5953991413116455 0
1634533496456 5.449110269546509 0
1634533498115 3.402162551879883 0
1634533501256 4.375258564949036 0
1634533502940 3.2382419109344482 0
1634533504598 5.257538080215454 0
1634533506316 4.6504784524440765 0
1634533508030 6.427269220352173 0
1634533509750 5.172127962112427 0
1634533511418 4.157285213470459 0
1634533513130 2.8400992155075073 0
1634533514819 4.78786301612854 0
1634533516541 3.2933084964752197 0
1634533519711 7.273219108581543 0
1634533521391 5.01076352596283 0
1634533523112 3.272514820098877 0
1634533524828 3.057218909263611 0
1634533526486 4.427375674247742 0
1634533528169 7.373275995254517 0
1634533529858 4.515650749206543 0
1634533531531 3.938111901283264 0
1634533533212 2.852102041244507 0
1634533534900 5.182541489601135 0
1634533538091 5.080530405044556 0
1634533539810 5.705589532852173 0
1634533541507 2.683373212814331 0
1634533543200 3.084197163581848 0
1634533544884 2.886009693145752 0
1634533546601 4.082051396369934 0
1634533548332 3.666417717933655 0
1634533550066 4.451098203659058 0
1634533551786 5.48426353931427 0
1634533553460 3.8147764205932617 0
1634533556619 2.9248217344284058 0
1634533558363 4.236445069313049 0
1634533560083 3.5308083295822144 0
1634533863052 5.404508352279663 0
