1634533352228 1.896162211894989 0
1634533355278 1.4503114223480225 0
1634533356959 1.5969085693359375 0
1634533358627 1.2493621408939362 0
1634533360338 1.6727582812309265 0
1634533362098 1.5442261099815369 0
1634533363771 1.8405670523643494 0
1634533365444 2.039398193359375 0
1634533367091 1.3557697534561157 0
1634533368748 1.6721053719520569 0
1634533370391 1.7993277311325073 0
1634533373387 1.076478272676468 0
1634533375041 1.4977802634239197 0
1634533376699 2.009061098098755 0
1634533378356 0.7992638349533081 0
1634533380013 1.3322420120239258 0
1634533381687 1.5149865746498108 0
1634533383361 1.928087592124939 0
1634533385027 1.3475148677825928 0
1634533386700 1.568092793226242 0
1634533388364 2.089064359664917 0
1634533391437 1.6952893137931824 0
1634533393117 1.9745104908943176 0
1634533394774 2.17207008600235 0
1634533396506 1.693459689617157 0
1634533398200 1.5011032223701477 0
1634533399919 1.7684360146522522 0
1634533401605 1.2029032111167908 0
1634533403330 1.638357400894165 0
1634533405027 1.6632990837097168 0
1634533406686 1.921463429927826 0
1634533409760 1.7746559381484985 0
1634533411421 1.4599323272705078 0
1634533413078 1.6191047430038452 0
1634533414752 1.5697953701019287 0
1634533416411 1.381336271762848 0
1634533418068 1.1644731163978577 0
1634533419737 1.3786515891551971 0
1634533421397 1.7833132147789001 0
1634533423054 1.0851490795612335 0
1634533424712 1.92856764793396 0
1634533427796 1.932629108428955 0
1634533429450 1.6955662965774536 0
1634533431125 1.81378835439682 0
1634533432782 1.8228904008865356 0
1634533434455 2.2937707901000977 0
1634533436129 1.748845636844635 0
1634533437802 1.3504493236541748 0
1634533439475 1.770442545413971 0
1634533441173 1.850770354270935 0
1634533442929 1.4068841338157654 0
1634533446057 2.373930275440216 0
1634533447748 1.890430212020874 0
1634533449452 1.7634491920471191 0
1634533451165 1.6181104183197021 0
1634533452918 1.3724266290664673 0
1634533454637 1.7589271068572998 0
1634533456331 1.6528955101966858 0
1634533458004 1.7375419735908508 0
1634533459693 2.099978983402252 0
1634533461370 1.4938998818397522 0
1634533464461 1.9659197330474854 0
1634533466120 1.8246344327926636 0
1634533467819 1.8888717889785767 0
1634533469555 1.664731204509735 0
1634533471217 1.5041406750679016 0
1634533472956 1.7572944164276123 0
1634533474760 1.6678945422172546 0
1634533476494 1.7502756118774414 0
1634533478180 1.8481566905975342 0
1634533479859 1.8423657417297363 0
1634533483046 1.7934763431549072 0
1634533484708 1.5930919647216797 0
1634533486383 1.4219639897346497 0
1634533488042 1.902936041355133 0
1634533489705 1.9469748139381409 0
1634533491430 2.005437433719635 0
1634533493104 2.041526138782501 0
1634533494776 1.8758509159088135 0
1634533496440 2.024174451828003 0
1634533498115 2.0009077191352844 0
1634533501256 1.8305089473724365 0
1634533502940 1.829758644104004 0
1634533504598 1.8036293983459473 0
1634533506316 2.111265182495117 0
1634533508027 1.922060251235962 0
1634533509750 1.93588125705719 0
1634533511418 1.9335992932319641 0
1634533513130 1.5282858610153198 0
1634533514819 1.7089759707450867 0
1634533516541 1.9182469248771667 0
1634533519709 1.978948175907135 0
1634533521391 1.8485857844352722 0
1634533523112 1.8352138996124268 0
1634533524812 1.9343592524528503 0
1634533526486 1.7511393427848816 0
1634533528169 2.0936235189437866 0
1634533529858 1.7772624492645264 0
1634533531531 1.6213883757591248 0
1634533533212 1.757828414440155 0
1634533534885 1.9546527862548828 0
1634533538091 1.707473635673523 0
1634533539808 1.8300938606262207 0
1634533541507 1.7306213974952698 0
1634533543197 1.9762961268424988 0
1634533544884 1.888625979423523 0
1634533546599 2.142436683177948 0
1634533548330 1.7972561717033386 0
1634533550066 1.5055776238441467 0
1634533551770 1.6325477957725525 0
1634533553460 2.122332751750946 0
1634533556619 1.2495955526828766 0
1634533558363 1.9797270894050598 0
1634533560083 1.913438320159912 0
1634533863052 1.8638600707054138 0
