1634533352228 142.59194946289062 0
1634533355278 116.2494888305664 0
1634533356959 112.86939239501953 0
1634533358625 73.21803283691406 0
1634533360338 86.1749496459961 0
1634533362098 75.57549285888672 0
1634533363771 71.69404602050781 0
1634533365444 62.930145263671875 0
1634533367091 84.08436584472656 0
1634533368748 65.43006896972656 0
1634533370391 80.37469482421875 0
1634533373387 58.28886413574219 0
1634533375041 90.71263122558594 0
1634533376699 56.43631362915039 0
1634533378356 92.79879760742188 0
1634533380013 60.84065246582031 0
1634533381687 61.00221252441406 0
1634533383361 83.43843078613281 0
1634533385027 58.60252380371094 0
1634533386684 57.1851921081543 0
1634533388364 43.60179901123047 0
1634533391437 70.27336120605469 0
1634533393117 70.2536849975586 0
1634533394774 51.89623260498047 0
1634533396506 83.20359802246094 0
1634533398200 66.31655883789062 0
1634533399919 75.37525177001953 0
1634533401589 67.55497741699219 0
1634533403330 66.41316223144531 0
1634533405027 71.54119873046875 0
1634533406686 52.21285629272461 0
1634533409760 86.13542175292969 0
1634533411421 53.2891845703125 0
1634533413078 69.93146514892578 0
1634533414736 94.88483428955078 0
1634533416411 55.81848907470703 0
1634533418068 51.98204803466797 0
1634533419737 51.64161682128906 0
1634533421397 85.86268615722656 0
1634533423054 78.5340347290039 0
1634533424712 69.63664245605469 0
1634533427796 68.07217407226562 0
1634533429450 36.28722381591797 0
1634533431124 58.46458435058594 0
1634533432782 44.79782485961914 0
1634533434455 59.08416748046875 0
1634533436129 77.8978271484375 0
1634533437802 49.27017593383789 0
1634533439475 57.76295471191406 0
1634533441158 70.68907928466797 0
1634533442913 75.68937683105469 0
1634533446057 70.38970184326172 0
1634533447748 42.00381851196289 0
1634533449452 45.478660583496094 0
1634533451165 55.896202087402344 0
1634533452902 63.906883239746094 0
1634533454637 61.9459228515625 0
1634533456331 67.66410064697266 0
1634533458004 62.75791549682617 0
1634533459693 43.38845443725586 0
1634533461370 76.86437225341797 0
1634533464461 53.08031463623047 0
1634533466120 65.79694366455078 0
1634533467813 42.41798782348633 0
1634533469555 62.70972442626953 0
1634533471217 52.195220947265625 0
1634533472954 54.21357727050781 0
1634533474757 71.90214538574219 0
1634533476478 49.589996337890625 0
1634533478164 42.08140563964844 0
1634533479859 40.7902946472168 0
1634533483046 69.18122100830078 0
1634533484708 50.18695831298828 0
1634533486367 55.53425979614258 0
1634533488042 41.09198760986328 0
1634533489705 51.21297073364258 0
1634533491415 38.11745071411133 0
1634533493104 33.05662155151367 0
1634533494776 47.82984161376953 0
1634533496440 56.51527786254883 0
1634533498115 36.02253341674805 0
1634533501256 45.58309555053711 0
1634533502924 34.21217727661133 0
1634533504598 54.37900924682617 0
1634533506300 48.616050720214844 0
1634533508025 66.19475555419922 0
1634533509750 53.65716552734375 0
1634533511418 43.50645065307617 0
1634533513130 29.929279327392578 0
1634533514819 49.587608337402344 0
1634533516525 34.85133361816406 0
1634533519706 74.71113586425781 0
1634533521391 51.95622253417969 0
1634533523112 34.56036376953125 0
1634533524812 32.50654602050781 0
1634533526486 46.024898529052734 0
1634533528169 75.82638549804688 0
1634533529858 46.93376922607422 0
1634533531531 41.00251007080078 0
1634533533212 30.278846740722656 0
1634533534885 53.78006362915039 0
1634533538091 52.512779235839844 0
1634533539806 58.885986328125 0
1634533541507 28.564353942871094 0
1634533543194 32.818267822265625 0
1634533544884 30.748722076416016 0
1634533546598 42.96295166015625 0
1634533548328 38.46143341064453 0
1634533550066 46.01655578613281 0
1634533551770 56.47518539428711 0
1634533553460 40.27009963989258 0
1634533556619 30.497814178466797 0
1634533558363 44.34417724609375 0
1634533560083 37.221519470214844 0
1634533863052 55.90894317626953 0
