1634526729875 5.000953197479248 0
1634526732788 3.9954291582107544 0
1634526734420 2.5107556581497192 0
1634526736167 3.100144624710083 0
1634526737850 2.1350419521331787 0
1634526739523 2.308177351951599 0
1634526741149 2.020031452178955 0
1634526742776 2.1877511739730835 0
1634526744403 2.3141207695007324 0
1634526746015 1.9149513840675354 0
1634526747729 1.7137050032615662 0
1634526750603 2.0222657918930054 0
1634526752236 2.92925763130188 0
1634526753910 1.8356953561306 0
1634526755584 2.36107075214386 0
1634526757242 2.7297037839889526 0
1634526758901 2.793386459350586 0
1634526760593 1.8513242602348328 0
1634526762316 1.8857145309448242 0
1634526763944 1.6858312487602234 0
1634526765573 1.9018850922584534 0
1634526768481 1.9241978526115417 0
1634526770149 2.082808017730713 0
1634526771775 2.5412774085998535 0
1634526773387 2.4161051511764526 0
1634526774997 2.171334385871887 0
1634526776623 3.9411855340003967 0
1634526778251 2.045839488506317 0
1634526779914 1.3318352699279785 0
1634526781581 1.6128968000411987 0
1634526783227 2.424656867980957 0
1634526786084 1.421985149383545 0
1634526787748 1.434748351573944 0
1634526789403 2.386926770210266 0
1634526791032 2.29388165473938 0
1634526792704 2.2365663051605225 0
1634526794420 1.8190284967422485 0
1634526796117 1.2013444006443024 0
1634526797833 2.0094894766807556 0
1634526799515 1.495750606060028 0
1634526801199 1.8365508913993835 0
1634526804182 1.7966695427894592 0
1634526805863 1.9061250686645508 0
1634526807452 1.674062430858612 0
1634526809053 1.6153920888900757 0
1634526810627 1.2332549095153809 0
1634526812319 1.7467013597488403 0
1634526813943 1.1267260909080505 0
1634526815525 1.084358811378479 0
1634526817080 1.097439169883728 0
1634526818670 1.059247761964798 0
1634526821552 2.410279631614685 0
1634526823184 1.4628201127052307 0
1634526824860 1.5554873943328857 0
1634526826527 1.8934513330459595 0
1634526828253 1.7889111042022705 0
1634526829959 1.0875466763973236 0
1634526831629 1.590240478515625 0
1634526833333 1.257060945034027 0
1634526835053 1.4093092679977417 0
1634526836731 1.1869830787181854 0
1634526839718 1.1277393698692322 0
1634526841352 1.3777486681938171 0
1634526843009 2.090939939022064 0
1634526844699 1.7266874313354492 0
1634526846415 1.2558074295520782 0
1634526848099 1.4108926653862 0
1634526849741 1.4629698395729065 0
1634526851463 1.3215950727462769 0
1634526853144 1.157731294631958 0
1634526854785 1.2428171634674072 0
1634526857700 1.3077819347381592 0
1634526859327 1.3013724088668823 0
1634526860981 1.1566316485404968 0
1634526862597 1.0996836423873901 0
1634526864251 0.9907213747501373 0
1634526865902 1.2963688373565674 0
1634526867564 0.8259952962398529 0
1634526869246 1.4038537740707397 0
1634526870946 2.4741885662078857 0
1634526872613 1.4718181490898132 0
1634526875483 1.7551307082176208 0
1634526877079 2.1276602745056152 0
1634526878633 1.5422030687332153 0
1634526880270 1.033859521150589 0
1634526881936 0.8219357579946518 0
1634526883591 0.8791832327842712 0
1634526885225 0.9726951718330383 0
1634526886869 0.7883143723011017 0
1634526888519 1.1505519151687622 0
1634526890152 1.132809817790985 0
1634526893104 1.464737057685852 0
1634526894744 1.1482458412647247 0
1634526896398 0.9888184666633606 0
1634526898053 1.1419918537139893 0
1634526899717 1.1798841059207916 0
1634526901383 1.3389372825622559 0
1634526903001 0.8419725298881531 0
1634526904670 1.0005922317504883 0
1634526906370 1.0145323574543 0
1634526908011 0.9247360974550247 0
1634526911015 1.1064103543758392 0
1634526912670 1.201115071773529 0
1634526914301 1.058588296175003 0
1634526915995 0.9721208363771439 0
1634526917680 1.3349676728248596 0
1634526919371 1.1241953670978546 0
1634526921074 1.128696322441101 0
1634526922770 1.2657610774040222 0
1634526924426 0.7987560629844666 0
1634526926065 0.9678888916969299 0
1634526928996 1.2839935421943665 0
1634526930632 0.8921494483947754 0
1634526932266 1.0082693099975586 0
1634526933931 0.9527054727077484 0
1634526935627 0.8945259153842926 0
1634526937262 1.0018914341926575 0
1634526938950 1.0977347791194916 0
1634526940672 1.1237047016620636 0
1634526942317 0.7833175361156464 0
1634526943954 1.1201828122138977 0
1634526946865 0.9058404266834259 0
1634526948500 0.94050732254982 0
1634526950144 0.7970127314329147 0
1634526951782 1.046739012002945 0
1634526953433 1.0512059032917023 0
1634526955065 1.1970527470111847 0
1634526956760 0.9443141222000122 0
1634526958518 0.8342471718788147 0
1634526960221 0.9960009157657623 0
1634526961878 0.8602726459503174 0
