1634793508591 0 0
1634793510944 1 0
1634793512321 2 0
1634793513679 3 0
1634793515109 4 0
1634793516471 5 0
1634793517862 6 0
1634793519224 7 0
1634793520572 8 0
1634793521950 9 0
1634793523313 10 0
1634793525555 11 0
1634793526899 12 0
1634793528269 13 0
1634793529681 14 0
1634793531057 15 0
1634793532437 16 0
1634793533776 17 0
1634793535121 18 0
1634793536467 19 0
1634793537796 20 0
1634793540077 21 0
1634793541431 22 0
1634793542762 23 0
1634793544106 24 0
1634793545451 25 0
1634793546799 26 0
1634793548144 27 0
1634793549476 28 0
1634793550822 29 0
1634793552154 30 0
1634793554368 31 0
1634793555737 32 0
1634793557081 33 0
1634793558429 34 0
1634793559760 35 0
1634793561109 36 0
1634793562438 37 0
1634793563779 38 0
1634793565124 39 0
1634793577570 40 0
