1634793508610 0.9298334419727325 0
1634793510960 0.016617994755506516 0
1634793512336 0.09128587320446968 0
1634793513679 0.045670896768569946 0
1634793515124 0.045143385883420706 0
1634793516486 0.11760460212826729 0
1634793517878 0.09366947412490845 0
1634793519240 0.014703618464409374 0
1634793520587 0.011388233629986644 0
1634793521965 0.05521848052740097 0
1634793523313 0.24903515726327896 0
1634793525555 0.03228536620736122 0
1634793526916 0.023075983626767993 0
1634793528285 0.047394928871653974 0
1634793529696 0.0978536307811737 0
1634793531070 0.010285545606166124 0
1634793532452 0.20147090684622526 0
1634793533791 0.047929804772138596 0
1634793535136 0.007456268649548292 0
1634793536467 0.10051210969686508 0
1634793537815 0.008862474700435996 0
1634793540077 0.03572390787303448 0
1634793541431 0.027791261207312346 0
1634793542777 0.03149466309696436 0
1634793544122 0.011681406758725643 0
1634793545466 0.05004656780511141 0
1634793546814 0.026847342029213905 0
1634793548159 0.040229881182312965 0
1634793549491 0.01959236618131399 0
1634793550837 0.010443448350997642 0
1634793552170 0.017418360337615013 0
1634793554384 0.008580316789448261 0
1634793555752 0.012371172662824392 0
1634793557097 0.017515129409730434 0
1634793558429 0.03006682265549898 0
1634793559775 0.003188521586707793 0
1634793561109 0.05334948794916272 0
1634793562454 0.062396883033216 0
1634793563795 0.01282051857560873 0
1634793565140 0.06488834414631128 0
1634793577586 0.04033532924950123 0
