1634793508610 16.812042236328125 0
1634793510960 11.827406406402588 0
1634793512321 10.414103507995605 0
1634793513679 8.376566648483276 0
1634793515124 7.441989421844482 0
1634793516486 6.990011692047119 0
1634793517878 6.879264831542969 0
1634793519224 7.7085652351379395 0
1634793520587 7.5952677726745605 0
1634793521965 6.949373483657837 0
1634793523313 9.17357873916626 0
1634793525555 6.559176683425903 0
1634793526916 7.551760673522949 0
1634793528285 6.463964462280273 0
1634793529696 5.764892816543579 0
1634793531065 7.2796361446380615 0
1634793532437 7.8981406688690186 0
1634793533791 8.804506778717041 0
1634793535121 7.117600440979004 0
1634793536467 6.162267446517944 0
1634793537815 5.892493724822998 0
1634793540077 6.051995038986206 0
1634793541431 6.066179513931274 0
1634793542777 7.041155099868774 0
1634793544106 8.485682010650635 0
1634793545466 6.567990183830261 0
1634793546814 5.510157465934753 0
1634793548144 5.959856748580933 0
1634793549491 5.674199342727661 0
1634793550822 8.262268543243408 0
1634793552170 6.531412482261658 0
1634793554368 5.029452800750732 0
1634793555752 7.205749273300171 0
1634793557097 7.170002460479736 0
1634793558429 4.971936106681824 0
1634793559775 7.0742878913879395 0
1634793561109 4.886365294456482 0
1634793562454 7.989776849746704 0
1634793563795 6.195143222808838 0
1634793565124 5.085862517356873 0
1634793577586 6.178647696971893 0
